0.9975 1.340517144813463
1.36 1.437206982231312
1.4 1.4300743973496226
1.465 1.4981274862014513
1.4725 1.4949350578094254
1.4775 1.4916622911964514
1.4875 1.4900989016981736
1.4925 1.4901325402354901
1.4925 1.4901325402354901
1.495 1.4901430521226762
1.495 1.4901430521226762
1.495 1.4901430521226762
1.4975 1.4918303000376023
1.4975 1.4918303000376023
1.4975 1.4918303000376023
1.4975 1.4918303000376023
1.5075 1.5018597493664032
1.51 1.5018451475161438
1.515 1.5018034271616856
1.515 1.5018034271616856
1.515 1.5018034271616856
1.5275 1.5132642438382007
1.5275 1.5132642438382007
1.5275 1.5132642438382007
1.5375 1.5180100910703713
1.5375 1.5180100910703713
1.545 1.5227514340247907
1.545 1.5227514340247907
1.545 1.5227514340247907
1.55 1.5242402273515463
1.55 1.5242402273515463
1.55 1.5242402273515463
1.5525 1.5241559560773668
1.5625 1.5531014326663843
1.5625 1.5531014326663843
1.585 1.6091140793308425
1.59 1.6135081410712686
1.5925 1.613366396024028
1.5925 1.613366396024028
1.5925 1.613366396024028
1.5925 1.613366396024028
1.595 1.6132207545799546
1.595 1.6132207545799546
1.5975 1.6130712156836633
1.6 1.6144709011706637
1.6 1.6144709011706637
1.605 1.626526658997963
1.605 1.626526658997963
1.61 1.6277357922967146
1.6325 1.6806263750552461
1.635 1.6804269060170915
1.635 1.6804269060170915
1.635 1.6804269060170915
1.64 1.68150785656184
1.64 1.68150785656184
1.64 1.68150785656184
1.64 1.68150785656184
1.64 1.68150785656184
1.64 1.68150785656184
1.645 1.6825732173010908
1.6475 1.6868186455150223
1.65 1.68511097483036
1.65 1.68511097483036
1.65 1.68511097483036
1.6625 1.6884076970265314
1.6625 1.6884076970265314
1.665 1.688164609679234
1.665 1.688164609679234
1.6725 1.6874128586058805
1.6825 1.7011550697771727
1.685 1.7067681869868263
1.685 1.7067681869868263
1.685 1.7067681869868263
1.685 1.7067681869868263
1.6875 1.7064946704137038
1.6875 1.7064946704137038
1.6975 1.7141585688020535
1.7 1.716790150557905
1.7 1.716790150557905
1.7 1.716790150557905
1.7 1.716790150557905
1.7025 1.7164963294813098
1.705 1.716198807208727
1.705 1.716198807208727
1.705 1.716198807208727
1.705 1.716198807208727
1.7075 1.7158975818148952
1.7075 1.7158975818148952
1.7075 1.7158975818148952
1.7075 1.7158975818148952
1.7075 1.7158975818148952
1.7075 1.7158975818148952
1.7075 1.7158975818148952
1.7075 1.7158975818148952
1.7125 1.7167445294651809
1.715 1.7149716672729238
1.715 1.7149716672729238
1.715 1.7149716672729238
1.715 1.7149716672729238
1.715 1.7149716672729238
1.7175 1.714655609633938
1.7175 1.714655609633938
1.73 1.7159432254250735
1.73 1.7159432254250735
1.735 1.713802145665074
1.7375 1.7119932980685337
1.75 1.7248006677174021
1.75 1.7248006677174021
1.75 1.7248006677174021
1.75 1.7248006677174021
1.75 1.7248006677174021
1.75 1.7248006677174021
1.7575 1.7280506786172845
1.7575 1.7280506786172845
1.76 1.7291254109279612
1.7625 1.7287467029346055
1.765 1.728364286766371
1.7675 1.7265271471873642
1.785 1.7367543837496684
1.785 1.7367543837496684
1.785 1.7367543837496684
1.785 1.7367543837496684
1.7875 1.7363412545870558
1.7875 1.7363412545870558
1.7875 1.7363412545870558
1.7875 1.7363412545870558
1.79 1.734480052532049
1.79 1.734480052532049
1.79 1.734480052532049
1.79 1.734480052532049
1.7975 1.7375388782365302
1.8 1.7371079009805714
1.8125 1.749283777531776
1.8125 1.749283777531776
1.8125 1.749283777531776
1.8125 1.749283777531776
1.8125 1.749283777531776
1.8125 1.749283777531776
1.8125 1.749283777531776
1.8125 1.749283777531776
1.8275 1.7679246715033634
1.83 1.7674585637112108
1.83 1.7674585637112108
1.83 1.7674585637112108
1.8325 1.7669887870141063
1.8325 1.7669887870141063
1.8325 1.7669887870141063
1.8325 1.7669887870141063
1.8325 1.7669887870141063
1.8325 1.7669887870141063
1.8525 1.7758456632120034
1.8525 1.7758456632120034
1.8525 1.7758456632120034
1.8525 1.7758456632120034
1.855 1.7753463427149878
1.8625 1.7780600365944739
1.8625 1.7780600365944739
1.865 1.7761367216898998
1.865 1.7761367216898998
1.8825 1.7935260212699506
1.8825 1.7935260212699506
1.8825 1.7935260212699506
1.885 1.7971782393686326
1.8875 1.7980339443856221
1.8875 1.7980339443856221
1.89 1.7974919870778296
1.89 1.7974919870778296
1.89 1.7974919870778296
1.895 1.8089100001025966
1.895 1.8089100001025966
1.895 1.8089100001025966
1.895 1.8089100001025966
1.895 1.8089100001025966
1.895 1.8089100001025966
1.895 1.8089100001025966
1.895 1.8089100001025966
1.895 1.8089100001025966
1.895 1.8089100001025966
1.895 1.8089100001025966
1.895 1.8089100001025966
1.895 1.8089100001025966
1.895 1.8089100001025966
1.895 1.8089100001025966
1.895 1.8089100001025966
1.895 1.8089100001025966
1.9 1.8091940076712267
1.9025 1.8086380730256644
1.9025 1.8086380730256644
1.9075 1.8089013406347967
1.91 1.812488008775474
1.9125 1.8119192527389574
1.9175 1.812154383260964
1.9175 1.812154383260964
1.92 1.8115751464618266
1.92 1.8115751464618266
1.92 1.8115751464618266
1.92 1.8115751464618266
1.92 1.8115751464618266
1.92 1.8115751464618266
1.9225 1.8165195038230153
1.9225 1.8165195038230153
1.9275 1.819483456952912
1.9275 1.819483456952912
1.9275 1.819483456952912
1.9275 1.819483456952912
1.9275 1.819483456952912
1.9275 1.819483456952912
1.935 1.821832232041213
1.935 1.821832232041213
1.94 1.8274981185855077
1.955 1.8361382052481627
1.9675 1.8601327869166806
1.9675 1.8601327869166806
1.9775 1.8656622118491364
1.9775 1.8656622118491364
1.9775 1.8656622118491364
1.9775 1.8656622118491364
1.9775 1.8656622118491364
1.9775 1.8656622118491364
1.9775 1.8656622118491364
1.98 1.8677046881145334
1.98 1.8677046881145334
1.9825 1.8657159456827621
1.9825 1.8657159456827621
1.9825 1.8657159456827621
1.9825 1.8657159456827621
1.9825 1.8657159456827621
1.9825 1.8657159456827621
1.9825 1.8657159456827621
1.985 1.8650659982812587
1.985 1.8650659982812587
1.985 1.8650659982812587
1.99 1.8704669514699648
1.99 1.8704669514699648
1.99 1.8704669514699648
1.99 1.8704669514699648
1.99 1.8704669514699648
1.9925 1.8698086026452843
1.9925 1.8698086026452843
1.9925 1.8698086026452843
1.9925 1.8698086026452843
1.9925 1.8698086026452843
1.9925 1.8698086026452843
1.9925 1.8698086026452843
1.9925 1.8698086026452843
1.9925 1.8698086026452843
1.9925 1.8698086026452843
1.9925 1.8698086026452843
1.9925 1.8698086026452843
1.9925 1.8698086026452843
1.9925 1.8698086026452843
1.9925 1.8698086026452843
1.9925 1.8698086026452843
1.9975 1.8751758480614205
1.9975 1.8751758480614205
1.9975 1.8751758480614205
1.9975 1.8751758480614205
1.9975 1.8751758480614205
1.9975 1.8751758480614205
1.9975 1.8751758480614205
1.9975 1.8751758480614205
1.9975 1.8751758480614205
1.9975 1.8751758480614205
2.0275 1.9250996784400094
2.0275 1.9250996784400094
2.0275 1.9250996784400094
2.0275 1.9250996784400094
2.0275 1.9250996784400094
2.0275 1.9250996784400094
2.0275 1.9250996784400094
2.035 1.9269295898164691
2.035 1.9269295898164691
2.035 1.9269295898164691
2.035 1.9269295898164691
2.035 1.9269295898164691
2.035 1.9269295898164691
2.0375 1.9275326730081068
2.0375 1.9275326730081068
2.0375 1.9275326730081068
2.0375 1.9275326730081068
2.04 1.9333246910186246
2.04 1.9333246910186246
2.04 1.9333246910186246
2.04 1.9333246910186246
2.04 1.9333246910186246
2.04 1.9333246910186246
2.04 1.9333246910186246
2.04 1.9333246910186246
2.04 1.9333246910186246
2.04 1.9333246910186246
2.045 1.9383932575854221
2.05 1.9408547841693584
2.05 1.9408547841693584
2.05 1.9408547841693584
2.05 1.9408547841693584
2.055 1.9407191907753218
2.055 1.9407191907753218
2.055 1.9407191907753218
2.055 1.9407191907753218
2.055 1.9407191907753218
2.055 1.9407191907753218
2.0575 1.9387083910593426
2.0575 1.9387083910593426
2.06 1.9379859322720072
2.06 1.9379859322720072
2.0625 1.939845677659136
2.0725 1.9446588376852811
2.0725 1.9446588376852811
2.0725 1.9446588376852811
2.0775 1.9444655088965215
2.0775 1.9444655088965215
2.08 1.9437194017609531
2.08 1.9437194017609531
2.08 1.9437194017609531
2.08 1.9437194017609531
2.0875 1.9607281522990496
2.0875 1.9607281522990496
2.0875 1.9607281522990496
2.095 1.9584595757315018
2.095 1.9584595757315018
2.095 1.9584595757315018
2.095 1.9584595757315018
2.095 1.9584595757315018
2.095 1.9584595757315018
2.095 1.9584595757315018
2.1025 1.9599994245817824
2.1025 1.9599994245817824
2.1025 1.9599994245817824
2.1025 1.9599994245817824
2.11 1.9691607311142458
2.11 1.9691607311142458
2.11 1.9691607311142458
2.11 1.9691607311142458
2.11 1.9691607311142458
2.11 1.9691607311142458
2.115 1.97395954637546
2.115 1.97395954637546
2.115 1.97395954637546
2.115 1.97395954637546
2.115 1.97395954637546
2.12 1.9736611527475219
2.12 1.9736611527475219
2.12 1.9736611527475219
2.12 1.9736611527475219
2.1225 1.9716013236576577
2.1225 1.9716013236576577
2.1225 1.9716013236576577
2.1375 1.9908547175185
2.1375 1.9908547175185
2.1375 1.9908547175185
2.1375 1.9908547175185
2.1375 1.9908547175185
2.14 1.9938250539765714
2.145 2.0009959926011884
2.145 2.0009959926011884
2.145 2.0009959926011884
2.1475 2.000186394823015
2.1475 2.000186394823015
2.1475 2.000186394823015
2.1475 2.000186394823015
2.1475 2.000186394823015
2.16 2.0210421887783725
2.16 2.0210421887783725
2.16 2.0210421887783725
2.1625 2.0189810452683528
2.1625 2.0189810452683528
2.1625 2.0189810452683528
2.1625 2.0189810452683528
2.1625 2.0189810452683528
2.1675 2.0185713576226454
2.1725 2.025586644192945
2.175 2.023514647543244
2.1775 2.0226768907839117
2.1775 2.0226768907839117
2.1775 2.0226768907839117
2.1775 2.0226768907839117
2.1775 2.0226768907839117
2.1775 2.0226768907839117
2.1775 2.0226768907839117
2.1775 2.0226768907839117
2.1775 2.0226768907839117
2.1775 2.0226768907839117
2.1775 2.0226768907839117
2.1775 2.0226768907839117
2.1775 2.0226768907839117
2.1775 2.0226768907839117
2.1775 2.0226768907839117
2.1825 2.0197505367189357
2.185 2.021383183599128
2.1925 2.0262546779835233
2.1975 2.023296337706235
2.1975 2.023296337706235
2.2 2.0236694629405516
2.2 2.0236694629405516
2.2 2.0236694629405516
2.2 2.0236694629405516
2.2 2.0236694629405516
2.2 2.0236694629405516
2.21 2.0226536578339007
2.21 2.0226536578339007
2.2125 2.021772157450387
2.2175 2.0311345398069984
2.2175 2.0311345398069984
2.2225 2.036753461186245
2.23 2.043904073005657
2.235 2.0506799410320915
2.235 2.0506799410320915
2.24 2.0598561888629527
2.24 2.0598561888629527
2.24 2.0598561888629527
2.24 2.0598561888629527
2.24 2.0598561888629527
2.24 2.0598561888629527
2.24 2.0598561888629527
2.24 2.0598561888629527
2.24 2.0598561888629527
2.24 2.0598561888629527
2.24 2.0598561888629527
2.24 2.0598561888629527
2.24 2.0598561888629527
2.2425 2.058954098553406
2.2425 2.058954098553406
2.2425 2.058954098553406
2.2425 2.058954098553406
2.2425 2.058954098553406
2.2425 2.058954098553406
2.2425 2.058954098553406
2.2425 2.058954098553406
2.25 2.0598805230943755
2.25 2.0598805230943755
2.25 2.0598805230943755
2.2525 2.058966271035822
2.2525 2.058966271035822
2.2525 2.058966271035822
2.255 2.056830420439692
2.255 2.056830420439692
2.255 2.056830420439692
2.255 2.056830420439692
2.255 2.056830420439692
2.2575 2.0559087167549697
2.2575 2.0559087167549697
2.2575 2.0559087167549697
2.2575 2.0559087167549697
2.2575 2.0559087167549697
2.2575 2.0559087167549697
2.2575 2.0559087167549697
2.2575 2.0559087167549697
2.2575 2.0559087167549697
2.2575 2.0559087167549697
2.2575 2.0559087167549697
2.2575 2.0559087167549697
2.2575 2.0559087167549697
2.2575 2.0559087167549697
2.26 2.0549835506601313
2.2625 2.054054917476655
2.2625 2.054054917476655
2.2625 2.054054917476655
2.2625 2.054054917476655
2.2775 2.0739447599123526
2.2775 2.0739447599123526
2.2775 2.0739447599123526
2.2775 2.0739447599123526
2.2775 2.0739447599123526
2.2775 2.0739447599123526
2.2775 2.0739447599123526
2.2975 2.100004475469631
2.2975 2.100004475469631
2.2975 2.100004475469631
2.2975 2.100004475469631
2.2975 2.100004475469631
2.3025 2.0968991905999825
2.3025 2.0968991905999825
2.3025 2.0968991905999825
2.305 2.101908668359621
2.32 2.1186840385337886
2.32 2.1186840385337886
2.32 2.1186840385337886
2.33 2.126594934405138
2.33 2.126594934405138
2.33 2.126594934405138
2.33 2.126594934405138
2.3325 2.126793802816632
2.3325 2.126793802816632
2.3325 2.126793802816632
2.3375 2.1236450788803287
2.3375 2.1236450788803287
2.3475 2.131455254927818
2.3475 2.131455254927818
2.3525 2.1306320029112435
2.355 2.1331551460672045
2.355 2.1331551460672045
2.355 2.1331551460672045
2.365 2.168763203899053
2.365 2.168763203899053
2.365 2.168763203899053
2.365 2.168763203899053
2.37 2.166757275915281
2.37 2.166757275915281
2.37 2.166757275915281
2.37 2.166757275915281
2.37 2.166757275915281
2.3725 2.168062496209154
2.3725 2.168062496209154
2.3725 2.168062496209154
2.3725 2.168062496209154
2.3725 2.168062496209154
2.3725 2.168062496209154
2.375 2.167052211696929
2.375 2.167052211696929
2.375 2.167052211696929
2.375 2.167052211696929
2.38 2.1777181039681994
2.3875 2.1781194321367323
2.3875 2.1781194321367323
2.4025 2.188027057880006
2.4025 2.188027057880006
2.405 2.1949988724656135
2.405 2.1949988724656135
2.405 2.1949988724656135
2.405 2.1949988724656135
2.405 2.1949988724656135
2.4075 2.1951059142869034
2.4075 2.1951059142869034
2.41 2.1940681022002795
2.41 2.1940681022002795
2.41 2.1940681022002795
2.41 2.1940681022002795
2.41 2.1940681022002795
2.41 2.1940681022002795
2.41 2.1940681022002795
2.41 2.1940681022002795
2.41 2.1940681022002795
2.41 2.1940681022002795
2.4125 2.1930269419046815
2.4125 2.1930269419046815
2.4125 2.1930269419046815
2.4125 2.1930269419046815
2.4125 2.1930269419046815
2.4125 2.1930269419046815
2.4125 2.1930269419046815
2.4125 2.1930269419046815
2.4125 2.1930269419046815
2.4125 2.1930269419046815
2.4225 2.191117577995652
2.425 2.1900607102970855
2.4275 2.190145106830238
2.4275 2.190145106830238
2.4275 2.190145106830238
2.4275 2.190145106830238
2.435 2.193811071524587
2.435 2.193811071524587
2.4375 2.198448701182114
2.4375 2.198448701182114
2.44 2.1973782509947744
2.44 2.1973782509947744
2.44 2.1973782509947744
2.44 2.1973782509947744
2.44 2.1973782509947744
2.44 2.1973782509947744
2.44 2.1973782509947744
2.44 2.1973782509947744
2.44 2.1973782509947744
2.44 2.1973782509947744
2.44 2.1973782509947744
2.44 2.1973782509947744
2.44 2.1973782509947744
2.44 2.1973782509947744
2.44 2.1973782509947744
2.4425 2.203140558566799
2.4425 2.203140558566799
2.4475 2.202127872744856
2.4475 2.202127872744856
2.4525 2.2033794390392507
2.4525 2.2033794390392507
2.4525 2.2033794390392507
2.4525 2.2033794390392507
2.4525 2.2033794390392507
2.4525 2.2033794390392507
2.4525 2.2033794390392507
2.465 2.2363537724359963
2.4675 2.2386318212420946
2.47 2.2364266162843514
2.475 2.2443189208636043
2.475 2.2443189208636043
2.475 2.2443189208636043
2.4775 2.2421109257814997
2.4775 2.2421109257814997
2.4775 2.2421109257814997
2.4775 2.2421109257814997
2.4875 2.260002827864357
2.4875 2.260002827864357
2.4875 2.260002827864357
2.495 2.2589227143870865
2.495 2.2589227143870865
2.5 2.262254293004113
2.505 2.258922714387085
2.505 2.258922714387085
2.505 2.258922714387085
2.505 2.258922714387085
2.505 2.258922714387085
2.505 2.258922714387085
2.505 2.258922714387085
2.505 2.258922714387085
2.505 2.258922714387085
2.505 2.258922714387085
2.51 2.260015303694273
2.51 2.260015303694273
2.51 2.260015303694273
2.51 2.260015303694273
2.51 2.260015303694273
2.51 2.260015303694273
2.51 2.260015303694273
2.51 2.260015303694273
2.51 2.260015303694273
2.5125 2.2588935899299387
2.5125 2.2588935899299387
2.5125 2.2588935899299387
2.5125 2.2588935899299387
2.5125 2.2588935899299387
2.5175 2.2632940595512556
2.5175 2.2632940595512556
2.53 2.2742097693897896
2.53 2.2742097693897896
2.53 2.2742097693897896
2.53 2.2742097693897896
2.53 2.2742097693897896
2.5425 2.274010016223478
2.5425 2.274010016223478
2.5425 2.274010016223478
2.5425 2.274010016223478
2.55 2.2837554262919215
2.555 2.2825424421026654
2.555 2.2825424421026654
2.555 2.2825424421026654
2.555 2.2825424421026654
2.555 2.2825424421026654
2.555 2.2825424421026654
2.555 2.2825424421026654
2.5575 2.2813823690439268
2.5575 2.2813823690439268
2.56 2.2813178269519834
2.56 2.2813178269519834
2.56 2.2813178269519834
2.565 2.295418778441322
2.565 2.295418778441322
2.5725 2.291915343080896
2.5725 2.291915343080896
2.5725 2.291915343080896
2.5725 2.291915343080896
2.5725 2.291915343080896
2.5725 2.291915343080896
2.5725 2.291915343080896
2.5725 2.291915343080896
2.5725 2.291915343080896
2.575 2.289646523594313
2.575 2.289646523594313
2.5825 2.2882929141945265
2.5825 2.2882929141945265
2.5825 2.2882929141945265
2.5825 2.2882929141945265
2.5825 2.2882929141945265
2.5825 2.2882929141945265
2.5825 2.2882929141945265
2.5825 2.2882929141945265
2.5825 2.2882929141945265
2.5825 2.2882929141945265
2.5825 2.2882929141945265
2.5825 2.2882929141945265
2.5825 2.2882929141945265
2.5825 2.2882929141945265
2.5825 2.2882929141945265
2.585 2.2892962222007127
2.585 2.2892962222007127
2.585 2.2892962222007127
2.585 2.2892962222007127
2.585 2.2892962222007127
2.5875 2.2870111061161746
2.5925 2.3075432041670987
2.5925 2.3075432041670987
2.5925 2.3075432041670987
2.595 2.306354955976505
2.6025 2.302770207069393
2.6025 2.302770207069393
2.6025 2.302770207069393
2.6025 2.302770207069393
2.6075 2.3058047595085824
2.6075 2.3058047595085824
2.6075 2.3058047595085824
2.61 2.3089452289249874
2.615 2.3054419655765774
2.62 2.310616231316017
2.62 2.310616231316017
2.62 2.310616231316017
2.62 2.310616231316017
2.62 2.310616231316017
2.62 2.310616231316017
2.62 2.310616231316017
2.6225 2.31048471083396
2.625 2.311435015217589
2.63 2.3122426700961802
2.63 2.3122426700961802
2.64 2.331090938253159
2.64 2.331090938253159
2.64 2.331090938253159
2.64 2.331090938253159
2.64 2.331090938253159
2.64 2.331090938253159
2.64 2.331090938253159
2.64 2.331090938253159
2.6425 2.333088512039896
2.6425 2.333088512039896
2.6425 2.333088512039896
2.6475 2.332776965534279
2.65 2.333691343820034
2.65 2.333691343820034
2.6575 2.33319593222373
2.6575 2.33319593222373
2.6575 2.33319593222373
2.6575 2.33319593222373
2.6575 2.33319593222373
2.6625 2.3317775873337423
2.665 2.3369699551831142
2.665 2.3369699551831142
2.665 2.3369699551831142
2.665 2.3369699551831142
2.675 2.346943834736684
2.68 2.3540292339062416
2.68 2.3540292339062416
2.685 2.352575509696142
2.6875 2.3545069563538767
2.6875 2.3545069563538767
2.6875 2.3545069563538767
2.6875 2.3545069563538767
2.6875 2.3545069563538767
2.6875 2.3545069563538767
2.6875 2.3545069563538767
2.695 2.37931246782529
2.695 2.37931246782529
2.71 2.424995155409471
2.71 2.424995155409471
2.71 2.424995155409471
2.71 2.424995155409471
2.71 2.424995155409471
2.7125 2.4289077240252595
2.7125 2.4289077240252595
2.7125 2.4289077240252595
2.7125 2.4289077240252595
2.72 2.429270133900027
2.72 2.429270133900027
2.725 2.429842657117097
2.725 2.429842657117097
2.735 2.4309563698636083
2.735 2.4309563698636083
2.735 2.4309563698636083
2.735 2.4309563698636083
2.735 2.4309563698636083
2.735 2.4309563698636083
2.74 2.429435199479739
2.74 2.429435199479739
2.74 2.429435199479739
2.74 2.429435199479739
2.74 2.429435199479739
2.74 2.429435199479739
2.74 2.429435199479739
2.74 2.429435199479739
2.7475 2.4379505238811228
2.75 2.4500012787066376
2.75 2.4500012787066376
2.75 2.4500012787066376
2.75 2.4500012787066376
2.75 2.4500012787066376
2.75 2.4500012787066376
2.75 2.4500012787066376
2.75 2.4500012787066376
2.75 2.4500012787066376
2.75 2.4500012787066376
2.75 2.4500012787066376
2.7525 2.45178953620097
2.755 2.4515301344262523
2.755 2.4515301344262523
2.76 2.4479340171624253
2.76 2.4479340171624253
2.76 2.4479340171624253
2.76 2.4479340171624253
2.7625 2.452780888137592
2.7625 2.452780888137592
2.77 2.4499194401363305
2.77 2.4499194401363305
2.77 2.4499194401363305
2.77 2.4499194401363305
2.77 2.4499194401363305
2.77 2.4499194401363305
2.77 2.4499194401363305
2.77 2.4499194401363305
2.79 2.4761316746440274
2.79 2.4761316746440274
2.7975 2.493398552348209
2.7975 2.493398552348209
2.805 2.492489973031819
2.805 2.492489973031819
2.805 2.492489973031819
2.805 2.492489973031819
2.805 2.492489973031819
2.805 2.492489973031819
2.805 2.492489973031819
2.8075 2.492182011399821
2.8075 2.492182011399821
2.8075 2.492182011399821
2.8175 2.4999636588837344
2.8175 2.4999636588837344
2.8175 2.4999636588837344
2.8175 2.4999636588837344
2.8175 2.4999636588837344
2.8175 2.4999636588837344
2.8175 2.4999636588837344
2.8175 2.4999636588837344
2.8225 2.496311815800313
2.8225 2.496311815800313
2.8225 2.496311815800313
2.8275 2.5026790157027894
2.83 2.501348007502474
2.83 2.501348007502474
2.8325 2.499011082603967
2.8325 2.499011082603967
2.8325 2.499011082603967
2.8325 2.499011082603967
2.84 2.49799919935936
2.84 2.49799919935936
2.84 2.49799919935936
2.84 2.49799919935936
2.84 2.49799919935936
2.84 2.49799919935936
2.85 2.5066328051890876
2.85 2.5066328051890876
2.8625 2.5008457216126443
2.8625 2.5008457216126443
2.8625 2.5008457216126443
2.8625 2.5008457216126443
2.8675 2.501116292131758
2.8675 2.501116292131758
2.875 2.5
2.875 2.5
2.8775 2.5016272899343677
2.8775 2.5016272899343677
2.88 2.506252832047351
2.8825 2.5058715510928415
2.8825 2.5058715510928415
2.8825 2.5058715510928415
2.885 2.504487201075481
2.885 2.504487201075481
2.89 2.500706667041632
2.89 2.500706667041632
2.89 2.500706667041632
2.89 2.500706667041632
2.8975 2.5055314745428396
2.8975 2.5055314745428396
2.8975 2.5055314745428396
2.8975 2.5055314745428396
2.9 2.5051325759443612
2.9 2.5051325759443612
2.91 2.501508316925835
2.91 2.501508316925835
2.9175 2.4992617957728083
2.9175 2.4992617957728083
2.9175 2.4992617957728083
2.92 2.4978386647234583
2.92 2.4978386647234583
2.92 2.4978386647234583
2.92 2.4978386647234583
2.92 2.4978386647234583
2.92 2.4978386647234583
2.92 2.4978386647234583
2.93 2.510149822286674
2.935 2.5082870169497125
2.9375 2.510847394126429
2.9375 2.510847394126429
2.9375 2.510847394126429
2.9375 2.510847394126429
2.9425 2.5089701229178125
2.955 2.5216804278994442
2.955 2.5216804278994442
2.955 2.5216804278994442
2.955 2.5216804278994442
2.955 2.5216804278994442
2.955 2.5216804278994442
2.955 2.5216804278994442
2.955 2.5216804278994442
2.9575 2.5261923659282544
2.9575 2.5261923659282544
2.9675 2.523363262669186
2.9675 2.523363262669186
2.9675 2.523363262669186
2.97 2.520910047715248
2.9725 2.520441491739734
2.9725 2.520441491739734
2.975 2.5199703622396847
2.975 2.5199703622396847
2.975 2.5199703622396847
2.975 2.5199703622396847
2.975 2.5199703622396847
2.975 2.5199703622396847
2.975 2.5199703622396847
2.975 2.5199703622396847
2.975 2.5199703622396847
2.9825 2.5334244311545833
2.9825 2.5334244311545833
2.9825 2.5334244311545833
2.9825 2.5334244311545833
2.99 2.5349487001280138
2.99 2.5349487001280138
2.99 2.5349487001280138
2.99 2.5349487001280138
2.99 2.5349487001280138
2.99 2.5349487001280138
2.995 2.5310057240032764
2.9975 2.531504500804606
2.9975 2.531504500804606
3.0025 2.5295236656211255
3.005 2.5280333029753383
3.005 2.5280333029753383
3.005 2.5280333029753383
3.0075 2.5305043728380276
3.0075 2.5305043728380276
3.0075 2.5305043728380276
3.0125 2.5265197416629332
3.0125 2.5265197416629332
3.0125 2.5265197416629332
3.0325 2.5421644814265214
3.0325 2.5421644814265214
3.0325 2.5421644814265214
3.0325 2.5421644814265214
3.0325 2.5421644814265214
3.035 2.5396652829405366
3.035 2.5396652829405366
3.0375 2.54308118328179
3.0375 2.54308118328179
3.04 2.5415642569450103
3.04 2.5415642569450103
3.04 2.5415642569450103
3.04 2.5415642569450103
3.04 2.5415642569450103
3.05 2.545328415323775
3.05 2.545328415323775
3.05 2.545328415323775
3.05 2.545328415323775
3.05 2.545328415323775
3.05 2.545328415323775
3.05 2.545328415323775
3.05 2.545328415323775
3.05 2.545328415323775
3.05 2.545328415323775
3.05 2.545328415323775
3.05 2.545328415323775
3.05 2.545328415323775
3.05 2.545328415323775
3.05 2.545328415323775
3.05 2.545328415323775
3.05 2.545328415323775
3.05 2.545328415323775
3.05 2.545328415323775
3.055 2.545225024642253
3.0575 2.544677230124438
3.0575 2.544677230124438
3.0625 2.5504618973284647
3.0625 2.5504618973284647
3.0625 2.5504618973284647
3.0625 2.5504618973284647
3.0625 2.5504618973284647
3.0625 2.5504618973284647
3.0725 2.5580466682397
3.0775 2.55789970037783
3.0775 2.55789970037783
3.08 2.5553717561306155
3.08 2.5553717561306155
3.0825 2.553820421812617
3.09 2.557979309017844
3.09 2.557979309017844
3.1025 2.5648469446779982
3.1075 2.570498474229278
3.1075 2.570498474229278
3.11 2.568929445555208
3.11 2.568929445555208
3.1125 2.5683330365172954
3.1125 2.5683330365172954
3.115 2.5667578019819306
3.1225 2.5766434519926773
3.1225 2.5766434519926773
3.1225 2.5766434519926773
3.1225 2.5766434519926773
3.1225 2.5766434519926773
3.125 2.585747517752634
3.125 2.585747517752634
3.125 2.585747517752634
3.125 2.585747517752634
3.125 2.585747517752634
3.125 2.585747517752634
3.125 2.585747517752634
3.125 2.585747517752634
3.125 2.585747517752634
3.125 2.585747517752634
3.125 2.585747517752634
3.125 2.585747517752634
3.13 2.587438326362936
3.13 2.587438326362936
3.13 2.587438326362936
3.1325 2.5858577689042574
3.1325 2.5858577689042574
3.1425 2.598861086585508
3.1425 2.598861086585508
3.1425 2.598861086585508
3.1425 2.598861086585508
3.145 2.5992046209666
3.145 2.5992046209666
3.1525 2.596362164881485
3.17 2.6025050588718637
3.17 2.6025050588718637
3.17 2.6025050588718637
3.1775 2.600557825257159
3.1775 2.600557825257159
3.1775 2.600557825257159
3.1825 2.600210855147724
3.2 2.59843793446142
3.2 2.59843793446142
3.2 2.59843793446142
3.2025 2.6054682712097446
3.2025 2.6054682712097446
3.2025 2.6054682712097446
3.2025 2.6054682712097446
3.2025 2.6054682712097446
3.225 2.6165800633785645
3.2275 2.6177998280712007
3.235 2.6300318760754444
3.24 2.62576400148199
3.24 2.62576400148199
3.24 2.62576400148199
3.24 2.62576400148199
3.24 2.62576400148199
3.24 2.62576400148199
3.24 2.62576400148199
3.245 2.6233910213934606
3.245 2.6233910213934606
3.245 2.6233910213934606
3.245 2.6233910213934606
3.25 2.63055117774714
3.25 2.63055117774714
3.25 2.63055117774714
3.25 2.63055117774714
3.25 2.63055117774714
3.25 2.63055117774714
3.25 2.63055117774714
3.25 2.63055117774714
3.2525 2.629835324613781
3.2525 2.629835324613781
3.2525 2.629835324613781
3.2525 2.629835324613781
3.2525 2.629835324613781
3.2525 2.629835324613781
3.2525 2.629835324613781
3.26 2.6333888512912855
3.26 2.6333888512912855
3.26 2.6333888512912855
3.26 2.6333888512912855
3.265 2.6328891475255674
3.27 2.630474956398675
3.27 2.630474956398675
3.27 2.630474956398675
3.28 2.655981097254353
3.28 2.655981097254353
3.28 2.655981097254353
3.28 2.655981097254353
3.28 2.655981097254353
3.28 2.655981097254353
3.29 2.677465602979399
3.29 2.677465602979399
3.2925 2.6776609981572785
3.2925 2.6776609981572785
3.2925 2.6776609981572785
3.2925 2.6776609981572785
3.2925 2.6776609981572785
3.2925 2.6776609981572785
3.2925 2.6776609981572785
3.2975 2.6789804199033584
3.3 2.6791686886337334
3.3 2.6791686886337334
3.3 2.6791686886337334
3.3075 2.674101868292422
3.3075 2.674101868292422
3.3075 2.674101868292422
3.3075 2.674101868292422
3.3075 2.674101868292422
3.3075 2.674101868292422
3.3075 2.674101868292422
3.3075 2.674101868292422
3.3075 2.674101868292422
3.3075 2.674101868292422
3.3075 2.674101868292422
3.3075 2.674101868292422
3.3125 2.669768324643202
3.3125 2.669768324643202
3.315 2.673695311089386
3.315 2.673695311089386
3.315 2.673695311089386
3.315 2.673695311089386
3.3175 2.673867548921026
3.3175 2.673867548921026
3.3175 2.673867548921026
3.3175 2.673867548921026
3.3175 2.673867548921026
3.3175 2.673867548921026
3.3175 2.673867548921026
3.32 2.6740374325121534
3.32 2.6740374325121534
3.32 2.6740374325121534
3.325 2.6827911624002017
3.325 2.6827911624002017
3.3275 2.6801495768680437
3.33 2.6803097116519847
3.34 2.708827119050283
3.34 2.708827119050283
3.34 2.708827119050283
3.34 2.708827119050283
3.34 2.708827119050283
3.3425 2.7182099649463853
3.345 2.7155866820208336
3.345 2.7155866820208336
3.345 2.7155866820208336
3.345 2.7155866820208336
3.345 2.7155866820208336
3.345 2.7155866820208336
3.345 2.7155866820208336
3.345 2.7155866820208336
3.3475 2.7148055497461234
3.3475 2.7148055497461234
3.3475 2.7148055497461234
3.3475 2.7148055497461234
3.3475 2.7148055497461234
3.3475 2.7148055497461234
3.35 2.7177131769707987
3.35 2.7177131769707987
3.36 2.720091403447275
3.3625 2.7183759249178414
3.3625 2.7183759249178414
3.3625 2.7183759249178414
3.3675 2.7140114951838306
3.37 2.7178238383015363
3.37 2.7178238383015363
3.3825 2.713780621781705
3.3825 2.713780621781705
3.385 2.714811319641406
3.385 2.714811319641406
3.385 2.714811319641406
3.385 2.714811319641406
3.385 2.714811319641406
3.385 2.714811319641406
3.385 2.714811319641406
3.385 2.714811319641406
3.385 2.714811319641406
3.385 2.714811319641406
3.385 2.714811319641406
3.385 2.714811319641406
3.385 2.714811319641406
3.3925 2.7151194142401853
3.3925 2.7151194142401853
3.405 2.724800238705974
3.4075 2.7230463093762367
3.42 2.730795325133215
3.42 2.730795325133215
3.435 2.739440881065354
3.435 2.739440881065354
3.435 2.739440881065354
3.435 2.739440881065354
3.435 2.739440881065354
3.435 2.739440881065354
3.435 2.739440881065354
3.435 2.739440881065354
3.435 2.739440881065354
3.435 2.739440881065354
3.435 2.739440881065354
3.435 2.739440881065354
3.435 2.739440881065354
3.435 2.739440881065354
3.435 2.739440881065354
3.44 2.742298397558721
3.4525 2.7743442856896534
3.4575 2.79333143419343
3.4625 2.7916082176950896
3.4625 2.7916082176950896
3.4625 2.7916082176950896
3.4625 2.7916082176950896
3.4625 2.7916082176950896
3.4675 2.7943630602125924
3.4675 2.7943630602125924
3.4675 2.7943630602125924
3.47 2.796184295882757
3.47 2.796184295882757
3.47 2.796184295882757
3.475 2.7953371486166203
3.475 2.7953371486166203
3.475 2.7953371486166203
3.475 2.7953371486166203
3.475 2.7953371486166203
3.475 2.7953371486166203
3.475 2.7953371486166203
3.4775 2.8052034982629452
3.48 2.8043289128825557
3.48 2.8043289128825557
3.48 2.8043289128825557
3.4825 2.8016632636001266
3.4825 2.8016632636001266
3.4825 2.8016632636001266
3.4875 2.799900418923809
3.4925 2.8079628538268033
3.495 2.8079684322997593
3.5025 2.8159933053434862
3.5025 2.8159933053434862
3.5075 2.8133130960561585
3.5075 2.8133130960561585
3.5075 2.8133130960561585
3.5275 2.8309502730746705
3.5275 2.8309502730746705
3.53 2.828267622478627
3.535 2.8299818007332136
3.535 2.8299818007332136
3.535 2.8299818007332136
3.535 2.8299818007332136
3.535 2.8299818007332136
3.5425 2.824559983031753
3.5425 2.824559983031753
3.5425 2.824559983031753
3.5425 2.824559983031753
3.5425 2.824559983031753
3.5425 2.824559983031753
3.5425 2.824559983031753
3.5425 2.824559983031753
3.5425 2.824559983031753
3.5425 2.824559983031753
3.5425 2.824559983031753
3.5425 2.824559983031753
3.5425 2.824559983031753
3.5425 2.824559983031753
3.55 2.8217735584269668
3.55 2.8217735584269668
3.55 2.8217735584269668
3.55 2.8217735584269668
3.55 2.8217735584269668
3.55 2.8217735584269668
3.5525 2.8208396961682745
3.5525 2.8208396961682745
3.555 2.8216802971364636
3.555 2.8216802971364636
3.555 2.8216802971364636
3.5575 2.8207419614407474
3.5575 2.8207419614407474
3.5575 2.8207419614407474
3.5575 2.8207419614407474
3.5575 2.8207419614407474
3.5575 2.8207419614407474
3.56 2.8206897608239454
3.56 2.8206897608239454
3.56 2.8206897608239454
3.56 2.8206897608239454
3.56 2.8206897608239454
3.56 2.8206897608239454
3.56 2.8206897608239454
3.56 2.8206897608239454
3.56 2.8206897608239454
3.56 2.8206897608239454
3.56 2.8206897608239454
3.57 2.825785316799843
3.5725 2.8248350363262165
3.5725 2.8248350363262165
3.5725 2.8248350363262165
3.5725 2.8248350363262165
3.575 2.829202354889497
3.575 2.829202354889497
3.58 2.835259554583076
3.58 2.835259554583076
3.58 2.835259554583076
3.585 2.8315754535014905
3.585 2.8315754535014905
3.585 2.8315754535014905
3.5925 2.8260236684139954
3.5925 2.8260236684139954
3.5925 2.8260236684139954
3.6075 2.8546130717618583
3.6075 2.8546130717618583
3.6075 2.8546130717618583
3.625 2.855654374177993
3.625 2.855654374177993
3.6275 2.8625564314626617
3.6275 2.8625564314626617
3.6275 2.8625564314626617
3.6275 2.8625564314626617
3.6275 2.8625564314626617
3.6275 2.8625564314626617
3.6275 2.8625564314626617
3.6275 2.8625564314626617
3.63 2.8615680017381067
3.635 2.8587069653576735
3.635 2.8587069653576735
3.64 2.856711746923817
3.64 2.856711746923817
3.64 2.856711746923817
3.64 2.856711746923817
3.64 2.856711746923817
3.64 2.856711746923817
3.64 2.856711746923817
3.64 2.856711746923817
3.64 2.856711746923817
3.64 2.856711746923817
3.64 2.856711746923817
3.64 2.856711746923817
3.6425 2.8592187007900214
3.6425 2.8592187007900214
3.6425 2.8592187007900214
3.645 2.857338965700828
3.645 2.857338965700828
3.6475 2.8572106821523517
3.6475 2.8572106821523517
3.66 2.882737490406729
3.665 2.8850622107503594
3.675 2.8792534189658547
3.675 2.8792534189658547
3.675 2.8792534189658547
3.675 2.8792534189658547
3.68 2.8780737083467307
3.685 2.8786266218581
3.685 2.8786266218581
3.69 2.8756866892686874
3.6925 2.876391457981491
3.6925 2.876391457981491
3.695 2.8770938762807754
3.695 2.8770938762807754
3.695 2.8770938762807754
3.695 2.8770938762807754
3.695 2.8770938762807754
3.695 2.8770938762807754
3.695 2.8770938762807754
3.695 2.8770938762807754
3.7 2.8863172153575176
3.7 2.8863172153575176
3.7 2.8863172153575176
3.7 2.8863172153575176
3.7 2.8863172153575176
3.7 2.8863172153575176
3.71 2.9046501478152256
3.71 2.9046501478152256
3.71 2.9046501478152256
3.71 2.9046501478152256
3.71 2.9046501478152256
3.71 2.9046501478152256
3.71 2.9046501478152256
3.71 2.9046501478152256
3.7125 2.9079174178908853
3.7125 2.9079174178908853
3.7125 2.9079174178908853
3.715 2.906008812451386
3.715 2.906008812451386
3.73 2.902267715896804
3.73 2.902267715896804
3.73 2.902267715896804
3.73 2.902267715896804
3.73 2.902267715896804
3.73 2.902267715896804
3.73 2.902267715896804
3.73 2.902267715896804
3.73 2.902267715896804
3.73 2.902267715896804
3.7375 2.8964750420421246
3.7375 2.8964750420421246
3.7375 2.8964750420421246
3.7375 2.8964750420421246
3.7375 2.8964750420421246
3.7375 2.8964750420421246
3.7375 2.8964750420421246
3.74 2.8945372453401985
3.74 2.8945372453401985
3.74 2.8945372453401985
3.74 2.8945372453401985
3.74 2.8945372453401985
3.74 2.8945372453401985
3.74 2.8945372453401985
3.74 2.8945372453401985
3.74 2.8945372453401985
3.74 2.8945372453401985
3.74 2.8945372453401985
3.74 2.8945372453401985
3.74 2.8945372453401985
3.74 2.8945372453401985
3.74 2.8945372453401985
3.74 2.8945372453401985
3.74 2.8945372453401985
3.74 2.8945372453401985
3.745 2.891518146749634
3.745 2.891518146749634
3.745 2.891518146749634
3.745 2.891518146749634
3.75 2.8884872158259545
3.75 2.8884872158259545
3.75 2.8884872158259545
3.75 2.8884872158259545
3.75 2.8884872158259545
3.75 2.8884872158259545
3.7625 2.9175974168340604
3.7625 2.9175974168340604
3.7675 2.918001126874546
3.7675 2.918001126874546
3.7675 2.918001126874546
3.785 2.934331397759923
3.785 2.934331397759923
3.785 2.934331397759923
3.785 2.934331397759923
3.7875 2.93408689625699
3.7925 2.9301720975572865
3.7925 2.9301720975572865
3.7925 2.9301720975572865
3.7925 2.9301720975572865
3.7925 2.9301720975572865
3.7975 2.927099850335583
3.7975 2.927099850335583
3.7975 2.927099850335583
3.7975 2.927099850335583
3.8025 2.924015803830867
3.805 2.928894168902589
3.805 2.928894168902589
3.805 2.928894168902589
3.805 2.928894168902589
3.805 2.928894168902589
3.81 2.9257991646522306
3.81 2.9257991646522306
3.81 2.9257991646522306
3.81 2.9257991646522306
3.8275 2.94608933263907
3.8275 2.94608933263907
3.8275 2.94608933263907
3.8375 2.94495767188988
3.845 2.964446805418408
3.845 2.964446805418408
3.845 2.964446805418408
3.845 2.964446805418408
3.845 2.964446805418408
3.845 2.964446805418408
3.845 2.964446805418408
3.845 2.964446805418408
3.85 2.9630134359388047
3.85 2.9630134359388047
3.86 2.966884900874585
3.8625 2.9665797205022524
3.8675 2.9710286565759465
3.8775 2.9815630204831796
3.8775 2.9815630204831796
3.8775 2.9815630204831796
3.8775 2.9815630204831796
3.8775 2.9815630204831796
3.8775 2.9815630204831796
3.8775 2.9815630204831796
3.8775 2.9815630204831796
3.8775 2.9815630204831796
3.8775 2.9815630204831796
3.9025 3.0661861479261723
3.9025 3.0661861479261723
3.9025 3.0661861479261723
3.9025 3.0661861479261723
3.9025 3.0661861479261723
3.9025 3.0661861479261723
3.9025 3.0661861479261723
3.9025 3.0661861479261723
3.9175 3.06171995334023
3.9175 3.06171995334023
3.9175 3.06171995334023
3.9175 3.06171995334023
3.92 3.0613771533719887
3.9225 3.0626693600554664
3.925 3.0615040449987743
3.925 3.0615040449987743
3.925 3.0615040449987743
3.925 3.0615040449987743
3.9325 3.062906665751957
3.9325 3.062906665751957
3.9325 3.062906665751957
3.935 3.0609145683908667
3.935 3.0609145683908667
3.9375 3.0605573476403753
3.955 3.0841132252180516
3.955 3.0841132252180516
3.955 3.0841132252180516
3.955 3.0841132252180516
3.955 3.0841132252180516
3.955 3.0841132252180516
3.96 3.087431064241127
3.96 3.087431064241127
3.965 3.092358598911301
3.9775 3.1066254286419395
3.9775 3.1066254286419395
3.9775 3.1066254286419395
3.9825 3.122750819662732
3.9825 3.122750819662732
3.9825 3.122750819662732
3.9825 3.122750819662732
3.9825 3.122750819662732
3.9825 3.122750819662732
3.9925 3.1195790073273346
3.9925 3.1195790073273346
3.9925 3.1195790073273346
3.9975 3.132415012338534
3.9975 3.132415012338534
4.0 3.130415107756025
4.0 3.130415107756025
4.005 3.141599771264158
4.005 3.141599771264158
4.0075 3.1403979043257766
4.01 3.1399918586169084
4.01 3.1399918586169084
4.0175 3.157867011156481
4.0175 3.157867011156481
4.0225 3.156247534056957
4.0225 3.156247534056957
4.0225 3.156247534056957
4.0225 3.156247534056957
4.0225 3.156247534056957
4.0225 3.156247534056957
4.0225 3.156247534056957
4.0225 3.156247534056957
4.0225 3.156247534056957
4.03 3.159756343513834
4.03 3.159756343513834
4.03 3.159756343513834
4.0375 3.166411083209141
4.0425 3.1615950021141943
4.0425 3.1615950021141943
4.0425 3.1615950021141943
4.0425 3.1615950021141943
4.045 3.158784544646682
4.045 3.158784544646682
4.045 3.158784544646682
4.055 3.1681331520586262
4.055 3.1681331520586262
4.0625 3.1683892557876274
4.0625 3.1683892557876274
4.0625 3.1683892557876274
4.0625 3.1683892557876274
4.0625 3.1683892557876274
4.0625 3.1683892557876274
4.0625 3.1683892557876274
4.0625 3.1683892557876274
4.0625 3.1683892557876274
4.0625 3.1683892557876274
4.0625 3.1683892557876274
4.0625 3.1683892557876274
4.065 3.169525157545015
4.0675 3.1714490335540746
4.0675 3.1714490335540746
4.0675 3.1714490335540746
4.0675 3.1714490335540746
4.0675 3.1714490335540746
4.0675 3.1714490335540746
4.0825 3.19941939438281
4.0825 3.19941939438281
4.0825 3.19941939438281
4.0875 3.196151154985289
4.0875 3.196151154985289
4.0875 3.196151154985289
4.0875 3.196151154985289
4.0875 3.196151154985289
4.0875 3.196151154985289
4.0875 3.196151154985289
4.0875 3.196151154985289
4.0875 3.196151154985289
4.0875 3.196151154985289
4.09 3.1964736208863913
4.09 3.1964736208863913
4.09 3.1964736208863913
4.09 3.1964736208863913
4.09 3.1964736208863913
4.0925 3.1967940942767967
4.0925 3.1967940942767967
4.0925 3.1967940942767967
4.095 3.194759964077136
4.095 3.194759964077136
4.095 3.194759964077136
4.095 3.194759964077136
4.095 3.194759964077136
4.095 3.194759964077136
4.1025 3.1957041575616234
4.1025 3.1957041575616234
4.105 3.1975828903801897
4.11 3.1958463016797123
4.11 3.1958463016797123
4.1125 3.1985027433939677
4.12 3.197053781562881
4.12 3.197053781562881
4.12 3.197053781562881
4.12 3.197053781562881
4.12 3.197053781562881
4.1225 3.1957825826844783
4.1225 3.1957825826844783
4.1225 3.1957825826844783
4.125 3.19372426591852
4.135 3.1933161713845455
4.1375 3.1912464468780506
4.1375 3.1912464468780506
4.1375 3.1912464468780506
4.1375 3.1912464468780506
4.1375 3.1912464468780506
4.1375 3.1912464468780506
4.1375 3.1912464468780506
4.1375 3.1912464468780506
4.155 3.204160046566036
4.1575 3.2114603288237973
4.1625 3.2143309659861172
4.1625 3.2143309659861172
4.1625 3.2143309659861172
4.1625 3.2143309659861172
4.1625 3.2143309659861172
4.1625 3.2143309659861172
4.1625 3.2143309659861172
4.1625 3.2143309659861172
4.1625 3.2143309659861172
4.1625 3.2143309659861172
4.1625 3.2143309659861172
4.1625 3.2143309659861172
4.165 3.2192676512719953
4.17 3.222119665351459
4.175 3.2187382138383107
4.175 3.2187382138383107
4.1775 3.216653680807989
4.1775 3.216653680807989
4.1775 3.216653680807989
4.1775 3.216653680807989
4.1775 3.216653680807989
4.1775 3.216653680807989
4.1775 3.216653680807989
4.18 3.218461781752504
4.1875 3.21764305308134
4.1875 3.21764305308134
4.1875 3.21764305308134
4.19 3.2171065316663374
4.1975 3.213925488029639
4.1975 3.213925488029639
4.1975 3.213925488029639
4.2125 3.2778353010259114
4.2175 3.2744463267653567
4.2175 3.2744463267653567
4.2175 3.2744463267653567
4.2275 3.270701372591463
4.2275 3.270701372591463
4.2275 3.270701372591463
4.2275 3.270701372591463
4.23 3.2724413181065812
4.23 3.2724413181065812
4.23 3.2724413181065812
4.23 3.2724413181065812
4.2325 3.2726471392812324
4.235 3.275147550675655
4.235 3.275147550675655
4.235 3.275147550675655
4.235 3.275147550675655
4.235 3.275147550675655
4.235 3.275147550675655
4.235 3.275147550675655
4.235 3.275147550675655
4.235 3.275147550675655
4.235 3.275147550675655
4.2375 3.2730529998534426
4.2375 3.2730529998534426
4.24 3.272487270002874
4.24 3.272487270002874
4.2425 3.274216698306431
4.2425 3.274216698306431
4.2425 3.274216698306431
4.2425 3.274216698306431
4.245 3.2728816639110123
4.2475 3.2707779994680943
4.2475 3.2707779994680943
4.2475 3.2707779994680943
4.2475 3.2707779994680943
4.2475 3.2707779994680943
4.2475 3.2707779994680943
4.255 3.28282154453042
4.255 3.28282154453042
4.255 3.28282154453042
4.26 3.2900548859984333
4.27 3.2861980683399072
4.27 3.2861980683399072
4.27 3.2861980683399072
4.2725 3.2894216035977446
4.2725 3.2894216035977446
4.2725 3.2894216035977446
4.2725 3.2894216035977446
4.2725 3.2894216035977446
4.2725 3.2894216035977446
4.2725 3.2894216035977446
4.2725 3.2894216035977446
4.2725 3.2894216035977446
4.275 3.294162072424262
4.275 3.294162072424262
4.275 3.294162072424262
4.275 3.294162072424262
4.275 3.294162072424262
4.2875 3.291188775943619
4.3 3.2896892159966407
4.305 3.290751831883956
4.305 3.290751831883956
4.305 3.290751831883956
4.305 3.290751831883956
4.305 3.290751831883956
4.305 3.290751831883956
4.305 3.290751831883956
4.3125 3.286616553680596
4.3125 3.286616553680596
4.33 3.2845197785123204
4.33 3.2845197785123204
4.33 3.2845197785123204
4.33 3.2845197785123204
4.33 3.2845197785123204
4.33 3.2845197785123204
4.33 3.2845197785123204
4.3325 3.2823586711563544
4.3325 3.2823586711563544
4.3325 3.2823586711563544
4.3325 3.2823586711563544
4.335 3.28095820101262
4.335 3.28095820101262
4.34 3.2758553188710033
4.34 3.2758553188710033
4.34 3.2758553188710033
4.34 3.2758553188710033
4.34 3.2758553188710033
4.3425 3.278271099758037
4.3425 3.278271099758037
4.3425 3.278271099758037
4.3425 3.278271099758037
4.3425 3.278271099758037
4.35 3.2801522062612616
4.35 3.2801522062612616
4.35 3.2801522062612616
4.35 3.2801522062612616
4.35 3.2801522062612616
4.3525 3.2787374166924463
4.355 3.2757902870929567
4.3575 3.274369785735013
4.3575 3.274369785735013
4.36 3.2805953368879615
4.36 3.2805953368879615
4.36 3.2805953368879615
4.36 3.2805953368879615
4.36 3.2805953368879615
4.375 3.292640080048509
4.385 3.2914828951587722
4.385 3.2914828951587722
4.385 3.2914828951587722
4.3925 3.289452080129558
4.3925 3.289452080129558
4.3925 3.289452080129558
4.3925 3.289452080129558
4.3925 3.289452080129558
4.3925 3.289452080129558
4.3925 3.289452080129558
4.3925 3.289452080129558
4.3925 3.289452080129558
4.395 3.2872465643661952
4.395 3.2872465643661952
4.395 3.2872465643661952
4.3975 3.285800505570294
4.3975 3.285800505570294
4.3975 3.285800505570294
4.4 3.2858777337574545
4.4 3.2858777337574545
4.4 3.2858777337574545
4.4 3.2858777337574545
4.4 3.2858777337574545
4.405 3.289837774336848
4.4125 3.285472503907902
4.4125 3.285472503907902
4.4125 3.285472503907902
4.42 3.2833749981453684
4.42 3.2833749981453684
4.42 3.2833749981453684
4.42 3.2833749981453684
4.4225 3.288011755340627
4.4225 3.288011755340627
4.425 3.286545062237132
4.425 3.286545062237132
4.425 3.286545062237132
4.4325 3.2988862326457764
4.4325 3.2988862326457764
4.4325 3.2988862326457764
4.4325 3.2988862326457764
4.4325 3.2988862326457764
4.4325 3.2988862326457764
4.4325 3.2988862326457764
4.4325 3.2988862326457764
4.435 3.298936564431085
4.4375 3.2997446168364077
4.4375 3.2997446168364077
4.4475 3.2976400386581655
4.4525 3.293913845420464
4.4525 3.293913845420464
4.4525 3.293913845420464
4.4525 3.293913845420464
4.4525 3.293913845420464
4.4525 3.293913845420464
4.4525 3.293913845420464
4.4525 3.293913845420464
4.4525 3.293913845420464
4.455 3.2909041501255074
4.455 3.2909041501255074
4.4575 3.292460248236193
4.4575 3.292460248236193
4.4575 3.292460248236193
4.4575 3.292460248236193
4.4575 3.292460248236193
4.4575 3.292460248236193
4.4575 3.292460248236193
4.4575 3.292460248236193
4.4575 3.292460248236193
4.4575 3.292460248236193
4.4575 3.292460248236193
4.4575 3.292460248236193
4.4575 3.292460248236193
4.4575 3.292460248236193
4.4575 3.292460248236193
4.4675 3.294096451012236
4.4675 3.294096451012236
4.4675 3.294096451012236
4.4675 3.294096451012236
4.4675 3.294096451012236
4.4675 3.294096451012236
4.475 3.30100235403633
4.475 3.30100235403633
4.475 3.30100235403633
4.475 3.30100235403633
4.475 3.30100235403633
4.475 3.30100235403633
4.475 3.30100235403633
4.475 3.30100235403633
4.475 3.30100235403633
4.475 3.30100235403633
4.475 3.30100235403633
4.4875 3.306383853315226
4.4875 3.306383853315226
4.4875 3.306383853315226
4.49 3.3033589649215855
4.49 3.3033589649215855
4.5 3.3048911879835057
4.5 3.3048911879835057
4.5025 3.311708362869798
4.5025 3.311708362869798
4.5125 3.32829349577001
4.5125 3.32829349577001
4.5125 3.32829349577001
4.5125 3.32829349577001
4.535 3.366319245579345
4.535 3.366319245579345
4.535 3.366319245579345
4.5425 3.3639983594535203
4.5425 3.3639983594535203
4.5425 3.3639983594535203
4.5425 3.3639983594535203
4.5425 3.3639983594535203
4.5425 3.3639983594535203
4.5425 3.3639983594535203
4.5425 3.3639983594535203
4.5425 3.3639983594535203
4.5425 3.3639983594535203
4.5425 3.3639983594535203
4.5475 3.366165686440797
4.5575 3.3719607126446536
4.56 3.371917045451077
4.56 3.371917045451077
4.56 3.371917045451077
4.5625 3.371128151306522
4.5625 3.371128151306522
4.57 3.3761807551178418
4.57 3.3761807551178418
4.5725 3.3731571595550722
4.5725 3.3731571595550722
4.5725 3.3731571595550722
4.5725 3.3731571595550722
4.5725 3.3731571595550722
4.5725 3.3731571595550722
4.5725 3.3731571595550722
4.5775 3.3737886529370376
4.5775 3.3737886529370376
4.5775 3.3737886529370376
4.5775 3.3737886529370376
4.5775 3.3737886529370376
4.5775 3.3737886529370376
4.5775 3.3737886529370376
4.5775 3.3737886529370376
4.5775 3.3737886529370376
4.5775 3.3737886529370376
4.5775 3.3737886529370376
4.5775 3.3737886529370376
4.585 3.3758355505208493
4.585 3.3758355505208493
4.585 3.3758355505208493
4.585 3.3758355505208493
4.585 3.3758355505208493
4.5875 3.375029007579791
4.59 3.3742204149286548
4.59 3.3742204149286548
4.59 3.3742204149286548
4.59 3.3742204149286548
4.59 3.3742204149286548
4.5925 3.37266674196858
4.5925 3.37266674196858
4.5925 3.37266674196858
4.5975 3.3836543176502767
4.5975 3.3836543176502767
4.5975 3.3836543176502767
4.5975 3.3836543176502767
4.5975 3.3836543176502767
4.5975 3.3836543176502767
4.6 3.3895017044561713
4.6 3.3895017044561713
4.6 3.3895017044561713
4.6 3.3895017044561713
4.6025 3.3872078016751965
4.6025 3.3872078016751965
4.6025 3.3872078016751965
4.6025 3.3872078016751965
4.6025 3.3872078016751965
4.6025 3.3872078016751965
4.6025 3.3872078016751965
4.6025 3.3872078016751965
4.6025 3.3872078016751965
4.6025 3.3872078016751965
4.6025 3.3872078016751965
4.6025 3.3872078016751965
4.6025 3.3872078016751965
4.6025 3.3872078016751965
4.615 3.3941974664274794
4.615 3.3941974664274794
4.615 3.3941974664274794
4.615 3.3941974664274794
4.615 3.3941974664274794
4.6175 3.3933731305306702
4.6175 3.3933731305306702
4.6175 3.3933731305306702
4.62 3.391068912736411
4.62 3.391068912736411
4.62 3.391068912736411
4.62 3.391068912736411
4.62 3.391068912736411
4.62 3.391068912736411
4.62 3.391068912736411
4.6225 3.3902401198403975
4.6275 3.40260017779415
4.6275 3.40260017779415
4.63 3.4091282446501165
4.63 3.4091282446501165
4.63 3.4091282446501165
4.63 3.4091282446501165
4.63 3.4091282446501165
4.63 3.4091282446501165
4.63 3.4091282446501165
4.63 3.4091282446501165
4.63 3.4091282446501165
4.63 3.4091282446501165
4.63 3.4091282446501165
4.63 3.4091282446501165
4.63 3.4091282446501165
4.63 3.4091282446501165
4.635 3.4126074670712985
4.635 3.4126074670712985
4.635 3.4126074670712985
4.635 3.4126074670712985
4.635 3.4126074670712985
4.65 3.4448756029499115
4.65 3.4448756029499115
4.65 3.4448756029499115
4.65 3.4448756029499115
4.65 3.4448756029499115
4.65 3.4448756029499115
4.65 3.4448756029499115
4.65 3.4448756029499115
4.65 3.4448756029499115
4.65 3.4448756029499115
4.6575 3.442356503289472
4.6575 3.442356503289472
4.66 3.445879454222473
4.66 3.445879454222473
4.6625 3.445762171473231
4.6625 3.445762171473231
4.6625 3.445762171473231
4.6625 3.445762171473231
4.6625 3.445762171473231
4.6725 3.4423637839502987
4.6725 3.4423637839502987
4.675 3.443693156538626
4.675 3.443693156538626
4.675 3.443693156538626
4.6825 3.4498474413256384
4.6825 3.4498474413256384
4.6825 3.4498474413256384
4.6825 3.4498474413256384
4.6825 3.4498474413256384
4.6825 3.4498474413256384
4.6875 3.4532094330450303
4.69 3.4516205194844827
4.69 3.4516205194844827
4.69 3.4516205194844827
4.69 3.4516205194844827
4.69 3.4516205194844827
4.69 3.4516205194844827
4.69 3.4516205194844827
4.69 3.4516205194844827
4.6975 3.4685834902120227
4.6975 3.4685834902120227
4.6975 3.4685834902120227
4.6975 3.4685834902120227
4.6975 3.4685834902120227
4.6975 3.4685834902120227
4.7075 3.486737313410899
4.7075 3.486737313410899
4.7075 3.486737313410899
4.7075 3.486737313410899
4.7075 3.486737313410899
4.7075 3.486737313410899
4.7075 3.486737313410899
4.7125 3.5000671314722016
4.7125 3.5000671314722016
4.7125 3.5000671314722016
4.7125 3.5000671314722016
4.7125 3.5000671314722016
4.7125 3.5000671314722016
4.7125 3.5000671314722016
4.7125 3.5000671314722016
4.7125 3.5000671314722016
4.7125 3.5000671314722016
4.7125 3.5000671314722016
4.7125 3.5000671314722016
4.7125 3.5000671314722016
4.715 3.502061691379175
4.7175 3.501906927707509
4.7175 3.501906927707509
4.7175 3.501906927707509
4.7175 3.501906927707509
4.7175 3.501906927707509
4.7175 3.501906927707509
4.72 3.5017503679014235
4.72 3.5017503679014235
4.72 3.5017503679014235
4.72 3.5017503679014235
4.72 3.5017503679014235
4.72 3.5017503679014235
4.72 3.5017503679014235
4.7425 3.5514399282417495
4.7475 3.5517998190899287
4.7475 3.5517998190899287
4.7475 3.5517998190899287
4.7475 3.5517998190899287
4.7475 3.5517998190899287
4.7475 3.5517998190899287
4.7475 3.5517998190899287
4.7475 3.5517998190899287
4.7475 3.5517998190899287
4.7475 3.5517998190899287
4.7475 3.5517998190899287
4.75 3.559378166524432
4.7525 3.5563834732100115
4.7525 3.5563834732100115
4.7525 3.5563834732100115
4.7575 3.555319182044779
4.7575 3.555319182044779
4.76 3.556546436698247
4.76 3.556546436698247
4.76 3.556546436698247
4.76 3.556546436698247
4.7625 3.5598842241318804
4.7625 3.5598842241318804
4.7625 3.5598842241318804
4.7625 3.5598842241318804
4.7625 3.5598842241318804
4.7625 3.5598842241318804
4.765 3.5653266168349558
4.7675 3.572863997251664
4.77 3.5712721770268367
4.77 3.5712721770268367
4.775 3.5729946441069647
4.7775 3.5742035585140157
4.7775 3.5742035585140157
4.7775 3.5742035585140157
4.7775 3.5742035585140157
4.7775 3.5742035585140157
4.78 3.5740080910074132
4.7825 3.5724080110611274
4.7825 3.5724080110611274
4.7825 3.5724080110611274
4.7925 3.5953804599275827
4.7925 3.5953804599275827
4.7925 3.5953804599275827
4.795 3.595872738554539
4.8 3.59406361004959
4.8 3.59406361004959
4.8 3.59406361004959
4.8 3.59406361004959
4.8 3.59406361004959
4.8025 3.5931560885510883
4.8025 3.5931560885510883
4.8025 3.5931560885510883
4.8025 3.5931560885510883
4.8025 3.5931560885510883
4.805 3.591548838265201
4.805 3.591548838265201
4.805 3.591548838265201
4.805 3.591548838265201
4.805 3.591548838265201
4.805 3.591548838265201
4.805 3.591548838265201
4.805 3.591548838265201
4.805 3.591548838265201
4.805 3.591548838265201
4.8075 3.59412549798113
4.8075 3.59412549798113
4.8075 3.59412549798113
4.8075 3.59412549798113
4.8175 3.619661395980831
4.82 3.6180555294987307
4.82 3.6180555294987307
4.8225 3.6199106526034663
4.8225 3.6199106526034663
4.8225 3.6199106526034663
4.83 3.616461944011188
4.83 3.616461944011188
4.83 3.616461944011188
4.83 3.616461944011188
4.83 3.616461944011188
4.83 3.616461944011188
4.83 3.616461944011188
4.83 3.616461944011188
4.83 3.616461944011188
4.83 3.616461944011188
4.83 3.616461944011188
4.83 3.616461944011188
4.84 3.6224584902776242
4.845 3.6268250094432224
4.845 3.6268250094432224
4.845 3.6268250094432224
4.845 3.6268250094432224
4.85 3.6284174971789827
4.855 3.6286212575269476
4.855 3.6286212575269476
4.855 3.6286212575269476
4.8575 3.629756407659797
4.86 3.628127377956387
4.86 3.628127377956387
4.86 3.628127377956387
4.86 3.628127377956387
4.86 3.628127377956387
4.86 3.628127377956387
4.8675 3.6294456794184997
4.8775 3.6325586652028545
4.8775 3.6325586652028545
4.8825 3.632724248227378
4.8825 3.632724248227378
4.8825 3.632724248227378
4.8825 3.632724248227378
4.8825 3.632724248227378
4.8825 3.632724248227378
4.8825 3.632724248227378
4.8875 3.6328829248772427
4.8875 3.6328829248772427
4.8875 3.6328829248772427
4.8875 3.6328829248772427
4.8875 3.6328829248772427
4.8875 3.6328829248772427
4.8875 3.6328829248772427
4.89 3.631924722923434
4.89 3.631924722923434
4.89 3.631924722923434
4.89 3.631924722923434
4.89 3.631924722923434
4.89 3.631924722923434
4.89 3.631924722923434
4.89 3.631924722923434
4.89 3.631924722923434
4.895 3.6327630556569934
4.9 3.6370414041413683
4.9 3.6370414041413683
4.905 3.6426841572766318
4.9075 3.641028215513497
4.9175 3.644708974496037
4.9175 3.644708974496037
4.92 3.642357329710147
4.92 3.642357329710147
4.92 3.642357329710147
4.925 3.6383332271356297
4.93 3.638433109007472
4.9325 3.6353794450199013
4.9325 3.6353794450199013
4.9375 3.63960307263248
4.9375 3.63960307263248
4.9375 3.63960307263248
4.9375 3.63960307263248
4.9375 3.63960307263248
4.9375 3.63960307263248
4.9375 3.63960307263248
4.9375 3.63960307263248
4.9375 3.63960307263248
4.9375 3.63960307263248
4.9375 3.63960307263248
4.9375 3.63960307263248
4.94 3.6393009326236685
4.94 3.6393009326236685
4.94 3.6393009326236685
4.945 3.639380128441964
4.945 3.639380128441964
4.945 3.639380128441964
4.945 3.639380128441964
4.945 3.639380128441964
4.945 3.639380128441964
4.945 3.639380128441964
4.945 3.639380128441964
4.9525 3.663166762081278
4.9525 3.663166762081278
4.9525 3.663166762081278
4.9525 3.663166762081278
4.9525 3.663166762081278
4.9525 3.663166762081278
4.9525 3.663166762081278
4.9525 3.663166762081278
4.9525 3.663166762081278
4.9575 3.6645964194291922
4.9575 3.6645964194291922
4.9575 3.6645964194291922
4.9575 3.6645964194291922
4.9575 3.6645964194291922
4.9575 3.6645964194291922
4.9575 3.6645964194291922
4.96 3.666334001769521
4.96 3.666334001769521
4.96 3.666334001769521
4.96 3.666334001769521
4.965 3.6622814971559765
4.965 3.6622814971559765
4.965 3.6622814971559765
4.965 3.6622814971559765
4.965 3.6622814971559765
4.965 3.6622814971559765
4.965 3.6622814971559765
4.965 3.6622814971559765
4.965 3.6622814971559765
4.965 3.6622814971559765
4.965 3.6622814971559765
4.965 3.6622814971559765
4.9675 3.6592237628171813
4.975 3.6541424291111864
4.975 3.6541424291111864
4.975 3.6541424291111864
4.975 3.6541424291111864
4.975 3.6541424291111864
4.975 3.6541424291111864
4.975 3.6541424291111864
4.975 3.6541424291111864
4.975 3.6541424291111864
4.975 3.6541424291111864
4.975 3.6541424291111864
4.985 3.6514528299600895
4.985 3.6514528299600895
4.985 3.6514528299600895
4.9875 3.65111906489848
4.9875 3.65111906489848
4.99 3.652842474753518
4.99 3.652842474753518
4.995 3.6569671206210264
4.995 3.6569671206210264
5.005 3.662445736380241
5.005 3.662445736380241
5.005 3.662445736380241
5.005 3.662445736380241
5.005 3.662445736380241
5.0175 3.684580584708797
5.0175 3.684580584708797
5.0175 3.684580584708797
5.02 3.682866922918855
5.0275 3.67975477961443
5.0275 3.67975477961443
5.0275 3.67975477961443
5.0275 3.67975477961443
5.0275 3.67975477961443
5.0275 3.67975477961443
5.0275 3.67975477961443
5.0275 3.67975477961443
5.0275 3.67975477961443
5.0275 3.67975477961443
5.0425 3.6652802687682113
5.0425 3.6652802687682113
5.0425 3.6652802687682113
5.0425 3.6652802687682113
5.0425 3.6652802687682113
5.0425 3.6652802687682113
5.0425 3.6652802687682113
5.0425 3.6652802687682113
5.0425 3.6652802687682113
5.0425 3.6652802687682113
5.0475 3.666586066555459
5.0525 3.6651503472121263
5.0575 3.666442519920325
5.0575 3.666442519920325
5.0675 3.6758295740749625
5.0675 3.6758295740749625
5.0675 3.6758295740749625
5.0675 3.6758295740749625
5.0675 3.6758295740749625
5.0675 3.6758295740749625
5.0675 3.6758295740749625
5.0675 3.6758295740749625
5.0775 3.6838050707792265
5.0775 3.6838050707792265
5.0775 3.6838050707792265
5.0775 3.6838050707792265
5.0775 3.6838050707792265
5.08 3.680688613789432
5.08 3.680688613789432
5.08 3.680688613789432
5.0825 3.6843765179219297
5.0825 3.6843765179219297
5.0825 3.6843765179219297
5.0825 3.6843765179219297
5.0825 3.6843765179219297
5.0825 3.6843765179219297
5.085 3.6839794055683384
5.09 3.6920153634037094
5.0975 3.689447629323911
5.0975 3.689447629323911
5.105 3.71260468996631
5.105 3.71260468996631
5.105 3.71260468996631
5.105 3.71260468996631
5.105 3.71260468996631
5.105 3.71260468996631
5.105 3.71260468996631
5.105 3.71260468996631
5.105 3.71260468996631
5.105 3.71260468996631
5.11 3.7178563904958586
5.11 3.7178563904958586
5.11 3.7178563904958586
5.11 3.7178563904958586
5.11 3.7178563904958586
5.11 3.7178563904958586
5.1175 3.7125667171207413
5.1175 3.7125667171207413
5.1175 3.7125667171207413
5.1175 3.7125667171207413
5.1175 3.7125667171207413
5.1175 3.7125667171207413
5.1325 3.7120603753948345
5.1375 3.7105274267226678
5.1375 3.7105274267226678
5.1375 3.7105274267226678
5.1375 3.7105274267226678
5.1375 3.7105274267226678
5.1375 3.7105274267226678
5.1375 3.7105274267226678
5.1425 3.707635385306373
5.15 3.7083526934810473
5.15 3.7083526934810473
5.15 3.7083526934810473
5.15 3.7083526934810473
5.15 3.7083526934810473
5.15 3.7083526934810473
5.15 3.7083526934810473
5.1525 3.7126409747669924
5.1525 3.7126409747669924
5.1525 3.7126409747669924
5.1525 3.7126409747669924
5.1525 3.7126409747669924
5.1525 3.7126409747669924
5.1525 3.7126409747669924
5.1525 3.7126409747669924
5.155 3.7115244218292034
5.155 3.7115244218292034
5.155 3.7115244218292034
5.155 3.7115244218292034
5.155 3.7115244218292034
5.1675 3.7025282630720255
5.17 3.7013985028895418
5.17 3.7013985028895418
5.17 3.7013985028895418
5.17 3.7013985028895418
5.17 3.7013985028895418
5.17 3.7013985028895418
5.17 3.7013985028895418
5.17 3.7013985028895418
5.17 3.7013985028895418
5.17 3.7013985028895418
5.17 3.7013985028895418
5.17 3.7013985028895418
5.17 3.7013985028895418
5.17 3.7013985028895418
5.17 3.7013985028895418
5.17 3.7013985028895418
5.17 3.7013985028895418
5.17 3.7013985028895418
5.1725 3.7002667044701676
5.1725 3.7002667044701676
5.1725 3.7002667044701676
5.1725 3.7002667044701676
5.1725 3.7002667044701676
5.1725 3.7002667044701676
5.1725 3.7002667044701676
5.175 3.6977775618935076
5.175 3.6977775618935076
5.175 3.6977775618935076
5.175 3.6977775618935076
5.175 3.6977775618935076
5.1775 3.6959632181984254
5.18 3.697536943510039
5.18 3.697536943510039
5.18 3.697536943510039
5.18 3.697536943510039
5.1825 3.696397182436677
5.1825 3.696397182436677
5.1825 3.696397182436677
5.1825 3.696397182436677
5.1825 3.696397182436677
5.1875 3.700212518451374
5.1875 3.700212518451374
5.1875 3.700212518451374
5.1875 3.700212518451374
5.1875 3.700212518451374
5.1875 3.700212518451374
5.1875 3.700212518451374
5.1875 3.700212518451374
5.1875 3.700212518451374
5.1875 3.700212518451374
5.1875 3.700212518451374
5.19 3.701777666842894
5.1925 3.6999551240250894
5.195 3.6988076382615707
5.195 3.6988076382615707
5.195 3.6988076382615707
5.195 3.6988076382615707
5.195 3.6988076382615707
5.195 3.6988076382615707
5.195 3.6988076382615707
5.2 3.7107173914079223
5.2 3.7107173914079223
5.2 3.7107173914079223
5.2 3.7107173914079223
5.2 3.7107173914079223
5.2 3.7107173914079223
5.2 3.7107173914079223
5.2 3.7107173914079223
5.2 3.7107173914079223
5.2 3.7107173914079223
5.2025 3.712269671681761
5.2025 3.712269671681761
5.2025 3.712269671681761
5.2025 3.712269671681761
5.2075 3.725471997480321
5.2075 3.725471997480321
5.2075 3.725471997480321
5.2075 3.725471997480321
5.2075 3.725471997480321
5.2075 3.725471997480321
5.2075 3.725471997480321
5.2075 3.725471997480321
5.2075 3.725471997480321
5.21 3.730373871753026
5.21 3.730373871753026
5.21 3.730373871753026
5.2225 3.73468384318155
5.2225 3.73468384318155
5.2225 3.73468384318155
5.2225 3.73468384318155
5.23 3.7432780187710493
5.23 3.7432780187710493
5.2325 3.745465930641205
5.2325 3.745465930641205
5.2325 3.745465930641205
5.2325 3.745465930641205
5.2325 3.745465930641205
5.2325 3.745465930641205
5.235 3.744974912163207
5.235 3.744974912163207
5.2375 3.745151418550343
5.2375 3.745151418550343
5.2375 3.745151418550343
5.245 3.743662983139417
5.245 3.743662983139417
5.25 3.744670398176246
5.255 3.750351696122849
5.255 3.750351696122849
5.255 3.750351696122849
5.255 3.750351696122849
5.255 3.750351696122849
5.255 3.750351696122849
5.255 3.750351696122849
5.255 3.750351696122849
5.255 3.750351696122849
5.255 3.750351696122849
5.255 3.750351696122849
5.255 3.750351696122849
5.255 3.750351696122849
5.255 3.750351696122849
5.255 3.750351696122849
5.2575 3.754521918579346
