0.96 1.275844674214386
1.3533333333333333 1.430115708764965
1.4533333333333334 1.440351777968164
1.545 1.470230468117943
1.57 1.45555180318425
1.6033333333333333 1.4615799380856904
1.62 1.4637295425121029
1.645 1.4751050442208553
1.6516666666666666 1.4710326704114731
1.6666666666666667 1.4807238525243664
1.6716666666666666 1.4790232379692243
1.6716666666666666 1.4790232379692243
1.6733333333333333 1.4799569847408962
1.6733333333333333 1.4799569847408962
1.6733333333333333 1.4799569847408962
1.675 1.4820151646481519
1.685 1.488668944183239
1.6866666666666668 1.488460529137477
1.6966666666666668 1.4983537618159932
1.6966666666666668 1.4983537618159932
1.6983333333333333 1.5048049548504487
1.7066666666666668 1.511432964076489
1.7066666666666668 1.511432964076489
1.71 1.5120771460122324
1.72 1.5150662393162435
1.72 1.5150662393162435
1.725 1.517634241008834
1.725 1.517634241008834
1.725 1.517634241008834
1.7283333333333333 1.5182354737694348
1.7316666666666667 1.5188291407594976
1.7316666666666667 1.5188291407594976
1.7333333333333334 1.5185735625899799
1.74 1.5372068853434364
1.7533333333333334 1.607314942514258
1.775 1.6468845480252141
1.7783333333333333 1.64936287255549
1.78 1.6490802819431873
1.7833333333333334 1.6495222829126228
1.7833333333333334 1.6495222829126228
1.7833333333333334 1.6495222829126228
1.785 1.649234658338158
1.79 1.6513969398931572
1.7916666666666667 1.6511029011560403
1.7933333333333332 1.6518181076185914
1.8033333333333332 1.6771036590983703
1.8066666666666666 1.684443866915788
1.8066666666666666 1.684443866915788
1.81 1.684823745011007
1.8266666666666667 1.7170330689366284
1.8283333333333334 1.7167146153840918
1.8283333333333334 1.7167146153840918
1.83 1.7163944816662946
1.8333333333333333 1.7167219088744563
1.835 1.7163969132866324
1.835 1.7163969132866324
1.835 1.7163969132866324
1.835 1.7163969132866324
1.835 1.7163969132866324
1.8383333333333334 1.7167146153840935
1.84 1.7193002420181518
1.8416666666666666 1.71799779285344
1.8416666666666666 1.71799779285344
1.8416666666666666 1.71799779285344
1.85 1.7192322703265646
1.85 1.7192322703265646
1.8516666666666666 1.7188915621876273
1.8516666666666666 1.7188915621876273
1.8566666666666667 1.717859314164282
1.8666666666666667 1.7283520736160383
1.8683333333333334 1.731857222161261
1.8683333333333334 1.731857222161261
1.8683333333333334 1.731857222161261
1.8683333333333334 1.731857222161261
1.87 1.731501321988166
1.8716666666666666 1.7311437413776738
1.8816666666666666 1.7376313840782676
1.8833333333333333 1.7391847212741403
1.8833333333333333 1.7391847212741403
1.8833333333333333 1.7391847212741403
1.885 1.7397757612690028
1.8866666666666667 1.7394054850123482
1.8883333333333334 1.7390335299391506
1.8883333333333334 1.7390335299391506
1.8883333333333334 1.7390335299391506
1.8883333333333334 1.7390335299391506
1.89 1.7386598949719698
1.89 1.7386598949719698
1.89 1.7386598949719698
1.8916666666666666 1.7382845790275603
1.8916666666666666 1.7382845790275603
1.8916666666666666 1.7382845790275603
1.8916666666666666 1.7382845790275603
1.8916666666666666 1.7382845790275603
1.895 1.7384894523579757
1.8966666666666667 1.737148534411081
1.8966666666666667 1.737148534411081
1.8966666666666667 1.737148534411081
1.8966666666666667 1.737148534411081
1.8966666666666667 1.737148534411081
1.8983333333333334 1.7367664836087044
1.8983333333333334 1.7367664836087044
1.9066666666666667 1.736754468069532
1.9066666666666667 1.736754468069532
1.91 1.7350073248727977
1.9116666666666666 1.7336492691823369
1.93 1.7607575392009818
1.9333333333333333 1.7608871139103262
1.9333333333333333 1.7608871139103262
1.9333333333333333 1.7608871139103262
1.945 1.823233931767925
1.945 1.823233931767925
1.95 1.8247509949733125
1.95 1.8247509949733125
1.9516666666666667 1.8252533537103661
1.9533333333333334 1.8248394323369705
1.955 1.824423891962232
1.9583333333333333 1.8235879497773564
1.97 1.8288451157572243
1.97 1.8288451157572243
1.97 1.8288451157572243
1.97 1.8288451157572243
1.9716666666666667 1.828415268169963
1.9716666666666667 1.828415268169963
1.9716666666666667 1.828415268169963
1.9716666666666667 1.828415268169963
1.9733333333333334 1.8270702956731293
1.9733333333333334 1.8270702956731293
1.9733333333333334 1.8270702956731293
1.9733333333333334 1.8270702956731293
1.9783333333333333 1.8285065716844915
1.98 1.8280690342517085
1.99 1.83453241507746
1.99 1.83453241507746
1.99 1.83453241507746
1.99 1.83453241507746
1.99 1.83453241507746
1.99 1.83453241507746
1.99 1.83453241507746
1.99 1.83453241507746
2.0 1.8454474056114767
2.0033333333333334 1.8445395357795769
2.0033333333333334 1.8445395357795769
2.01 1.8481322069657324
2.0116666666666667 1.8476707049540604
2.0116666666666667 1.8476707049540604
2.0116666666666667 1.8476707049540604
2.0116666666666667 1.8476707049540604
2.013333333333333 1.850819127113996
2.013333333333333 1.850819127113996
2.0283333333333333 1.8556048441910267
2.0283333333333333 1.8556048441910267
2.0283333333333333 1.8556048441910267
2.0283333333333333 1.8556048441910267
2.03 1.855128702859621
2.035 1.8563903977472158
2.035 1.8563903977472158
2.0483333333333333 1.8704263453585224
2.05 1.8699361223946636
2.0616666666666665 1.8798280448006253
2.0616666666666665 1.8798280448006253
2.0616666666666665 1.8798280448006253
2.0633333333333335 1.8819915096229038
2.065 1.882378082482106
2.065 1.882378082482106
2.08 1.9286782173577304
2.08 1.9286782173577304
2.0816666666666666 1.9307710939546912
2.085 1.937532378963649
2.085 1.937532378963649
2.085 1.937532378963649
2.085 1.937532378963649
2.085 1.937532378963649
2.085 1.937532378963649
2.085 1.937532378963649
2.085 1.937532378963649
2.1 1.9535507674492798
2.1 1.9535507674492798
2.1 1.9535507674492798
2.1 1.9535507674492798
2.1 1.9535507674492798
2.1 1.9535507674492798
2.1 1.9535507674492798
2.1 1.9535507674492798
2.1 1.9535507674492798
2.1033333333333335 1.9533769968207395
2.105 1.952860578928912
2.105 1.952860578928912
2.11 1.9538669333714047
2.111666666666667 1.9559072517678509
2.1133333333333333 1.9553843873757626
2.1166666666666667 1.9551880103497041
2.1166666666666667 1.9551880103497041
2.118333333333333 1.9546606831363853
2.12 1.9558396785217713
2.12 1.9558396785217713
2.12 1.9558396785217713
2.12 1.9558396785217713
2.1216666666666666 1.955309681048895
2.13 1.962018312800953
2.13 1.962018312800953
2.1333333333333333 1.9634954578278065
2.1333333333333333 1.9634954578278065
2.135 1.9629561877412494
2.138333333333333 1.9627237102625785
2.138333333333333 1.9627237102625785
2.14 1.9638808636840979
2.145 1.9647923592647258
2.145 1.9647923592647258
2.1533333333333333 1.976444478565061
2.1633333333333336 1.9807054835528994
2.1733333333333333 1.9941372054631967
2.1733333333333333 1.9941372054631967
2.18 1.9968924104296109
2.18 1.9968924104296109
2.18 1.9968924104296109
2.18 1.9968924104296109
2.18 1.9968924104296109
2.18 1.9968924104296109
2.18 1.9968924104296109
2.183333333333333 1.9974246078376918
2.183333333333333 1.9974246078376918
2.185 1.996016483650629
2.185 1.996016483650629
2.185 1.996016483650629
2.19 1.9968004457214494
2.19 1.9968004457214494
2.19 1.9968004457214494
2.1933333333333334 1.9998219175029297
2.1966666666666668 1.9994963194367927
2.1966666666666668 1.9994963194367927
2.1966666666666668 1.9994963194367927
2.2016666666666667 2.003585406137797
2.2016666666666667 2.003585406137797
2.2016666666666667 2.003585406137797
2.2016666666666667 2.003585406137797
2.2016666666666667 2.003585406137797
2.2116666666666664 2.012530999495106
2.2116666666666664 2.012530999495106
2.2116666666666664 2.012530999495106
2.2116666666666664 2.012530999495106
2.2116666666666664 2.012530999495106
2.2116666666666664 2.012530999495106
2.215 2.0171489326176752
2.215 2.0171489326176752
2.216666666666667 2.017384103219335
2.216666666666667 2.017384103219335
2.216666666666667 2.017384103219335
2.216666666666667 2.017384103219335
2.216666666666667 2.017384103219335
2.2183333333333333 2.0184451334670745
2.2183333333333333 2.0184451334670745
2.2216666666666667 2.018081178155358
2.225 2.021018520391702
2.225 2.021018520391702
2.225 2.021018520391702
2.225 2.021018520391702
2.225 2.021018520391702
2.225 2.021018520391702
2.225 2.021018520391702
2.225 2.021018520391702
2.225 2.021018520391702
2.225 2.021018520391702
2.245 2.049872751456036
2.2466666666666666 2.04926524286509
2.2466666666666666 2.04926524286509
2.2466666666666666 2.04926524286509
2.2466666666666666 2.04926524286509
2.2483333333333335 2.049470933534129
2.2483333333333335 2.049470933534129
2.2533333333333334 2.050079738395199
2.2533333333333334 2.050079738395199
2.2533333333333334 2.050079738395199
2.2533333333333334 2.050079738395199
2.2533333333333334 2.050079738395199
2.2533333333333334 2.050079738395199
2.255 2.050279918997342
2.2583333333333333 2.049861892547829
2.26 2.059806950774135
2.26 2.059806950774135
2.2683333333333335 2.068847692197621
2.2683333333333335 2.068847692197621
2.27 2.0690339539273346
2.2733333333333334 2.0710152250348375
2.2733333333333334 2.0710152250348375
2.2733333333333334 2.0710152250348375
2.2733333333333334 2.0710152250348375
2.2733333333333334 2.0710152250348375
2.2733333333333334 2.0710152250348375
2.2733333333333334 2.0710152250348375
2.276666666666667 2.0737944114570572
2.28 2.074956000498971
2.28 2.074956000498971
2.28 2.074956000498971
2.28 2.074956000498971
2.285 2.073871557915587
2.285 2.073871557915587
2.285 2.073871557915587
2.285 2.073871557915587
2.285 2.073871557915587
2.285 2.073871557915587
2.2866666666666666 2.072433478569108
2.2866666666666666 2.072433478569108
2.2883333333333336 2.0717990107127164
2.2883333333333336 2.0717990107127164
2.29 2.072774466743382
2.296666666666667 2.0750498649733116
2.296666666666667 2.0750498649733116
2.3 2.074569770551995
2.3033333333333332 2.0740841989488836
2.3033333333333332 2.0740841989488836
2.305 2.0734368169112054
2.3133333333333335 2.0790284962057637
2.3183333333333334 2.079472103508731
2.3233333333333333 2.0823101549780643
2.328333333333333 2.092325723633514
2.328333333333333 2.092325723633514
2.328333333333333 2.092325723633514
2.335 2.092065062813549
2.335 2.092065062813549
2.335 2.092065062813549
2.335 2.092065062813549
2.335 2.092065062813549
2.335 2.092065062813549
2.335 2.092065062813549
2.34 2.09245404726121
2.34 2.09245404726121
2.34 2.09245404726121
2.34 2.09245404726121
2.345 2.0976117272421426
2.345 2.0976117272421426
2.348333333333333 2.0994467564959014
2.348333333333333 2.0994467564959014
2.348333333333333 2.0994467564959014
2.348333333333333 2.0994467564959014
2.3516666666666666 2.102069229902066
2.3516666666666666 2.102069229902066
2.3516666666666666 2.102069229902066
2.3516666666666666 2.102069229902066
2.3533333333333335 2.1029803691294378
2.3566666666666665 2.1024166607139616
2.3566666666666665 2.1024166607139616
2.3583333333333334 2.105703493108746
2.3583333333333334 2.105703493108746
2.36 2.104228987710512
2.36 2.104228987710512
2.36 2.104228987710512
2.3716666666666666 2.114469718994141
2.3716666666666666 2.114469718994141
2.3716666666666666 2.114469718994141
2.3716666666666666 2.114469718994141
2.3716666666666666 2.114469718994141
2.3766666666666665 2.1202865168993417
2.38 2.1244109465409333
2.38 2.1244109465409333
2.3833333333333333 2.128522155510656
2.385 2.1278285701719564
2.385 2.1278285701719564
2.3866666666666667 2.1271334506208475
2.3866666666666667 2.1271334506208475
2.3866666666666667 2.1271334506208475
2.395 2.1392995748885983
2.395 2.1392995748885983
2.3983333333333334 2.138680390312858
2.4 2.1371973909335145
2.4033333333333333 2.141252864237014
2.4033333333333333 2.141252864237014
2.405 2.141327580344474
2.405 2.141327580344474
2.408333333333333 2.1406933851373657
2.4116666666666666 2.14472927467742
2.4133333333333336 2.143240074961374
2.4166666666666665 2.141814145830823
2.4233333333333333 2.1490663940804264
2.4233333333333333 2.1490663940804264
2.425 2.1530058190263386
2.425 2.1530058190263386
2.425 2.1530058190263386
2.425 2.1530058190263386
2.425 2.1530058190263386
2.4283333333333332 2.1554443756024204
2.4316666666666666 2.1563271551929635
2.4316666666666666 2.1563271551929635
2.4316666666666666 2.1563271551929635
2.4316666666666666 2.1563271551929635
2.435 2.157204414238024
2.435 2.157204414238024
2.4383333333333335 2.154979609513261
2.44 2.155801273746372
2.445 2.1582566544112676
2.4483333333333333 2.1560174491309554
2.4483333333333333 2.1560174491309554
2.45 2.156056810077243
2.45 2.156056810077243
2.45 2.156056810077243
2.45 2.156056810077243
2.45 2.156056810077243
2.45 2.156056810077243
2.4566666666666666 2.1546522765736036
2.4566666666666666 2.1546522765736036
2.4583333333333335 2.153910266922034
2.4633333333333334 2.1594198400569584
2.4633333333333334 2.1594198400569584
2.466666666666667 2.162564070994776
2.4716666666666667 2.166491795520039
2.475 2.1703822855530355
2.475 2.1703822855530355
2.4783333333333335 2.1757958010427525
2.4816666666666665 2.175059085541866
2.4816666666666665 2.175059085541866
2.4816666666666665 2.175059085541866
2.4816666666666665 2.175059085541866
2.4816666666666665 2.175059085541866
2.4833333333333334 2.17507251748444
2.4833333333333334 2.17507251748444
2.49 2.179713724291892
2.49 2.179713724291892
2.49 2.179713724291892
2.49 2.179713724291892
2.49 2.179713724291892
2.4916666666666667 2.178954710008759
2.4916666666666667 2.178954710008759
2.4916666666666667 2.178954710008759
2.4916666666666667 2.178954710008759
2.4916666666666667 2.178954710008759
2.4916666666666667 2.178954710008759
2.4916666666666667 2.178954710008759
2.493333333333333 2.178194153844414
2.4983333333333335 2.178203734288642
2.4983333333333335 2.178203734288642
2.4983333333333335 2.178203734288642
2.5 2.1774378044666474
2.5 2.1774378044666474
2.5033333333333334 2.178201818203158
2.505 2.1766652136745104
2.505 2.1766652136745104
2.505 2.1766652136745104
2.505 2.1766652136745104
2.505 2.1766652136745104
2.506666666666667 2.1758936273060696
2.506666666666667 2.1758936273060696
2.506666666666667 2.1758936273060696
2.506666666666667 2.1758936273060696
2.506666666666667 2.1758936273060696
2.506666666666667 2.1758936273060696
2.5083333333333333 2.1758878729417375
2.5083333333333333 2.1758878729417375
2.5083333333333333 2.1758878729417375
2.5083333333333333 2.1758878729417375
2.5083333333333333 2.1758878729417375
2.5083333333333333 2.1758878729417375
2.5083333333333333 2.1758878729417375
2.5083333333333333 2.1758878729417375
2.51 2.17511345241686
2.52 2.1796447919401247
2.52 2.1796447919401247
2.52 2.1796447919401247
2.52 2.1796447919401247
2.53 2.1909892872310586
2.533333333333333 2.1932257721679598
2.533333333333333 2.1932257721679598
2.533333333333333 2.1932257721679598
2.533333333333333 2.1932257721679598
2.533333333333333 2.1932257721679598
2.533333333333333 2.1932257721679598
2.5483333333333333 2.2103861428242673
2.5516666666666667 2.211065785709866
2.5516666666666667 2.211065785709866
2.5516666666666667 2.211065785709866
2.5516666666666667 2.211065785709866
2.5633333333333335 2.2235622930350414
2.5633333333333335 2.2235622930350414
2.5633333333333335 2.2235622930350414
2.565 2.2265153531238373
2.578333333333333 2.2365600574035223
2.578333333333333 2.2365600574035223
2.578333333333333 2.2365600574035223
2.585 2.2407908364282942
2.5883333333333334 2.239916501146661
2.59 2.239850042679083
2.591666666666667 2.2442500572398965
2.5933333333333333 2.2441812474354923
2.5933333333333333 2.2441812474354923
2.5933333333333333 2.2441812474354923
2.5966666666666667 2.241806946683682
2.5966666666666667 2.241806946683682
2.6033333333333335 2.245973333749849
2.6033333333333335 2.245973333749849
2.6066666666666665 2.2450737513804397
2.6083333333333334 2.246480583916114
2.6083333333333334 2.246480583916114
2.6083333333333334 2.246480583916114
2.615 2.2683365236020747
2.615 2.2683365236020747
2.615 2.2683365236020747
2.615 2.2683365236020747
2.618333333333333 2.266692240190941
2.618333333333333 2.266692240190941
2.631666666666667 2.286491627397554
2.631666666666667 2.286491627397554
2.6416666666666666 2.292456357084575
2.6433333333333335 2.293080734364307
2.6433333333333335 2.293080734364307
2.6433333333333335 2.293080734364307
2.6466666666666665 2.292141373406469
2.6466666666666665 2.292141373406469
2.6483333333333334 2.291305455420329
2.65 2.2904680175819845
2.65 2.2904680175819845
2.6533333333333333 2.290975739421945
2.6533333333333333 2.290975739421945
2.66 2.2985224258721186
2.665 2.29816832050707
2.665 2.29816832050707
2.6816666666666666 2.3027160900136145
2.6816666666666666 2.3027160900136145
2.683333333333333 2.3069298713386024
2.683333333333333 2.3069298713386024
2.683333333333333 2.3069298713386024
2.683333333333333 2.3069298713386024
2.683333333333333 2.3069298713386024
2.6866666666666665 2.3059382343831727
2.691666666666667 2.33574186051323
2.6933333333333334 2.3348893770141905
2.6933333333333334 2.3348893770141905
2.6933333333333334 2.3348893770141905
2.6933333333333334 2.3348893770141905
2.6933333333333334 2.3348893770141905
2.6933333333333334 2.3348893770141905
2.6933333333333334 2.3348893770141905
2.6933333333333334 2.3348893770141905
2.6933333333333334 2.3348893770141905
2.6933333333333334 2.3348893770141905
2.695 2.33403539004946
2.6966666666666668 2.3331798979681566
2.6966666666666668 2.3331798979681566
2.6966666666666668 2.3331798979681566
2.6966666666666668 2.3331798979681566
2.6966666666666668 2.3331798979681566
2.6966666666666668 2.3331798979681566
2.6966666666666668 2.3331798979681566
2.6966666666666668 2.3331798979681566
2.6966666666666668 2.3331798979681566
2.703333333333333 2.3311755664094824
2.705 2.3303130544097663
2.7283333333333335 2.3573556721810456
2.7283333333333335 2.3573556721810456
2.7283333333333335 2.3573556721810456
2.7283333333333335 2.3573556721810456
2.7333333333333334 2.358989248105356
2.7333333333333334 2.358989248105356
2.735 2.361652812476424
2.735 2.361652812476424
2.736666666666667 2.360779041975474
2.736666666666667 2.360779041975474
2.7383333333333333 2.3599037689179534
2.7383333333333333 2.3599037689179534
2.7383333333333333 2.3599037689179534
2.7416666666666667 2.361685800847655
2.7416666666666667 2.361685800847655
2.7416666666666667 2.361685800847655
2.7416666666666667 2.361685800847655
2.7416666666666667 2.361685800847655
2.743333333333333 2.360807328215737
2.743333333333333 2.360807328215737
2.743333333333333 2.360807328215737
2.743333333333333 2.360807328215737
2.743333333333333 2.360807328215737
2.745 2.364168032128896
2.745 2.364168032128896
2.75 2.3643498578715803
2.75 2.3643498578715803
2.7533333333333334 2.3647005243452264
2.7533333333333334 2.3647005243452264
2.7533333333333334 2.3647005243452264
2.76 2.365387585728373
2.76 2.365387585728373
2.76 2.365387585728373
2.76 2.365387585728373
2.7683333333333335 2.3848430450390916
2.77 2.386054363527694
2.7716666666666665 2.384465001727432
2.775 2.3889789382241964
2.775 2.3889789382241964
2.7783333333333333 2.3934797117948383
2.78 2.39188946763341
2.7866666666666666 2.3952838098588276
2.7866666666666666 2.3952838098588276
2.7933333333333334 2.395869195976541
2.8 2.4061690330674605
2.8066666666666666 2.409487831103521
2.8066666666666666 2.409487831103521
2.8116666666666665 2.4081519640640625
2.8116666666666665 2.4081519640640625
2.815 2.4097967134872396
2.8183333333333334 2.407278311774412
2.82 2.4084436887063476
2.82 2.4084436887063476
2.82 2.4084436887063476
2.82 2.4084436887063476
2.82 2.4084436887063476
2.8216666666666668 2.4089144173269306
2.8216666666666668 2.4089144173269306
2.8216666666666668 2.4089144173269306
2.8216666666666668 2.4089144173269306
2.825 2.4091592753538236
2.825 2.4091592753538236
2.825 2.4091592753538236
2.825 2.4091592753538236
2.825 2.4091592753538236
2.825 2.4091592753538236
2.825 2.4091592753538236
2.8366666666666664 2.41655162545441
2.8366666666666664 2.41655162545441
2.8383333333333334 2.4156274510347293
2.8383333333333334 2.4156274510347293
2.8433333333333333 2.424579661118755
2.8433333333333333 2.424579661118755
2.8433333333333333 2.424579661118755
2.8466666666666667 2.426857697936218
2.8466666666666667 2.426857697936218
2.855 2.432523439518385
2.855 2.432523439518385
2.855 2.432523439518385
2.855 2.432523439518385
2.855 2.432523439518385
2.8633333333333333 2.431290640624342
2.8633333333333333 2.431290640624342
2.8633333333333333 2.431290640624342
2.8633333333333333 2.431290640624342
2.868333333333333 2.4367108613714095
2.8766666666666665 2.4347489040827393
2.8766666666666665 2.4347489040827393
2.8766666666666665 2.4347489040827393
2.8766666666666665 2.4347489040827393
2.8766666666666665 2.4347489040827393
2.8766666666666665 2.4347489040827393
2.88 2.434915746212157
2.881666666666667 2.4339688225758023
2.881666666666667 2.4339688225758023
2.8833333333333333 2.4337064532772703
2.8833333333333333 2.4337064532772703
2.8833333333333333 2.4337064532772703
2.8866666666666667 2.4420814534458777
2.8866666666666667 2.4420814534458777
2.895 2.4393768190753953
2.8983333333333334 2.4422540607092054
2.8983333333333334 2.4422540607092054
2.8983333333333334 2.4422540607092054
2.9 2.4419811875197444
2.9 2.4419811875197444
2.9 2.4419811875197444
2.9 2.4419811875197444
2.9 2.4419811875197444
2.901666666666667 2.440339317019778
2.901666666666667 2.440339317019778
2.9066666666666667 2.4388252643446138
2.9066666666666667 2.4388252643446138
2.9066666666666667 2.4388252643446138
2.9116666666666666 2.4434568459088
2.9133333333333336 2.4438582120265684
2.9166666666666665 2.448069435730771
2.9166666666666665 2.448069435730771
2.9166666666666665 2.448069435730771
2.9166666666666665 2.448069435730771
2.9166666666666665 2.448069435730771
2.9166666666666665 2.448069435730771
2.9166666666666665 2.448069435730771
2.9166666666666665 2.448069435730771
2.9166666666666665 2.448069435730771
2.9166666666666665 2.448069435730771
2.9183333333333334 2.4484666365583694
2.921666666666667 2.4499389564584737
2.921666666666667 2.4499389564584737
2.921666666666667 2.4499389564584737
2.921666666666667 2.4499389564584737
2.9233333333333333 2.448287648453816
2.9266666666666667 2.4606327257924874
2.9266666666666667 2.4606327257924874
2.9266666666666667 2.4606327257924874
2.9283333333333332 2.459664028706444
2.933333333333333 2.456748850359989
2.933333333333333 2.456748850359989
2.933333333333333 2.456748850359989
2.933333333333333 2.456748850359989
2.9366666666666665 2.4581958357367713
2.9366666666666665 2.4581958357367713
2.9366666666666665 2.4581958357367713
2.9383333333333335 2.4599355059386965
2.941666666666667 2.45730091126485
2.945 2.4600938538226593
2.945 2.4600938538226593
2.945 2.4600938538226593
2.945 2.4600938538226593
2.9466666666666668 2.4625045726196104
2.9466666666666668 2.4625045726196104
2.9466666666666668 2.4625045726196104
2.9483333333333333 2.4622011723748907
2.95 2.4625746262092068
2.965 2.4793857955560994
2.965 2.4793857955560994
2.9716666666666667 2.4902207173107676
2.9716666666666667 2.4902207173107676
2.9766666666666666 2.4952955179213796
2.9766666666666666 2.4952955179213796
2.9783333333333335 2.4956450661199776
2.9783333333333335 2.4956450661199776
2.9783333333333335 2.4956450661199776
2.9783333333333335 2.4956450661199776
2.98 2.4966622125695666
2.985 2.4956941215984294
2.985 2.4956941215984294
2.9883333333333333 2.495042943057642
2.99 2.495384721476898
2.99 2.495384721476898
2.995 2.4943960563919187
2.995 2.4943960563919187
2.9966666666666666 2.494064183042907
2.9966666666666666 2.494064183042907
2.9966666666666666 2.494064183042907
3.0 2.4927273181137934
3.0016666666666665 2.4957387166512173
3.0016666666666665 2.4957387166512173
3.0016666666666665 2.4957387166512173
3.0016666666666665 2.4957387166512173
3.0083333333333333 2.5010710004191097
3.0116666666666667 2.505059432459803
3.0116666666666667 2.505059432459803
3.015 2.503708434811095
3.0166666666666666 2.5046978675884315
3.0166666666666666 2.5046978675884315
3.0166666666666666 2.5046978675884315
3.0166666666666666 2.5046978675884315
3.0166666666666666 2.5046978675884315
3.0166666666666666 2.5046978675884315
3.0166666666666666 2.5046978675884315
3.0233333333333334 2.5199283628333453
3.0233333333333334 2.5199283628333453
3.033333333333333 2.5474899536593956
3.033333333333333 2.5474899536593956
3.033333333333333 2.5474899536593956
3.033333333333333 2.5474899536593956
3.033333333333333 2.5474899536593956
3.035 2.5497602100094765
3.0366666666666666 2.5500641038567053
3.0366666666666666 2.5500641038567053
3.0366666666666666 2.5500641038567053
3.0416666666666665 2.5496598134187454
3.0416666666666665 2.5496598134187454
3.0483333333333333 2.55215982163098
3.05 2.5537624866191906
3.0616666666666665 2.560362536064452
3.0633333333333335 2.563254313696427
3.0633333333333335 2.563254313696427
3.065 2.5622353684766024
3.065 2.5622353684766024
3.065 2.5622353684766024
3.0716666666666668 2.565963920301561
3.08 2.573837809273812
3.08 2.573837809273812
3.0816666666666666 2.5734610401359106
3.0816666666666666 2.5734610401359106
3.0816666666666666 2.5734610401359106
3.0816666666666666 2.5734610401359106
3.0816666666666666 2.5734610401359106
3.0866666666666664 2.5781583329070603
3.0883333333333334 2.585537770915417
3.0933333333333333 2.5921331265578478
3.0933333333333333 2.5921331265578478
3.0933333333333333 2.5921331265578478
3.0933333333333333 2.5921331265578478
3.0933333333333333 2.5921331265578478
3.0933333333333333 2.5921331265578478
3.0933333333333333 2.5921331265578478
3.0933333333333333 2.5921331265578478
3.0933333333333333 2.5921331265578478
3.0933333333333333 2.5921331265578478
3.095 2.593038387709198
3.0966666666666667 2.5926547501183186
3.0966666666666667 2.5926547501183186
3.1 2.5899510440710047
3.1 2.5899510440710047
3.1 2.5899510440710047
3.1 2.5899510440710047
3.1016666666666666 2.592785139611297
3.1016666666666666 2.592785139611297
3.1066666666666665 2.5903291742441645
3.1066666666666665 2.5903291742441645
3.1066666666666665 2.5903291742441645
3.1066666666666665 2.5903291742441645
3.1066666666666665 2.5903291742441645
3.1066666666666665 2.5903291742441645
3.1066666666666665 2.5903291742441645
3.1083333333333334 2.589292944443028
3.1216666666666666 2.6041312796705256
3.1216666666666666 2.6041312796705256
3.1266666666666665 2.6144498086389136
3.1266666666666665 2.6144498086389136
3.131666666666667 2.613244273237424
3.131666666666667 2.613244273237424
3.131666666666667 2.613244273237424
3.131666666666667 2.613244273237424
3.131666666666667 2.613244273237424
3.131666666666667 2.613244273237424
3.131666666666667 2.613244273237424
3.1333333333333333 2.6128401746987406
3.1333333333333333 2.6128401746987406
3.1333333333333333 2.6128401746987406
3.14 2.616960221580673
3.14 2.616960221580673
3.14 2.616960221580673
3.14 2.616960221580673
3.14 2.616960221580673
3.14 2.616960221580673
3.14 2.616960221580673
3.14 2.616960221580673
3.145 2.613176129247851
3.145 2.613176129247851
3.145 2.613176129247851
3.15 2.617043151745274
3.151666666666667 2.6159898496958616
3.151666666666667 2.6159898496958616
3.1566666666666667 2.612821006417173
3.1566666666666667 2.612821006417173
3.1566666666666667 2.612821006417173
3.1566666666666667 2.612821006417173
3.1616666666666666 2.611557186901391
3.1616666666666666 2.611557186901391
3.1616666666666666 2.611557186901391
3.1616666666666666 2.611557186901391
3.165 2.610069431527763
3.165 2.610069431527763
3.18 2.618975318618438
3.18 2.618975318618438
3.191666666666667 2.6127203706317443
3.1933333333333334 2.614194377361139
3.1933333333333334 2.614194377361139
3.1933333333333334 2.614194377361139
3.2 2.613691956359414
3.2 2.613691956359414
3.2066666666666666 2.611255121789905
3.2066666666666666 2.611255121789905
3.2083333333333335 2.6120813228057242
3.2083333333333335 2.6120813228057242
3.2116666666666664 2.614368392628739
3.2133333333333334 2.6139133741259646
3.2133333333333334 2.6139133741259646
3.2133333333333334 2.6139133741259646
3.215 2.6128183441447255
3.215 2.6128183441447255
3.2183333333333333 2.6099841476479972
3.22 2.610803290759073
3.2216666666666667 2.610342321218703
3.2216666666666667 2.610342321218703
3.2266666666666666 2.612789058968724
3.2266666666666666 2.612789058968724
3.23 2.6201543239159144
3.23 2.6201543239159144
3.2316666666666665 2.619688627119766
3.2316666666666665 2.619688627119766
3.2383333333333333 2.6165386192702043
3.2383333333333333 2.6165386192702043
3.243333333333333 2.6144817357939583
3.243333333333333 2.6144817357939583
3.2483333333333335 2.62261843099854
3.25 2.6215047482776126
3.25 2.6215047482776126
3.25 2.6215047482776126
3.2516666666666665 2.620389530402045
3.2516666666666665 2.620389530402045
3.2516666666666665 2.620389530402045
3.2516666666666665 2.620389530402045
3.2583333333333333 2.6273755713405387
3.2616666666666667 2.625773861075004
3.263333333333333 2.6271960631338205
3.263333333333333 2.6271960631338205
3.263333333333333 2.6271960631338205
3.263333333333333 2.6271960631338205
3.2666666666666666 2.625587884987257
3.275 2.6326652928620473
3.275 2.6326652928620473
3.2783333333333333 2.6304110564889025
3.2783333333333333 2.6304110564889025
3.283333333333333 2.6346329992284065
3.283333333333333 2.6346329992284065
3.283333333333333 2.6346329992284065
3.283333333333333 2.6346329992284065
3.285 2.637303031279869
3.285 2.637303031279869
3.2916666666666665 2.634672602385069
3.295 2.6381005080330304
3.305 2.644547419078152
3.3066666666666666 2.6427755598969958
3.308333333333333 2.6422654105372816
3.308333333333333 2.6422654105372816
3.31 2.6417541094175285
3.31 2.6417541094175285
3.31 2.6417541094175285
3.31 2.6417541094175285
3.31 2.6417541094175285
3.3116666666666665 2.6437687261466585
3.3116666666666665 2.6437687261466585
3.3116666666666665 2.6437687261466585
3.3116666666666665 2.6437687261466585
3.316666666666667 2.6516864993887603
3.316666666666667 2.6516864993887603
3.316666666666667 2.6516864993887603
3.3183333333333334 2.6505419905423633
3.3233333333333333 2.6508805143557885
3.3233333333333333 2.6508805143557885
3.325 2.6535090321382713
3.325 2.6535090321382713
3.325 2.6535090321382713
3.325 2.6535090321382713
3.328333333333333 2.650579781390869
3.33 2.6506873773836555
3.33 2.6506873773836555
3.3333333333333335 2.64900943257009
3.335 2.647853258420903
3.335 2.647853258420903
3.335 2.647853258420903
3.3366666666666664 2.649217395805656
3.3366666666666664 2.649217395805656
3.3366666666666664 2.649217395805656
3.34 2.6462686742835015
3.341666666666667 2.6457381653560508
3.341666666666667 2.6457381653560508
3.355 2.6540626243597516
3.355 2.6540626243597516
3.36 2.6599860669674142
3.36 2.6599860669674142
3.36 2.6599860669674142
3.361666666666667 2.6581899565865648
3.361666666666667 2.6581899565865648
3.3633333333333333 2.66015970165064
3.3633333333333333 2.66015970165064
3.365 2.6589895403378447
3.365 2.6589895403378447
3.365 2.6589895403378447
3.365 2.6589895403378447
3.365 2.6589895403378447
3.3716666666666666 2.660575437441955
3.3716666666666666 2.660575437441955
3.3716666666666666 2.660575437441955
3.3716666666666666 2.660575437441955
3.3716666666666666 2.660575437441955
3.3716666666666666 2.660575437441955
3.3733333333333335 2.6644175267433026
3.3733333333333335 2.6644175267433026
3.3733333333333335 2.6644175267433026
3.3733333333333335 2.6644175267433026
3.3733333333333335 2.6644175267433026
3.38 2.6684829651993796
3.38 2.6684829651993796
3.38 2.6684829651993796
3.38 2.6684829651993796
3.38 2.6684829651993796
3.38 2.6684829651993796
3.381666666666667 2.6685575168850693
3.381666666666667 2.6685575168850693
3.385 2.6680778472522686
3.3866666666666667 2.6675235128688954
3.388333333333333 2.6675939191998084
3.3916666666666666 2.670858731974767
3.3966666666666665 2.674804638719321
3.4 2.6780502712655947
3.4 2.6780502712655947
3.4033333333333333 2.677549440670378
3.4033333333333333 2.677549440670378
3.41 2.6815202624998027
3.4133333333333336 2.6810076262559046
3.4133333333333336 2.6810076262559046
3.4166666666666665 2.6779983222384756
3.4166666666666665 2.6779983222384756
3.4183333333333334 2.676802696629579
3.4233333333333333 2.6788210764229916
3.4233333333333333 2.6788210764229916
3.4316666666666666 2.6821609200214613
3.435 2.685354143894287
3.435 2.685354143894287
3.4366666666666665 2.6841503921666736
3.4366666666666665 2.6841503921666736
3.4383333333333335 2.68356723611318
3.4383333333333335 2.68356723611318
3.44 2.6823606078821456
3.4466666666666668 2.689959484006815
3.455 2.6894913905606437
3.455 2.6894913905606437
3.455 2.6894913905606437
3.455 2.6894913905606437
3.4566666666666666 2.695099532739843
3.4566666666666666 2.695099532739843
3.4566666666666666 2.695099532739843
3.4566666666666666 2.695099532739843
3.4566666666666666 2.695099532739843
3.4566666666666666 2.695099532739843
3.4566666666666666 2.695099532739843
3.4583333333333335 2.69512585875808
3.4583333333333335 2.69512585875808
3.4583333333333335 2.69512585875808
3.4583333333333335 2.69512585875808
3.46 2.6945316540587427
3.4633333333333334 2.695198641117329
3.4633333333333334 2.695198641117329
3.4633333333333334 2.695198641117329
3.465 2.6939817301912647
3.465 2.6939817301912647
3.4716666666666667 2.7014861220573274
3.4716666666666667 2.7014861220573274
3.4716666666666667 2.7014861220573274
3.475 2.702136976616965
3.4766666666666666 2.70215190735821
3.4766666666666666 2.70215190735821
3.4816666666666665 2.6997181369395644
3.493333333333333 2.702244579079433
3.493333333333333 2.702244579079433
3.493333333333333 2.702244579079433
3.5033333333333334 2.7041035203254653
3.5033333333333334 2.7041035203254653
3.5033333333333334 2.7041035203254653
3.5083333333333333 2.7028576769026436
3.52 2.7003245955876976
3.525 2.6984274775170536
3.525 2.6984274775170536
3.526666666666667 2.70273877459422
3.526666666666667 2.70273877459422
3.526666666666667 2.70273877459422
3.526666666666667 2.70273877459422
3.526666666666667 2.70273877459422
3.5416666666666665 2.7081027041052557
3.5433333333333334 2.7086929045157313
3.5483333333333333 2.7159942802663695
3.5533333333333332 2.7134406490312744
3.5616666666666665 2.716338475487035
3.5616666666666665 2.716338475487035
3.5616666666666665 2.716338475487035
3.5616666666666665 2.716338475487035
3.5633333333333335 2.7163000630040925
3.5633333333333335 2.7163000630040925
3.566666666666667 2.714375670577658
3.566666666666667 2.714375670577658
3.566666666666667 2.714375670577658
3.5683333333333334 2.714334155073371
3.5716666666666668 2.718550118500708
3.5716666666666668 2.718550118500708
3.5716666666666668 2.718550118500708
3.5716666666666668 2.718550118500708
3.5716666666666668 2.718550118500708
3.5716666666666668 2.718550118500708
3.5716666666666668 2.718550118500708
3.5716666666666668 2.718550118500708
3.5733333333333333 2.7178914214000085
3.5733333333333333 2.7178914214000085
3.5733333333333333 2.7178914214000085
3.5733333333333333 2.7178914214000085
3.5733333333333333 2.7178914214000085
3.5733333333333333 2.7178914214000085
3.5733333333333333 2.7178914214000085
3.578333333333333 2.7195938802840365
3.578333333333333 2.7195938802840365
3.578333333333333 2.7195938802840365
3.578333333333333 2.7195938802840365
3.5816666666666666 2.718881709785949
3.585 2.716936615802891
3.585 2.716936615802891
3.5866666666666664 2.7217952110400048
3.5933333333333333 2.7374766701755013
3.5933333333333333 2.7374766701755013
3.605 2.77942145767766
3.61 2.7882235056026845
3.61 2.7882235056026845
3.61 2.7882235056026845
3.6166666666666667 2.8010948650412577
3.6166666666666667 2.8010948650412577
3.6233333333333335 2.8025963794904114
3.6233333333333335 2.8025963794904114
3.6266666666666665 2.804234019528805
3.631666666666667 2.8093566339496183
3.631666666666667 2.8093566339496183
3.631666666666667 2.8093566339496183
3.631666666666667 2.8093566339496183
3.635 2.80979238059269
3.6366666666666667 2.8097116735297774
3.6366666666666667 2.8097116735297774
3.6366666666666667 2.8097116735297774
3.6416666666666666 2.805895990482289
3.6416666666666666 2.805895990482289
3.645 2.807509902580663
3.6483333333333334 2.8055508814615524
3.6483333333333334 2.8055508814615524
3.6483333333333334 2.8055508814615524
3.6483333333333334 2.8055508814615524
3.6483333333333334 2.8055508814615524
3.6483333333333334 2.8055508814615524
3.6483333333333334 2.8055508814615524
3.6483333333333334 2.8055508814615524
3.6483333333333334 2.8055508814615524
3.651666666666667 2.802395330463315
3.651666666666667 2.802395330463315
3.6533333333333333 2.804686435038158
3.6616666666666666 2.81313350003822
3.6616666666666666 2.81313350003822
3.6633333333333336 2.8160028424885755
3.665 2.815905515659547
3.6733333333333333 2.8272385263770397
3.6733333333333333 2.8272385263770397
3.6733333333333333 2.8272385263770397
3.675 2.8300866861432237
3.675 2.8300866861432237
3.675 2.8300866861432237
3.6766666666666667 2.829982961342946
3.6766666666666667 2.829982961342946
3.6766666666666667 2.829982961342946
3.68 2.835077207288276
3.68 2.835077207288276
3.6816666666666666 2.8332035388778687
3.683333333333333 2.833095999749252
3.691666666666667 2.849584315915466
3.691666666666667 2.849584315915466
3.691666666666667 2.849584315915466
3.691666666666667 2.849584315915466
3.691666666666667 2.849584315915466
3.6966666666666668 2.853341576551315
3.6983333333333333 2.8514701516232317
3.6983333333333333 2.8514701516232317
3.6983333333333333 2.8514701516232317
3.6983333333333333 2.8514701516232317
3.6983333333333333 2.8514701516232317
3.6983333333333333 2.8514701516232317
3.7 2.8513535432107715
3.703333333333333 2.85170286629204
3.705 2.850997833697217
3.705 2.850997833697217
3.7066666666666666 2.850291650523495
3.7116666666666664 2.8499240927516456
3.7116666666666664 2.8499240927516456
3.7116666666666664 2.8499240927516456
3.7183333333333333 2.851177401796744
3.7183333333333333 2.851177401796744
3.725 2.8518292170357222
3.7266666666666666 2.850525925563453
3.7283333333333335 2.8498069329015214
3.7283333333333335 2.8498069329015214
3.7316666666666665 2.8466066062665387
3.7333333333333334 2.84881527475399
3.7333333333333334 2.84881527475399
3.7416666666666667 2.8451869951348296
3.7416666666666667 2.8451869951348296
3.743333333333333 2.8456314330291077
3.743333333333333 2.8456314330291077
3.743333333333333 2.8456314330291077
3.745 2.844314541094414
3.745 2.844314541094414
3.745 2.844314541094414
3.745 2.844314541094414
3.745 2.844314541094414
3.745 2.844314541094414
3.745 2.844314541094414
3.745 2.844314541094414
3.745 2.844314541094414
3.745 2.844314541094414
3.75 2.843878702897621
3.75 2.843878702897621
3.7583333333333333 2.8489983986214895
3.76 2.847674269981245
3.7683333333333335 2.851587243138624
3.7683333333333335 2.851587243138624
3.7783333333333333 2.855892871890519
3.7783333333333333 2.855892871890519
3.7783333333333333 2.855892871890519
3.7783333333333333 2.855892871890519
3.783333333333333 2.8589061654755064
3.783333333333333 2.8589061654755064
3.783333333333333 2.8589061654755064
3.783333333333333 2.8589061654755064
3.783333333333333 2.8589061654755064
3.783333333333333 2.8589061654755064
3.783333333333333 2.8589061654755064
3.783333333333333 2.8589061654755064
3.783333333333333 2.8589061654755064
3.783333333333333 2.8589061654755064
3.783333333333333 2.8589061654755064
3.7866666666666666 2.8603248042016896
3.7983333333333333 2.878913706435827
3.8016666666666667 2.8907192273968088
3.805 2.8892134322502323
3.805 2.8892134322502323
3.805 2.8892134322502323
3.805 2.8892134322502323
3.805 2.8892134322502323
3.808333333333333 2.8905921701349784
3.808333333333333 2.8905921701349784
3.808333333333333 2.8905921701349784
3.81 2.8915685387618364
3.81 2.8915685387618364
3.81 2.8915685387618364
3.8183333333333334 2.888350423541234
3.8233333333333333 2.889527846237027
3.8233333333333333 2.889527846237027
3.8233333333333333 2.889527846237027
3.8233333333333333 2.889527846237027
3.8233333333333333 2.889527846237027
3.8233333333333333 2.889527846237027
3.828333333333333 2.8958891862755296
3.83 2.895122834534841
3.83 2.895122834534841
3.83 2.895122834534841
3.8316666666666666 2.893201498987778
3.8316666666666666 2.893201498987778
3.8316666666666666 2.893201498987778
3.835 2.8916623567264588
3.8383333333333334 2.8964656181890285
3.84 2.8962701245551363
3.855 2.91859074781913
3.855 2.91859074781913
3.8583333333333334 2.916465928381109
3.8583333333333334 2.916465928381109
3.86 2.915687807760037
3.875 2.925800548239769
3.875 2.925800548239769
3.8766666666666665 2.9238736779079297
3.88 2.924583499875876
3.88 2.924583499875876
3.88 2.924583499875876
3.88 2.924583499875876
3.88 2.924583499875876
3.885 2.9205006202913064
3.8866666666666667 2.9214231824987245
3.8866666666666667 2.9214231824987245
3.8866666666666667 2.9214231824987245
3.8866666666666667 2.9214231824987245
3.8916666666666666 2.946364822115076
3.8916666666666666 2.946364822115076
3.8916666666666666 2.946364822115076
3.8916666666666666 2.946364822115076
3.8983333333333334 2.948868188793852
3.8983333333333334 2.948868188793852
3.8983333333333334 2.948868188793852
3.8983333333333334 2.948868188793852
3.8983333333333334 2.948868188793852
3.9066666666666667 2.9477286276599672
3.9066666666666667 2.9477286276599672
3.9066666666666667 2.9477286276599672
3.9066666666666667 2.9477286276599672
3.9116666666666666 2.945333405633299
3.9116666666666666 2.945333405633299
3.9133333333333336 2.9445326754314265
3.9133333333333336 2.9445326754314265
3.915 2.9448648041165204
3.915 2.9448648041165204
3.915 2.9448648041165204
3.9166666666666665 2.9440620562765925
3.9166666666666665 2.9440620562765925
3.9166666666666665 2.9440620562765925
3.9166666666666665 2.9440620562765925
3.9166666666666665 2.9440620562765925
3.9166666666666665 2.9440620562765925
3.921666666666667 2.9450499862069655
3.921666666666667 2.9450499862069655
3.921666666666667 2.9450499862069655
3.9233333333333333 2.9448104755286884
3.9233333333333333 2.9448104755286884
3.9233333333333333 2.9448104755286884
3.9233333333333333 2.9448104755286884
3.9233333333333333 2.9448104755286884
3.9233333333333333 2.9448104755286884
3.93 2.9427083705758323
3.93 2.9427083705758323
3.9366666666666665 2.945127929268122
3.9383333333333335 2.944312968019025
3.94 2.9451978400771868
3.94 2.9451978400771868
3.94 2.9451978400771868
3.941666666666667 2.947781014662768
3.941666666666667 2.947781014662768
3.945 2.951241214785129
3.9466666666666668 2.9526856944550106
3.9466666666666668 2.9526856944550106
3.95 2.9499158189511347
3.95 2.9499158189511347
3.9516666666666667 2.951358119036084
3.9566666666666666 2.947190545090471
3.9566666666666666 2.947190545090471
3.966666666666667 2.977750922505608
3.9783333333333335 2.996023612172763
3.9783333333333335 2.996023612172763
3.9783333333333335 2.996023612172763
3.99 2.995249438471602
3.99 2.995249438471602
3.9916666666666667 2.999431869781005
3.9916666666666667 2.999431869781005
3.9916666666666667 2.999431869781005
3.9916666666666667 2.999431869781005
3.9916666666666667 2.999431869781005
3.9916666666666667 2.999431869781005
3.9916666666666667 2.999431869781005
3.9916666666666667 2.999431869781005
3.993333333333333 2.998601046479635
3.9966666666666666 2.996378819888435
3.9966666666666666 2.996378819888435
4.0 2.994708745011064
4.005 3.003888687253406
4.005 3.003888687253406
4.01 3.0047097143394326
4.01 3.0047097143394326
4.01 3.0047097143394326
4.01 3.0047097143394326
4.011666666666667 3.0083130046776083
4.011666666666667 3.0083130046776083
4.011666666666667 3.0083130046776083
4.011666666666667 3.0083130046776083
4.011666666666667 3.0083130046776083
4.013333333333334 3.0096931144710486
4.013333333333334 3.0096931144710486
4.013333333333334 3.0096931144710486
4.015 3.008298206100592
4.015 3.008298206100592
4.016666666666667 3.008011931801243
4.016666666666667 3.008011931801243
4.025 3.023178406820509
4.035 3.0330029417627054
4.041666666666667 3.0285117954281278
4.041666666666667 3.0285117954281278
4.041666666666667 3.0285117954281278
4.041666666666667 3.0285117954281278
4.046666666666667 3.027060297653747
4.05 3.027006984708787
4.05 3.027006984708787
4.053333333333334 3.0247430755924447
4.055 3.024989134764354
4.055 3.024989134764354
4.056666666666667 3.0252342541876116
4.056666666666667 3.0252342541876116
4.056666666666667 3.0252342541876116
4.056666666666667 3.0252342541876116
4.065 3.0347087881785924
4.065 3.0347087881785924
4.065 3.0347087881785924
4.065 3.0347087881785924
4.068333333333333 3.0401317774502274
4.068333333333333 3.0401317774502274
4.068333333333333 3.0401317774502274
4.068333333333333 3.0401317774502274
4.068333333333333 3.0401317774502274
4.068333333333333 3.0401317774502274
4.075 3.050937894603537
4.075 3.050937894603537
4.075 3.050937894603537
4.075 3.050937894603537
4.075 3.050937894603537
4.075 3.050937894603537
4.075 3.050937894603537
4.075 3.050937894603537
4.076666666666667 3.0528109965281294
4.076666666666667 3.0528109965281294
4.076666666666667 3.0528109965281294
4.078333333333333 3.0514011487358395
4.078333333333333 3.0514011487358395
4.09 3.046972278636281
4.09 3.046972278636281
4.09 3.046972278636281
4.09 3.046972278636281
4.09 3.046972278636281
4.09 3.046972278636281
4.09 3.046972278636281
4.09 3.046972278636281
4.09 3.046972278636281
4.091666666666667 3.051576218598957
4.1 3.047207868358889
4.1033333333333335 3.0563962688886304
4.105 3.055519923570921
4.1066666666666665 3.0573738371663337
4.1066666666666665 3.0573738371663337
4.1066666666666665 3.0573738371663337
4.1066666666666665 3.0573738371663337
4.108333333333333 3.0559497056115967
4.11 3.0561632083261774
4.11 3.0561632083261774
4.11 3.0561632083261774
4.11 3.0561632083261774
4.11 3.0561632083261774
4.11 3.0561632083261774
4.11 3.0561632083261774
4.113333333333333 3.054948456577098
4.113333333333333 3.054948456577098
4.113333333333333 3.054948456577098
4.13 3.086904863461149
4.13 3.086904863461149
4.13 3.086904863461149
4.13 3.086904863461149
4.13 3.086904863461149
4.13 3.086904863461149
4.14 3.091870972434594
4.1433333333333335 3.089557330166066
4.145 3.0913701302394867
4.1466666666666665 3.0974957124053484
4.1466666666666665 3.0974957124053484
4.15 3.0951790830138686
4.153333333333333 3.092857119907499
4.153333333333333 3.092857119907499
4.153333333333333 3.092857119907499
4.153333333333333 3.092857119907499
4.153333333333333 3.092857119907499
4.161666666666667 3.1099276474181603
4.161666666666667 3.1099276474181603
4.165 3.1097522836139806
4.165 3.1097522836139806
4.166666666666667 3.1115416931808677
4.178333333333334 3.120270934828163
4.178333333333334 3.120270934828163
4.181666666666667 3.1211482662189827
4.181666666666667 3.1211482662189827
4.183333333333334 3.1207831872344314
4.1866666666666665 3.1179092062769436
4.1866666666666665 3.1179092062769436
4.19 3.1187782805566844
4.19 3.1187782805566844
4.19 3.1187782805566844
4.193333333333333 3.116431045227051
4.193333333333333 3.116431045227051
4.193333333333333 3.116431045227051
4.195 3.1203422717957157
4.198333333333333 3.1179908596011754
4.2 3.1208277657119603
4.2 3.1208277657119603
4.205 3.1261151599584767
4.205 3.1261151599584767
4.205 3.1261151599584767
4.208333333333333 3.123757404594687
4.208333333333333 3.123757404594687
4.208333333333333 3.123757404594687
4.208333333333333 3.123757404594687
4.22 3.134960919471088
4.22 3.134960919471088
4.22 3.134960919471088
4.226666666666667 3.133419764611448
4.2316666666666665 3.1450197356219074
4.2316666666666665 3.1450197356219074
4.2316666666666665 3.1450197356219074
4.2316666666666665 3.1450197356219074
4.2316666666666665 3.1450197356219074
4.2316666666666665 3.1450197356219074
4.2316666666666665 3.1450197356219074
4.2316666666666665 3.1450197356219074
4.238333333333333 3.1477045544585565
4.238333333333333 3.1477045544585565
4.245 3.149312933523029
4.246666666666667 3.1489175428563354
4.25 3.1513041527445704
4.256666666666667 3.157119133682273
4.256666666666667 3.157119133682273
4.256666666666667 3.157119133682273
4.256666666666667 3.157119133682273
4.258333333333334 3.15777608535357
4.258333333333334 3.15777608535357
4.258333333333334 3.15777608535357
4.258333333333334 3.15777608535357
4.258333333333334 3.15777608535357
4.258333333333334 3.15777608535357
4.275 3.209341800325866
4.275 3.209341800325866
4.275 3.209341800325866
4.275 3.209341800325866
4.275 3.209341800325866
4.275 3.209341800325866
4.275 3.209341800325866
4.275 3.209341800325866
4.285 3.205344295613553
4.286666666666667 3.2038930131359833
4.286666666666667 3.2038930131359833
4.286666666666667 3.2038930131359833
4.288333333333333 3.203482645078282
4.29 3.204113591386992
4.293333333333333 3.203809641023543
4.293333333333333 3.203809641023543
4.293333333333333 3.203809641023543
4.301666666666667 3.2069411190609776
4.306666666666667 3.2072469415053186
4.308333333333334 3.2073471408146172
4.3133333333333335 3.2076425153685046
4.315 3.2061775201139637
4.315 3.2061775201139637
4.316666666666666 3.2057526894733535
4.33 3.219478488237972
4.33 3.219478488237972
4.33 3.219478488237972
4.33 3.219478488237972
4.33 3.219478488237972
4.33 3.219478488237972
4.333333333333333 3.2212082401535183
4.333333333333333 3.2212082401535183
4.34 3.222583084456795
4.348333333333334 3.2307470911282508
4.348333333333334 3.2307470911282508
4.348333333333334 3.2307470911282508
4.351666666666667 3.2407047846712618
4.351666666666667 3.2407047846712618
4.351666666666667 3.2407047846712618
4.351666666666667 3.2407047846712618
4.351666666666667 3.2407047846712618
4.351666666666667 3.2407047846712618
4.358333333333333 3.2379114678052057
4.358333333333333 3.2379114678052057
4.358333333333333 3.2379114678052057
4.361666666666666 3.2457801893049254
4.363333333333333 3.247393544101591
4.368333333333333 3.2465721831581678
4.368333333333333 3.2465721831581678
4.371666666666667 3.253383581766178
4.371666666666667 3.253383581766178
4.373333333333333 3.2524225806764946
4.375 3.251973845192541
4.375 3.251973845192541
4.38 3.262924730410927
4.38 3.262924730410927
4.385 3.263616652747915
4.388333333333334 3.268332993512607
4.388333333333334 3.268332993512607
4.39 3.267878779810008
4.39 3.267878779810008
4.39 3.267878779810008
4.39 3.267878779810008
4.39 3.267878779810008
4.39 3.267878779810008
4.395 3.26957569245326
4.395 3.26957569245326
4.395 3.26957569245326
4.4 3.273304783702813
4.403333333333333 3.269833110395485
4.403333333333333 3.269833110395485
4.403333333333333 3.269833110395485
4.403333333333333 3.269833110395485
4.405 3.267839187433325
4.405 3.267839187433325
4.405 3.267839187433325
4.413333333333333 3.2792903395054087
4.413333333333333 3.2792903395054087
4.418333333333333 3.278909773750451
4.418333333333333 3.278909773750451
4.418333333333333 3.278909773750451
4.42 3.277423150002699
4.423333333333333 3.27801227825383
4.423333333333333 3.27801227825383
4.426666666666667 3.2897811460445747
4.431666666666667 3.292932263760024
4.431666666666667 3.292932263760024
4.431666666666667 3.292932263760024
4.431666666666667 3.292932263760024
4.431666666666667 3.292932263760024
4.433333333333334 3.2934734198868756
4.435 3.2945204164831625
4.4366666666666665 3.294552931823968
4.4366666666666665 3.294552931823968
4.4366666666666665 3.294552931823968
4.4366666666666665 3.294552931823968
4.4366666666666665 3.294552931823968
4.446666666666666 3.3114092580570746
4.446666666666666 3.3114092580570746
4.446666666666666 3.3114092580570746
4.451666666666667 3.310477708728587
4.451666666666667 3.310477708728587
4.451666666666667 3.310477708728587
4.451666666666667 3.310477708728587
4.451666666666667 3.310477708728587
4.451666666666667 3.310477708728587
4.451666666666667 3.310477708728587
4.451666666666667 3.310477708728587
4.451666666666667 3.310477708728587
4.451666666666667 3.310477708728587
4.453333333333333 3.3105016625357058
4.453333333333333 3.3105016625357058
4.453333333333333 3.3105016625357058
4.453333333333333 3.3105016625357058
4.453333333333333 3.3105016625357058
4.455 3.31052477569405
4.455 3.31052477569405
4.458333333333333 3.3140965509175406
4.46 3.3126055594734454
4.46 3.3126055594734454
4.46 3.3126055594734454
4.46 3.3126055594734454
4.46 3.3126055594734454
4.46 3.3126055594734454
4.465 3.3126622554522287
4.465 3.3126622554522287
4.466666666666667 3.313687235398908
4.47 3.312207400375945
4.47 3.312207400375945
4.471666666666667 3.3137338369467426
4.476666666666667 3.312261163048987
4.476666666666667 3.312261163048987
4.476666666666667 3.312261163048987
4.476666666666667 3.312261163048987
4.476666666666667 3.312261163048987
4.4783333333333335 3.3112643115770894
4.4783333333333335 3.3112643115770894
4.4783333333333335 3.3112643115770894
4.48 3.309761956245759
4.486666666666666 3.3087866361999603
4.488333333333333 3.3072789488689334
4.488333333333333 3.3072789488689334
4.488333333333333 3.3072789488689334
4.488333333333333 3.3072789488689334
4.488333333333333 3.3072789488689334
4.488333333333333 3.3072789488689334
4.488333333333333 3.3072789488689334
4.488333333333333 3.3072789488689334
4.501666666666667 3.313854746014833
4.506666666666667 3.318882420799821
4.511666666666667 3.3248993189806204
4.515 3.3283988239420297
4.515 3.3283988239420297
4.515 3.3283988239420297
4.515 3.3283988239420297
4.516666666666667 3.328892422938102
4.516666666666667 3.328892422938102
4.5216666666666665 3.333374095465849
4.5216666666666665 3.333374095465849
4.5216666666666665 3.333374095465849
4.5216666666666665 3.333374095465849
4.5216666666666665 3.333374095465849
4.523333333333333 3.336366455306688
4.526666666666666 3.3378422481714565
4.53 3.3353121561003927
4.53 3.3353121561003927
4.541666666666667 3.3351866022270746
4.541666666666667 3.3351866022270746
4.541666666666667 3.3351866022270746
4.541666666666667 3.3351866022270746
4.551666666666667 3.338548646842589
4.556666666666667 3.344462778137341
4.556666666666667 3.344462778137341
4.558333333333334 3.345432271624836
4.5633333333333335 3.344342975651105
4.5633333333333335 3.344342975651105
4.5633333333333335 3.344342975651105
4.571666666666666 3.3541438585619368
4.576666666666667 3.3515434695479263
4.576666666666667 3.3515434695479263
4.578333333333333 3.350508478922928
4.588333333333333 3.3903817439198103
4.591666666666667 3.3878301133642035
4.591666666666667 3.3878301133642035
4.591666666666667 3.3878301133642035
4.6066666666666665 3.3918229602794225
4.6066666666666665 3.3918229602794225
4.6066666666666665 3.3918229602794225
4.6066666666666665 3.3918229602794225
4.608333333333333 3.3927543174614487
4.608333333333333 3.3927543174614487
4.608333333333333 3.3927543174614487
4.608333333333333 3.3927543174614487
4.61 3.3927006001518105
4.611666666666666 3.394121977116943
4.611666666666666 3.394121977116943
4.611666666666666 3.394121977116943
4.611666666666666 3.394121977116943
4.611666666666666 3.394121977116943
4.611666666666666 3.394121977116943
4.615 3.39450233124013
4.615 3.39450233124013
4.615 3.39450233124013
4.615 3.39450233124013
4.616666666666666 3.3929695882220767
4.618333333333333 3.4007753052331013
4.62 3.400225859138662
4.62 3.400225859138662
4.621666666666667 3.40114837066655
4.621666666666667 3.40114837066655
4.623333333333333 3.403051104070737
4.623333333333333 3.403051104070737
4.625 3.4020088831063564
4.626666666666667 3.400474614161693
4.628333333333333 3.3999210275944147
4.628333333333333 3.3999210275944147
4.628333333333333 3.3999210275944147
4.628333333333333 3.3999210275944147
4.628333333333333 3.3999210275944147
4.635 3.406040249856036
4.635 3.406040249856036
4.635 3.406040249856036
4.638333333333334 3.4103148879461402
4.645 3.40709879570182
4.645 3.40709879570182
4.645 3.40709879570182
4.6466666666666665 3.4089867810946894
4.6466666666666665 3.4089867810946894
4.6466666666666665 3.4089867810946894
4.6466666666666665 3.4089867810946894
4.6466666666666665 3.4089867810946894
4.6466666666666665 3.4089867810946894
4.6466666666666665 3.4089867810946894
4.6466666666666665 3.4089867810946894
4.6466666666666665 3.4089867810946894
4.648333333333333 3.411851663712956
4.648333333333333 3.411851663712956
4.648333333333333 3.411851663712956
4.648333333333333 3.411851663712956
4.651666666666666 3.4112155029502667
4.66 3.408386004929265
4.668333333333333 3.4065140224571984
4.671666666666667 3.4068374569364916
4.671666666666667 3.4068374569364916
4.673333333333333 3.4062628495007137
4.673333333333333 3.4062628495007137
4.673333333333333 3.4062628495007137
4.673333333333333 3.4062628495007137
4.673333333333333 3.4062628495007137
4.678333333333334 3.4030621419723976
4.678333333333334 3.4030621419723976
4.69 3.400466431720131
4.693333333333333 3.4007691689463906
4.693333333333333 3.4007691689463906
4.693333333333333 3.4007691689463906
4.695 3.4065597625306454
4.695 3.4065597625306454
4.695 3.4065597625306454
4.696666666666666 3.4049932237296687
4.696666666666666 3.4049932237296687
4.696666666666666 3.4049932237296687
4.696666666666666 3.4049932237296687
4.703333333333333 3.4050912811960954
4.706666666666667 3.404399915824669
4.71 3.400760987213538
4.71 3.400760987213538
4.71 3.400760987213538
4.71 3.400760987213538
4.71 3.400760987213538
4.711666666666667 3.4021299263277553
4.711666666666667 3.4021299263277553
4.711666666666667 3.4021299263277553
4.715 3.401429778916725
4.718333333333334 3.400726214629314
4.723333333333334 3.401382742821039
4.723333333333334 3.401382742821039
4.723333333333334 3.401382742821039
4.726666666666667 3.410475205025791
4.726666666666667 3.410475205025791
4.7283333333333335 3.4093846553940326
4.73 3.4073131601922673
4.7316666666666665 3.4062199644619793
4.7316666666666665 3.4062199644619793
4.733333333333333 3.4100248294968756
4.733333333333333 3.4100248294968756
4.733333333333333 3.4100248294968756
4.733333333333333 3.4100248294968756
4.733333333333333 3.4100248294968756
4.743333333333333 3.416661848334629
4.75 3.415202191674264
4.75 3.415202191674264
4.75 3.415202191674264
4.755 3.413364923380877
4.755 3.413364923380877
4.755 3.413364923380877
4.755 3.413364923380877
4.758333333333334 3.4116461478225086
4.758333333333334 3.4116461478225086
4.758333333333334 3.4116461478225086
4.76 3.4139652308807653
4.763333333333334 3.4112632191226524
4.765 3.4096653838830093
4.765 3.4096653838830093
4.765 3.4096653838830093
4.766666666666667 3.4085558002318783
4.766666666666667 3.4085558002318783
4.766666666666667 3.4085558002318783
4.7683333333333335 3.408424781044116
4.7683333333333335 3.408424781044116
4.7683333333333335 3.408424781044116
4.7683333333333335 3.408424781044116
4.7683333333333335 3.408424781044116
4.776666666666666 3.410205965936028
4.781666666666666 3.4068570580392836
4.781666666666666 3.4068570580392836
4.781666666666666 3.4068570580392836
4.786666666666667 3.404968708921829
4.786666666666667 3.404968708921829
4.793333333333333 3.4034190148349004
4.793333333333333 3.4034190148349004
4.795 3.406216697008326
4.795 3.406216697008326
4.796666666666667 3.4050912811961043
4.796666666666667 3.4050912811961043
4.801666666666667 3.4046512262162554
4.806666666666667 3.412041265609085
4.806666666666667 3.412041265609085
4.806666666666667 3.412041265609085
4.806666666666667 3.412041265609085
4.806666666666667 3.412041265609085
4.81 3.4102712379703086
4.81 3.4102712379703086
4.8133333333333335 3.409476465946342
4.815 3.4093226308660762
4.816666666666666 3.4096576315170544
4.816666666666666 3.4096576315170544
4.823333333333333 3.4075613978360346
4.826666666666667 3.4047921970948316
4.826666666666667 3.4047921970948316
4.826666666666667 3.4047921970948316
4.826666666666667 3.4047921970948316
4.826666666666667 3.4047921970948316
4.826666666666667 3.4047921970948316
4.826666666666667 3.4047921970948316
4.826666666666667 3.4047921970948316
4.828333333333333 3.40561216414561
4.83 3.403489322143265
4.831666666666667 3.4028364710885666
4.835 3.4025093852716135
4.835 3.4025093852716135
4.835 3.4025093852716135
4.835 3.4025093852716135
4.835 3.4025093852716135
4.835 3.4025093852716135
4.835 3.4025093852716135
4.835 3.4025093852716135
4.836666666666667 3.4038163137943136
4.836666666666667 3.4038163137943136
4.836666666666667 3.4038163137943136
4.836666666666667 3.4038163137943136
4.836666666666667 3.4038163137943136
4.836666666666667 3.4038163137943136
4.84 3.409855107345245
4.846666666666667 3.410161906606638
4.846666666666667 3.410161906606638
4.846666666666667 3.410161906606638
4.846666666666667 3.410161906606638
4.846666666666667 3.410161906606638
4.85 3.4122679585629068
4.858333333333333 3.415314213096532
4.858333333333333 3.415314213096532
4.858333333333333 3.415314213096532
4.858333333333333 3.415314213096532
4.858333333333333 3.415314213096532
4.86 3.4151386433431106
4.86 3.4151386433431106
4.86 3.4151386433431106
4.86 3.4151386433431106
4.86 3.4151386433431106
4.86 3.4151386433431106
4.87 3.4165120016026806
4.87 3.4165120016026806
4.87 3.4165120016026806
4.871666666666667 3.4143755636580253
4.871666666666667 3.4143755636580253
4.878333333333333 3.414620028463915
4.878333333333333 3.414620028463915
4.888333333333334 3.43494716003162
4.888333333333334 3.43494716003162
4.898333333333333 3.4488386502727146
4.906666666666666 3.4478643394224013
4.911666666666667 3.4453322645153395
4.911666666666667 3.4453322645153395
4.926666666666667 3.468141033166345
4.931666666666667 3.4675212176058112
4.931666666666667 3.4675212176058112
4.94 3.478011060202585
4.94 3.478011060202585
4.946666666666666 3.474277848200934
4.946666666666666 3.474277848200934
4.946666666666666 3.474277848200934
4.946666666666666 3.474277848200934
4.946666666666666 3.474277848200934
4.946666666666666 3.474277848200934
4.946666666666666 3.474277848200934
4.951666666666667 3.4808319226412436
4.951666666666667 3.4808319226412436
4.955 3.481835765871336
4.961666666666667 3.484791266705904
4.963333333333333 3.484569691096601
4.963333333333333 3.484569691096601
4.965 3.48386814169459
4.966666666666667 3.4831656521747085
4.966666666666667 3.4831656521747085
4.975 3.4896998450221015
4.975 3.4896998450221015
4.976666666666667 3.487557978966081
4.976666666666667 3.487557978966081
4.9816666666666665 3.489741305529883
4.9816666666666665 3.489741305529883
4.9816666666666665 3.489741305529883
4.9816666666666665 3.489741305529883
4.9816666666666665 3.489741305529883
4.985 3.4897572517478763
4.986666666666666 3.491916095630089
4.986666666666666 3.491916095630089
4.986666666666666 3.491916095630089
4.986666666666666 3.491916095630089
4.986666666666666 3.491916095630089
4.998333333333333 3.5002977057583364
4.998333333333333 3.5002977057583364
4.998333333333333 3.5002977057583364
4.998333333333333 3.5002977057583364
4.998333333333333 3.5002977057583364
4.998333333333333 3.5002977057583364
5.003333333333333 3.501011857868681
5.003333333333333 3.501011857868681
5.003333333333333 3.501011857868681
5.003333333333333 3.501011857868681
5.003333333333333 3.501011857868681
5.005 3.5002945261243363
5.008333333333334 3.4983798619245765
5.008333333333334 3.4983798619245765
5.008333333333334 3.4983798619245765
5.008333333333334 3.4983798619245765
5.008333333333334 3.4983798619245765
5.01 3.497182266674688
5.01 3.497182266674688
5.01 3.497182266674688
5.013333333333334 3.5038479523247963
5.013333333333334 3.5038479523247963
5.015 3.5055084246833403
5.015 3.5055084246833403
5.015 3.5055084246833403
5.015 3.5055084246833403
5.016666666666667 3.50907084366579
5.016666666666667 3.50907084366579
5.016666666666667 3.50907084366579
5.016666666666667 3.50907084366579
5.0183333333333335 3.507396985169323
5.0183333333333335 3.507396985169323
5.0183333333333335 3.507396985169323
5.0183333333333335 3.507396985169323
5.0183333333333335 3.507396985169323
5.0216666666666665 3.5054735005408175
5.0216666666666665 3.5054735005408175
5.0216666666666665 3.5054735005408175
5.0216666666666665 3.5054735005408175
5.0216666666666665 3.5054735005408175
5.0216666666666665 3.5054735005408175
5.0216666666666665 3.5054735005408175
5.0216666666666665 3.5054735005408175
5.025 3.5064036339351294
5.033333333333333 3.50990331172407
5.033333333333333 3.50990331172407
5.036666666666667 3.5146232396113617
5.036666666666667 3.5146232396113617
5.036666666666667 3.5146232396113617
5.038333333333333 3.5138928498873905
5.04 3.5150617963824384
5.041666666666667 3.51622956296295
5.043333333333333 3.5145472386510987
5.043333333333333 3.5145472386510987
5.043333333333333 3.5145472386510987
5.043333333333333 3.5145472386510987
5.043333333333333 3.5145472386510987
5.043333333333333 3.5145472386510987
5.043333333333333 3.5145472386510987
5.045 3.513813665728797
5.048333333333333 3.5213629772553756
5.048333333333333 3.5213629772553756
5.056666666666667 3.528579555338495
5.056666666666667 3.528579555338495
5.056666666666667 3.528579555338495
5.056666666666667 3.528579555338495
5.056666666666667 3.528579555338495
5.056666666666667 3.528579555338495
5.056666666666667 3.528579555338495
5.056666666666667 3.528579555338495
5.056666666666667 3.528579555338495
5.056666666666667 3.528579555338495
5.056666666666667 3.528579555338495
5.0616666666666665 3.5329874832049812
5.0616666666666665 3.5329874832049812
5.0616666666666665 3.5329874832049812
5.068333333333333 3.538530658468818
5.068333333333333 3.538530658468818
5.068333333333333 3.538530658468818
5.068333333333333 3.538530658468818
5.068333333333333 3.538530658468818
5.078333333333333 3.558084291947456
5.078333333333333 3.558084291947456
5.078333333333333 3.558084291947456
5.078333333333333 3.558084291947456
5.078333333333333 3.558084291947456
5.078333333333333 3.558084291947456
5.078333333333333 3.558084291947456
5.078333333333333 3.558084291947456
5.078333333333333 3.558084291947456
5.083333333333333 3.5614878747548153
5.088333333333333 3.5592570958013443
5.09 3.560856568182055
5.091666666666667 3.5629231338399068
5.091666666666667 3.5629231338399068
5.093333333333334 3.5626455002553565
5.093333333333334 3.5626455002553565
5.093333333333334 3.5626455002553565
5.095 3.5623670639755085
5.095 3.5623670639755085
5.101666666666667 3.5593696646416904
5.101666666666667 3.5593696646416904
5.11 3.5673206042943564
5.11 3.5673206042943564
5.11 3.5673206042943564
5.115 3.570670966627962
5.115 3.570670966627962
5.116666666666666 3.568980001715237
5.123333333333333 3.568755466759356
5.123333333333333 3.568755466759356
5.123333333333333 3.568755466759356
5.128333333333333 3.571150947155249
5.13 3.5699216472652
5.133333333333334 3.5697984991354326
5.133333333333334 3.5697984991354326
5.133333333333334 3.5697984991354326
5.136666666666667 3.566865070751034
5.136666666666667 3.566865070751034
5.136666666666667 3.566865070751034
5.14 3.5732824189264707
5.145 3.583579924478483
5.145 3.583579924478483
5.145 3.583579924478483
5.145 3.583579924478483
5.145 3.583579924478483
5.145 3.583579924478483
5.156666666666666 3.610241722893141
5.156666666666666 3.610241722893141
5.156666666666666 3.610241722893141
5.156666666666666 3.610241722893141
5.156666666666666 3.610241722893141
5.156666666666666 3.610241722893141
5.156666666666666 3.610241722893141
5.16 3.6184096156891203
5.16 3.6184096156891203
5.16 3.6184096156891203
5.16 3.6184096156891203
5.16 3.6184096156891203
5.161666666666667 3.6194886912655564
5.161666666666667 3.6194886912655564
5.161666666666667 3.6194886912655564
5.161666666666667 3.6194886912655564
5.163333333333333 3.619644356056191
5.163333333333333 3.619644356056191
5.171666666666667 3.6296217634622154
5.171666666666667 3.6296217634622154
5.173333333333333 3.6306921421781717
5.175 3.6303821365565683
5.175 3.6303821365565683
5.18 3.6377174593220465
5.18 3.6377174593220465
5.18 3.6377174593220465
5.18 3.6377174593220465
5.181666666666667 3.637404992668544
5.181666666666667 3.637404992668544
5.183333333333334 3.638468493361486
5.185 3.639989588860348
5.185 3.639989588860348
5.185 3.639989588860348
5.185 3.639989588860348
5.2 3.6700293175922463
5.203333333333333 3.6698458418659334
5.203333333333333 3.6698458418659334
5.203333333333333 3.6698458418659334
5.203333333333333 3.6698458418659334
5.208333333333333 3.6729754245940227
5.208333333333333 3.6729754245940227
5.208333333333333 3.6729754245940227
5.213333333333333 3.6692771604712795
5.213333333333333 3.6692771604712795
5.213333333333333 3.6692771604712795
5.213333333333333 3.6692771604712795
5.215 3.673954032154459
5.22 3.6743391169811215
5.22 3.6743391169811215
5.22 3.6743391169811215
5.223333333333334 3.673228812012373
5.223333333333334 3.673228812012373
5.225 3.673808620896256
5.2283333333333335 3.675419940876401
5.2283333333333335 3.675419940876401
5.2283333333333335 3.675419940876401
5.23 3.677359326930881
5.23 3.677359326930881
5.23 3.677359326930881
5.23 3.677359326930881
5.2316666666666665 3.679750647839154
5.235 3.686791158773983
5.236666666666666 3.6900790453806525
5.238333333333333 3.6947190425743472
5.24 3.6934811499462565
5.24 3.6934811499462565
5.243333333333333 3.694166617866114
5.25 3.696431523782998
5.25 3.696431523782998
5.25 3.696431523782998
5.251666666666667 3.6969956519187472
5.253333333333333 3.6971074135872137
5.255 3.6967668498166306
5.256666666666667 3.6955221139978867
5.256666666666667 3.6955221139978867
5.256666666666667 3.6955221139978867
5.265 3.7086878554751563
5.265 3.7086878554751563
5.265 3.7086878554751563
5.2683333333333335 3.707097000237629
5.2716666666666665 3.7055024584625054
5.273333333333333 3.705154405802852
5.273333333333333 3.705154405802852
5.273333333333333 3.705154405802852
5.273333333333333 3.705154405802852
5.275 3.7043549248168754
5.275 3.7043549248168754
5.275 3.7043549248168754
5.278333333333333 3.707709410225313
5.278333333333333 3.707709410225313
5.28 3.70645783952734
5.281666666666666 3.7047544991159818
5.281666666666666 3.7047544991159818
5.281666666666666 3.7047544991159818
5.285 3.703597718448933
5.286666666666667 3.7027926412996703
5.286666666666667 3.7027926412996703
5.286666666666667 3.7027926412996703
5.286666666666667 3.7027926412996703
5.286666666666667 3.7027926412996703
5.288333333333333 3.704240752814747
5.288333333333333 3.704240752814747
5.288333333333333 3.704240752814747
5.288333333333333 3.704240752814747
5.295 3.719906518652388
5.296666666666667 3.7186515707619163
5.296666666666667 3.7186515707619163
5.298333333333333 3.7196402282929784
5.305 3.722687963841034
5.305 3.722687963841034
5.31 3.7198066620015537
5.31 3.7198066620015537
5.31 3.7198066620015537
5.31 3.7198066620015537
5.31 3.7198066620015537
5.31 3.7198066620015537
5.31 3.7198066620015537
5.31 3.7198066620015537
5.31 3.7198066620015537
5.31 3.7198066620015537
5.31 3.7198066620015537
5.31 3.7198066620015537
5.316666666666666 3.7228333343859066
5.321666666666666 3.7257660657709466
5.321666666666666 3.7257660657709466
5.323333333333333 3.727637458757052
5.323333333333333 3.727637458757052
5.326666666666667 3.7282420168827115
5.33 3.727947960114544
5.33 3.727947960114544
5.33 3.727947960114544
5.331666666666667 3.728471499389324
5.335 3.729516119302905
5.335 3.729516119302905
5.335 3.729516119302905
5.335 3.729516119302905
5.335 3.729516119302905
5.335 3.729516119302905
5.34 3.729734333299765
5.346666666666667 3.7309098581317577
5.346666666666667 3.7309098581317577
5.35 3.7305981116237614
5.3533333333333335 3.7284927677844903
5.3533333333333335 3.7284927677844903
5.3533333333333335 3.7284927677844903
5.3533333333333335 3.7284927677844903
5.358333333333333 3.7246546563949465
5.358333333333333 3.7246546563949465
5.361666666666666 3.724331927034259
5.361666666666666 3.724331927034259
5.361666666666666 3.724331927034259
5.363333333333333 3.7243935615378083
5.363333333333333 3.7243935615378083
5.363333333333333 3.7243935615378083
5.363333333333333 3.7243935615378083
5.365 3.723557860241231
5.365 3.723557860241231
5.365 3.723557860241231
5.365 3.723557860241231
5.365 3.723557860241231
5.368333333333333 3.7232290573163023
5.371666666666667 3.729169934837198
5.371666666666667 3.729169934837198
5.375 3.7315209697807123
5.378333333333333 3.73163132460772
5.381666666666667 3.7339748484919855
5.381666666666667 3.7339748484919855
5.388333333333334 3.742219158369948
5.39 3.7409300442528073
5.3966666666666665 3.742458935918194
5.398333333333333 3.7456259038031225
5.4 3.743887617279405
5.4 3.743887617279405
5.4 3.743887617279405
5.403333333333333 3.740852690717046
5.406666666666666 3.740491190489883
5.408333333333333 3.73830024254267
5.408333333333333 3.73830024254267
5.411666666666667 3.740612810206643
5.413333333333333 3.740205535970946
5.413333333333333 3.740205535970946
5.413333333333333 3.740205535970946
5.413333333333333 3.740205535970946
5.413333333333333 3.740205535970946
5.413333333333333 3.740205535970946
5.413333333333333 3.740205535970946
5.413333333333333 3.740205535970946
5.413333333333333 3.740205535970946
5.413333333333333 3.740205535970946
5.413333333333333 3.740205535970946
5.42 3.7412468795428984
5.42 3.7412468795428984
5.42 3.7412468795428984
5.423333333333333 3.74087054167496
5.423333333333333 3.74087054167496
5.423333333333333 3.74087054167496
5.423333333333333 3.74087054167496
5.431666666666667 3.738800378375096
5.431666666666667 3.738800378375096
5.431666666666667 3.738800378375096
5.431666666666667 3.738800378375096
5.4366666666666665 3.753594456134562
5.4366666666666665 3.753594456134562
5.4366666666666665 3.753594456134562
5.4366666666666665 3.753594456134562
5.4366666666666665 3.753594456134562
5.4366666666666665 3.753594456134562
5.4366666666666665 3.753594456134562
5.4366666666666665 3.753594456134562
5.4366666666666665 3.753594456134562
5.445 3.755504585425494
5.445 3.755504585425494
5.445 3.755504585425494
5.445 3.755504585425494
5.445 3.755504585425494
5.448333333333333 3.7568853502309856
5.45 3.7582408060945625
5.451666666666667 3.759150956720757
5.451666666666667 3.759150956720757
5.451666666666667 3.759150956720757
5.451666666666667 3.759150956720757
5.458333333333333 3.7592308943564507
5.458333333333333 3.7592308943564507
5.458333333333333 3.7592308943564507
5.46 3.760137105446142
5.46 3.760137105446142
5.46 3.760137105446142
5.46 3.760137105446142
5.46 3.760137105446142
5.46 3.760137105446142
5.46 3.760137105446142
5.46 3.760137105446142
5.46 3.760137105446142
5.463333333333333 3.7570619833588372
5.468333333333334 3.753106300171836
5.468333333333334 3.753106300171836
5.468333333333334 3.753106300171836
5.468333333333334 3.753106300171836
5.468333333333334 3.753106300171836
5.468333333333334 3.753106300171836
5.47 3.7526751726716205
5.471666666666667 3.752688147996813
5.48 3.7682798757572136
5.48 3.7682798757572136
5.48 3.7682798757572136
5.486666666666666 3.7656503324480415
5.486666666666666 3.7656503324480415
5.486666666666666 3.7656503324480415
5.49 3.768319747960814
5.49 3.768319747960814
5.5 3.7846893032149658
5.5 3.7846893032149658
5.503333333333333 3.7868927213518084
5.503333333333333 3.7868927213518084
5.51 3.789525146337536
5.513333333333334 3.787311505049824
5.513333333333334 3.787311505049824
5.513333333333334 3.787311505049824
5.513333333333334 3.787311505049824
5.5216666666666665 3.800474079322416
5.5216666666666665 3.800474079322416
5.5216666666666665 3.800474079322416
5.523333333333333 3.7991461419511188
5.535 3.800813769293112
5.535 3.800813769293112
5.535 3.800813769293112
5.535 3.800813769293112
5.535 3.800813769293112
5.535 3.800813769293112
5.535 3.800813769293112
5.535 3.800813769293112
5.535 3.800813769293112
5.536666666666667 3.802993578198003
5.546666666666667 3.792333302249131
5.546666666666667 3.792333302249131
5.546666666666667 3.792333302249131
5.546666666666667 3.792333302249131
5.548333333333333 3.7927525856360127
5.548333333333333 3.7927525856360127
5.548333333333333 3.7927525856360127
5.548333333333333 3.7927525856360127
5.555 3.7900196236844463
5.5633333333333335 3.8074685707283336
5.566666666666666 3.8078500178560546
5.57 3.8064745825912447
5.575 3.8059405722369037
5.575 3.8059405722369037
5.581666666666667 3.8110633987472604
5.581666666666667 3.8110633987472604
5.581666666666667 3.8110633987472604
5.581666666666667 3.8110633987472604
5.581666666666667 3.8110633987472604
5.581666666666667 3.8110633987472604
5.581666666666667 3.8110633987472604
5.581666666666667 3.8110633987472604
5.588333333333333 3.815292647429741
5.588333333333333 3.815292647429741
5.588333333333333 3.815292647429741
5.588333333333333 3.815292647429741
5.588333333333333 3.815292647429741
5.59 3.813065141889636
5.59 3.813065141889636
5.593333333333334 3.816923332795181
5.595 3.8190684474546828
5.595 3.8190684474546828
5.595 3.8190684474546828
5.595 3.8190684474546828
5.595 3.8190684474546828
5.598333333333334 3.8264081793260893
5.6 3.825928586532788
5.6033333333333335 3.8306368295304547
5.61 3.827834966952429
5.61 3.827834966952429
5.618333333333333 3.841517840787758
5.618333333333333 3.841517840787758
5.62 3.840596781673262
5.62 3.840596781673262
5.62 3.840596781673262
5.62 3.840596781673262
5.621666666666667 3.8405442568995674
5.623333333333333 3.842229400599811
5.623333333333333 3.842229400599811
5.623333333333333 3.842229400599811
5.626666666666667 3.8451611577979308
5.626666666666667 3.8451611577979308
5.626666666666667 3.8451611577979308
5.626666666666667 3.8451611577979308
5.626666666666667 3.8451611577979308
5.626666666666667 3.8451611577979308
5.631666666666667 3.8410832356155966
5.636666666666667 3.842212020556267
5.636666666666667 3.842212020556267
5.636666666666667 3.842212020556267
5.64 3.843395132376142
5.645 3.8419060464978645
5.661666666666667 3.8477533573138594
5.665 3.846309724592626
5.665 3.846309724592626
5.665 3.846309724592626
5.665 3.846309724592626
5.666666666666667 3.8466717685613987
5.668333333333333 3.8461650421479927
5.668333333333333 3.8461650421479927
5.671666666666667 3.84384648695127
5.68 3.8517086380445904
5.68 3.8517086380445904
5.68 3.8517086380445904
5.68 3.8517086380445904
5.68 3.8517086380445904
5.68 3.8517086380445904
5.683333333333334 3.8528512810487094
5.685 3.8553704710591914
5.685 3.8553704710591914
5.685 3.8553704710591914
5.685 3.8553704710591914
5.685 3.8553704710591914
5.685 3.8553704710591914
5.685 3.8553704710591914
5.685 3.8553704710591914
5.6866666666666665 3.8544238472452124
5.6866666666666665 3.8544238472452124
5.6866666666666665 3.8544238472452124
5.6866666666666665 3.8544238472452124
5.6866666666666665 3.8544238472452124
5.695 3.8475074862081042
5.696666666666666 3.8465545872303872
5.696666666666666 3.8465545872303872
5.696666666666666 3.8465545872303872
5.696666666666666 3.8465545872303872
5.696666666666666 3.8465545872303872
5.696666666666666 3.8465545872303872
5.696666666666666 3.8465545872303872
5.696666666666666 3.8465545872303872
5.696666666666666 3.8465545872303872
5.696666666666666 3.8465545872303872
5.696666666666666 3.8465545872303872
5.698333333333333 3.850373078498791
5.7 3.8502867226234825
5.7 3.8502867226234825
5.7 3.8502867226234825
5.7 3.8502867226234825
5.7 3.8502867226234825
5.7 3.8502867226234825
5.706666666666667 3.8516681842926266
5.708333333333333 3.8520116664785284
5.708333333333333 3.8520116664785284
5.708333333333333 3.8520116664785284
5.711666666666667 3.85486236182347
5.711666666666667 3.85486236182347
5.711666666666667 3.85486236182347
5.713333333333333 3.853037596506037
5.713333333333333 3.853037596506037
5.713333333333333 3.853037596506037
5.713333333333333 3.853037596506037
5.713333333333333 3.853037596506037
5.715 3.851644706473866
5.72 3.8548280764731007
5.725 3.8649197068720103
5.725 3.8649197068720103
5.73 3.8633287263809386
5.7316666666666665 3.8623646025149077
5.7316666666666665 3.8623646025149077
5.7316666666666665 3.8623646025149077
5.7316666666666665 3.8623646025149077
5.7316666666666665 3.8623646025149077
5.741666666666666 3.8613184521875703
5.741666666666666 3.8613184521875703
5.741666666666666 3.8613184521875703
5.741666666666666 3.8613184521875703
5.743333333333333 3.8607812173491523
5.743333333333333 3.8607812173491523
5.745 3.858945551306285
5.745 3.858945551306285
5.745 3.858945551306285
5.745 3.858945551306285
5.745 3.858945551306285
5.748333333333333 3.8582994544257874
5.75 3.856893315014777
5.751666666666667 3.8559189229186877
5.751666666666667 3.8559189229186877
5.751666666666667 3.8559189229186877
5.751666666666667 3.8559189229186877
5.751666666666667 3.8559189229186877
5.751666666666667 3.8559189229186877
5.751666666666667 3.8559189229186877
5.755 3.863053235525087
5.755 3.863053235525087
5.755 3.863053235525087
5.755 3.863053235525087
5.755 3.863053235525087
5.755 3.863053235525087
5.755 3.863053235525087
5.755 3.863053235525087
5.755 3.863053235525087
5.755 3.863053235525087
5.76 3.8605577978902716
5.76 3.8605577978902716
5.76 3.8605577978902716
5.7683333333333335 3.8621484789788125
5.7716666666666665 3.870119757033179
5.7716666666666665 3.870119757033179
5.7716666666666665 3.870119757033179
5.7716666666666665 3.870119757033179
5.776666666666666 3.8680389213895543
5.776666666666666 3.8680389213895543
5.778333333333333 3.8670558254073497
5.778333333333333 3.8670558254073497
5.778333333333333 3.8670558254073497
5.78 3.869956192890489
5.78 3.869956192890489
5.781666666666666 3.8702664196608136
5.79 3.871806401153516
5.79 3.871806401153516
5.79 3.871806401153516
5.79 3.871806401153516
5.795 3.876599244549026
5.795 3.876599244549026
5.796666666666667 3.8777636132125832
5.796666666666667 3.8777636132125832
5.796666666666667 3.8777636132125832
5.796666666666667 3.8777636132125832
5.796666666666667 3.8777636132125832
5.796666666666667 3.8777636132125832
5.798333333333333 3.877204975183568
5.798333333333333 3.877204975183568
5.801666666666667 3.876515985072992
5.801666666666667 3.876515985072992
5.801666666666667 3.876515985072992
5.806666666666667 3.874830672876085
5.806666666666667 3.874830672876085
5.8133333333333335 3.875158100783199
5.82 3.888805044542273
5.82 3.888805044542273
5.821666666666666 3.8933868706345613
5.823333333333333 3.8932485830950783
5.823333333333333 3.8932485830950783
5.823333333333333 3.8932485830950783
5.823333333333333 3.8932485830950783
5.823333333333333 3.8932485830950783
5.823333333333333 3.8932485830950783
5.823333333333333 3.8932485830950783
5.823333333333333 3.8932485830950783
5.823333333333333 3.8932485830950783
5.823333333333333 3.8932485830950783
5.823333333333333 3.8932485830950783
5.826666666666667 3.89725585862688
5.828333333333333 3.8996850036169093
