0.99 1.311999498997898
1.324 1.4433261519010596
1.376 1.4362275234091564
1.466 1.4823084958786092
1.486 1.4717799674357195
1.524 1.482504515770044
1.544 1.4860958791154244
1.574 1.5010096802220319
1.578 1.498133775608586
1.594 1.510538796227965
1.598 1.5089565599445218
1.598 1.5089565599445218
1.6 1.5101526817658162
1.6 1.5101526817658162
1.6 1.5101526817658162
1.602 1.5126706001933719
1.61 1.5200398159535748
1.612 1.5198934674195461
1.616 1.5195928154111829
1.616 1.5195928154111829
1.618 1.5273314908578104
1.628 1.5356863824787428
1.628 1.5356863824787428
1.632 1.5366517488339304
1.64 1.5398513839228545
1.64 1.5398513839228545
1.646 1.5431937317743303
1.646 1.5431937317743303
1.646 1.5431937317743303
1.65 1.5441076831212703
1.65 1.5441076831212703
1.65 1.5441076831212703
1.652 1.5439116965206598
1.66 1.5663034869483163
1.66 1.5663034869483163
1.678 1.6098133425947208
1.682 1.6130964510284689
1.684 1.6128690874918457
1.684 1.6128690874918457
1.684 1.6128690874918457
1.684 1.6128690874918457
1.686 1.6126392065247657
1.692 1.6156598384025147
1.694 1.6154204302077704
1.696 1.616418763575353
1.708 1.6480801972820844
1.712 1.6572715825103574
1.712 1.6572715825103574
1.716 1.6579631127883236
1.736 1.6982556180647785
1.738 1.6979759257683744
1.738 1.6979759257683744
1.738 1.6979759257683744
1.742 1.6985895362993502
1.742 1.6985895362993502
1.742 1.6985895362993502
1.742 1.6985895362993502
1.742 1.6985895362993502
1.742 1.6985895362993502
1.746 1.699193490169401
1.748 1.7024372485264612
1.75 1.7009663644958688
1.75 1.7009663644958688
1.75 1.7009663644958688
1.76 1.7029974752775225
1.76 1.7029974752775225
1.762 1.7026903149478525
1.762 1.7026903149478525
1.768 1.7017543700169342
1.776 1.712217093346959
1.778 1.7165690252468329
1.778 1.7165690252468329
1.778 1.7165690252468329
1.778 1.7165690252468329
1.78 1.716243275868526
1.78 1.716243275868526
1.792 1.7247276221889294
1.794 1.7267098928622036
1.794 1.7267098928622036
1.794 1.7267098928622036
1.796 1.7275279174041802
1.798 1.72718335003823
1.8 1.7268363929034287
1.8 1.7268363929034287
1.8 1.7268363929034287
1.8 1.7268363929034287
1.802 1.7264870445589968
1.802 1.7264870445589968
1.802 1.7264870445589968
1.802 1.7264870445589968
1.802 1.7264870445589968
1.802 1.7264870445589968
1.802 1.7264870445589968
1.802 1.7264870445589968
1.806 1.7269419959323014
1.808 1.7254246376937783
1.808 1.7254246376937783
1.808 1.7254246376937783
1.808 1.7254246376937783
1.808 1.7254246376937783
1.81 1.7250657098808762
1.81 1.7250657098808762
1.82 1.7255593615464058
1.82 1.7255593615464058
1.824 1.72364901643685
1.826 1.7221078103943555
1.844 1.7463572163375167
1.848 1.7467106217092732
1.848 1.7467106217092732
1.848 1.7467106217092732
1.848 1.7467106217092732
1.848 1.7467106217092732
1.854 1.7489429959854057
1.854 1.7489429959854057
1.856 1.749681906389584
1.858 1.7492729666417544
1.86 1.7488616394867147
1.862 1.7473013833476196
1.876 1.7546457087190725
1.876 1.7546457087190725
1.876 1.7546457087190725
1.876 1.7546457087190725
1.878 1.7542150783419272
1.878 1.7542150783419272
1.878 1.7542150783419272
1.878 1.7542150783419272
1.88 1.7526390064625295
1.88 1.7526390064625295
1.88 1.7526390064625295
1.88 1.7526390064625295
1.886 1.754754206334696
1.888 1.7543121793013043
1.898 1.7634669351202827
1.898 1.7634669351202827
1.898 1.7634669351202827
1.898 1.7634669351202827
1.898 1.7634669351202827
1.898 1.7634669351202827
1.898 1.7634669351202827
1.898 1.7634669351202827
1.91 1.7777008862240453
1.912 1.7772375041880575
1.912 1.7772375041880575
1.912 1.7772375041880575
1.914 1.7767717455180703
1.914 1.7767717455180703
1.914 1.7767717455180703
1.914 1.7767717455180703
1.916 1.7808106505595431
1.916 1.7808106505595431
1.932 1.7871103846864327
1.932 1.7871103846864327
1.932 1.7871103846864327
1.932 1.7871103846864327
1.934 1.786624766455518
1.94 1.788518268061682
1.94 1.788518268061682
1.942 1.78690291960368
1.942 1.78690291960368
1.956 1.8001514075711367
1.956 1.8001514075711367
1.956 1.8001514075711367
1.958 1.8029801648797763
1.96 1.8035813848072477
1.96 1.8035813848072477
1.962 1.803069082490312
1.962 1.803069082490312
1.964 1.8058866113091978
1.968 1.8148176564747511
1.968 1.8148176564747511
1.968 1.8148176564747511
1.968 1.8148176564747511
1.968 1.8148176564747511
1.968 1.8148176564747511
1.968 1.8148176564747511
1.968 1.8148176564747511
1.986 1.8364501349604845
1.986 1.8364501349604845
1.986 1.8364501349604845
1.986 1.8364501349604845
1.986 1.8364501349604845
1.986 1.8364501349604845
1.986 1.8364501349604845
1.986 1.8364501349604845
1.986 1.8364501349604845
1.99 1.836476324535972
1.992 1.835940455109973
1.992 1.835940455109973
1.996 1.8359535535796614
1.998 1.838683636472045
2.0 1.8381396886608101
2.004 1.838135327707383
2.004 1.838135327707383
2.006 1.8375846742040896
2.008 1.839212169056521
2.008 1.839212169056521
2.008 1.839212169056521
2.008 1.839212169056521
2.008 1.839212169056521
2.01 1.843012041950225
2.01 1.843012041950225
2.014 1.8451594040767565
2.014 1.8451594040767565
2.016 1.844599983247423
2.016 1.844599983247423
2.016 1.844599983247423
2.018 1.8462104392435694
2.024 1.8477696027941348
2.024 1.8477696027941348
2.034 1.8632733495518894
2.046 1.8694581427501862
2.058 1.8872624404247675
2.058 1.8872624404247675
2.066 1.8912423417400475
2.066 1.8912423417400475
2.066 1.8912423417400475
2.066 1.8912423417400475
2.066 1.8912423417400475
2.066 1.8912423417400475
2.066 1.8912423417400475
2.068 1.8927601755542884
2.068 1.8927601755542884
2.07 1.8910982272240697
2.07 1.8910982272240697
2.07 1.8910982272240697
2.07 1.8910982272240697
2.07 1.8910982272240697
2.07 1.8910982272240697
2.07 1.8910982272240697
2.072 1.8904930382986729
2.072 1.8904930382986729
2.072 1.8904930382986729
2.078 1.8960765312678873
2.078 1.8960765312678873
2.078 1.8960765312678873
2.078 1.8960765312678873
2.078 1.8960765312678873
2.08 1.8954644737220188
2.08 1.8954644737220188
2.08 1.8954644737220188
2.08 1.8954644737220188
2.08 1.8954644737220188
2.08 1.8954644737220188
2.084 1.901624661363388
2.084 1.901624661363388
2.084 1.901624661363388
2.084 1.901624661363388
2.084 1.901624661363388
2.084 1.901624661363388
2.084 1.901624661363388
2.084 1.901624661363388
2.084 1.901624661363388
2.088 1.9014433922543907
2.092 1.905465191282796
2.092 1.905465191282796
2.092 1.905465191282796
2.092 1.905465191282796
2.092 1.905465191282796
2.092 1.905465191282796
2.092 1.905465191282796
2.092 1.905465191282796
2.092 1.905465191282796
2.092 1.905465191282796
2.116 1.9437335723809501
2.118 1.9430973353151957
2.118 1.9430973353151957
2.118 1.9430973353151957
2.118 1.9430973353151957
2.12 1.9434902388788196
2.12 1.9434902388788196
2.126 1.9446561070660995
2.126 1.9446561070660995
2.126 1.9446561070660995
2.126 1.9446561070660995
2.126 1.9446561070660995
2.126 1.9446561070660995
2.128 1.945040453237278
2.132 1.944772552398126
2.132 1.944772552398126
2.132 1.944772552398126
2.142 1.9569095507917444
2.142 1.9569095507917444
2.142 1.9569095507917444
2.144 1.9572751088447908
2.144 1.9572751088447908
2.144 1.9572751088447908
2.144 1.9572751088447908
2.144 1.9572751088447908
2.144 1.9572751088447908
2.144 1.9572751088447908
2.148 1.961067968008833
2.152 1.9628044228615367
2.152 1.9628044228615367
2.152 1.9628044228615367
2.152 1.9628044228615367
2.156 1.9624899320676616
2.156 1.9624899320676616
2.156 1.9624899320676616
2.156 1.9624899320676616
2.156 1.9624899320676616
2.156 1.9624899320676616
2.158 1.960797146800705
2.158 1.960797146800705
2.16 1.9601235084393784
2.16 1.9601235084393784
2.162 1.9614920091103107
2.17 1.9648973620234143
2.17 1.9648973620234143
2.174 1.9645464834845536
2.178 1.9641873800959735
2.178 1.9641873800959735
2.18 1.9634944922872788
2.182 1.9638200473456655
2.188 1.9647841493423683
2.188 1.9647841493423683
2.194 1.9779252707707404
2.194 1.9779252707707404
2.194 1.9779252707707404
2.202 1.9781360024245451
2.202 1.9781360024245451
2.202 1.9781360024245451
2.202 1.9781360024245451
2.202 1.9781360024245451
2.202 1.9781360024245451
2.202 1.9781360024245451
2.208 1.979032374236602
2.208 1.979032374236602
2.208 1.979032374236602
2.208 1.979032374236602
2.214 1.9859738629621329
2.214 1.9859738629621329
2.216 1.9882782755444457
2.216 1.9882782755444457
2.216 1.9882782755444457
2.216 1.9882782755444457
2.22 1.9918672320564619
2.22 1.9918672320564619
2.22 1.9918672320564619
2.22 1.9918672320564619
2.22 1.9918672320564619
2.224 1.991420475696193
2.224 1.991420475696193
2.226 1.9957178607105504
2.226 1.9957178607105504
2.228 1.9939829326931928
2.228 1.9939829326931928
2.228 1.9939829326931928
2.242 2.007859307321111
2.242 2.007859307321111
2.242 2.007859307321111
2.242 2.007859307321111
2.242 2.007859307321111
2.244 2.0101107159010834
2.248 2.0155945134091295
2.248 2.0155945134091295
2.252 2.021055499154176
2.254 2.0203087126944665
2.254 2.0203087126944665
2.256 2.019559665492693
2.256 2.019559665492693
2.256 2.019559665492693
2.266 2.035566521173958
2.266 2.035566521173958
2.266 2.035566521173958
2.268 2.03382617197134
2.268 2.03382617197134
2.268 2.03382617197134
2.268 2.03382617197134
2.268 2.03382617197134
2.272 2.0332940193533937
2.276 2.0386604112860693
2.278 2.0369128670751016
2.28 2.0361463070140964
2.286 2.0456229237795993
2.286 2.0456229237795993
2.288 2.050723514730286
2.288 2.050723514730286
2.288 2.050723514730286
2.288 2.050723514730286
2.288 2.050723514730286
2.292 2.054062888204112
2.292 2.054062888204112
2.292 2.054062888204112
2.292 2.054062888204112
2.292 2.054062888204112
2.296 2.055440017936465
2.296 2.055440017936465
2.3 2.052907415768046
2.302 2.0540775226212595
2.308 2.0575721631118555
2.312 2.0550187844418426
2.312 2.0550187844418426
2.314 2.055201134538127
2.314 2.055201134538127
2.314 2.055201134538127
2.314 2.055201134538127
2.314 2.055201134538127
2.314 2.055201134538127
2.322 2.0539604443644985
2.322 2.0539604443644985
2.324 2.0531573027460994
2.33 2.0604832400106377
2.33 2.0604832400106377
2.334 2.0646960889873722
2.34 2.0700168936218235
2.344 2.0751569948093618
2.344 2.0751569948093618
2.348 2.082202471967732
2.352 2.081528650546541
2.352 2.081528650546541
2.352 2.081528650546541
2.352 2.081528650546541
2.352 2.081528650546541
2.354 2.0816701711373056
2.354 2.0816701711373056
2.362 2.0879835609269985
2.362 2.0879835609269985
2.362 2.0879835609269985
2.362 2.0879835609269985
2.362 2.0879835609269985
2.364 2.0871551051289234
2.364 2.0871551051289234
2.364 2.0871551051289234
2.364 2.0871551051289234
2.364 2.0871551051289234
2.364 2.0871551051289234
2.364 2.0871551051289234
2.366 2.0863243992720806
2.372 2.086701859226323
2.372 2.086701859226323
2.372 2.086701859226323
2.374 2.085863286819776
2.374 2.085863286819776
2.374 2.085863286819776
2.376 2.0840610886541913
2.376 2.0840610886541913
2.376 2.0840610886541913
2.376 2.0840610886541913
2.376 2.0840610886541913
2.378 2.0832176053361224
2.378 2.0832176053361224
2.378 2.0832176053361224
2.378 2.0832176053361224
2.378 2.0832176053361224
2.378 2.0832176053361224
2.378 2.0832176053361224
2.378 2.0832176053361224
2.378 2.0832176053361224
2.378 2.0832176053361224
2.378 2.0832176053361224
2.378 2.0832176053361224
2.378 2.0832176053361224
2.378 2.0832176053361224
2.38 2.082371855622849
2.392 2.0887944188570837
2.392 2.0887944188570837
2.392 2.0887944188570837
2.392 2.0887944188570837
2.404 2.1037193896860518
2.404 2.1037193896860518
2.404 2.1037193896860518
2.404 2.1037193896860518
2.404 2.1037193896860518
2.404 2.1037193896860518
2.404 2.1037193896860518
2.42 2.12335047377227
2.424 2.124441220886561
2.424 2.124441220886561
2.424 2.124441220886561
2.424 2.124441220886561
2.428 2.121749193302206
2.428 2.121749193302206
2.428 2.121749193302206
2.43 2.125590805527982
2.444 2.1372880011828057
2.444 2.1372880011828057
2.444 2.1372880011828057
2.452 2.14310096904627
2.456 2.142251732399801
2.456 2.142251732399801
2.458 2.1478973266549968
2.46 2.1479355796925157
2.46 2.1479355796925157
2.46 2.1479355796925157
2.464 2.1452057746592215
2.464 2.1452057746592215
2.472 2.150922810766524
2.472 2.150922810766524
2.476 2.150039380727096
2.478 2.1519241518023424
2.478 2.1519241518023424
2.478 2.1519241518023424
2.486 2.1797492087913373
2.486 2.1797492087913373
2.486 2.1797492087913373
2.486 2.1797492087913373
2.49 2.1779317651265115
2.49 2.1779317651265115
2.49 2.1779317651265115
2.49 2.1779317651265115
2.498 2.1797933383685697
2.5 2.180713420430133
2.5 2.180713420430133
2.5 2.180713420430133
2.5 2.180713420430133
2.5 2.180713420430133
2.502 2.1797933383685706
2.504 2.178871028288694
2.504 2.178871028288694
2.508 2.1797795479716577
2.508 2.1797795479716577
2.514 2.1889236563998975
2.52 2.188876964274022
2.52 2.188876964274022
2.536 2.1950719080163936
2.536 2.1950719080163936
2.538 2.200509141303876
2.538 2.200509141303876
2.538 2.200509141303876
2.538 2.200509141303876
2.538 2.200509141303876
2.542 2.1995253632652876
2.542 2.1995253632652876
2.544 2.1985748708938355
2.544 2.1985748708938355
2.544 2.1985748708938355
2.544 2.1985748708938355
2.544 2.1985748708938355
2.544 2.1985748708938355
2.544 2.1985748708938355
2.544 2.1985748708938355
2.544 2.1985748708938355
2.544 2.1985748708938355
2.546 2.19762214362987
2.546 2.19762214362987
2.546 2.19762214362987
2.546 2.19762214362987
2.546 2.19762214362987
2.546 2.19762214362987
2.546 2.19762214362987
2.546 2.19762214362987
2.546 2.19762214362987
2.546 2.19762214362987
2.554 2.1956150507094376
2.556 2.194651907248153
2.558 2.194599858077585
2.558 2.194599858077585
2.558 2.194599858077585
2.558 2.194599858077585
2.564 2.197170707577467
2.564 2.197170707577467
2.566 2.200756838299643
2.566 2.200756838299643
2.568 2.1997850140903386
2.568 2.1997850140903386
2.568 2.1997850140903386
2.568 2.1997850140903386
2.568 2.1997850140903386
2.572 2.202388937964441
2.572 2.202388937964441
2.572 2.202388937964441
2.572 2.202388937964441
2.572 2.202388937964441
2.574 2.201412372288696
2.574 2.201412372288696
2.574 2.201412372288696
2.574 2.201412372288696
2.574 2.201412372288696
2.576 2.20589118313294
2.576 2.20589118313294
2.582 2.2065842444955726
2.582 2.2065842444955726
2.586 2.207339733116493
2.586 2.207339733116493
2.586 2.207339733116493
2.586 2.207339733116493
2.586 2.207339733116493
2.586 2.207339733116493
2.586 2.207339733116493
2.596 2.233104904618238
2.598 2.234812021074497
2.6 2.232929005563716
2.604 2.239019968834957
2.604 2.239019968834957
2.608 2.2450872663812715
2.61 2.2432039425464008
2.612 2.242211190330671
2.612 2.242211190330671
2.612 2.242211190330671
2.62 2.256053979655236
2.62 2.256053979655236
2.62 2.256053979655236
2.626 2.254837596185224
2.626 2.254837596185224
2.63 2.2572750344524515
2.634 2.254375393946999
2.636 2.2560326608303964
2.636 2.2560326608303964
2.636 2.2560326608303964
2.636 2.2560326608303964
2.636 2.2560326608303964
2.636 2.2560326608303964
2.636 2.2560326608303964
2.636 2.2560326608303964
2.636 2.2560326608303964
2.64 2.256675690111603
2.64 2.256675690111603
2.64 2.256675690111603
2.64 2.256675690111603
2.64 2.256675690111603
2.64 2.256675690111603
2.64 2.256675690111603
2.65 2.2648972424898393
2.65 2.2648972424898393
2.652 2.2638785949306492
2.652 2.2638785949306492
2.654 2.262857717599631
2.654 2.262857717599631
2.654 2.262857717599631
2.658 2.2661214912767664
2.658 2.2661214912767664
2.668 2.274229592737059
2.668 2.274229592737059
2.668 2.274229592737059
2.668 2.274229592737059
2.668 2.274229592737059
2.678 2.2734672433561096
2.678 2.2734672433561096
2.678 2.2734672433561096
2.678 2.2734672433561096
2.684 2.28090970847081
2.688 2.279703950121682
2.688 2.279703950121682
2.688 2.279703950121682
2.688 2.279703950121682
2.688 2.279703950121682
2.688 2.279703950121682
2.692 2.2802489053040453
2.694 2.2792001902013825
2.694 2.2792001902013825
2.696 2.2790287281839543
2.696 2.2790287281839543
2.696 2.2790287281839543
2.7 2.290084928109853
2.7 2.290084928109853
2.706 2.28692458294894
2.706 2.28692458294894
2.706 2.28692458294894
2.706 2.28692458294894
2.706 2.28692458294894
2.706 2.28692458294894
2.706 2.28692458294894
2.706 2.28692458294894
2.706 2.28692458294894
2.708 2.2849897935687653
2.708 2.2849897935687653
2.714 2.2835571520181133
2.714 2.2835571520181133
2.714 2.2835571520181133
2.714 2.2835571520181133
2.714 2.2835571520181133
2.714 2.2835571520181133
2.714 2.2835571520181133
2.714 2.2835571520181133
2.714 2.2835571520181133
2.714 2.2835571520181133
2.714 2.2835571520181133
2.714 2.2835571520181133
2.714 2.2835571520181133
2.714 2.2835571520181133
2.714 2.2835571520181133
2.716 2.284245949786983
2.716 2.284245949786983
2.716 2.284245949786983
2.716 2.284245949786983
2.716 2.284245949786983
2.718 2.2823001090073944
2.722 2.2985392241878895
2.722 2.2985392241878895
2.722 2.2985392241878895
2.724 2.2974726900494504
2.73 2.2942596310158616
2.73 2.2942596310158616
2.73 2.2942596310158616
2.73 2.2942596310158616
2.734 2.2964737279503877
2.734 2.2964737279503877
2.734 2.2964737279503877
2.736 2.298885327173798
2.74 2.295853192991117
2.744 2.2997917479998766
2.744 2.2997917479998766
2.744 2.2997917479998766
2.744 2.2997917479998766
2.746 2.303061480805221
2.746 2.303061480805221
2.746 2.303061480805221
2.748 2.302846543825448
2.75 2.303499994453852
2.764 2.3244591242783494
2.764 2.3244591242783494
2.772 2.339007891357287
2.772 2.339007891357287
2.772 2.339007891357287
2.772 2.339007891357287
2.774 2.3396306852764135
2.774 2.3396306852764135
2.774 2.3396306852764135
2.774 2.3396306852764135
2.776 2.341107765811367
2.782 2.340391177073497
2.782 2.340391177073497
2.786 2.339904764860579
2.788 2.340515333008546
2.788 2.340515333008546
2.794 2.339767729081697
2.794 2.339767729081697
2.794 2.339767729081697
2.794 2.339767729081697
2.794 2.339767729081697
2.798 2.3384037856044224
2.8 2.3424290699817942
2.8 2.3424290699817942
2.8 2.3424290699817942
2.8 2.3424290699817942
2.808 2.3499319906587646
2.812 2.3553665326241697
2.812 2.3553665326241697
2.816 2.353980979724732
2.818 2.3554133276110556
2.818 2.3554133276110556
2.818 2.3554133276110556
2.818 2.3554133276110556
2.818 2.3554133276110556
2.818 2.3554133276110556
2.818 2.3554133276110556
2.826 2.3755020564167224
2.826 2.3755020564167224
2.838 2.411511304876487
2.838 2.411511304876487
2.838 2.411511304876487
2.838 2.411511304876487
2.838 2.411511304876487
2.84 2.4145517431275896
2.842 2.4150986321071057
2.842 2.4150986321071057
2.842 2.4150986321071057
2.848 2.41506958952418
2.848 2.41506958952418
2.856 2.4188769980847935
2.856 2.4188769980847935
2.864 2.419340906288673
2.864 2.419340906288673
2.864 2.419340906288673
2.866 2.4182099741250656
2.866 2.4182099741250656
2.866 2.4182099741250656
2.874 2.423607175985202
2.884 2.434419190194493
2.884 2.434419190194493
2.884 2.434419190194493
2.884 2.434419190194493
2.884 2.434419190194493
2.884 2.434419190194493
2.884 2.434419190194493
2.89 2.4408637059988667
2.892 2.4503764383006064
2.892 2.4503764383006064
2.892 2.4503764383006064
2.892 2.4503764383006064
2.892 2.4503764383006064
2.892 2.4503764383006064
2.892 2.4503764383006064
2.892 2.4503764383006064
2.892 2.4503764383006064
2.892 2.4503764383006064
2.892 2.4503764383006064
2.894 2.45169034976733
2.896 2.4513674560966163
2.896 2.4513674560966163
2.9 2.448262235944489
2.9 2.448262235944489
2.9 2.448262235944489
2.9 2.448262235944489
2.902 2.452023825676123
2.902 2.452023825676123
2.908 2.449394837534426
2.908 2.449394837534426
2.908 2.449394837534426
2.908 2.449394837534426
2.908 2.449394837534426
2.908 2.449394837534426
2.908 2.449394837534426
2.91 2.4482417722829375
2.926 2.4683414307663503
2.926 2.4683414307663503
2.932 2.4818733631637193
2.932 2.4818733631637193
2.938 2.4808194069419307
2.938 2.4808194069419307
2.938 2.4808194069419307
2.938 2.4808194069419307
2.938 2.4808194069419307
2.938 2.4808194069419307
2.938 2.4808194069419307
2.94 2.480464757020679
2.94 2.480464757020679
2.94 2.480464757020679
2.948 2.4862942944545523
2.948 2.4862942944545523
2.948 2.4862942944545523
2.948 2.4862942944545523
2.948 2.4862942944545523
2.948 2.4862942944545523
2.948 2.4862942944545523
2.948 2.4862942944545523
2.954 2.481975908186387
2.954 2.481975908186387
2.954 2.481975908186387
2.96 2.487322565952034
2.962 2.4861451759041215
2.962 2.4861451759041215
2.964 2.48415903117823
2.964 2.48415903117823
2.964 2.48415903117823
2.964 2.48415903117823
2.97 2.48302856643323
2.97 2.48302856643323
2.97 2.48302856643323
2.97 2.48302856643323
2.974 2.481459102737159
2.974 2.481459102737159
2.992 2.494068313720981
2.992 2.494068313720981
3.006 2.4872347443188163
3.008 2.4892425870763644
3.008 2.4892425870763644
3.008 2.4892425870763644
3.016 2.4892039435420097
3.016 2.4892039435420097
3.024 2.486723061212551
3.024 2.486723061212551
3.026 2.4879114547776053
3.026 2.4879114547776053
3.03 2.491086313647939
3.032 2.490659102633487
3.032 2.490659102633487
3.032 2.490659102633487
3.034 2.4894253306644685
3.034 2.4894253306644685
3.038 2.486145175904122
3.038 2.486145175904122
3.04 2.4857106659927366
3.04 2.4857106659927366
3.046 2.4892321211783797
3.046 2.4892321211783797
3.046 2.4892321211783797
3.046 2.4892321211783797
3.048 2.488791708507709
3.048 2.488791708507709
3.056 2.4854010615741156
3.056 2.4854010615741156
3.062 2.48324162697791
3.062 2.48324162697791
3.068 2.493955819829724
3.07 2.4926947374494572
3.07 2.4926947374494572
3.07 2.4926947374494572
3.07 2.4926947374494572
3.07 2.4926947374494572
3.07 2.4926947374494572
3.07 2.4926947374494572
3.078 2.502086504049673
3.082 2.500355886492607
3.084 2.5022923358128524
3.084 2.5022923358128524
3.084 2.5022923358128524
3.084 2.5022923358128524
3.088 2.5005522436146173
3.098 2.510178877289822
3.098 2.510178877289822
3.1 2.5089019865982656
3.1 2.5089019865982656
3.106 2.5146393024931544
3.106 2.5146393024931544
3.106 2.5146393024931544
3.106 2.5146393024931544
3.108 2.5181378111755826
3.108 2.5181378111755826
3.116 2.5153922948108147
3.116 2.5153922948108147
3.116 2.5153922948108147
3.118 2.513306471331674
3.12 2.5128128575192052
3.12 2.5128128575192052
3.122 2.512317551377198
3.122 2.512317551377198
3.122 2.512317551377198
3.122 2.512317551377198
3.122 2.512317551377198
3.122 2.512317551377198
3.122 2.512317551377198
3.122 2.512317551377198
3.122 2.512317551377198
3.128 2.522765286224379
3.128 2.522765286224379
3.128 2.522765286224379
3.13 2.521470926118825
3.136 2.5223458242108365
3.136 2.5223458242108365
3.138 2.5258098564345075
3.138 2.5258098564345075
3.138 2.5258098564345075
3.138 2.5258098564345075
3.142 2.522411766988983
3.144 2.5226953807322636
3.144 2.5226953807322636
3.148 2.520873977655853
3.15 2.5195627384102925
3.15 2.5195627384102925
3.15 2.5195627384102925
3.152 2.5214303921474555
3.152 2.5214303921474555
3.152 2.5214303921474555
3.156 2.5180041082926685
3.158 2.5174811663338583
3.158 2.5174811663338583
3.174 2.5291336528677437
3.174 2.5291336528677437
3.18 2.537020485903056
3.18 2.537020485903056
3.18 2.537020485903056
3.182 2.5349018629741527
3.182 2.5349018629741527
3.184 2.5375228164665162
3.184 2.5375228164665162
3.186 2.5361917390201705
3.186 2.5361917390201705
3.186 2.5361917390201705
3.186 2.5361917390201705
3.186 2.5361917390201705
3.194 2.538750580308755
3.194 2.538750580308755
3.194 2.538750580308755
3.194 2.538750580308755
3.194 2.538750580308755
3.194 2.538750580308755
3.196 2.543722675548616
3.196 2.543722675548616
3.196 2.543722675548616
3.196 2.543722675548616
3.196 2.543722675548616
3.196 2.543722675548616
3.196 2.543722675548616
3.196 2.543722675548616
3.196 2.543722675548616
3.196 2.543722675548616
3.196 2.543722675548616
3.196 2.543722675548616
3.196 2.543722675548616
3.2 2.543410677761558
3.202 2.542858284787627
3.202 2.542858284787627
3.206 2.5472614868058447
3.208 2.546705207681024
3.208 2.546705207681024
3.208 2.546705207681024
3.212 2.546374687294899
3.212 2.546374687294899
3.22 2.5519845709762827
3.224 2.55163588534547
3.224 2.55163588534547
3.226 2.5494948220569897
3.226 2.5494948220569897
3.228 2.548136967277862
3.234 2.5511292638833667
3.234 2.5511292638833667
3.244 2.5560772801549363
3.248 2.5603920040550134
3.248 2.5603920040550134
3.25 2.5590227029842425
3.25 2.5590227029842425
3.252 2.5584345163299975
3.252 2.5584345163299975
3.254 2.5570610321704272
3.26 2.5646744647655373
3.268 2.5638491853638006
3.268 2.5638491853638006
3.268 2.5638491853638006
3.268 2.5638491853638006
3.27 2.5710543831826245
3.27 2.5710543831826245
3.27 2.5710543831826245
3.27 2.5710543831826245
3.27 2.5710543831826245
3.27 2.5710543831826245
3.27 2.5710543831826245
3.272 2.57123287100836
3.272 2.57123287100836
3.272 2.57123287100836
3.272 2.57123287100836
3.272 2.57123287100836
3.276 2.5723643047267757
3.276 2.5723643047267757
3.276 2.5723643047267757
3.278 2.570979554905773
3.278 2.570979554905773
3.286 2.5809934238793075
3.286 2.5809934238793075
3.286 2.5809934238793075
3.29 2.5820988495675117
3.292 2.5822610526994705
3.292 2.5822610526994705
3.298 2.579632727738587
3.312 2.5837972087669843
3.312 2.5837972087669843
3.312 2.5837972087669843
3.322 2.5876065030892303
3.322 2.5876065030892303
3.322 2.5876065030892303
3.328 2.586463916466333
3.342 2.5842586529933786
3.348 2.5822920951995076
3.348 2.5822920951995076
3.35 2.587835734272013
3.35 2.587835734272013
3.35 2.587835734272013
3.35 2.587835734272013
3.35 2.587835734272013
3.368 2.59577581932809
3.37 2.5966488346214027
3.376 2.6061865660066768
3.38 2.602526905256731
3.38 2.602526905256731
3.38 2.602526905256731
3.38 2.602526905256731
3.38 2.602526905256731
3.38 2.602526905256731
3.38 2.602526905256731
3.384 2.6003976880993753
3.384 2.6003976880993753
3.384 2.6003976880993753
3.386 2.6004863118494255
3.39 2.606047383669733
3.39 2.606047383669733
3.39 2.606047383669733
3.39 2.606047383669733
3.39 2.606047383669733
3.39 2.606047383669733
3.39 2.606047383669733
3.39 2.606047383669733
3.392 2.6053621290805817
3.392 2.6053621290805817
3.392 2.6053621290805817
3.392 2.6053621290805817
3.392 2.6053621290805817
3.392 2.6053621290805817
3.392 2.6053621290805817
3.398 2.6079107340539025
3.398 2.6079107340539025
3.398 2.6079107340539025
3.398 2.6079107340539025
3.402 2.607295914154725
3.406 2.6051367478406777
3.406 2.6051367478406777
3.406 2.6051367478406777
3.414 2.6253359361337236
3.414 2.6253359361337236
3.428 2.6786500952280683
3.428 2.6786500952280683
3.428 2.6786500952280683
3.428 2.6786500952280683
3.436 2.6952611869226066
3.436 2.6952611869226066
3.438 2.6953080289164504
3.438 2.6953080289164504
3.442 2.6976268053164003
3.442 2.6976268053164003
3.442 2.6976268053164003
3.442 2.6976268053164003
3.442 2.6976268053164003
3.446 2.698452759376968
3.448 2.6984921195806493
3.448 2.6984921195806493
3.448 2.6984921195806493
3.454 2.6941419416213392
3.454 2.6941419416213392
3.454 2.6941419416213392
3.458 2.6919750108271496
3.458 2.6919750108271496
3.458 2.6919750108271496
3.458 2.6919750108271496
3.458 2.6919750108271496
3.458 2.6919750108271496
3.458 2.6919750108271496
3.458 2.6919750108271496
3.458 2.6919750108271496
3.462 2.6883098816989217
3.462 2.6883098816989217
3.464 2.6913175919540833
3.464 2.6913175919540833
3.464 2.6913175919540833
3.466 2.695064144224209
3.468 2.695088682402122
3.478 2.7100192635510276
3.478 2.7100192635510276
3.478 2.7100192635510276
3.48 2.7137296581116197
3.48 2.7137296581116197
3.48 2.7137296581116197
3.482 2.7137436890058777
3.482 2.7137436890058777
3.482 2.7137436890058777
3.486 2.720405339360448
3.486 2.720405339360448
3.488 2.7182040516732857
3.49 2.7182121614600656
3.498 2.74025802216801
3.498 2.74025802216801
3.498 2.74025802216801
3.498 2.74025802216801
3.498 2.74025802216801
3.504 2.7453703058480934
3.506 2.7431759017708184
3.506 2.7431759017708184
3.506 2.7431759017708184
3.506 2.7431759017708184
3.506 2.7431759017708184
3.506 2.7431759017708184
3.506 2.7431759017708184
3.508 2.7439012350986607
3.51 2.743164213057538
3.51 2.743164213057538
3.51 2.743164213057538
3.516 2.7431357216102845
3.516 2.7431357216102845
3.516 2.7431357216102845
3.518 2.7453140984226185
3.518 2.7453140984226185
3.526 2.7467094541744506
3.528 2.745230150124816
3.528 2.745230150124816
3.528 2.745230150124816
3.532 2.7415338801539653
3.534 2.7444321481193996
3.534 2.7444321481193996
3.544 2.7406360890028205
3.544 2.7406360890028205
3.546 2.7413343151931167
3.546 2.7413343151931167
3.546 2.7413343151931167
3.548 2.739837480369529
3.548 2.739837480369529
3.548 2.739837480369529
3.548 2.739837480369529
3.548 2.739837480369529
3.548 2.739837480369529
3.548 2.739837480369529
3.548 2.739837480369529
3.548 2.739837480369529
3.548 2.739837480369529
3.554 2.7397255688088107
3.554 2.7397255688088107
3.564 2.746815244601633
3.566 2.745308258624109
3.576 2.7508832613244176
3.576 2.7508832613244176
3.588 2.757074340280958
3.588 2.757074340280958
3.588 2.757074340280958
3.588 2.757074340280958
3.59 2.757736430560555
3.59 2.757736430560555
3.59 2.757736430560555
3.59 2.757736430560555
3.59 2.757736430560555
3.59 2.757736430560555
3.59 2.757736430560555
3.59 2.757736430560555
3.59 2.757736430560555
3.59 2.757736430560555
3.59 2.757736430560555
3.594 2.759782019215858
3.608 2.7838526669604255
3.612 2.7987715598971232
3.616 2.797175787248553
3.616 2.797175787248553
3.616 2.797175787248553
3.616 2.797175787248553
3.616 2.797175787248553
3.62 2.799155326358676
3.62 2.799155326358676
3.62 2.799155326358676
3.622 2.8005002416008473
3.622 2.8005002416008473
3.622 2.8005002416008473
3.632 2.7971815187609486
3.638 2.7990400587524698
3.638 2.7990400587524698
3.638 2.7990400587524698
3.638 2.7990400587524698
3.638 2.7990400587524698
3.638 2.7990400587524698
3.644 2.8073165215387186
3.646 2.80649904217826
3.646 2.80649904217826
3.646 2.80649904217826
3.648 2.804250995773129
3.648 2.804250995773129
3.648 2.804250995773129
3.652 2.802606859768391
3.656 2.8088152103282873
3.658 2.808703193157743
3.664 2.8147735077266223
3.664 2.8147735077266223
3.668 2.812400254298942
3.668 2.812400254298942
3.668 2.812400254298942
3.684 2.8256171404577994
3.684 2.8256171404577994
3.686 2.823357344259976
3.69 2.8245098179016592
3.69 2.8245098179016592
3.69 2.8245098179016592
3.69 2.8245098179016592
3.69 2.8245098179016592
3.696 2.8198381113014053
3.696 2.8198381113014053
3.696 2.8198381113014053
3.696 2.8198381113014053
3.696 2.8198381113014053
3.702 2.851219898538101
3.702 2.851219898538101
3.702 2.851219898538101
3.702 2.851219898538101
3.71 2.854855583177826
3.71 2.854855583177826
3.71 2.854855583177826
3.71 2.854855583177826
3.71 2.854855583177826
3.72 2.854100871302052
3.72 2.854100871302052
3.72 2.854100871302052
3.72 2.854100871302052
3.726 2.8515235178313882
3.726 2.8515235178313882
3.728 2.8506610701860255
3.728 2.8506610701860255
3.73 2.8512030298515927
3.73 2.8512030298515927
3.73 2.8512030298515927
3.732 2.8503376729256855
3.732 2.8503376729256855
3.732 2.8503376729256855
3.732 2.8503376729256855
3.732 2.8503376729256855
3.732 2.8503376729256855
3.738 2.8519507791147056
3.738 2.8519507791147056
3.738 2.8519507791147056
3.74 2.851782833713197
3.74 2.851782833713197
3.74 2.851782833713197
3.74 2.851782833713197
3.74 2.851782833713197
3.74 2.851782833713197
3.74 2.851782833713197
3.74 2.851782833713197
3.748 2.85531112196314
3.75 2.8544343732484663
3.752 2.8556620267851107
3.752 2.8556620267851107
3.752 2.8556620267851107
3.754 2.8589913716775444
3.754 2.8589913716775444
3.758 2.8635355194833365
3.758 2.8635355194833365
3.758 2.8635355194833365
3.762 2.8603705072730916
3.762 2.8603705072730916
3.764 2.8622874381790373
3.77 2.8575218042428774
3.77 2.8575218042428774
3.782 2.8960750164666003
3.796 2.91949154164273
3.796 2.91949154164273
3.796 2.91949154164273
3.81 2.919408483200589
3.81 2.919408483200589
3.812 2.924681782186586
3.812 2.924681782186586
3.812 2.924681782186586
3.812 2.924681782186586
3.812 2.924681782186586
3.812 2.924681782186586
3.812 2.924681782186586
3.812 2.924681782186586
3.814 2.9237819689580156
3.818 2.9212914760043303
3.818 2.9212914760043303
3.822 2.9194798724174986
3.828 2.9311429849798825
3.828 2.9311429849798825
3.828 2.9311429849798825
3.828 2.9311429849798825
3.828 2.9311429849798825
3.828 2.9311429849798825
3.83 2.9357003718613166
3.83 2.9357003718613166
3.83 2.9357003718613166
3.83 2.9357003718613166
3.83 2.9357003718613166
3.832 2.9375217561979494
3.832 2.9375217561979494
3.832 2.9375217561979494
3.834 2.9359297278261725
3.834 2.9359297278261725
3.836 2.9357010544949387
3.836 2.9357010544949387
3.846 2.954953044464496
3.858 2.9677349783637346
3.866 2.962701334660112
3.866 2.962701334660112
3.866 2.962701334660112
3.866 2.962701334660112
3.87 2.961526849880841
3.874 2.9617000750699476
3.874 2.9617000750699476
3.878 2.95916022859815
3.88 2.9595807534975185
3.88 2.9595807534975185
3.882 2.9599998645940495
3.882 2.9599998645940495
3.882 2.9599998645940495
3.882 2.9599998645940495
3.886 2.970969086784523
3.886 2.970969086784523
3.886 2.970969086784523
3.886 2.970969086784523
3.89 2.97785749668131
3.89 2.97785749668131
3.89 2.97785749668131
3.89 2.97785749668131
3.89 2.97785749668131
3.89 2.97785749668131
3.898 2.9915706560233475
3.898 2.9915706560233475
3.898 2.9915706560233475
3.898 2.9915706560233475
3.898 2.9915706560233475
3.898 2.9915706560233475
3.898 2.9915706560233475
3.898 2.9915706560233475
3.9 2.9939819397770964
3.9 2.9939819397770964
3.9 2.9939819397770964
3.902 2.992374409932426
3.902 2.992374409932426
3.914 2.9887236302267457
3.914 2.9887236302267457
3.914 2.9887236302267457
3.914 2.9887236302267457
3.914 2.9887236302267457
3.914 2.9887236302267457
3.914 2.9887236302267457
3.914 2.9887236302267457
3.914 2.9887236302267457
3.914 2.9887236302267457
3.924 2.9839624769973656
3.924 2.9839624769973656
3.926 2.983005303596116
3.928 2.985404710012555
3.928 2.985404710012555
3.928 2.985404710012555
3.928 2.985404710012555
3.93 2.9837737534242152
3.932 2.9841558894845797
3.932 2.9841558894845797
3.932 2.9841558894845797
3.932 2.9841558894845797
3.932 2.9841558894845797
3.932 2.9841558894845797
3.932 2.9841558894845797
3.932 2.9841558894845797
3.932 2.9841558894845797
3.932 2.9841558894845797
3.952 3.024564759427047
3.952 3.024564759427047
3.952 3.024564759427047
3.952 3.024564759427047
3.952 3.024564759427047
3.952 3.024564759427047
3.962 3.0296722310598727
3.966 3.0270728997963303
3.968 3.029410942959481
3.97 3.0370293206007073
3.97 3.0370293206007073
3.974 3.0344257247390183
3.978 3.0318146050837607
3.978 3.0318146050837607
3.978 3.0318146050837607
3.978 3.0318146050837607
3.978 3.0318146050837607
3.988 3.053277092241062
3.988 3.053277092241062
3.992 3.053290219144693
3.992 3.053290219144693
3.994 3.0555911497694037
4.008 3.067042467752606
4.008 3.067042467752606
4.008 3.067042467752606
4.008 3.067042467752606
4.01 3.0667098687090846
4.014 3.0634250678436037
4.014 3.0634250678436037
4.014 3.0634250678436037
4.014 3.0634250678436037
4.014 3.0634250678436037
4.018 3.0607863083938582
4.018 3.0607863083938582
4.018 3.0607863083938582
4.02 3.0656804780647233
4.024 3.0630358105568227
4.026 3.0666157673450125
4.026 3.0666157673450125
4.026 3.0666157673450125
4.026 3.0666157673450125
4.026 3.0666157673450125
4.03 3.0639640584548298
4.03 3.0639640584548298
4.03 3.0639640584548298
4.03 3.0639640584548298
4.044 3.07847657715178
4.044 3.07847657715178
4.044 3.07847657715178
4.052 3.07704931142318
4.058 3.091561337416104
4.058 3.091561337416104
4.058 3.091561337416104
4.058 3.091561337416104
4.058 3.091561337416104
4.058 3.091561337416104
4.058 3.091561337416104
4.058 3.091561337416104
4.062 3.090186808110153
4.062 3.090186808110153
4.07 3.0926086815039855
4.072 3.0922386518119103
4.076 3.0953815230997117
4.084 3.1029341599205087
4.084 3.1029341599205087
4.084 3.1029341599205087
4.084 3.1029341599205087
4.084 3.1029341599205087
4.084 3.1029341599205087
4.084 3.1029341599205087
4.084 3.1029341599205087
4.084 3.1029341599205087
4.084 3.1029341599205087
4.104 3.166897927778842
4.104 3.166897927778842
4.104 3.166897927778842
4.104 3.166897927778842
4.104 3.166897927778842
4.104 3.166897927778842
4.104 3.166897927778842
4.104 3.166897927778842
4.116 3.1626806823004405
4.116 3.1626806823004405
4.116 3.1626806823004405
4.116 3.1626806823004405
4.118 3.1622897008820376
4.12 3.163164747913849
4.122 3.162137604288739
4.122 3.162137604288739
4.122 3.162137604288739
4.132 3.1664853163273974
4.138 3.1671782450743358
4.14 3.1674066568503187
4.146 3.1680842026420395
4.148 3.166409369710935
4.148 3.166409369710935
4.15 3.165998593522807
4.166 3.183506467223478
4.166 3.183506467223478
4.166 3.183506467223478
4.166 3.183506467223478
4.166 3.183506467223478
4.166 3.183506467223478
4.17 3.1858121095876295
4.17 3.1858121095876295
4.174 3.189367983828856
4.184 3.1997845618861525
4.184 3.1997845618861525
4.184 3.1997845618861525
4.188 3.2120539505373076
4.188 3.2120539505373076
4.188 3.2120539505373076
4.188 3.2120539505373076
4.188 3.2120539505373076
4.188 3.2120539505373076
4.196 3.209077805339322
4.196 3.209077805339322
4.196 3.209077805339322
4.2 3.218807456634482
4.2 3.218807456634482
4.202 3.217125392580031
4.202 3.217125392580031
4.206 3.22558099347869
4.206 3.22558099347869
4.208 3.224520284030518
4.21 3.2240796173105783
4.21 3.2240796173105783
4.216 3.2376393587356938
4.216 3.2376393587356938
4.222 3.238779923178107
4.226 3.2446848783695272
4.226 3.2446848783695272
4.228 3.244235831789132
4.228 3.244235831789132
4.228 3.244235831789132
4.228 3.244235831789132
4.228 3.244235831789132
4.228 3.244235831789132
4.234 3.246586615092628
4.234 3.246586615092628
4.234 3.246586615092628
4.24 3.2513909463754658
4.244 3.2473920475083484
4.244 3.2473920475083484
4.244 3.2473920475083484
4.244 3.2473920475083484
4.246 3.2450801361723483
4.246 3.2450801361723483
4.246 3.2450801361723483
4.256 3.2594035378954973
4.256 3.2594035378954973
4.262 3.259233223076374
4.262 3.259233223076374
4.262 3.259233223076374
4.264 3.2575338914749934
4.268 3.258436867831458
4.268 3.258436867831458
4.268 3.258436867831458
4.268 3.258436867831458
4.268 3.258436867831458
4.268 3.258436867831458
4.268 3.258436867831458
4.268 3.258436867831458
4.27 3.259193871094325
4.272 3.260564147063243
4.272 3.260564147063243
4.272 3.260564147063243
4.272 3.260564147063243
4.272 3.260564147063243
4.272 3.260564147063243
4.284 3.28159744080944
4.284 3.28159744080944
4.284 3.28159744080944
4.29 3.280766199183874
4.29 3.280766199183874
4.29 3.280766199183874
4.29 3.280766199183874
4.29 3.280766199183874
4.29 3.280766199183874
4.29 3.280766199183874
4.29 3.280766199183874
4.29 3.280766199183874
4.29 3.280766199183874
4.292 3.280893861291175
4.292 3.280893861291175
4.292 3.280893861291175
4.292 3.280893861291175
4.292 3.280893861291175
4.294 3.281020296855347
4.294 3.281020296855347
4.298 3.2855418991609757
4.3 3.2838342123603796
4.3 3.2838342123603796
4.3 3.2838342123603796
4.3 3.2838342123603796
4.3 3.2838342123603796
4.3 3.2838342123603796
4.306 3.2841948589789065
4.306 3.2841948589789065
4.308 3.2855327499359617
4.312 3.28393429424186
4.312 3.28393429424186
4.314 3.2858785729226168
4.32 3.284383404643465
4.32 3.284383404643465
4.32 3.284383404643465
4.32 3.284383404643465
4.32 3.284383404643465
4.322 3.2832721104871907
4.322 3.2832721104871907
4.322 3.2832721104871907
4.324 3.2815485859948006
4.332 3.2807472632329393
4.334 3.279016300019198
4.334 3.279016300019198
4.334 3.279016300019198
4.334 3.279016300019198
4.334 3.279016300019198
4.334 3.279016300019198
4.334 3.279016300019198
4.334 3.279016300019198
4.35 3.2877223478379336
4.352 3.293294334727812
4.358 3.3008525042038803
4.358 3.3008525042038803
4.358 3.3008525042038803
4.358 3.3008525042038803
4.358 3.3008525042038803
4.36 3.3015451535306313
4.36 3.3015451535306313
4.36 3.3015451535306313
4.36 3.3015451535306313
4.36 3.3015451535306313
4.36 3.3015451535306313
4.36 3.3015451535306313
4.362 3.30526937044811
4.366 3.307252612014893
4.37 3.3043816177541507
4.37 3.3043816177541507
4.384 3.3049037470938654
4.384 3.3049037470938654
4.384 3.3049037470938654
4.384 3.3049037470938654
4.384 3.3049037470938654
4.384 3.3049037470938654
4.384 3.3049037470938654
4.386 3.306185979563601
4.392 3.3051753915242497
4.392 3.3051753915242497
4.392 3.3051753915242497
4.402 3.3175908152807607
4.408 3.314741471373609
4.408 3.314741471373609
4.41 3.3135871377464756
4.422 3.362518261380336
4.426 3.359627687169038
4.426 3.359627687169038
4.426 3.359627687169038
4.444 3.365340254723153
4.444 3.365340254723153
4.444 3.365340254723153
4.444 3.365340254723153
4.446 3.3665637529988968
4.446 3.3665637529988968
4.446 3.3665637529988968
4.446 3.3665637529988968
4.448 3.366595302060479
4.45 3.3684109584148927
4.45 3.3684109584148927
4.45 3.3684109584148927
4.45 3.3684109584148927
4.45 3.3684109584148927
4.45 3.3684109584148927
4.454 3.3690629513769377
4.454 3.3690629513769377
4.454 3.3690629513769377
4.454 3.3690629513769377
4.456 3.36730478023091
4.458 3.3768390669631208
4.46 3.37626989395006
4.46 3.37626989395006
4.462 3.3774799394641795
4.462 3.3774799394641795
4.464 3.379874421070172
4.464 3.379874421070172
4.466 3.378709124902795
4.468 3.376948854681435
4.47 3.376373764795479
4.47 3.376373764795479
4.47 3.376373764795479
4.47 3.376373764795479
4.47 3.376373764795479
4.476 3.3853130858723715
4.476 3.3853130858723715
4.476 3.3853130858723715
4.48 3.390662647090208
4.488 3.387152432827077
4.488 3.387152432827077
4.488 3.387152432827077
4.49 3.389524709381982
4.49 3.389524709381982
4.49 3.389524709381982
4.49 3.389524709381982
4.49 3.389524709381982
4.49 3.389524709381982
4.49 3.389524709381982
4.49 3.389524709381982
4.49 3.389524709381982
4.492 3.393075584753117
4.492 3.393075584753117
4.492 3.393075584753117
4.492 3.393075584753117
4.492 3.393075584753117
4.502 3.390130080679481
4.512 3.388335525781136
4.516 3.3889103598138623
4.516 3.3889103598138623
4.518 3.3883089107324698
4.518 3.3883089107324698
4.518 3.3883089107324698
4.518 3.3883089107324698
4.518 3.3883089107324698
4.524 3.3847210628568263
4.524 3.3847210628568263
4.538 3.3822233618936934
4.538 3.3822233618936934
4.538 3.3822233618936934
4.538 3.3822233618936934
4.54 3.389302988742521
4.54 3.389302988742521
4.54 3.389302988742521
4.542 3.3875044461587787
4.542 3.3875044461587787
4.542 3.3875044461587787
4.542 3.3875044461587787
4.55 3.3879871478250383
4.554 3.387334064441861
4.558 3.3831238602966187
4.558 3.3831238602966187
4.558 3.3831238602966187
4.558 3.3831238602966187
4.558 3.3831238602966187
4.56 3.384865526022938
4.56 3.384865526022938
4.56 3.384865526022938
4.564 3.3841999969325767
4.564 3.3841999969325767
4.57 3.385265135861615
4.57 3.385265135861615
4.57 3.385265135861615
4.57 3.385265135861615
4.57 3.385265135861615
4.572 3.384038923960212
4.574 3.381626057029246
4.576 3.380396153753673
4.576 3.380396153753673
4.578 3.385089905354758
4.578 3.385089905354758
4.578 3.385089905354758
4.578 3.385089905354758
4.578 3.385089905354758
4.59 3.3936608356957945
4.598 3.3922574816253652
4.598 3.3922574816253652
4.598 3.3922574816253652
4.604 3.3903056417806035
4.604 3.3903056417806035
4.604 3.3903056417806035
4.604 3.3903056417806035
4.604 3.3903056417806035
4.604 3.3903056417806035
4.604 3.3903056417806035
4.604 3.3903056417806035
4.604 3.3903056417806035
4.606 3.3884697807284354
4.606 3.3884697807284354
4.606 3.3884697807284354
4.608 3.3872234300574644
4.608 3.3872234300574644
4.608 3.3872234300574644
4.61 3.387158940968489
4.61 3.387158940968489
4.61 3.387158940968489
4.61 3.387158940968489
4.61 3.387158940968489
4.62 3.389775975241527
4.626 3.386008580647195
4.626 3.386008580647195
4.626 3.386008580647195
4.632 3.3840033921253463
4.632 3.3840033921253463
4.64 3.382496498908793
4.64 3.382496498908793
4.642 3.385965967203766
4.642 3.385965967203766
4.644 3.384697379782341
4.644 3.384697379782341
4.644 3.384697379782341
4.65 3.393897033521835
4.65 3.393897033521835
4.65 3.393897033521835
4.65 3.393897033521835
4.65 3.393897033521835
4.654 3.3919455463168076
4.654 3.3919455463168076
4.658 3.3911703101059807
4.66 3.3910763479454697
4.662 3.391572131482109
4.662 3.391572131482109
4.67 3.3894064601792167
4.674 3.3862453122343723
4.674 3.3862453122343723
4.674 3.3862453122343723
4.674 3.3862453122343723
4.674 3.3862453122343723
4.674 3.3862453122343723
4.674 3.3862453122343723
4.674 3.3862453122343723
4.674 3.3862453122343723
4.676 3.3837736105855845
4.678 3.3830764716195305
4.682 3.38286321435764
4.682 3.38286321435764
4.682 3.38286321435764
4.682 3.38286321435764
4.682 3.38286321435764
4.682 3.38286321435764
4.682 3.38286321435764
4.682 3.38286321435764
4.682 3.38286321435764
4.682 3.38286321435764
4.682 3.38286321435764
4.682 3.38286321435764
4.682 3.38286321435764
4.682 3.38286321435764
4.682 3.38286321435764
4.69 3.383607186892472
4.69 3.383607186892472
4.69 3.383607186892472
4.69 3.383607186892472
4.69 3.383607186892472
4.694 3.386340000235417
4.704 3.390482966997326
4.704 3.390482966997326
4.704 3.390482966997326
4.704 3.390482966997326
4.704 3.390482966997326
4.706 3.390361795769355
4.706 3.390361795769355
4.706 3.390361795769355
4.706 3.390361795769355
4.706 3.390361795769355
4.706 3.390361795769355
4.718 3.3925646626085104
4.718 3.3925646626085104
4.718 3.3925646626085104
4.72 3.3900715582920506
4.72 3.3900715582920506
4.728 3.390724114409794
4.728 3.390724114409794
4.74 3.415806708662224
4.74 3.415806708662224
4.752 3.4330843473868446
4.762 3.4323341672499343
4.768 3.429533408322124
4.768 3.429533408322124
4.786 3.457761737376498
4.786 3.457761737376498
4.786 3.457761737376498
4.796 3.4708035026356394
4.796 3.4708035026356394
4.796 3.4708035026356394
4.796 3.4708035026356394
4.796 3.4708035026356394
4.796 3.4708035026356394
4.796 3.4708035026356394
4.796 3.4708035026356394
4.796 3.4708035026356394
4.796 3.4708035026356394
4.796 3.4708035026356394
4.8 3.472191271293804
4.808 3.476104515864041
4.81 3.4759263697979144
4.81 3.4759263697979144
4.81 3.4759263697979144
4.812 3.4751704446312366
4.812 3.4751704446312366
4.822 3.483473147641683
4.822 3.483473147641683
4.824 3.480985279634787
4.824 3.480985279634787
4.826 3.481373856375629
4.826 3.481373856375629
4.826 3.481373856375629
4.826 3.481373856375629
4.826 3.481373856375629
4.83 3.481571869913176
4.832 3.484258330294192
4.832 3.484258330294192
4.832 3.484258330294192
4.832 3.484258330294192
4.832 3.484258330294192
4.846 3.4949554255889534
4.846 3.4949554255889534
4.846 3.4949554255889534
4.846 3.4949554255889534
4.846 3.4949554255889534
4.846 3.4949554255889534
4.852 3.4960750967569814
4.852 3.4960750967569814
4.852 3.4960750967569814
4.852 3.4960750967569814
4.852 3.4960750967569814
4.854 3.495299448755849
4.856 3.4945224816488865
4.856 3.4945224816488865
4.856 3.4945224816488865
4.856 3.4945224816488865
4.856 3.4945224816488865
4.858 3.4931705485077456
4.858 3.4931705485077456
4.858 3.4931705485077456
4.862 3.5013533026388224
4.862 3.5013533026388224
4.864 3.503434329940895
4.864 3.503434329940895
4.864 3.503434329940895
4.864 3.503434329940895
4.866 3.507798926194771
4.866 3.507798926194771
4.866 3.507798926194771
4.866 3.507798926194771
4.868 3.505874829002498
4.868 3.505874829002498
4.868 3.505874829002498
4.868 3.505874829002498
4.868 3.505874829002498
4.868 3.505874829002498
4.868 3.505874829002498
4.868 3.505874829002498
4.868 3.505874829002498
4.868 3.505874829002498
4.868 3.505874829002498
4.868 3.505874829002498
4.868 3.505874829002498
4.868 3.505874829002498
4.878 3.510521831160449
4.878 3.510521831160449
4.882 3.516362554006974
4.882 3.516362554006974
4.882 3.516362554006974
4.884 3.515574280974598
4.884 3.515574280974598
4.886 3.5170646122830864
4.888 3.5151341847322617
4.888 3.5151341847322617
4.888 3.5151341847322617
4.888 3.5151341847322617
4.888 3.5151341847322617
4.888 3.5151341847322617
4.888 3.5151341847322617
4.89 3.5143422147543943
4.894 3.523577044762998
4.894 3.523577044762998
4.902 3.532896646865694
4.902 3.532896646865694
4.902 3.532896646865694
4.902 3.532896646865694
4.902 3.532896646865694
4.902 3.532896646865694
4.902 3.532896646865694
4.902 3.532896646865694
4.902 3.532896646865694
4.902 3.532896646865694
4.902 3.532896646865694
4.906 3.5398057077893097
4.906 3.5398057077893097
4.906 3.5398057077893097
4.91 3.5421736247643145
4.91 3.5421736247643145
4.91 3.5421736247643145
4.91 3.5421736247643145
4.91 3.5421736247643145
4.922 3.5661394674637705
4.922 3.5661394674637705
4.922 3.5661394674637705
4.922 3.5661394674637705
4.922 3.5661394674637705
4.922 3.5661394674637705
4.922 3.5661394674637705
4.922 3.5661394674637705
4.922 3.5661394674637705
4.926 3.5707175816768535
4.932 3.5683107604813133
4.932 3.5683107604813133
4.934 3.5708747237315914
4.934 3.5708747237315914
4.936 3.570630589351299
4.936 3.570630589351299
4.936 3.570630589351299
4.938 3.570385315705463
4.938 3.570385315705463
4.946 3.5671463477312337
4.946 3.5671463477312337
4.948 3.568018710016818
4.948 3.568018710016818
4.948 3.568018710016818
4.954 3.572311130574612
4.954 3.572311130574612
4.954 3.572311130574612
4.954 3.572311130574612
4.954 3.572311130574612
4.954 3.572311130574612
4.958 3.574603695959361
4.96 3.573224856029
4.964 3.5732674796272827
4.964 3.5732674796272827
4.964 3.5732674796272827
4.968 3.5699390652866505
4.968 3.5699390652866505
4.968 3.5699390652866505
4.968 3.5699390652866505
4.974 3.5825959844749358
4.974 3.5825959844749358
4.974 3.5825959844749358
4.974 3.5825959844749358
4.974 3.5825959844749358
4.974 3.5825959844749358
4.982 3.596044921598767
4.982 3.596044921598767
4.982 3.596044921598767
4.982 3.596044921598767
4.982 3.596044921598767
4.982 3.596044921598767
4.982 3.596044921598767
4.986 3.606079813765427
4.986 3.606079813765427
4.986 3.606079813765427
4.986 3.606079813765427
4.986 3.606079813765427
4.986 3.606079813765427
4.986 3.606079813765427
4.986 3.606079813765427
4.986 3.606079813765427
4.988 3.6063648921692564
4.988 3.6063648921692564
4.988 3.6063648921692564
4.988 3.6063648921692564
4.99 3.60775995095675
4.992 3.6074872041153134
4.992 3.6074872041153134
4.992 3.6074872041153134
4.992 3.6074872041153134
4.992 3.6074872041153134
4.992 3.6074872041153134
4.994 3.6072133255398025
4.994 3.6072133255398025
4.994 3.6072133255398025
4.996 3.6091600230724445
4.996 3.6091600230724445
4.996 3.6091600230724445
4.996 3.6091600230724445
5.014 3.6464224650453194
5.018 3.6464048783800895
5.018 3.6464048783800895
5.018 3.6464048783800895
5.018 3.6464048783800895
5.018 3.6464048783800895
5.018 3.6464048783800895
5.018 3.6464048783800895
5.02 3.6455699637671763
5.02 3.6455699637671763
5.02 3.6455699637671763
5.02 3.6455699637671763
5.022 3.6513258360110035
5.024 3.6488425704884033
5.024 3.6488425704884033
5.024 3.6488425704884033
5.028 3.6477154021812934
5.028 3.6477154021812934
5.03 3.6485234611954707
5.034 3.6506847300192833
5.034 3.6506847300192833
5.034 3.6506847300192833
5.036 3.653134926276214
5.036 3.653134926276214
5.036 3.653134926276214
5.036 3.653134926276214
5.038 3.6561305476093637
5.042 3.664846271863637
5.044 3.6689216361137906
5.046 3.674627842320787
5.048 3.673238538772763
5.048 3.673238538772763
5.052 3.6742749751735215
5.054 3.675064107248303
5.054 3.675064107248303
5.054 3.675064107248303
5.054 3.675064107248303
5.056 3.675306757199876
5.058 3.6750030332761994
5.06 3.6736073254449924
5.06 3.6736073254449924
5.06 3.6736073254449924
5.068 3.6908835314169655
5.068 3.6908835314169655
5.068 3.6908835314169655
5.072 3.689178238055771
5.076 3.687467808357837
5.078 3.687154215980778
5.078 3.687154215980778
5.078 3.687154215980778
5.078 3.687154215980778
5.08 3.68629591258084
5.08 3.68629591258084
5.08 3.68629591258084
5.084 3.6905533960014005
5.084 3.6905533960014005
5.086 3.6891494476768787
5.086 3.6891494476768787
5.086 3.6891494476768787
5.086 3.6891494476768787
5.09 3.687967218456371
5.092 3.6871025820963785
5.092 3.6871025820963785
5.092 3.6871025820963785
5.092 3.6871025820963785
5.092 3.6871025820963785
5.094 3.688953884439742
5.094 3.688953884439742
5.094 3.688953884439742
5.094 3.688953884439742
5.102 3.7082473213625855
5.104 3.70684034329256
5.104 3.70684034329256
5.106 3.7081349124671945
5.106 3.7081349124671945
5.106 3.7081349124671945
5.112 3.704984456059065
5.112 3.704984456059065
5.112 3.704984456059065
5.112 3.704984456059065
5.112 3.704984456059065
5.112 3.704984456059065
5.112 3.704984456059065
5.112 3.704984456059065
5.112 3.704984456059065
5.112 3.704984456059065
5.112 3.704984456059065
5.112 3.704984456059065
5.12 3.709058401866557
5.124 3.7121670717705397
5.124 3.7121670717705397
5.124 3.7121670717705397
5.124 3.7121670717705397
5.128 3.7131106071273323
5.132 3.7129702795192396
5.132 3.7129702795192396
5.132 3.7129702795192396
5.134 3.7137080195552494
5.138 3.7151798236753626
5.138 3.7151798236753626
5.138 3.7151798236753626
5.138 3.7151798236753626
5.138 3.7151798236753626
5.138 3.7151798236753626
5.144 3.7157607236622567
5.152 3.7175982938112475
5.152 3.7175982938112475
5.156 3.7174322596666722
5.156 3.7174322596666722
5.156 3.7174322596666722
5.156 3.7174322596666722
5.156 3.7174322596666722
5.162 3.7131294969772677
5.162 3.7131294969772677
5.166 3.7129524683281567
5.166 3.7129524683281567
5.166 3.7129524683281567
5.166 3.7129524683281567
5.166 3.7129524683281567
5.166 3.7129524683281567
5.166 3.7129524683281567
5.168 3.712052622113361
5.168 3.712052622113361
5.168 3.712052622113361
5.168 3.712052622113361
5.168 3.712052622113361
5.172 3.711869063408318
5.176 3.719232364179134
5.176 3.719232364179134
5.176 3.719232364179134
5.18 3.719579350018248
5.184 3.722614634828441
5.184 3.722614634828441
5.188 3.7267187800706734
5.19 3.725272514947226
5.198 3.7275441205089286
5.198 3.7275441205089286
5.2 3.725554927663534
5.2 3.725554927663534
5.2 3.725554927663534
5.204 3.7221085669776928
5.208 3.721886736826301
5.21 3.7193503645487023
5.21 3.7193503645487023
5.214 3.7223535339437284
5.214 3.7223535339437284
5.214 3.7223535339437284
5.214 3.7223535339437284
5.214 3.7223535339437284
5.214 3.7223535339437284
5.214 3.7223535339437284
5.214 3.7223535339437284
5.214 3.7223535339437284
5.214 3.7223535339437284
5.214 3.7223535339437284
5.214 3.7223535339437284
5.222 3.7240371783605535
5.222 3.7240371783605535
5.222 3.7240371783605535
5.226 3.723796089292391
5.226 3.723796089292391
5.226 3.723796089292391
5.226 3.723796089292391
5.236 3.72182858498777
5.236 3.72182858498777
5.236 3.72182858498777
5.236 3.72182858498777
5.242 3.739974708690323
5.242 3.739974708690323
5.242 3.739974708690323
5.242 3.739974708690323
5.242 3.739974708690323
5.242 3.739974708690323
5.242 3.739974708690323
5.242 3.739974708690323
5.242 3.739974708690323
5.246 3.7407848029369113
5.246 3.7407848029369113
5.246 3.7407848029369113
5.246 3.7407848029369113
5.246 3.7407848029369113
5.246 3.7407848029369113
5.246 3.7407848029369113
5.248 3.7419915822999967
5.248 3.7419915822999967
5.248 3.7419915822999967
5.248 3.7419915822999967
5.252 3.738508913697486
5.252 3.738508913697486
5.252 3.738508913697486
5.254 3.7397132122423025
5.254 3.7397132122423025
5.254 3.7397132122423025
5.254 3.7397132122423025
5.254 3.7397132122423025
5.254 3.7397132122423025
5.254 3.7397132122423025
5.254 3.7397132122423025
5.254 3.7397132122423025
5.256 3.7371642716887847
5.262 3.732723194249713
5.262 3.732723194249713
5.262 3.732723194249713
5.262 3.732723194249713
5.262 3.732723194249713
5.262 3.732723194249713
5.264 3.732313535684978
5.266 3.732439713166826
5.266 3.732439713166826
5.266 3.732439713166826
5.266 3.732439713166826
5.274 3.729711180638786
5.274 3.729711180638786
5.274 3.729711180638786
5.276 3.729294742784098
5.276 3.729294742784098
5.278 3.730489123184303
5.278 3.730489123184303
5.282 3.733410331775874
5.282 3.733410331775874
5.29 3.7370886614217027
5.29 3.7370886614217027
5.29 3.7370886614217027
5.29 3.7370886614217027
5.29 3.7370886614217027
5.3 3.7536889003647347
5.3 3.7536889003647347
5.3 3.7536889003647347
5.302 3.7521932130176388
5.316 3.755042568251223
5.316 3.755042568251223
5.316 3.755042568251223
5.316 3.755042568251223
5.316 3.755042568251223
5.316 3.755042568251223
5.316 3.755042568251223
5.316 3.755042568251223
5.316 3.755042568251223
5.316 3.755042568251223
5.328 3.7427841062144505
5.328 3.7427841062144505
5.328 3.7427841062144505
5.328 3.7427841062144505
5.33 3.7434110450904274
5.33 3.7434110450904274
5.33 3.7434110450904274
5.33 3.7434110450904274
5.338 3.740553365340201
5.338 3.740553365340201
5.342 3.7412604908132563
5.346 3.739820385128963
5.35 3.7405190770709735
5.35 3.7405190770709735
5.358 3.7472549739348353
5.358 3.7472549739348353
5.358 3.7472549739348353
5.358 3.7472549739348353
5.358 3.7472549739348353
5.358 3.7472549739348353
5.358 3.7472549739348353
5.358 3.7472549739348353
5.366 3.7528938733795316
5.366 3.7528938733795316
5.366 3.7528938733795316
5.366 3.7528938733795316
5.366 3.7528938733795316
5.368 3.7502940432480276
5.368 3.7502940432480276
5.368 3.7502940432480276
5.37 3.7530348441071255
5.37 3.7530348441071255
5.37 3.7530348441071255
5.37 3.7530348441071255
5.37 3.7530348441071255
5.37 3.7530348441071255
5.372 3.7525697274158936
5.376 3.75857389916854
5.384 3.755629575319423
5.384 3.755629575319423
5.39 3.773377366962786
5.39 3.773377366962786
5.39 3.773377366962786
5.39 3.773377366962786
5.39 3.773377366962786
5.39 3.773377366962786
5.392 3.7734352554740482
5.394 3.775615784093794
5.394 3.775615784093794
5.394 3.775615784093794
5.398 3.779439684484635
5.398 3.779439684484635
5.398 3.779439684484635
5.398 3.779439684484635
5.398 3.779439684484635
5.398 3.779439684484635
5.404 3.774822189869371
5.404 3.774822189869371
5.404 3.774822189869371
5.404 3.774822189869371
5.404 3.774822189869371
5.41 3.773377366962787
5.43 3.7817593004861694
5.434 3.780241321516102
5.434 3.780241321516102
5.434 3.780241321516102
5.434 3.780241321516102
5.436 3.780805864623561
5.438 3.7803091771639408
5.438 3.7803091771639408
5.442 3.777721318032013
5.452 3.7879272413248835
5.452 3.7879272413248835
5.452 3.7879272413248835
5.452 3.7879272413248835
5.452 3.7879272413248835
5.452 3.7879272413248835
5.456 3.7895627150295708
5.458 3.7927570462691205
5.458 3.7927570462691205
5.458 3.7927570462691205
5.458 3.7927570462691205
5.458 3.7927570462691205
5.458 3.7927570462691205
5.458 3.7927570462691205
5.458 3.7927570462691205
5.46 3.7917218131895156
5.46 3.7917218131895156
5.46 3.7917218131895156
5.46 3.7917218131895156
5.46 3.7917218131895156
5.47 3.783878363655718
5.472 3.7828343436294802
5.472 3.7828343436294802
5.472 3.7828343436294802
5.472 3.7828343436294802
5.472 3.7828343436294802
5.472 3.7828343436294802
5.472 3.7828343436294802
5.472 3.7828343436294802
5.472 3.7828343436294802
5.472 3.7828343436294802
5.472 3.7828343436294802
5.474 3.7876135008820695
5.476 3.7876267282382603
5.476 3.7876267282382603
5.476 3.7876267282382603
5.476 3.7876267282382603
5.476 3.7876267282382603
5.476 3.7876267282382603
5.484 3.789784814191403
5.486 3.7903215001036883
5.486 3.7903215001036883
5.486 3.7903215001036883
5.486 3.7903215001036883
5.486 3.7903215001036883
5.486 3.7903215001036883
5.488 3.788212918280654
5.488 3.788212918280654
5.488 3.788212918280654
5.488 3.788212918280654
5.488 3.788212918280654
5.49 3.7866313729103096
5.494 3.789813897641617
5.5 3.8024883741664937
5.5 3.8024883741664937
5.506 3.8009022238714443
5.508 3.799843895116549
5.508 3.799843895116549
5.508 3.799843895116549
5.508 3.799843895116549
5.508 3.799843895116549
5.512 3.802469401204193
5.512 3.802469401204193
5.512 3.802469401204193
5.512 3.802469401204193
5.514 3.801935484309761
5.514 3.801935484309761
5.514 3.801935484309761
5.514 3.801935484309761
5.514 3.801935484309761
5.514 3.801935484309761
5.514 3.801935484309761
5.516 3.8029816379621595
5.518 3.8013914760661733
5.52 3.800326955663145
5.52 3.800326955663145
5.52 3.800326955663145
5.52 3.800326955663145
5.52 3.800326955663145
5.52 3.800326955663145
5.52 3.800326955663145
5.524 3.8092577872571844
5.524 3.8092577872571844
5.524 3.8092577872571844
5.524 3.8092577872571844
5.524 3.8092577872571844
5.524 3.8092577872571844
5.524 3.8092577872571844
5.524 3.8092577872571844
5.524 3.8092577872571844
5.524 3.8092577872571844
5.53 3.80658379131744
5.53 3.80658379131744
5.53 3.80658379131744
5.53 3.80658379131744
5.534 3.816539787805678
5.534 3.816539787805678
5.534 3.816539787805678
5.534 3.816539787805678
5.534 3.816539787805678
5.534 3.816539787805678
5.534 3.816539787805678
5.534 3.816539787805678
5.534 3.816539787805678
5.536 3.8201952546391076
5.536 3.8201952546391076
5.536 3.8201952546391076
5.546 3.8227098007095512
5.546 3.8227098007095512
5.546 3.8227098007095512
5.546 3.8227098007095512
5.552 3.8289185463351068
5.552 3.8289185463351068
5.554 3.8304606586826337
5.554 3.8304606586826337
5.554 3.8304606586826337
5.554 3.8304606586826337
5.554 3.8304606586826337
5.554 3.8304606586826337
5.556 3.8299086674229708
5.556 3.8299086674229708
5.558 3.8298788419332377
5.558 3.8298788419332377
5.558 3.8298788419332377
5.564 3.828212955003638
5.564 3.828212955003638
5.572 3.8291174284110365
5.58 3.8461911513529192
5.58 3.8461911513529192
5.582 3.8518761532271024
5.582 3.8518761532271024
5.582 3.8518761532271024
5.582 3.8518761532271024
5.582 3.8518761532271024
5.582 3.8518761532271024
5.582 3.8518761532271024
5.582 3.8518761532271024
5.582 3.8518761532271024
5.582 3.8518761532271024
5.582 3.8518761532271024
5.582 3.8518761532271024
5.586 3.856988036464053
5.588 3.8600590814422073
