0.945 1.2408357533671288
1.41 1.3193191483016438
1.41 1.3193191483016438
1.415 1.3196523830389213
1.415 1.3196523830389213
1.415 1.3196523830389213
1.43 1.3205374267613141
1.435 1.3169841442405092
1.435 1.3169841442405092
1.44 1.3172225995952338
1.44 1.3172225995952338
1.44 1.3172225995952338
1.445 1.3212507398627764
1.445 1.3212507398627764
1.445 1.3212507398627764
1.445 1.3212507398627764
1.465 1.344549764921983
1.47 1.3446712250649162
1.48 1.3448580654033342
1.48 1.3448580654033342
1.48 1.3448580654033342
1.5 1.3672405544264483
1.5 1.3672405544264483
1.5 1.3672405544264483
1.5 1.3672405544264483
1.5 1.3672405544264483
1.515 1.3781405431899603
1.515 1.3781405431899603
1.515 1.3781405431899603
1.515 1.3781405431899603
1.515 1.3781405431899603
1.515 1.3781405431899603
1.515 1.3781405431899603
1.535 1.4419330269715576
1.535 1.4419330269715576
1.58 1.560698207365013
1.58 1.560698207365013
1.585 1.5604325518085427
1.585 1.5604325518085427
1.585 1.5604325518085427
1.585 1.5604325518085427
1.59 1.5601507464853475
1.59 1.5601507464853475
1.595 1.5598527826425095
1.595 1.5598527826425095
1.595 1.5598527826425095
1.6 1.5595386510183413
1.6 1.5595386510183413
1.61 1.5620821049204046
1.655 1.6703067452164537
1.66 1.669832838502917
1.66 1.669832838502917
1.66 1.669832838502917
1.67 1.6718478928671765
1.67 1.6718478928671765
1.67 1.6718478928671765
1.67 1.6718478928671765
1.67 1.6718478928671765
1.67 1.6718478928671765
1.68 1.67380047801433
1.68 1.67380047801433
1.68 1.67380047801433
1.68 1.67380047801433
1.68 1.67380047801433
1.7 1.6805120062097365
1.7 1.6805120062097365
1.705 1.6799063745148661
1.705 1.6799063745148661
1.71 1.676290472663887
1.71 1.676290472663887
1.71 1.676290472663887
1.71 1.676290472663887
1.71 1.676290472663887
1.71 1.676290472663887
1.715 1.6756533264227909
1.715 1.6756533264227909
1.735 1.6908785739250458
1.735 1.6908785739250458
1.735 1.6908785739250458
1.735 1.6908785739250458
1.735 1.6908785739250458
1.735 1.6908785739250458
1.74 1.6901725997913435
1.74 1.6901725997913435
1.74 1.6901725997913435
1.74 1.6901725997913435
1.745 1.6894514586562634
1.745 1.6894514586562634
1.745 1.6894514586562634
1.745 1.6894514586562634
1.745 1.6894514586562634
1.745 1.6894514586562634
1.745 1.6894514586562634
1.745 1.6894514586562634
1.755 1.6909380109229075
1.755 1.6909380109229075
1.755 1.6909380109229075
1.755 1.6909380109229075
1.755 1.6909380109229075
1.755 1.6909380109229075
1.76 1.690172599791342
1.76 1.690172599791342
1.765 1.6893919693578074
1.765 1.6893919693578074
1.775 1.6848049855089997
1.78 1.6809903757059652
1.805 1.706321383361464
1.805 1.706321383361464
1.805 1.706321383361464
1.805 1.706321383361464
1.805 1.706321383361464
1.805 1.706321383361464
1.805 1.706321383361464
1.805 1.706321383361464
1.805 1.706321383361464
1.81 1.7054155537742925
1.815 1.7044945020555762
1.82 1.7006058630698473
1.84 1.7143790355073
1.84 1.7143790355073
1.84 1.7143790355073
1.84 1.7143790355073
1.845 1.7133748178176484
1.845 1.7133748178176484
1.845 1.7133748178176484
1.845 1.7133748178176484
1.85 1.7094181913048134
1.85 1.7094181913048134
1.85 1.7094181913048134
1.85 1.7094181913048134
1.865 1.7150750456059645
1.87 1.7139979418667972
1.895 1.7375472228859847
1.895 1.7375472228859847
1.895 1.7375472228859847
1.895 1.7375472228859847
1.895 1.7375472228859847
1.895 1.7375472228859847
1.895 1.7375472228859847
1.895 1.7375472228859847
1.925 1.7734431207435342
1.93 1.7722313675422032
1.93 1.7722313675422032
1.93 1.7722313675422032
1.935 1.7710045980832938
1.935 1.7710045980832938
1.935 1.7710045980832938
1.935 1.7710045980832938
1.935 1.7710045980832938
1.935 1.7710045980832938
1.975 1.786148547340291
1.975 1.786148547340291
1.975 1.786148547340291
1.975 1.786148547340291
1.975 1.786148547340291
1.99 1.790511001988315
1.99 1.790511001988315
1.995 1.7863173425349739
1.995 1.7863173425349739
2.025 1.819596012372309
2.025 1.819596012372309
2.025 1.819596012372309
2.03 1.8264114800538138
2.03 1.8264114800538138
2.03 1.8264114800538138
2.03 1.8264114800538138
2.03 1.8264114800538138
2.03 1.8264114800538138
2.03 1.8264114800538138
2.03 1.8264114800538138
2.03 1.8264114800538138
2.03 1.8264114800538138
2.03 1.8264114800538138
2.03 1.8264114800538138
2.03 1.8264114800538138
2.03 1.8264114800538138
2.03 1.8264114800538138
2.03 1.8264114800538138
2.03 1.8264114800538138
2.03 1.8264114800538138
2.03 1.8264114800538138
2.03 1.8264114800538138
2.03 1.8264114800538138
2.03 1.8264114800538138
2.03 1.8264114800538138
2.04 1.8262188743095469
2.045 1.8247254904718941
2.045 1.8247254904718941
2.055 1.82445007891481
2.055 1.82445007891481
2.06 1.8229138968631748
2.07 1.8225554978418552
2.07 1.8225554978418552
2.075 1.82097632435717
2.075 1.82097632435717
2.075 1.82097632435717
2.075 1.82097632435717
2.075 1.82097632435717
2.075 1.82097632435717
2.08 1.830396612429658
2.08 1.830396612429658
2.08 1.830396612429658
2.08 1.830396612429658
2.08 1.830396612429658
2.08 1.830396612429658
2.08 1.830396612429658
2.08 1.830396612429658
2.095 1.8337908672265801
2.095 1.8337908672265801
2.095 1.8337908672265801
2.095 1.8337908672265801
2.12 1.879698468281096
2.12 1.879698468281096
2.14 1.888978879191123
2.14 1.888978879191123
2.14 1.888978879191123
2.14 1.888978879191123
2.14 1.888978879191123
2.14 1.888978879191123
2.14 1.888978879191123
2.14 1.888978879191123
2.14 1.888978879191123
2.14 1.888978879191123
2.14 1.888978879191123
2.14 1.888978879191123
2.14 1.888978879191123
2.14 1.888978879191123
2.14 1.888978879191123
2.14 1.888978879191123
2.145 1.8872689049518068
2.145 1.8872689049518068
2.145 1.8872689049518068
2.145 1.8872689049518068
2.145 1.8872689049518068
2.145 1.8872689049518068
2.145 1.8872689049518068
2.145 1.8872689049518068
2.15 1.8855440546191309
2.15 1.8855440546191309
2.15 1.8855440546191309
2.15 1.8855440546191309
2.15 1.8855440546191309
2.15 1.8855440546191309
2.15 1.8855440546191309
2.15 1.8855440546191309
2.15 1.8855440546191309
2.15 1.8855440546191309
2.15 1.8855440546191309
2.15 1.8855440546191309
2.15 1.8855440546191309
2.15 1.8855440546191309
2.15 1.8855440546191309
2.15 1.8855440546191309
2.15 1.8855440546191309
2.15 1.8855440546191309
2.15 1.8855440546191309
2.15 1.8855440546191309
2.15 1.8855440546191309
2.15 1.8855440546191309
2.15 1.8855440546191309
2.15 1.8855440546191309
2.15 1.8855440546191309
2.15 1.8855440546191309
2.16 1.8793776367477473
2.16 1.8793776367477473
2.16 1.8793776367477473
2.16 1.8793776367477473
2.16 1.8793776367477473
2.16 1.8793776367477473
2.16 1.8793776367477473
2.16 1.8793776367477473
2.16 1.8793776367477473
2.16 1.8793776367477473
2.16 1.8793776367477473
2.16 1.8793776367477473
2.16 1.8793776367477473
2.165 1.8802798359038324
2.165 1.8802798359038324
2.165 1.8802798359038324
2.165 1.8802798359038324
2.165 1.8802798359038324
2.165 1.8802798359038324
2.165 1.8802798359038324
2.165 1.8802798359038324
2.165 1.8802798359038324
2.165 1.8802798359038324
2.165 1.8802798359038324
2.165 1.8802798359038324
2.165 1.8802798359038324
2.165 1.8802798359038324
2.165 1.8802798359038324
2.165 1.8802798359038324
2.165 1.8802798359038324
2.165 1.8802798359038324
2.165 1.8802798359038324
2.165 1.8802798359038324
2.165 1.8802798359038324
2.165 1.8802798359038324
2.165 1.8802798359038324
2.165 1.8802798359038324
2.165 1.8802798359038324
2.17 1.8758180794887038
2.17 1.8758180794887038
2.175 1.8740156545148787
2.175 1.8740156545148787
2.175 1.8740156545148787
2.195 1.8827369684749642
2.195 1.8827369684749642
2.195 1.8827369684749642
2.195 1.8827369684749642
2.195 1.8827369684749642
2.2 1.8808743823581224
2.2 1.8808743823581224
2.2 1.8808743823581224
2.2 1.8808743823581224
2.215 1.9149701179819565
2.215 1.9149701179819565
2.215 1.9149701179819565
2.23 1.909273849704602
2.23 1.909273849704602
2.23 1.909273849704602
2.23 1.909273849704602
2.23 1.909273849704602
2.23 1.909273849704602
2.23 1.909273849704602
2.23 1.909273849704602
2.23 1.909273849704602
2.23 1.909273849704602
2.23 1.909273849704602
2.23 1.909273849704602
2.23 1.909273849704602
2.23 1.909273849704602
2.23 1.909273849704602
2.23 1.909273849704602
2.23 1.909273849704602
2.24 1.9185421601050354
2.24 1.9185421601050354
2.24 1.9185421601050354
2.24 1.9185421601050354
2.24 1.9185421601050354
2.25 1.9172583021035337
2.25 1.9172583021035337
2.25 1.9172583021035337
2.25 1.9172583021035337
2.255 1.9126594918223911
2.255 1.9126594918223911
2.255 1.9126594918223911
2.285 1.9500740869832671
2.285 1.9500740869832671
2.285 1.9500740869832671
2.285 1.9500740869832671
2.285 1.9500740869832671
2.29 1.9557671450426164
2.29 1.9557671450426164
2.29 1.9557671450426164
2.29 1.9557671450426164
2.295 1.9537298435319919
2.295 1.9537298435319919
2.295 1.9537298435319919
2.295 1.9537298435319919
2.295 1.9537298435319919
2.295 1.9537298435319919
2.295 1.9537298435319919
2.295 1.9537298435319919
2.3 1.9491010684093268
2.3 1.9491010684093268
2.3 1.9491010684093268
2.3 1.9491010684093268
2.3 1.9491010684093268
2.3 1.9491010684093268
2.3 1.9491010684093268
2.3 1.9491010684093268
2.305 1.947030982866274
2.305 1.947030982866274
2.305 1.947030982866274
2.305 1.947030982866274
2.305 1.947030982866274
2.305 1.947030982866274
2.305 1.947030982866274
2.305 1.947030982866274
2.305 1.947030982866274
2.305 1.947030982866274
2.305 1.947030982866274
2.305 1.947030982866274
2.305 1.947030982866274
2.305 1.947030982866274
2.305 1.947030982866274
2.305 1.947030982866274
2.305 1.947030982866274
2.305 1.947030982866274
2.315 1.9402571968555506
2.315 1.9402571968555506
2.315 1.9402571968555506
2.315 1.9402571968555506
2.315 1.9402571968555506
2.315 1.9402571968555506
2.315 1.9402571968555506
2.315 1.9402571968555506
2.315 1.9402571968555506
2.315 1.9402571968555506
2.315 1.9402571968555506
2.325 1.9592263368983145
2.325 1.9592263368983145
2.33 1.9571027710065185
2.34 1.9656343996188135
2.34 1.9656343996188135
2.34 1.9656343996188135
2.34 1.9656343996188135
2.34 1.9656343996188135
2.34 1.9656343996188135
2.34 1.9656343996188135
2.34 1.9656343996188135
2.34 1.9656343996188135
2.34 1.9656343996188135
2.34 1.9656343996188135
2.34 1.9656343996188135
2.34 1.9656343996188135
2.34 1.9656343996188135
2.34 1.9656343996188135
2.34 1.9656343996188135
2.345 1.9634793750588277
2.345 1.9634793750588277
2.345 1.9634793750588277
2.345 1.9634793750588277
2.345 1.9634793750588277
2.345 1.9634793750588277
2.345 1.9634793750588277
2.345 1.9634793750588277
2.345 1.9634793750588277
2.345 1.9634793750588277
2.345 1.9634793750588277
2.35 1.9613091720434328
2.35 1.9613091720434328
2.35 1.9613091720434328
2.355 1.9565570724845862
2.355 1.9565570724845862
2.355 1.9565570724845862
2.355 1.9565570724845862
2.355 1.9565570724845862
2.36 1.9543534704441718
2.36 1.9543534704441718
2.36 1.9543534704441718
2.36 1.9543534704441718
2.36 1.9543534704441718
2.36 1.9543534704441718
2.36 1.9543534704441718
2.36 1.9543534704441718
2.36 1.9543534704441718
2.36 1.9543534704441718
2.36 1.9543534704441718
2.36 1.9543534704441718
2.36 1.9543534704441718
2.36 1.9543534704441718
2.36 1.9543534704441718
2.365 1.9521345101525802
2.365 1.9521345101525802
2.365 1.9521345101525802
2.365 1.9521345101525802
2.395 1.992189522981533
2.395 1.992189522981533
2.395 1.992189522981533
2.395 1.992189522981533
2.395 1.992189522981533
2.395 1.992189522981533
2.395 1.992189522981533
2.395 1.992189522981533
2.395 1.992189522981533
2.395 1.992189522981533
2.395 1.992189522981533
2.395 1.992189522981533
2.405 1.985114201238761
2.405 1.985114201238761
2.405 1.985114201238761
2.405 1.985114201238761
2.405 1.985114201238761
2.405 1.985114201238761
2.405 1.985114201238761
2.425 2.001098944311505
2.425 2.001098944311505
2.425 2.001098944311505
2.425 2.001098944311505
2.425 2.001098944311505
2.425 2.001098944311505
2.425 2.001098944311505
2.425 2.001098944311505
2.425 2.001098944311505
2.425 2.001098944311505
2.425 2.001098944311505
2.435 1.998938160335183
2.435 1.998938160335183
2.435 1.998938160335183
2.435 1.998938160335183
2.435 1.998938160335183
2.435 1.998938160335183
2.435 1.998938160335183
2.435 1.998938160335183
2.435 1.998938160335183
2.435 1.998938160335183
2.435 1.998938160335183
2.435 1.998938160335183
2.435 1.998938160335183
2.435 1.998938160335183
2.435 1.998938160335183
2.435 1.998938160335183
2.435 1.998938160335183
2.435 1.998938160335183
2.435 1.998938160335183
2.435 1.998938160335183
2.435 1.998938160335183
2.435 1.998938160335183
2.435 1.998938160335183
2.435 1.998938160335183
2.44 1.996579990456539
2.44 1.996579990456539
2.47 2.0172870981050046
2.47 2.0172870981050046
2.47 2.0172870981050046
2.47 2.0172870981050046
2.47 2.0172870981050046
2.47 2.0172870981050046
2.47 2.0172870981050046
2.475 2.0173556003071105
2.475 2.0173556003071105
2.475 2.0173556003071105
2.475 2.0173556003071105
2.475 2.0173556003071105
2.475 2.0173556003071105
2.475 2.0173556003071105
2.475 2.0173556003071105
2.475 2.0173556003071105
2.475 2.0173556003071105
2.475 2.0173556003071105
2.475 2.0173556003071105
2.475 2.0173556003071105
2.475 2.0173556003071105
2.475 2.0173556003071105
2.475 2.0173556003071105
2.475 2.0173556003071105
2.475 2.0173556003071105
2.475 2.0173556003071105
2.475 2.0173556003071105
2.475 2.0173556003071105
2.475 2.0173556003071105
2.475 2.0173556003071105
2.475 2.0173556003071105
2.475 2.0173556003071105
2.475 2.0173556003071105
2.475 2.0173556003071105
2.475 2.0173556003071105
2.49 2.024944940004603
2.49 2.024944940004603
2.495 2.03486569383825
2.495 2.03486569383825
2.5 2.0324008626084713
2.5 2.0324008626084713
2.5 2.0324008626084713
2.5 2.0324008626084713
2.5 2.0324008626084713
2.5 2.0324008626084713
2.5 2.0324008626084713
2.5 2.0324008626084713
2.5 2.0324008626084713
2.5 2.0324008626084713
2.5 2.0324008626084713
2.5 2.0324008626084713
2.5 2.0324008626084713
2.5 2.0324008626084713
2.5 2.0324008626084713
2.5 2.0324008626084713
2.5 2.0324008626084713
2.5 2.0324008626084713
2.5 2.0324008626084713
2.5 2.0324008626084713
2.5 2.0324008626084713
2.5 2.0324008626084713
2.5 2.0324008626084713
2.5 2.0324008626084713
2.5 2.0324008626084713
2.5 2.0324008626084713
2.51 2.0299020943293806
2.51 2.0299020943293806
2.51 2.0299020943293806
2.51 2.0299020943293806
2.51 2.0299020943293806
2.51 2.0299020943293806
2.51 2.0299020943293806
2.51 2.0299020943293806
2.51 2.0299020943293806
2.51 2.0299020943293806
2.51 2.0299020943293806
2.51 2.0299020943293806
2.51 2.0299020943293806
2.515 2.0298711497092876
2.515 2.0298711497092876
2.515 2.0298711497092876
2.515 2.0298711497092876
2.515 2.0298711497092876
2.515 2.0298711497092876
2.515 2.0298711497092876
2.515 2.0298711497092876
2.515 2.0298711497092876
2.515 2.0298711497092876
2.515 2.0298711497092876
2.515 2.0298711497092876
2.515 2.0298711497092876
2.525 2.03224632503743
2.525 2.03224632503743
2.525 2.03224632503743
2.525 2.03224632503743
2.525 2.03224632503743
2.525 2.03224632503743
2.525 2.03224632503743
2.525 2.03224632503743
2.525 2.03224632503743
2.525 2.03224632503743
2.525 2.03224632503743
2.525 2.03224632503743
2.525 2.03224632503743
2.525 2.03224632503743
2.53 2.042045481556106
2.53 2.042045481556106
2.53 2.042045481556106
2.53 2.042045481556106
2.53 2.042045481556106
2.53 2.042045481556106
2.53 2.042045481556106
2.555 2.0415224883286918
2.555 2.0415224883286918
2.555 2.0415224883286918
2.555 2.0415224883286918
2.555 2.0415224883286918
2.555 2.0415224883286918
2.555 2.0415224883286918
2.555 2.0415224883286918
2.555 2.0415224883286918
2.555 2.0415224883286918
2.555 2.0415224883286918
2.555 2.0415224883286918
2.56 2.038917832981072
2.56 2.038917832981072
2.56 2.038917832981072
2.56 2.038917832981072
2.56 2.038917832981072
2.57 2.0703943255613333
2.57 2.0703943255613333
2.585 2.0625336909080176
2.585 2.0625336909080176
2.585 2.0625336909080176
2.585 2.0625336909080176
2.585 2.0625336909080176
2.585 2.0625336909080176
2.585 2.0625336909080176
2.585 2.0625336909080176
2.585 2.0625336909080176
2.585 2.0625336909080176
2.585 2.0625336909080176
2.59 2.0574414515687134
2.59 2.0574414515687134
2.59 2.0574414515687134
2.59 2.0574414515687134
2.59 2.0574414515687134
2.59 2.0574414515687134
2.59 2.0574414515687134
2.59 2.0574414515687134
2.59 2.0574414515687134
2.59 2.0574414515687134
2.59 2.0574414515687134
2.59 2.0574414515687134
2.59 2.0574414515687134
2.59 2.0574414515687134
2.59 2.0574414515687134
2.59 2.0574414515687134
2.59 2.0574414515687134
2.59 2.0574414515687134
2.59 2.0574414515687134
2.59 2.0574414515687134
2.595 2.0523243349625298
2.595 2.0523243349625298
2.595 2.0523243349625298
2.595 2.0523243349625298
2.595 2.0523243349625298
2.595 2.0523243349625298
2.595 2.0523243349625298
2.595 2.0523243349625298
2.595 2.0523243349625298
2.595 2.0523243349625298
2.595 2.0523243349625298
2.595 2.0523243349625298
2.595 2.0523243349625298
2.595 2.0523243349625298
2.595 2.0523243349625298
2.595 2.0523243349625298
2.595 2.0523243349625298
2.595 2.0523243349625298
2.595 2.0523243349625298
2.595 2.0523243349625298
2.595 2.0523243349625298
2.595 2.0523243349625298
2.595 2.0523243349625298
2.605 2.054282204782106
2.605 2.054282204782106
2.605 2.054282204782106
2.605 2.054282204782106
2.605 2.054282204782106
2.605 2.054282204782106
2.605 2.054282204782106
2.605 2.054282204782106
2.605 2.054282204782106
2.605 2.054282204782106
2.605 2.054282204782106
2.605 2.054282204782106
2.605 2.054282204782106
2.61 2.0515712816322287
2.615 2.053743976645593
2.615 2.053743976645593
2.63 2.052844576257867
2.63 2.052844576257867
2.63 2.052844576257867
2.63 2.052844576257867
2.63 2.052844576257867
2.63 2.052844576257867
2.63 2.052844576257867
2.63 2.052844576257867
2.63 2.052844576257867
2.63 2.052844576257867
2.63 2.052844576257867
2.63 2.052844576257867
2.63 2.052844576257867
2.63 2.052844576257867
2.63 2.052844576257867
2.63 2.052844576257867
2.63 2.052844576257867
2.63 2.052844576257867
2.63 2.052844576257867
2.63 2.052844576257867
2.63 2.052844576257867
2.63 2.052844576257867
2.63 2.052844576257867
2.66 2.1581678438460385
2.66 2.1581678438460385
2.66 2.1581678438460385
2.66 2.1581678438460385
2.66 2.1581678438460385
2.66 2.1581678438460385
2.66 2.1581678438460385
2.66 2.1581678438460385
2.66 2.1581678438460385
2.665 2.15778944208695
2.665 2.15778944208695
2.665 2.15778944208695
2.665 2.15778944208695
2.665 2.15778944208695
2.665 2.15778944208695
2.665 2.15778944208695
2.665 2.15778944208695
2.665 2.15778944208695
2.665 2.15778944208695
2.665 2.15778944208695
2.665 2.15778944208695
2.665 2.15778944208695
2.665 2.15778944208695
2.665 2.15778944208695
2.665 2.15778944208695
2.665 2.15778944208695
2.665 2.15778944208695
2.665 2.15778944208695
2.665 2.15778944208695
2.665 2.15778944208695
2.665 2.15778944208695
2.665 2.15778944208695
2.665 2.15778944208695
2.665 2.15778944208695
2.665 2.15778944208695
2.665 2.15778944208695
2.665 2.15778944208695
2.665 2.15778944208695
2.665 2.15778944208695
2.67 2.1620528119842577
2.67 2.1620528119842577
2.67 2.1620528119842577
2.67 2.1620528119842577
2.67 2.1620528119842577
2.67 2.1620528119842577
2.67 2.1620528119842577
2.675 2.1732441072619437
2.675 2.1732441072619437
2.675 2.1732441072619437
2.675 2.1732441072619437
2.675 2.1732441072619437
2.675 2.1732441072619437
2.675 2.1732441072619437
2.675 2.1732441072619437
2.675 2.1732441072619437
2.675 2.1732441072619437
2.675 2.1732441072619437
2.675 2.1732441072619437
2.675 2.1732441072619437
2.675 2.1732441072619437
2.69 2.171977770877482
2.69 2.171977770877482
2.69 2.171977770877482
2.69 2.171977770877482
2.69 2.171977770877482
2.69 2.171977770877482
2.69 2.171977770877482
2.695 2.1715323538504085
2.695 2.1715323538504085
2.695 2.1715323538504085
2.695 2.1715323538504085
2.695 2.1715323538504085
2.695 2.1715323538504085
2.695 2.1715323538504085
2.695 2.1715323538504085
2.695 2.1715323538504085
2.695 2.1715323538504085
2.695 2.1715323538504085
2.705 2.163650135661434
2.705 2.163650135661434
2.705 2.163650135661434
2.705 2.163650135661434
2.705 2.163650135661434
2.705 2.163650135661434
2.705 2.163650135661434
2.705 2.163650135661434
2.705 2.163650135661434
2.705 2.163650135661434
2.72 2.1621690207686983
2.72 2.1621690207686983
2.72 2.1621690207686983
2.72 2.1621690207686983
2.72 2.1621690207686983
2.72 2.1621690207686983
2.74 2.1831699786729595
2.74 2.1831699786729595
2.755 2.1745385925414746
2.755 2.1745385925414746
2.755 2.1745385925414746
2.755 2.1745385925414746
2.765 2.175647538333193
2.765 2.175647538333193
2.765 2.175647538333193
2.765 2.175647538333193
2.77 2.179645446249637
2.77 2.179645446249637
2.77 2.179645446249637
2.77 2.179645446249637
2.77 2.179645446249637
2.77 2.179645446249637
2.77 2.179645446249637
2.77 2.179645446249637
2.775 2.1743999345513436
2.775 2.1743999345513436
2.775 2.1743999345513436
2.775 2.1743999345513436
2.775 2.1743999345513436
2.775 2.1743999345513436
2.775 2.1743999345513436
2.775 2.1743999345513436
2.78 2.1737585262980006
2.78 2.1737585262980006
2.8 2.1664411685257954
2.8 2.1664411685257954
2.8 2.1664411685257954
2.8 2.1664411685257954
2.8 2.1664411685257954
2.805 2.1634178709676255
2.805 2.1634178709676255
2.805 2.1634178709676255
2.805 2.1634178709676255
2.805 2.1634178709676255
2.805 2.1634178709676255
2.805 2.1634178709676255
2.805 2.1634178709676255
2.815 2.159651702795367
2.82 2.165884409746265
2.82 2.165884409746265
2.82 2.165884409746265
2.82 2.165884409746265
2.83 2.16205281198426
2.83 2.16205281198426
2.83 2.16205281198426
2.83 2.16205281198426
2.83 2.16205281198426
2.83 2.16205281198426
2.83 2.16205281198426
2.83 2.16205281198426
2.83 2.16205281198426
2.83 2.16205281198426
2.83 2.16205281198426
2.83 2.16205281198426
2.83 2.16205281198426
2.83 2.16205281198426
2.83 2.16205281198426
2.83 2.16205281198426
2.83 2.16205281198426
2.83 2.16205281198426
2.83 2.16205281198426
2.83 2.16205281198426
2.83 2.16205281198426
2.83 2.16205281198426
2.83 2.16205281198426
2.83 2.16205281198426
2.83 2.16205281198426
2.83 2.16205281198426
2.83 2.16205281198426
2.83 2.16205281198426
2.83 2.16205281198426
2.83 2.16205281198426
2.83 2.16205281198426
2.83 2.16205281198426
2.83 2.16205281198426
2.83 2.16205281198426
2.83 2.16205281198426
2.83 2.16205281198426
2.83 2.16205281198426
2.835 2.1636036847173785
2.835 2.1636036847173785
2.835 2.1636036847173785
2.84 2.1604950112109367
2.84 2.1604950112109367
2.84 2.1604950112109367
2.84 2.1604950112109367
2.84 2.1604950112109367
2.84 2.1604950112109367
2.85 2.151895273086413
2.85 2.151895273086413
2.85 2.151895273086413
2.85 2.151895273086413
2.85 2.151895273086413
2.85 2.151895273086413
2.85 2.151895273086413
2.85 2.151895273086413
2.85 2.151895273086413
2.85 2.151895273086413
2.85 2.151895273086413
2.85 2.151895273086413
2.85 2.151895273086413
2.85 2.151895273086413
2.85 2.151895273086413
2.85 2.151895273086413
2.85 2.151895273086413
2.85 2.151895273086413
2.85 2.151895273086413
2.85 2.151895273086413
2.85 2.151895273086413
2.85 2.151895273086413
2.85 2.151895273086413
2.85 2.151895273086413
2.85 2.151895273086413
2.85 2.151895273086413
2.85 2.151895273086413
2.85 2.151895273086413
2.85 2.151895273086413
2.85 2.151895273086413
2.85 2.151895273086413
2.85 2.151895273086413
2.85 2.151895273086413
2.85 2.151895273086413
2.85 2.151895273086413
2.85 2.151895273086413
2.85 2.151895273086413
2.85 2.151895273086413
2.85 2.151895273086413
2.85 2.151895273086413
2.85 2.151895273086413
2.85 2.151895273086413
2.85 2.151895273086413
2.85 2.151895273086413
2.85 2.151895273086413
2.85 2.151895273086413
2.85 2.151895273086413
2.85 2.151895273086413
2.855 2.1463946632088127
2.855 2.1463946632088127
2.855 2.1463946632088127
2.87 2.157865127747265
2.87 2.157865127747265
2.895 2.176617402435006
2.905 2.190884495899283
2.905 2.190884495899283
2.91 2.1876537993312906
2.91 2.1876537993312906
2.91 2.1876537993312906
2.91 2.1876537993312906
2.91 2.1876537993312906
2.92 2.1972115723041648
2.92 2.1972115723041648
2.92 2.1972115723041648
2.92 2.1972115723041648
2.92 2.1972115723041648
2.92 2.1972115723041648
2.92 2.1972115723041648
2.92 2.1972115723041648
2.92 2.1972115723041648
2.92 2.1972115723041648
2.92 2.1972115723041648
2.92 2.1972115723041648
2.92 2.1972115723041648
2.92 2.1972115723041648
2.92 2.1972115723041648
2.92 2.1972115723041648
2.92 2.1972115723041648
2.92 2.1972115723041648
2.92 2.1972115723041648
2.92 2.1972115723041648
2.92 2.1972115723041648
2.92 2.1972115723041648
2.92 2.1972115723041648
2.92 2.1972115723041648
2.92 2.1972115723041648
2.92 2.1972115723041648
2.92 2.1972115723041648
2.92 2.1972115723041648
2.92 2.1972115723041648
2.955 2.2152906271670236
2.955 2.2152906271670236
2.955 2.2152906271670236
2.955 2.2152906271670236
2.955 2.2152906271670236
2.955 2.2152906271670236
2.955 2.2152906271670236
2.96 2.2142525991549227
2.96 2.2142525991549227
2.96 2.2142525991549227
2.96 2.2142525991549227
2.96 2.2142525991549227
2.96 2.2142525991549227
2.96 2.2142525991549227
2.96 2.2142525991549227
2.985 2.208884527147439
2.985 2.208884527147439
3.0 2.2394363971509486
3.01 2.230420110505355
3.01 2.230420110505355
3.01 2.230420110505355
3.01 2.230420110505355
3.01 2.230420110505355
3.01 2.230420110505355
3.01 2.230420110505355
3.01 2.230420110505355
3.01 2.230420110505355
3.01 2.230420110505355
3.01 2.230420110505355
3.02 2.2483047773509925
3.02 2.2483047773509925
3.02 2.2483047773509925
3.02 2.2483047773509925
3.02 2.2483047773509925
3.02 2.2483047773509925
3.02 2.2483047773509925
3.02 2.2483047773509925
3.025 2.247136648176492
3.025 2.247136648176492
3.025 2.247136648176492
3.025 2.247136648176492
3.025 2.247136648176492
3.025 2.247136648176492
3.025 2.247136648176492
3.025 2.247136648176492
3.025 2.247136648176492
3.025 2.247136648176492
3.025 2.247136648176492
3.035 2.247002470070409
3.035 2.247002470070409
3.035 2.247002470070409
3.035 2.247002470070409
3.055 2.3083799709866355
3.055 2.3083799709866355
3.055 2.3083799709866355
3.055 2.3083799709866355
3.055 2.3083799709866355
3.055 2.3083799709866355
3.055 2.3083799709866355
3.055 2.3083799709866355
3.055 2.3083799709866355
3.055 2.3083799709866355
3.055 2.3083799709866355
3.055 2.3083799709866355
3.055 2.3083799709866355
3.055 2.3083799709866355
3.055 2.3083799709866355
3.055 2.3083799709866355
3.055 2.3083799709866355
3.055 2.3083799709866355
3.055 2.3083799709866355
3.055 2.3083799709866355
3.055 2.3083799709866355
3.055 2.3083799709866355
3.055 2.3083799709866355
3.055 2.3083799709866355
3.055 2.3083799709866355
3.055 2.3083799709866355
3.055 2.3083799709866355
3.055 2.3083799709866355
3.055 2.3083799709866355
3.055 2.3083799709866355
3.055 2.3083799709866355
3.065 2.299393627736755
3.065 2.299393627736755
3.07 2.3090601538222972
3.07 2.3090601538222972
3.07 2.3090601538222972
3.07 2.3090601538222972
3.07 2.3090601538222972
3.07 2.3090601538222972
3.07 2.3090601538222972
3.07 2.3090601538222972
3.07 2.3090601538222972
3.07 2.3090601538222972
3.07 2.3090601538222972
3.07 2.3090601538222972
3.07 2.3090601538222972
3.07 2.3090601538222972
3.07 2.3090601538222972
3.07 2.3090601538222972
3.07 2.3090601538222972
3.07 2.3090601538222972
3.07 2.3090601538222972
3.07 2.3090601538222972
3.07 2.3090601538222972
3.07 2.3090601538222972
3.07 2.3090601538222972
3.075 2.331642723262879
3.08 2.326081096250011
3.08 2.326081096250011
3.08 2.326081096250011
3.08 2.326081096250011
3.08 2.326081096250011
3.08 2.326081096250011
3.08 2.326081096250011
3.08 2.326081096250011
3.085 2.3248223577243206
3.085 2.3248223577243206
3.085 2.3248223577243206
3.085 2.3248223577243206
3.085 2.3248223577243206
3.085 2.3248223577243206
3.09 2.3321868444417
3.09 2.3321868444417
3.11 2.339930849813628
3.115 2.336465354281719
3.115 2.336465354281719
3.115 2.336465354281719
3.115 2.336465354281719
3.115 2.336465354281719
3.115 2.336465354281719
3.14 2.3297076401218733
3.14 2.3297076401218733
3.14 2.3297076401218733
3.14 2.3297076401218733
3.14 2.3297076401218733
3.14 2.3297076401218733
3.14 2.3297076401218733
3.14 2.3297076401218733
3.14 2.3297076401218733
3.14 2.3297076401218733
3.14 2.3297076401218733
3.14 2.3297076401218733
3.14 2.3297076401218733
3.14 2.3297076401218733
3.14 2.3297076401218733
3.14 2.3297076401218733
3.14 2.3297076401218733
3.14 2.3297076401218733
3.14 2.3297076401218733
3.155 2.3384431964267574
3.155 2.3384431964267574
3.155 2.3384431964267574
3.155 2.3384431964267574
3.155 2.3384431964267574
3.155 2.3384431964267574
3.155 2.3384431964267574
3.155 2.3384431964267574
3.155 2.3384431964267574
3.155 2.3384431964267574
3.155 2.3384431964267574
3.155 2.3384431964267574
3.155 2.3384431964267574
3.155 2.3384431964267574
3.155 2.3384431964267574
3.155 2.3384431964267574
3.155 2.3384431964267574
3.165 2.3463378928742733
3.19 2.423482273848582
3.19 2.423482273848582
3.195 2.422045939420496
3.195 2.422045939420496
3.195 2.422045939420496
3.195 2.422045939420496
3.195 2.422045939420496
3.195 2.422045939420496
3.195 2.422045939420496
3.195 2.422045939420496
3.195 2.422045939420496
3.195 2.422045939420496
3.195 2.422045939420496
3.195 2.422045939420496
3.195 2.422045939420496
3.195 2.422045939420496
3.195 2.422045939420496
3.195 2.422045939420496
3.195 2.422045939420496
3.195 2.422045939420496
3.2 2.4453833027743226
3.205 2.4439392782923055
3.205 2.4439392782923055
3.205 2.4439392782923055
3.21 2.438365875069511
3.21 2.438365875069511
3.21 2.438365875069511
3.21 2.438365875069511
3.21 2.438365875069511
3.215 2.438958299754164
3.215 2.438958299754164
3.215 2.438958299754164
3.225 2.433925835943724
3.225 2.433925835943724
3.225 2.433925835943724
3.225 2.433925835943724
3.225 2.433925835943724
3.225 2.433925835943724
3.225 2.433925835943724
3.225 2.433925835943724
3.225 2.433925835943724
3.225 2.433925835943724
3.225 2.433925835943724
3.24 2.4231712267130177
3.24 2.4231712267130177
3.24 2.4231712267130177
3.24 2.4231712267130177
3.24 2.4231712267130177
3.24 2.4231712267130177
3.24 2.4231712267130177
3.24 2.4231712267130177
3.24 2.4231712267130177
3.24 2.4231712267130177
3.24 2.4231712267130177
3.24 2.4231712267130177
3.24 2.4231712267130177
3.24 2.4231712267130177
3.255 2.418516302514343
3.255 2.418516302514343
3.255 2.418516302514343
3.255 2.418516302514343
3.255 2.418516302514343
3.255 2.418516302514343
3.255 2.418516302514343
3.255 2.418516302514343
3.255 2.418516302514343
3.255 2.418516302514343
3.255 2.418516302514343
3.26 2.416941877704346
3.26 2.416941877704346
3.26 2.416941877704346
3.26 2.416941877704346
3.26 2.416941877704346
3.26 2.416941877704346
3.26 2.416941877704346
3.26 2.416941877704346
3.26 2.416941877704346
3.26 2.416941877704346
3.26 2.416941877704346
3.26 2.416941877704346
3.26 2.416941877704346
3.26 2.416941877704346
3.26 2.416941877704346
3.26 2.416941877704346
3.26 2.416941877704346
3.28 2.4312868565626915
3.285 2.4296690015898124
3.285 2.4296690015898124
3.285 2.4296690015898124
3.285 2.4296690015898124
3.285 2.4296690015898124
3.285 2.4296690015898124
3.285 2.4296690015898124
3.285 2.4296690015898124
3.285 2.4296690015898124
3.285 2.4296690015898124
3.285 2.4296690015898124
3.285 2.4296690015898124
3.285 2.4296690015898124
3.285 2.4296690015898124
3.285 2.4296690015898124
3.285 2.4296690015898124
3.285 2.4296690015898124
3.285 2.4296690015898124
3.3 2.443327494674255
3.3 2.443327494674255
3.3 2.443327494674255
3.3 2.443327494674255
3.3 2.443327494674255
3.3 2.443327494674255
3.3 2.443327494674255
3.3 2.443327494674255
3.3 2.443327494674255
3.3 2.443327494674255
3.305 2.4416764567808724
3.315 2.4362783628531752
3.315 2.4362783628531752
3.315 2.4362783628531752
3.315 2.4362783628531752
3.315 2.4362783628531752
3.315 2.4362783628531752
3.315 2.4362783628531752
3.315 2.4362783628531752
3.315 2.4362783628531752
3.315 2.4362783628531752
3.315 2.4362783628531752
3.315 2.4362783628531752
3.315 2.4362783628531752
3.315 2.4362783628531752
3.315 2.4362783628531752
3.315 2.4362783628531752
3.315 2.4362783628531752
3.315 2.4362783628531752
3.315 2.4362783628531752
3.32 2.436654762612219
3.32 2.436654762612219
3.32 2.436654762612219
3.325 2.430826937070994
3.345 2.4197626446164935
3.345 2.4197626446164935
3.345 2.4197626446164935
3.345 2.4197626446164935
3.345 2.4197626446164935
3.355 2.4224608527104365
3.355 2.4224608527104365
3.355 2.4224608527104365
3.355 2.4224608527104365
3.355 2.4224608527104365
3.355 2.4224608527104365
3.355 2.4224608527104365
3.355 2.4224608527104365
3.355 2.4224608527104365
3.355 2.4224608527104365
3.355 2.4224608527104365
3.355 2.4224608527104365
3.355 2.4224608527104365
3.355 2.4224608527104365
3.355 2.4224608527104365
3.355 2.4224608527104365
3.355 2.4224608527104365
3.355 2.4224608527104365
3.355 2.4224608527104365
3.375 2.4687748472129156
3.375 2.4687748472129156
3.375 2.4687748472129156
3.375 2.4687748472129156
3.375 2.4687748472129156
3.375 2.4687748472129156
3.375 2.4687748472129156
3.375 2.4687748472129156
3.375 2.4687748472129156
3.375 2.4687748472129156
3.375 2.4687748472129156
3.375 2.4687748472129156
3.375 2.4687748472129156
3.375 2.4687748472129156
3.375 2.4687748472129156
3.375 2.4687748472129156
3.375 2.4687748472129156
3.375 2.4687748472129156
3.375 2.4687748472129156
3.375 2.4687748472129156
3.375 2.4687748472129156
3.375 2.4687748472129156
3.375 2.4687748472129156
3.39 2.4572526228007794
3.39 2.4572526228007794
3.39 2.4572526228007794
3.39 2.4572526228007794
3.39 2.4572526228007794
3.39 2.4572526228007794
3.39 2.4572526228007794
3.39 2.4572526228007794
3.39 2.4572526228007794
3.39 2.4572526228007794
3.39 2.4572526228007794
3.39 2.4572526228007794
3.39 2.4572526228007794
3.39 2.4572526228007794
3.39 2.4572526228007794
3.39 2.4572526228007794
3.39 2.4572526228007794
3.39 2.4572526228007794
3.39 2.4572526228007794
3.39 2.4572526228007794
3.39 2.4572526228007794
3.39 2.4572526228007794
3.39 2.4572526228007794
3.39 2.4572526228007794
3.39 2.4572526228007794
3.39 2.4572526228007794
3.39 2.4572526228007794
3.39 2.4572526228007794
3.39 2.4572526228007794
3.39 2.4572526228007794
3.39 2.4572526228007794
3.39 2.4572526228007794
3.39 2.4572526228007794
3.39 2.4572526228007794
3.39 2.4572526228007794
3.415 2.528784044500159
3.415 2.528784044500159
3.415 2.528784044500159
3.415 2.528784044500159
3.415 2.528784044500159
3.45 2.571099524292884
3.45 2.571099524292884
3.45 2.571099524292884
3.45 2.571099524292884
3.45 2.571099524292884
3.45 2.571099524292884
3.45 2.571099524292884
3.45 2.571099524292884
3.45 2.571099524292884
3.45 2.571099524292884
3.46 2.5654057247662236
3.46 2.5654057247662236
3.46 2.5654057247662236
3.46 2.5654057247662236
3.46 2.5654057247662236
3.46 2.5654057247662236
3.46 2.5654057247662236
3.46 2.5654057247662236
3.46 2.5654057247662236
3.46 2.5654057247662236
3.46 2.5654057247662236
3.46 2.5654057247662236
3.46 2.5654057247662236
3.46 2.5654057247662236
3.46 2.5654057247662236
3.46 2.5654057247662236
3.46 2.5654057247662236
3.46 2.5654057247662236
3.46 2.5654057247662236
3.46 2.5654057247662236
3.46 2.5654057247662236
3.46 2.5654057247662236
3.46 2.5654057247662236
3.46 2.5654057247662236
3.46 2.5654057247662236
3.46 2.5654057247662236
3.46 2.5654057247662236
3.46 2.5654057247662236
3.48 2.577365723049746
3.48 2.577365723049746
3.48 2.577365723049746
3.5 2.604595860779547
3.5 2.604595860779547
3.5 2.604595860779547
3.5 2.604595860779547
3.5 2.604595860779547
3.5 2.604595860779547
3.5 2.604595860779547
3.5 2.604595860779547
3.5 2.604595860779547
3.5 2.604595860779547
3.55 2.801202182696153
3.55 2.801202182696153
3.55 2.801202182696153
3.55 2.801202182696153
3.55 2.801202182696153
3.55 2.801202182696153
3.55 2.801202182696153
3.55 2.801202182696153
3.55 2.801202182696153
3.55 2.801202182696153
3.55 2.801202182696153
3.55 2.801202182696153
3.55 2.801202182696153
3.555 2.8046936611086966
3.56 2.802798314534923
3.56 2.802798314534923
3.56 2.802798314534923
3.56 2.802798314534923
3.575 2.807809461101169
3.575 2.807809461101169
3.575 2.807809461101169
3.58 2.8040889024537563
3.58 2.8040889024537563
3.58 2.8040889024537563
3.59 2.7984022720798922
3.59 2.7984022720798922
3.59 2.7984022720798922
3.59 2.7984022720798922
3.59 2.7984022720798922
3.59 2.7984022720798922
3.59 2.7984022720798922
3.59 2.7984022720798922
3.59 2.7984022720798922
3.61 2.8298303303365184
3.61 2.8298303303365184
3.61 2.8298303303365184
3.62 2.866475783446528
3.62 2.866475783446528
3.62 2.866475783446528
3.62 2.866475783446528
3.62 2.866475783446528
3.62 2.866475783446528
3.64 2.8620546437689782
3.64 2.8620546437689782
3.64 2.8620546437689782
3.64 2.8620546437689782
3.64 2.8620546437689782
3.64 2.8620546437689782
3.64 2.8620546437689782
3.65 2.887766607587861
3.65 2.887766607587861
3.655 2.8857603963819733
3.655 2.8857603963819733
3.655 2.8857603963819733
3.67 2.9264175365094376
3.67 2.9264175365094376
3.68 2.92409845230867
3.68 2.92409845230867
3.68 2.92409845230867
3.68 2.92409845230867
3.68 2.92409845230867
3.68 2.92409845230867
3.68 2.92409845230867
3.68 2.92409845230867
3.68 2.92409845230867
3.68 2.92409845230867
3.68 2.92409845230867
3.68 2.92409845230867
3.685 2.932365741891877
3.685 2.932365741891877
3.685 2.932365741891877
3.685 2.932365741891877
3.685 2.932365741891877
3.69 2.9268983016739267
3.69 2.9268983016739267
3.69 2.9268983016739267
3.7 2.9450580357899376
3.7 2.9450580357899376
3.7 2.9450580357899376
3.7 2.9450580357899376
3.7 2.9450580357899376
3.7 2.9450580357899376
3.7 2.9450580357899376
3.7 2.9450580357899376
3.7 2.9450580357899376
3.7 2.9450580357899376
3.7 2.9450580357899376
3.7 2.9450580357899376
3.7 2.9450580357899376
3.7 2.9450580357899376
3.7 2.9450580357899376
3.7 2.9450580357899376
3.7 2.9450580357899376
3.7 2.9450580357899376
3.7 2.9450580357899376
3.7 2.9450580357899376
3.7 2.9450580357899376
3.7 2.9450580357899376
3.7 2.9450580357899376
3.7 2.9450580357899376
3.71 2.939233824891606
3.71 2.939233824891606
3.71 2.939233824891606
3.71 2.939233824891606
3.71 2.939233824891606
3.71 2.939233824891606
3.71 2.939233824891606
3.71 2.939233824891606
3.71 2.939233824891606
3.71 2.939233824891606
3.71 2.939233824891606
3.71 2.939233824891606
3.71 2.939233824891606
3.71 2.939233824891606
3.71 2.939233824891606
3.715 2.9405798833310515
3.715 2.9405798833310515
3.715 2.9405798833310515
3.715 2.9405798833310515
3.715 2.9405798833310515
3.715 2.9405798833310515
3.715 2.9405798833310515
3.715 2.9405798833310515
3.715 2.9405798833310515
3.715 2.9405798833310515
3.715 2.9405798833310515
3.715 2.9405798833310515
3.725 2.9381180521623382
3.725 2.9381180521623382
3.725 2.9381180521623382
3.725 2.9381180521623382
3.725 2.9381180521623382
3.725 2.9381180521623382
3.725 2.9381180521623382
3.725 2.9381180521623382
3.725 2.9381180521623382
3.725 2.9381180521623382
3.725 2.9381180521623382
3.725 2.9381180521623382
3.725 2.9381180521623382
3.725 2.9381180521623382
3.725 2.9381180521623382
3.725 2.9381180521623382
3.725 2.9381180521623382
3.725 2.9381180521623382
3.725 2.9381180521623382
3.725 2.9381180521623382
3.725 2.9381180521623382
3.725 2.9381180521623382
3.73 2.95478489383647
3.73 2.95478489383647
3.73 2.95478489383647
3.73 2.95478489383647
3.73 2.95478489383647
3.73 2.95478489383647
3.73 2.95478489383647
3.73 2.95478489383647
3.73 2.95478489383647
3.73 2.95478489383647
3.73 2.95478489383647
3.73 2.95478489383647
3.73 2.95478489383647
3.73 2.95478489383647
3.74 2.962478929382481
3.74 2.962478929382481
3.74 2.962478929382481
3.745 2.9586726278168953
3.745 2.9586726278168953
3.745 2.9586726278168953
3.745 2.9586726278168953
3.745 2.9586726278168953
3.745 2.9586726278168953
3.745 2.9586726278168953
3.75 2.963343894180336
3.765 2.9637296549005097
3.765 2.9637296549005097
3.765 2.9637296549005097
3.765 2.9637296549005097
3.765 2.9637296549005097
3.765 2.9637296549005097
3.765 2.9637296549005097
3.765 2.9637296549005097
3.775 2.957721348925461
3.775 2.957721348925461
3.775 2.957721348925461
3.775 2.957721348925461
3.775 2.957721348925461
3.775 2.957721348925461
3.775 2.957721348925461
3.78 2.962343225714178
3.78 2.962343225714178
3.78 2.962343225714178
3.78 2.962343225714178
3.785 2.963560095933781
3.785 2.963560095933781
3.785 2.963560095933781
3.785 2.963560095933781
3.785 2.963560095933781
3.785 2.963560095933781
3.785 2.963560095933781
3.785 2.963560095933781
3.785 2.963560095933781
3.785 2.963560095933781
3.785 2.963560095933781
3.785 2.963560095933781
3.785 2.963560095933781
3.79 2.963072559856551
3.79 2.963072559856551
3.79 2.963072559856551
3.79 2.963072559856551
3.79 2.963072559856551
3.79 2.963072559856551
3.795 2.9608797755441123
3.8 2.95697794935384
3.8 2.95697794935384
3.8 2.95697794935384
3.8 2.95697794935384
3.8 2.95697794935384
3.8 2.95697794935384
3.815 2.985858630075107
3.815 2.985858630075107
3.815 2.985858630075107
3.815 2.985858630075107
3.815 2.985858630075107
3.815 2.985858630075107
3.815 2.985858630075107
3.815 2.985858630075107
3.815 2.985858630075107
3.815 2.985858630075107
3.815 2.985858630075107
3.815 2.985858630075107
3.815 2.985858630075107
3.815 2.985858630075107
3.815 2.985858630075107
3.815 2.985858630075107
3.815 2.985858630075107
3.815 2.985858630075107
3.815 2.985858630075107
3.815 2.985858630075107
3.815 2.985858630075107
3.815 2.985858630075107
3.815 2.985858630075107
3.815 2.985858630075107
3.815 2.985858630075107
3.815 2.985858630075107
3.815 2.985858630075107
3.815 2.985858630075107
3.815 2.985858630075107
3.815 2.985858630075107
3.815 2.985858630075107
3.815 2.985858630075107
3.85 2.9869902163823374
3.85 2.9869902163823374
3.85 2.9869902163823374
3.85 2.9869902163823374
3.85 2.9869902163823374
3.85 2.9869902163823374
3.85 2.9869902163823374
3.85 2.9869902163823374
3.85 2.9869902163823374
3.85 2.9869902163823374
3.85 2.9869902163823374
3.85 2.9869902163823374
3.85 2.9869902163823374
3.86 2.977368572765296
3.86 2.977368572765296
3.86 2.977368572765296
3.86 2.977368572765296
3.86 2.977368572765296
3.86 2.977368572765296
3.86 2.977368572765296
3.86 2.977368572765296
3.86 2.977368572765296
3.86 2.977368572765296
3.865 2.9801310213684626
3.865 2.9801310213684626
3.865 2.9801310213684626
3.865 2.9801310213684626
3.865 2.9801310213684626
3.87 2.97782423691018
3.87 2.97782423691018
3.87 2.97782423691018
3.87 2.97782423691018
3.875 2.9923478622384825
3.875 2.9923478622384825
3.875 2.9923478622384825
3.875 2.9923478622384825
3.875 2.9923478622384825
3.875 2.9923478622384825
3.89 2.9954571970060724
3.89 2.9954571970060724
3.89 2.9954571970060724
3.905 2.9934560117817575
3.905 2.9934560117817575
3.905 2.9934560117817575
3.905 2.9934560117817575
3.905 2.9934560117817575
3.905 2.9934560117817575
3.905 2.9934560117817575
3.905 2.9934560117817575
3.905 2.9934560117817575
3.905 2.9934560117817575
3.905 2.9934560117817575
3.905 2.9934560117817575
3.91 2.9910923031275995
3.91 2.9910923031275995
3.91 2.9910923031275995
3.91 2.9910923031275995
3.91 2.9910923031275995
3.91 2.9910923031275995
3.91 2.9910923031275995
3.91 2.9910923031275995
3.91 2.9910923031275995
3.925 2.9839394216977366
3.925 2.9839394216977366
3.925 2.9839394216977366
3.94 2.9817535564423765
3.94 2.9817535564423765
3.94 2.9817535564423765
3.94 2.9817535564423765
3.945 2.9927844549799865
3.945 2.9927844549799865
3.945 2.9927844549799865
3.945 2.9927844549799865
3.945 2.9927844549799865
3.95 2.9987434554422596
3.95 2.9987434554422596
3.95 2.9987434554422596
3.95 2.9987434554422596
3.95 2.9987434554422596
3.95 2.9987434554422596
3.95 2.9987434554422596
3.95 2.9987434554422596
3.95 2.9987434554422596
3.95 2.9987434554422596
3.95 2.9987434554422596
3.965 2.996442614452773
3.965 2.996442614452773
3.965 2.996442614452773
3.965 2.996442614452773
3.965 2.996442614452773
3.965 2.996442614452773
3.965 2.996442614452773
3.965 2.996442614452773
3.965 2.996442614452773
3.965 2.996442614452773
3.97 2.9906218576539256
3.97 2.9906218576539256
3.97 2.9906218576539256
3.97 2.9906218576539256
3.97 2.9906218576539256
3.97 2.9906218576539256
3.97 2.9906218576539256
3.97 2.9906218576539256
3.97 2.9906218576539256
3.97 2.9906218576539256
3.97 2.9906218576539256
3.97 2.9906218576539256
3.97 2.9906218576539256
3.97 2.9906218576539256
3.97 2.9906218576539256
3.97 2.9906218576539256
3.97 2.9906218576539256
3.97 2.9906218576539256
3.97 2.9906218576539256
3.97 2.9906218576539256
3.97 2.9906218576539256
3.97 2.9906218576539256
3.97 2.9906218576539256
3.985 3.0083259673160683
3.985 3.0083259673160683
3.985 3.0083259673160683
3.985 3.0083259673160683
3.985 3.0083259673160683
3.985 3.0083259673160683
3.985 3.0083259673160683
3.985 3.0083259673160683
3.985 3.0083259673160683
3.985 3.0083259673160683
3.985 3.0083259673160683
3.99 3.0108513963085692
3.99 3.0108513963085692
3.99 3.0108513963085692
3.995 3.0050167434043917
3.995 3.0050167434043917
3.995 3.0050167434043917
3.995 3.0050167434043917
3.995 3.0050167434043917
3.995 3.0050167434043917
3.995 3.0050167434043917
3.995 3.0050167434043917
3.995 3.0050167434043917
3.995 3.0050167434043917
4.015 3.0514474693645703
4.015 3.0514474693645703
4.015 3.0514474693645703
4.015 3.0514474693645703
4.015 3.0514474693645703
4.015 3.0514474693645703
4.015 3.0514474693645703
4.015 3.0514474693645703
4.015 3.0514474693645703
4.015 3.0514474693645703
4.015 3.0514474693645703
4.015 3.0514474693645703
4.015 3.0514474693645703
4.015 3.0514474693645703
4.015 3.0514474693645703
4.025 3.071080048340745
4.025 3.071080048340745
4.025 3.071080048340745
4.025 3.071080048340745
4.025 3.071080048340745
4.025 3.071080048340745
4.03 3.068579623298471
4.03 3.068579623298471
4.03 3.068579623298471
4.03 3.068579623298471
4.03 3.068579623298471
4.03 3.068579623298471
4.03 3.068579623298471
4.03 3.068579623298471
4.03 3.068579623298471
4.03 3.068579623298471
4.03 3.068579623298471
4.03 3.068579623298471
4.03 3.068579623298471
4.03 3.068579623298471
4.03 3.068579623298471
4.03 3.068579623298471
4.03 3.068579623298471
4.03 3.068579623298471
4.03 3.068579623298471
4.03 3.068579623298471
4.03 3.068579623298471
4.045 3.0757562292726575
4.045 3.0757562292726575
4.045 3.0757562292726575
4.045 3.0757562292726575
4.045 3.0757562292726575
4.05 3.0748616016573416
4.05 3.0748616016573416
4.05 3.0748616016573416
4.05 3.0748616016573416
4.05 3.0748616016573416
4.05 3.0748616016573416
4.055 3.072323364210118
4.055 3.072323364210118
4.055 3.072323364210118
4.055 3.072323364210118
4.055 3.072323364210118
4.055 3.072323364210118
4.055 3.072323364210118
4.055 3.072323364210118
4.055 3.072323364210118
4.055 3.072323364210118
4.055 3.072323364210118
4.055 3.072323364210118
4.055 3.072323364210118
4.06 3.0681374377109316
4.06 3.0681374377109316
4.06 3.0681374377109316
4.06 3.0681374377109316
4.06 3.0681374377109316
4.06 3.0681374377109316
4.06 3.0681374377109316
4.06 3.0681374377109316
4.06 3.0681374377109316
4.06 3.0681374377109316
4.06 3.0681374377109316
4.06 3.0681374377109316
4.06 3.0681374377109316
4.06 3.0681374377109316
4.06 3.0681374377109316
4.06 3.0681374377109316
4.06 3.0681374377109316
4.06 3.0681374377109316
4.06 3.0681374377109316
4.065 3.0672160129915422
4.065 3.0672160129915422
4.065 3.0672160129915422
4.065 3.0672160129915422
4.065 3.0672160129915422
4.065 3.0672160129915422
4.065 3.0672160129915422
4.065 3.0672160129915422
4.065 3.0672160129915422
4.065 3.0672160129915422
4.065 3.0672160129915422
4.065 3.0672160129915422
4.065 3.0672160129915422
4.07 3.0826308675101943
4.07 3.0826308675101943
4.07 3.0826308675101943
4.07 3.0826308675101943
4.07 3.0826308675101943
4.07 3.0826308675101943
4.07 3.0826308675101943
4.07 3.0826308675101943
4.07 3.0826308675101943
4.07 3.0826308675101943
4.07 3.0826308675101943
4.07 3.0826308675101943
4.07 3.0826308675101943
4.07 3.0826308675101943
4.07 3.0826308675101943
4.07 3.0826308675101943
4.07 3.0826308675101943
4.07 3.0826308675101943
4.07 3.0826308675101943
4.07 3.0826308675101943
4.07 3.0826308675101943
4.07 3.0826308675101943
4.07 3.0826308675101943
4.07 3.0826308675101943
4.07 3.0826308675101943
4.07 3.0826308675101943
4.07 3.0826308675101943
4.07 3.0826308675101943
4.07 3.0826308675101943
4.085 3.0798053518079853
4.085 3.0798053518079853
4.085 3.0798053518079853
4.085 3.0798053518079853
4.09 3.0804783287126587
4.09 3.0804783287126587
4.09 3.0804783287126587
4.09 3.0804783287126587
4.09 3.0804783287126587
4.09 3.0804783287126587
4.09 3.0804783287126587
4.09 3.0804783287126587
4.09 3.0804783287126587
4.09 3.0804783287126587
4.095 3.0811430039930388
4.095 3.0811430039930388
4.095 3.0811430039930388
4.095 3.0811430039930388
4.095 3.0811430039930388
4.095 3.0811430039930388
4.095 3.0811430039930388
4.1 3.0785364923407004
4.1 3.0785364923407004
4.1 3.0785364923407004
4.1 3.0785364923407004
4.1 3.0785364923407004
4.1 3.0785364923407004
4.1 3.0785364923407004
4.1 3.0785364923407004
4.1 3.0785364923407004
4.1 3.0785364923407004
4.1 3.0785364923407004
4.1 3.0785364923407004
4.1 3.0785364923407004
4.1 3.0785364923407004
4.1 3.0785364923407004
4.1 3.0785364923407004
4.1 3.0785364923407004
4.1 3.0785364923407004
4.1 3.0785364923407004
4.1 3.0785364923407004
4.1 3.0785364923407004
4.1 3.0785364923407004
4.1 3.0785364923407004
4.1 3.0785364923407004
4.1 3.0785364923407004
4.1 3.0785364923407004
4.1 3.0785364923407004
4.1 3.0785364923407004
4.1 3.0785364923407004
4.1 3.0785364923407004
4.1 3.0785364923407004
4.1 3.0785364923407004
4.1 3.0785364923407004
4.1 3.0785364923407004
4.1 3.0785364923407004
4.1 3.0785364923407004
4.1 3.0785364923407004
4.1 3.0785364923407004
4.1 3.0785364923407004
4.1 3.0785364923407004
4.1 3.0785364923407004
4.1 3.0785364923407004
4.1 3.0785364923407004
4.1 3.0785364923407004
4.1 3.0785364923407004
4.1 3.0785364923407004
4.1 3.0785364923407004
4.1 3.0785364923407004
4.145 3.199242215551806
4.145 3.199242215551806
4.145 3.199242215551806
4.145 3.199242215551806
4.145 3.199242215551806
4.145 3.199242215551806
4.145 3.199242215551806
4.145 3.199242215551806
4.145 3.199242215551806
4.145 3.199242215551806
4.145 3.199242215551806
4.145 3.199242215551806
4.15 3.2170244374508203
4.15 3.2170244374508203
4.15 3.2170244374508203
4.15 3.2170244374508203
4.16 3.216540168141283
4.16 3.216540168141283
4.16 3.216540168141283
4.16 3.216540168141283
4.16 3.216540168141283
4.16 3.216540168141283
4.165 3.2248680390593822
4.165 3.2248680390593822
4.165 3.2248680390593822
4.165 3.2248680390593822
4.165 3.2248680390593822
4.165 3.2248680390593822
4.165 3.2248680390593822
4.165 3.2248680390593822
4.17 3.2222686224734436
4.17 3.2222686224734436
4.18 3.2279557761007687
4.18 3.2279557761007687
4.18 3.2279557761007687
4.18 3.2279557761007687
4.18 3.2279557761007687
4.18 3.2279557761007687
4.18 3.2279557761007687
4.185 3.225335477857087
4.185 3.225335477857087
4.185 3.225335477857087
4.185 3.225335477857087
4.185 3.225335477857087
4.185 3.225335477857087
4.19 3.2273797265734743
4.2 3.22521472932443
4.2 3.22521472932443
4.2 3.22521472932443
4.2 3.22521472932443
4.2 3.22521472932443
4.205 3.224119996021195
4.205 3.224119996021195
4.205 3.224119996021195
4.205 3.224119996021195
4.205 3.224119996021195
4.205 3.224119996021195
4.205 3.224119996021195
4.205 3.224119996021195
4.205 3.224119996021195
4.205 3.224119996021195
4.205 3.224119996021195
4.205 3.224119996021195
4.205 3.224119996021195
4.205 3.224119996021195
4.205 3.224119996021195
4.21 3.230803375673193
4.21 3.230803375673193
4.21 3.230803375673193
4.21 3.230803375673193
4.21 3.230803375673193
4.21 3.230803375673193
4.21 3.230803375673193
4.21 3.230803375673193
4.21 3.230803375673193
4.21 3.230803375673193
4.21 3.230803375673193
4.21 3.230803375673193
4.21 3.230803375673193
4.21 3.230803375673193
4.21 3.230803375673193
4.21 3.230803375673193
4.21 3.230803375673193
4.21 3.230803375673193
4.21 3.230803375673193
4.21 3.230803375673193
4.21 3.230803375673193
4.21 3.230803375673193
4.21 3.230803375673193
4.21 3.230803375673193
4.21 3.230803375673193
4.21 3.230803375673193
4.21 3.230803375673193
4.21 3.230803375673193
4.21 3.230803375673193
4.21 3.230803375673193
4.21 3.230803375673193
4.21 3.230803375673193
4.21 3.230803375673193
4.21 3.230803375673193
4.21 3.230803375673193
4.21 3.230803375673193
4.21 3.230803375673193
4.21 3.230803375673193
4.225 3.2367821665922825
4.245 3.247724367590204
4.245 3.247724367590204
4.245 3.247724367590204
4.245 3.247724367590204
4.245 3.247724367590204
4.245 3.247724367590204
4.245 3.247724367590204
4.245 3.247724367590204
4.245 3.247724367590204
4.245 3.247724367590204
4.245 3.247724367590204
4.245 3.247724367590204
4.245 3.247724367590204
4.245 3.247724367590204
4.245 3.247724367590204
4.245 3.247724367590204
4.245 3.247724367590204
4.245 3.247724367590204
4.245 3.247724367590204
4.245 3.247724367590204
4.245 3.247724367590204
4.245 3.247724367590204
4.245 3.247724367590204
4.245 3.247724367590204
4.245 3.247724367590204
4.245 3.247724367590204
4.255 3.259308278187464
4.255 3.259308278187464
4.255 3.259308278187464
4.26 3.256597478301302
4.26 3.256597478301302
4.26 3.256597478301302
4.26 3.256597478301302
4.26 3.256597478301302
4.26 3.256597478301302
4.27 3.249599898062446
4.28 3.2518413801735555
4.28 3.2518413801735555
4.28 3.2518413801735555
4.28 3.2518413801735555
4.28 3.2518413801735555
4.28 3.2518413801735555
4.28 3.2518413801735555
4.28 3.2518413801735555
4.28 3.2518413801735555
4.28 3.2518413801735555
4.28 3.2518413801735555
4.28 3.2518413801735555
4.28 3.2518413801735555
4.28 3.2518413801735555
4.28 3.2518413801735555
4.28 3.2518413801735555
4.28 3.2518413801735555
4.28 3.2518413801735555
4.28 3.2518413801735555
4.28 3.2518413801735555
4.28 3.2518413801735555
4.28 3.2518413801735555
4.28 3.2518413801735555
4.28 3.2518413801735555
4.28 3.2518413801735555
4.28 3.2518413801735555
4.28 3.2518413801735555
4.28 3.2518413801735555
4.28 3.2518413801735555
4.28 3.2518413801735555
4.28 3.2518413801735555
4.28 3.2518413801735555
4.28 3.2518413801735555
4.28 3.2518413801735555
4.28 3.2518413801735555
4.28 3.2518413801735555
4.28 3.2518413801735555
4.28 3.2518413801735555
4.28 3.2518413801735555
4.28 3.2518413801735555
4.28 3.2518413801735555
4.28 3.2518413801735555
4.28 3.2518413801735555
4.28 3.2518413801735555
4.28 3.2518413801735555
4.28 3.2518413801735555
4.28 3.2518413801735555
4.28 3.2518413801735555
4.28 3.2518413801735555
4.28 3.2518413801735555
4.28 3.2518413801735555
4.28 3.2518413801735555
4.28 3.2518413801735555
4.28 3.2518413801735555
4.28 3.2518413801735555
4.28 3.2518413801735555
4.28 3.2518413801735555
4.28 3.2518413801735555
4.28 3.2518413801735555
4.28 3.2518413801735555
4.28 3.2518413801735555
4.28 3.2518413801735555
4.28 3.2518413801735555
4.28 3.2518413801735555
4.28 3.2518413801735555
4.28 3.2518413801735555
4.28 3.2518413801735555
4.28 3.2518413801735555
4.28 3.2518413801735555
4.28 3.2518413801735555
4.3 3.2500483181564785
4.3 3.2500483181564785
4.3 3.2500483181564785
4.3 3.2500483181564785
4.3 3.2500483181564785
4.305 3.25498844064671
4.305 3.25498844064671
4.315 3.266361982851115
4.315 3.266361982851115
4.315 3.266361982851115
4.315 3.266361982851115
4.315 3.266361982851115
4.315 3.266361982851115
4.315 3.266361982851115
4.34 3.32107629221213
4.34 3.32107629221213
4.34 3.32107629221213
4.34 3.32107629221213
4.34 3.32107629221213
4.34 3.32107629221213
4.34 3.32107629221213
4.34 3.32107629221213
4.34 3.32107629221213
4.34 3.32107629221213
4.34 3.32107629221213
4.34 3.32107629221213
4.34 3.32107629221213
4.34 3.32107629221213
4.355 3.30812537055909
4.355 3.30812537055909
4.355 3.30812537055909
4.355 3.30812537055909
4.355 3.30812537055909
4.355 3.30812537055909
4.355 3.30812537055909
4.355 3.30812537055909
4.355 3.30812537055909
4.355 3.30812537055909
4.355 3.30812537055909
4.365 3.3070314915997083
4.375 3.3119814470385607
4.375 3.3119814470385607
4.385 3.3350242779736003
4.385 3.3350242779736003
4.385 3.3350242779736003
4.385 3.3350242779736003
4.385 3.3350242779736003
4.385 3.3350242779736003
4.385 3.3350242779736003
4.385 3.3350242779736003
4.405 3.356681628899133
4.405 3.356681628899133
4.405 3.356681628899133
4.405 3.356681628899133
4.405 3.356681628899133
4.405 3.356681628899133
4.405 3.356681628899133
4.405 3.356681628899133
4.405 3.356681628899133
4.405 3.356681628899133
4.405 3.356681628899133
4.405 3.356681628899133
4.405 3.356681628899133
4.405 3.356681628899133
4.41 3.3568201033165557
4.41 3.3568201033165557
4.41 3.3568201033165557
4.41 3.3568201033165557
4.425 3.4106506253854514
4.425 3.4106506253854514
4.425 3.4106506253854514
4.425 3.4106506253854514
4.425 3.4106506253854514
4.425 3.4106506253854514
4.425 3.4106506253854514
4.425 3.4106506253854514
4.425 3.4106506253854514
4.425 3.4106506253854514
4.425 3.4106506253854514
4.425 3.4106506253854514
4.425 3.4106506253854514
4.425 3.4106506253854514
4.425 3.4106506253854514
4.425 3.4106506253854514
4.425 3.4106506253854514
4.425 3.4106506253854514
4.425 3.4106506253854514
4.425 3.4106506253854514
4.425 3.4106506253854514
4.425 3.4106506253854514
4.43 3.4151745322058047
4.44 3.41389416456254
4.44 3.41389416456254
4.44 3.41389416456254
4.44 3.41389416456254
4.44 3.41389416456254
4.44 3.41389416456254
4.44 3.41389416456254
4.45 3.4096375380241692
4.465 3.4142437378587216
4.465 3.4142437378587216
4.465 3.4142437378587216
4.465 3.4142437378587216
4.465 3.4142437378587216
4.465 3.4142437378587216
4.465 3.4142437378587216
4.465 3.4142437378587216
4.465 3.4142437378587216
4.465 3.4142437378587216
4.465 3.4142437378587216
4.465 3.4142437378587216
4.465 3.4142437378587216
4.465 3.4142437378587216
4.465 3.4142437378587216
4.465 3.4142437378587216
4.465 3.4142437378587216
4.465 3.4142437378587216
4.465 3.4142437378587216
4.465 3.4142437378587216
4.465 3.4142437378587216
4.465 3.4142437378587216
4.465 3.4142437378587216
4.465 3.4142437378587216
4.465 3.4142437378587216
4.465 3.4142437378587216
4.465 3.4142437378587216
4.465 3.4142437378587216
4.465 3.4142437378587216
4.465 3.4142437378587216
4.465 3.4142437378587216
4.465 3.4142437378587216
4.465 3.4142437378587216
4.465 3.4142437378587216
4.465 3.4142437378587216
4.465 3.4142437378587216
4.465 3.4142437378587216
4.465 3.4142437378587216
4.465 3.4142437378587216
4.47 3.4128194624704458
4.47 3.4128194624704458
4.47 3.4128194624704458
4.47 3.4128194624704458
4.47 3.4128194624704458
4.47 3.4128194624704458
4.47 3.4128194624704458
4.475 3.4084398647413163
4.475 3.4084398647413163
4.475 3.4084398647413163
4.475 3.4084398647413163
4.475 3.4084398647413163
4.48 3.4055231521307374
4.48 3.4055231521307374
4.48 3.4055231521307374
4.48 3.4055231521307374
4.48 3.4055231521307374
4.485 3.4040730849732346
4.485 3.4040730849732346
4.485 3.4040730849732346
4.485 3.4040730849732346
4.485 3.4040730849732346
4.485 3.4040730849732346
4.485 3.4040730849732346
4.485 3.4040730849732346
4.485 3.4040730849732346
4.485 3.4040730849732346
4.485 3.4040730849732346
4.485 3.4040730849732346
4.485 3.4040730849732346
4.485 3.4040730849732346
4.485 3.4040730849732346
4.485 3.4040730849732346
4.485 3.4040730849732346
4.49 3.401137852758593
4.495 3.3996711339621486
4.495 3.3996711339621486
4.495 3.3996711339621486
4.495 3.3996711339621486
4.495 3.3996711339621486
4.495 3.3996711339621486
4.495 3.3996711339621486
4.495 3.3996711339621486
4.495 3.3996711339621486
4.495 3.3996711339621486
4.495 3.3996711339621486
4.495 3.3996711339621486
4.495 3.3996711339621486
4.495 3.3996711339621486
4.495 3.3996711339621486
4.495 3.3996711339621486
4.495 3.3996711339621486
4.495 3.3996711339621486
4.495 3.3996711339621486
4.495 3.3996711339621486
4.495 3.3996711339621486
4.505 3.430571249147491
4.505 3.430571249147491
4.505 3.430571249147491
4.505 3.430571249147491
4.505 3.430571249147491
4.505 3.430571249147491
4.505 3.430571249147491
4.505 3.430571249147491
4.505 3.430571249147491
4.505 3.430571249147491
4.505 3.430571249147491
4.505 3.430571249147491
4.505 3.430571249147491
4.505 3.430571249147491
4.505 3.430571249147491
4.505 3.430571249147491
4.52 3.452418859278151
4.52 3.452418859278151
4.52 3.452418859278151
4.52 3.452418859278151
4.52 3.452418859278151
4.52 3.452418859278151
4.52 3.452418859278151
4.52 3.452418859278151
4.525 3.4523861095257358
4.525 3.4523861095257358
4.525 3.4523861095257358
4.525 3.4523861095257358
4.525 3.4523861095257358
4.525 3.4523861095257358
4.525 3.4523861095257358
4.525 3.4523861095257358
4.535 3.466824100922007
4.535 3.466824100922007
4.535 3.466824100922007
4.535 3.466824100922007
4.535 3.466824100922007
4.535 3.466824100922007
4.535 3.466824100922007
4.535 3.466824100922007
4.535 3.466824100922007
4.535 3.466824100922007
4.535 3.466824100922007
4.535 3.466824100922007
4.535 3.466824100922007
4.535 3.466824100922007
4.535 3.466824100922007
4.54 3.476901525943107
