1.0122222222222221 1.3377656215636393
1.5155555555555555 1.4601804870467863
1.61 1.461447466915579
1.6933333333333334 1.4755553619743964
1.7222222222222223 1.4797692284516035
1.748888888888889 1.482282793219817
1.7633333333333334 1.480533680046837
1.78 1.4864759259845763
1.7866666666666666 1.4837045899857668
1.7977777777777777 1.4890014106240659
1.8022222222222222 1.4873570095341693
1.8022222222222222 1.4873570095341693
1.8055555555555556 1.4874230697606838
1.808888888888889 1.488976509005518
1.81 1.488745319098947
1.8122222222222222 1.489774398772738
1.8244444444444445 1.496849573406926
1.8322222222222222 1.5003394334361142
1.8388888888888888 1.5062490849032373
1.84 1.50599838835155
1.8455555555555556 1.512106215930642
1.8511111111111112 1.5159694559662307
1.8544444444444443 1.5159266531068751
1.86 1.5160835910166652
1.8733333333333333 1.5209182871015854
1.8733333333333333 1.5209182871015854
1.8766666666666667 1.5222889796244576
1.8788888888888888 1.5224675863874957
1.89 1.5407371507631986
1.8933333333333333 1.5406108029848613
1.8955555555555557 1.5407632212374205
1.8955555555555557 1.5407632212374205
1.9 1.5417800266973933
1.9044444444444444 1.5535607033454206
1.9133333333333333 1.5992350785563005
1.9277777777777778 1.6244467032902075
1.93 1.6259129376995758
1.931111111111111 1.625618352065684
1.9333333333333333 1.6257111047839978
1.9333333333333333 1.6257111047839978
1.9333333333333333 1.6257111047839978
1.9344444444444444 1.6254142014160158
1.9433333333333334 1.6278000604212564
1.9444444444444444 1.6274967034415986
1.9455555555555555 1.6278759857376408
1.9522222222222223 1.6444011441786797
1.9555555555555555 1.648885497542796
1.9566666666666668 1.6485777738120257
1.958888888888889 1.648634750138642
1.971111111111111 1.6693430494610957
1.9733333333333334 1.6687136113774779
1.9733333333333334 1.6687136113774779
1.9744444444444444 1.6683976920923567
1.98 1.6694733505137511
1.9844444444444445 1.6701868645902682
1.9866666666666666 1.6702061045244299
1.99 1.6698963886517235
1.9955555555555555 1.6749088007387813
2.0 1.675578694050359
2.006666666666667 1.6782187707482261
2.0077777777777777 1.6798702064498463
2.0155555555555558 1.6814707735870364
2.0155555555555558 1.6814707735870364
2.0166666666666666 1.6811293148003765
2.022222222222222 1.6813957982666867
2.026666666666667 1.683975380224229
2.0277777777777777 1.68362708847053
2.0277777777777777 1.68362708847053
2.031111111111111 1.682577373326121
2.0411111111111113 1.688632045662506
2.042222222222222 1.690908607647566
2.0444444444444443 1.6921668064358701
2.05 1.69431096767164
2.051111111111111 1.6939494790204808
2.0522222222222224 1.6935871834342389
2.0544444444444445 1.692860169383071
2.061111111111111 1.6965708032444273
2.0677777777777777 1.7022087187853188
2.07 1.7021186823775685
2.07 1.7021186823775685
2.0722222222222224 1.7020257365737628
2.0733333333333333 1.7016513604772388
2.0744444444444445 1.7012761755183115
2.0744444444444445 1.7012761755183115
2.0766666666666667 1.7011773715248535
2.0766666666666667 1.7011773715248535
2.078888888888889 1.7004216217621628
2.081111111111111 1.7003169530118625
2.082222222222222 1.6999363841907145
2.088888888888889 1.7041756245724666
2.088888888888889 1.7041756245724666
2.088888888888889 1.7041756245724666
2.088888888888889 1.7041756245724666
2.09 1.7044435807356668
2.0933333333333333 1.7045904129979534
2.0944444444444446 1.703549987781439
2.1033333333333335 1.7089016436255804
2.1033333333333335 1.7089016436255804
2.1033333333333335 1.7089016436255804
2.1033333333333335 1.7089016436255804
2.1055555555555556 1.7081145803493336
2.1055555555555556 1.7081145803493336
2.1133333333333333 1.7072898727742236
2.1133333333333333 1.7072898727742236
2.1155555555555554 1.7058370712663502
2.1166666666666667 1.7047829072481275
2.128888888888889 1.7217605163722616
2.131111111111111 1.7215925346234726
2.131111111111111 1.7215925346234726
2.131111111111111 1.7215925346234726
2.138888888888889 1.7634400123893559
2.138888888888889 1.7634400123893559
2.1422222222222222 1.7641200750247144
2.1444444444444444 1.766459925919671
2.1455555555555557 1.7666834567310714
2.147777777777778 1.7658689547204056
2.148888888888889 1.7654605126994258
2.151111111111111 1.7646412438694021
2.158888888888889 1.7674220616583214
2.158888888888889 1.7674220616583214
2.16 1.767636381152331
2.16 1.767636381152331
2.1622222222222223 1.7668041306241742
2.17 1.777059975902124
2.17 1.777059975902124
2.17 1.777059975902124
2.1744444444444446 1.778506022822856
2.1744444444444446 1.778506022822856
2.1766666666666667 1.7776607843718844
2.1866666666666665 1.7838229933586862
2.19 1.7844059405367625
2.1911111111111112 1.783975416240257
2.1977777777777776 1.7876089248004419
2.1977777777777776 1.7876089248004419
2.1977777777777776 1.7876089248004419
2.1977777777777776 1.7876089248004419
2.1977777777777776 1.7876089248004419
2.198888888888889 1.7871743311653996
2.198888888888889 1.7871743311653996
2.201111111111111 1.7869253516402628
2.2111111111111112 1.7929192360430384
2.2144444444444447 1.7915920990596415
2.22 1.8011367069582522
2.2255555555555557 1.8026097205091562
2.2266666666666666 1.8021615991264435
2.2311111111111113 1.8040644042653706
2.2311111111111113 1.8040644042653706
2.2311111111111113 1.8040644042653706
2.232222222222222 1.8060784635878322
2.232222222222222 1.8060784635878322
2.2422222222222223 1.808149748305607
2.243333333333333 1.8076927446207078
2.243333333333333 1.8076927446207078
2.243333333333333 1.8076927446207078
2.25 1.8086278207506723
2.2577777777777777 1.8090722908315373
2.2577777777777777 1.8090722908315373
2.2666666666666666 1.8176002710366475
2.2688888888888887 1.8166602885187069
2.28 1.8229289832202107
2.28 1.8229289832202107
2.283333333333333 1.823328618900819
2.287777777777778 1.8250712133714595
2.2888888888888888 1.8252002157195244
2.2888888888888888 1.8252002157195244
2.298888888888889 1.855934440154086
2.301111111111111 1.8555747976536348
2.3022222222222224 1.856892147889539
2.3044444444444445 1.8613157588043934
2.3044444444444445 1.8613157588043934
2.3088888888888888 1.8629724024499625
2.3144444444444443 1.8641313759165699
2.3144444444444443 1.8641313759165699
2.3144444444444443 1.8641313759165699
2.321111111111111 1.8772684131720077
2.321111111111111 1.8772684131720077
2.331111111111111 1.8870582272244014
2.331111111111111 1.8870582272244014
2.331111111111111 1.8870582272244014
2.331111111111111 1.8870582272244014
2.331111111111111 1.8870582272244014
2.3366666666666664 1.886958343705227
2.3366666666666664 1.886958343705227
2.3366666666666664 1.886958343705227
2.3366666666666664 1.886958343705227
2.3444444444444446 1.88997184452729
2.3455555555555554 1.8894744524834366
2.3455555555555554 1.8894744524834366
2.348888888888889 1.8897442573142424
2.35 1.8910097002178858
2.351111111111111 1.8905093124309387
2.3533333333333335 1.8900947825401595
2.358888888888889 1.8993233643505982
2.36 1.8988199602330211
2.3655555555555554 1.8992218482113334
2.3655555555555554 1.8992218482113334
2.3655555555555554 1.8992218482113334
2.3655555555555554 1.8992218482113334
2.3666666666666667 1.8987145115684172
2.3722222222222222 1.902607997445
2.3722222222222222 1.902607997445
2.3744444444444444 1.9033406093548693
2.3744444444444444 1.9033406093548693
2.381111111111111 1.9026002021847945
2.3866666666666667 1.9023549599827239
2.3866666666666667 1.9023549599827239
2.387777777777778 1.903005513374243
2.391111111111111 1.903199369695881
2.398888888888889 1.9059647865047042
2.4044444444444446 1.9132412039743867
2.411111111111111 1.9153059766793337
2.417777777777778 1.9237163801890653
2.417777777777778 1.9237163801890653
2.422222222222222 1.9250574021910019
2.422222222222222 1.9250574021910019
2.422222222222222 1.9250574021910019
2.4233333333333333 1.924524123893566
2.4233333333333333 1.924524123893566
2.4233333333333333 1.924524123893566
2.4233333333333333 1.924524123893566
2.4255555555555555 1.924611461944007
2.4255555555555555 1.924611461944007
2.4266666666666667 1.9234979260224503
2.4266666666666667 1.9234979260224503
2.4266666666666667 1.9234979260224503
2.43 1.9236222551855622
2.43 1.9236222551855622
2.433333333333333 1.9237407941135336
2.44 1.9291568815514684
2.4444444444444446 1.9281366748637503
2.448888888888889 1.9294131300923398
2.448888888888889 1.9294131300923398
2.4522222222222223 1.9318032506658427
2.4522222222222223 1.9318032506658427
2.4522222222222223 1.9318032506658427
2.4522222222222223 1.9318032506658427
2.4522222222222223 1.9318032506658427
2.46 1.936580705156958
2.46 1.936580705156958
2.46 1.936580705156958
2.46 1.936580705156958
2.4611111111111112 1.9360288957824632
2.4611111111111112 1.9360288957824632
2.4633333333333334 1.9389428676024734
2.4633333333333334 1.9389428676024734
2.4644444444444447 1.9389635839804913
2.4644444444444447 1.9389635839804913
2.4644444444444447 1.9389635839804913
2.466666666666667 1.9384293493968037
2.466666666666667 1.9384293493968037
2.4677777777777776 1.9390219073637212
2.4677777777777776 1.9390219073637212
2.47 1.9384838633692125
2.4722222222222223 1.9402376938762085
2.4722222222222223 1.9402376938762085
2.4722222222222223 1.9402376938762085
2.4722222222222223 1.9402376938762085
2.4744444444444444 1.9396948896632695
2.4744444444444444 1.9396948896632695
2.4744444444444444 1.9396948896632695
2.4744444444444444 1.9396948896632695
2.4766666666666666 1.9448771875750117
2.48 1.9449143631189731
2.493333333333333 1.9632213431677068
2.4944444444444445 1.9626581321048986
2.4944444444444445 1.9626581321048986
2.4944444444444445 1.9626581321048986
2.4944444444444445 1.9626581321048986
2.4955555555555557 1.9626609658797405
2.4966666666666666 1.9620963341466116
2.5 1.9620991687328544
2.5 1.9620991687328544
2.5 1.9620991687328544
2.5 1.9620991687328544
2.5011111111111113 1.9615318549277776
2.5033333333333334 1.9609621710431964
2.506666666666667 1.9603863322688249
2.508888888888889 1.9598100089776755
2.51 1.9666038211963082
2.51 1.9666038211963082
2.5155555555555558 1.972215859726082
2.5155555555555558 1.972215859726082
2.517777777777778 1.973324765236088
2.52 1.9744305440566008
2.52 1.9744305440566008
2.52 1.9744305440566008
2.52 1.9744305440566008
2.52 1.9744305440566008
2.52 1.9744305440566008
2.52 1.9744305440566008
2.522222222222222 1.9760961829041854
2.5255555555555556 1.9760558412346734
2.5255555555555556 1.9760558412346734
2.5255555555555556 1.9760558412346734
2.5255555555555556 1.9760558412346734
2.5322222222222224 1.9748320652206788
2.5322222222222224 1.9748320652206788
2.5322222222222224 1.9748320652206788
2.5322222222222224 1.9748320652206788
2.5322222222222224 1.9748320652206788
2.533333333333333 1.9765026809009107
2.5344444444444445 1.975357706084655
2.5344444444444445 1.975357706084655
2.537777777777778 1.9741701219122212
2.537777777777778 1.9741701219122212
2.5388888888888888 1.9747118990918107
2.5433333333333334 1.9757455894010907
2.5433333333333334 1.9757455894010907
2.548888888888889 1.9750526636897656
2.551111111111111 1.974433047948957
2.551111111111111 1.974433047948957
2.5522222222222224 1.973840475874313
2.56 1.9764351454869193
2.5633333333333335 1.9763310238688752
2.568888888888889 1.9795194102453872
2.5733333333333333 1.986651785547464
2.5766666666666667 1.985405593987354
2.582222222222222 1.9879826823247437
2.5877777777777777 1.988863755624758
2.5877777777777777 1.988863755624758
2.5933333333333333 1.9914053371696228
2.5933333333333333 1.9914053371696228
2.5933333333333333 1.9914053371696228
2.5933333333333333 1.9914053371696228
2.5933333333333333 1.9914053371696228
2.5966666666666667 1.9912461372436747
2.597777777777778 1.9906331141821967
2.597777777777778 1.9906331141821967
2.597777777777778 1.9906331141821967
2.6033333333333335 1.9948180922974075
2.6033333333333335 1.9948180922974075
2.6055555555555556 1.9958165987100545
2.6055555555555556 1.9958165987100545
2.6055555555555556 1.9958165987100545
2.6055555555555556 1.9958165987100545
2.6077777777777778 1.9973691137572054
2.6077777777777778 1.9973691137572054
2.6077777777777778 1.9973691137572054
2.6077777777777778 1.9973691137572054
2.608888888888889 1.9978656266545733
2.611111111111111 1.9971862545491963
2.612222222222222 1.9965670079115112
2.6155555555555554 2.0002731243491643
2.618888888888889 2.000077553804716
2.62 1.9988984730778494
2.62 1.9988984730778494
2.62 1.9988984730778494
2.63 2.0043861803443797
2.63 2.0043861803443797
2.63 2.0043861803443797
2.63 2.0043861803443797
2.63 2.0043861803443797
2.6333333333333333 2.008048322256253
2.6355555555555554 2.010667386594081
2.6355555555555554 2.010667386594081
2.637777777777778 2.0132805882391622
2.638888888888889 2.0126515554176083
2.638888888888889 2.0126515554176083
2.641111111111111 2.0113910562012838
2.641111111111111 2.0113910562012838
2.641111111111111 2.0113910562012838
2.6466666666666665 2.019273099093034
2.647777777777778 2.018641035500459
2.65 2.017925784471563
2.651111111111111 2.0167399791170837
2.6533333333333333 2.019328184850419
2.6533333333333333 2.019328184850419
2.6544444444444446 2.019243413367344
2.6544444444444446 2.019243413367344
2.6566666666666667 2.018521028195662
2.658888888888889 2.0211008379610393
2.66 2.0199120015193897
2.6622222222222223 2.018632769919997
2.668888888888889 2.0235897158341767
2.668888888888889 2.0235897158341767
2.67 2.026243284133499
2.672222222222222 2.0255063101929336
2.6744444444444446 2.025865069407704
2.6744444444444446 2.025865069407704
2.6744444444444446 2.025865069407704
2.6766666666666667 2.0273189800672866
2.68 2.027025415626334
2.683333333333333 2.026726320278123
2.683333333333333 2.026726320278123
2.683333333333333 2.026726320278123
2.6855555555555557 2.0270726692638275
2.6866666666666665 2.026421691573609
2.688888888888889 2.024567927617144
2.69 2.0250132176610345
2.6933333333333334 2.0263448410637013
2.6955555555555555 2.024483680787114
2.6977777777777776 2.0237179727721415
2.698888888888889 2.023608954893109
2.698888888888889 2.023608954893109
2.698888888888889 2.023608954893109
2.701111111111111 2.0228392498113172
2.701111111111111 2.0228392498113172
2.701111111111111 2.0228392498113172
2.707777777777778 2.02051369462371
2.707777777777778 2.02051369462371
2.7111111111111112 2.020167750633481
2.7144444444444447 2.023667587087379
2.7144444444444447 2.023667587087379
2.716666666666667 2.025628344267274
2.72 2.028012940043355
2.7288888888888887 2.0510310733202326
2.7288888888888887 2.0510310733202326
2.7311111111111113 2.054574886240212
2.7333333333333334 2.0537818828315015
2.7333333333333334 2.0537818828315015
2.7333333333333334 2.0537818828315015
2.7333333333333334 2.0537818828315015
2.7333333333333334 2.0537818828315015
2.7344444444444442 2.053655202563148
2.7344444444444442 2.053655202563148
2.738888888888889 2.056390481375012
2.738888888888889 2.056390481375012
2.738888888888889 2.056390481375012
2.738888888888889 2.056390481375012
2.738888888888889 2.056390481375012
2.74 2.0557199291589305
2.74 2.0557199291589305
2.74 2.0557199291589305
2.74 2.0557199291589305
2.74 2.0557199291589305
2.74 2.0557199291589305
2.74 2.0557199291589305
2.741111111111111 2.05504855672815
2.7444444444444445 2.054654290054081
2.7444444444444445 2.054654290054081
2.7444444444444445 2.054654290054081
2.7455555555555557 2.053980162386534
2.7455555555555557 2.053980162386534
2.747777777777778 2.054254532871667
2.7488888888888887 2.0530367341847544
2.7488888888888887 2.0530367341847544
2.7488888888888887 2.0530367341847544
2.7488888888888887 2.0530367341847544
2.7544444444444443 2.057226937434171
2.7555555555555555 2.0565482442684324
2.7577777777777777 2.0557295486660467
2.7577777777777777 2.0557295486660467
2.7577777777777777 2.0557295486660467
2.7577777777777777 2.0557295486660467
2.7577777777777777 2.0557295486660467
2.758888888888889 2.0555897607779205
2.758888888888889 2.0555897607779205
2.758888888888889 2.0555897607779205
2.77 2.0783833667913374
2.77 2.0783833667913374
2.77 2.0783833667913374
2.77 2.0783833667913374
2.77 2.0783833667913374
2.7711111111111113 2.077703256459121
2.7777777777777777 2.0800326095767683
2.7777777777777777 2.0800326095767683
2.778888888888889 2.0798837588617665
2.778888888888889 2.0798837588617665
2.7855555555555553 2.0869881919315367
2.787777777777778 2.0882811842011875
2.787777777777778 2.0882811842011875
2.787777777777778 2.0882811842011875
2.787777777777778 2.0882811842011875
2.787777777777778 2.0882811842011875
2.787777777777778 2.0882811842011875
2.7977777777777777 2.0991008074239907
2.8 2.0993139405850094
2.8 2.0993139405850094
2.8022222222222224 2.098464811904785
2.8022222222222224 2.098464811904785
2.81 2.1063255544883237
2.81 2.1063255544883237
2.81 2.1063255544883237
2.811111111111111 2.108273043700734
2.82 2.114318998539765
2.82 2.114318998539765
2.82 2.114318998539765
2.8244444444444445 2.116796071590496
2.8266666666666667 2.1159282576557628
2.827777777777778 2.1157562293887904
2.828888888888889 2.1187359782648345
2.83 2.1185630112131473
2.83 2.1185630112131473
2.83 2.1185630112131473
2.832222222222222 2.116639295745303
2.832222222222222 2.116639295745303
2.8366666666666664 2.119087994063738
2.8422222222222224 2.120820972368009
2.8444444444444446 2.1199361498512714
2.8455555555555554 2.120804363487901
2.8455555555555554 2.120804363487901
2.8455555555555554 2.120804363487901
2.85 2.1357568154259705
2.85 2.1357568154259705
2.85 2.1357568154259705
2.85 2.1357568154259705
2.852222222222222 2.1343489772742164
2.852222222222222 2.1343489772742164
2.861111111111111 2.147414537967504
2.861111111111111 2.147414537967504
2.867777777777778 2.1509409058301134
2.868888888888889 2.1512675439104747
2.868888888888889 2.1512675439104747
2.868888888888889 2.1512675439104747
2.871111111111111 2.150367661061874
2.871111111111111 2.150367661061874
2.8722222222222222 2.1496580051240604
2.8733333333333335 2.148947539695848
2.8733333333333335 2.148947539695848
2.8755555555555556 2.149077516929834
2.8755555555555556 2.149077516929834
2.88 2.1539832982043357
2.8833333333333333 2.1533919230352763
2.8833333333333333 2.1533919230352763
2.8944444444444444 2.1555144951601726
2.8944444444444444 2.1555144951601726
2.8955555555555557 2.158405001222353
2.8955555555555557 2.158405001222353
2.8955555555555557 2.158405001222353
2.8966666666666665 2.158200853314646
2.8966666666666665 2.158200853314646
2.898888888888889 2.157275216885704
2.902222222222222 2.178210314233164
2.9033333333333333 2.177493839619198
2.9033333333333333 2.177493839619198
2.9033333333333333 2.177493839619198
2.9033333333333333 2.177493839619198
2.9033333333333333 2.177493839619198
2.9033333333333333 2.177493839619198
2.9033333333333333 2.177493839619198
2.9033333333333333 2.177493839619198
2.9033333333333333 2.177493839619198
2.9033333333333333 2.177493839619198
2.9044444444444446 2.176776561396456
2.9055555555555554 2.1760584787702877
2.9055555555555554 2.1760584787702877
2.9055555555555554 2.1760584787702877
2.9055555555555554 2.1760584787702877
2.9055555555555554 2.1760584787702877
2.9055555555555554 2.1760584787702877
2.9055555555555554 2.1760584787702877
2.9055555555555554 2.1760584787702877
2.9055555555555554 2.1760584787702877
2.91 2.1742015526501137
2.911111111111111 2.1734797760544144
2.9266666666666667 2.1913877338851906
2.9266666666666667 2.1913877338851906
2.9266666666666667 2.1913877338851906
2.9266666666666667 2.1913877338851906
2.93 2.1922580939779324
2.93 2.1922580939779324
2.931111111111111 2.1940684749168446
2.931111111111111 2.1940684749168446
2.9322222222222223 2.193342529617957
2.933333333333333 2.193123036689938
2.9344444444444444 2.1923956508582974
2.9344444444444444 2.1923956508582974
2.9344444444444444 2.1923956508582974
2.9366666666666665 2.193475510796216
2.9366666666666665 2.193475510796216
2.9366666666666665 2.193475510796216
2.9366666666666665 2.193475510796216
2.9366666666666665 2.193475510796216
2.937777777777778 2.1927465509397175
2.937777777777778 2.1927465509397175
2.937777777777778 2.1927465509397175
2.937777777777778 2.1927465509397175
2.937777777777778 2.1927465509397175
2.938888888888889 2.195059395460237
2.938888888888889 2.195059395460237
2.942222222222222 2.1948963847210177
2.942222222222222 2.1948963847210177
2.9466666666666668 2.1939952433676475
2.9466666666666668 2.1939952433676475
2.9466666666666668 2.1939952433676475
2.951111111111111 2.194098893457223
2.953333333333333 2.198199283274328
2.9566666666666666 2.2005434660924954
2.9566666666666666 2.2005434660924954
2.962222222222222 2.214000239037933
2.9633333333333334 2.214772427965277
2.9644444444444447 2.213534618791805
2.968888888888889 2.215610730902127
2.968888888888889 2.215610730902127
2.971111111111111 2.2186510670139903
2.9722222222222223 2.217411521324027
2.9766666666666666 2.219468414844853
2.9766666666666666 2.219468414844853
2.9811111111111113 2.2195107360748585
2.9877777777777776 2.2255632713815965
2.9922222222222223 2.2275815673292816
2.9922222222222223 2.2275815673292816
2.997777777777778 2.225345845702917
2.997777777777778 2.225345845702917
3.0 2.2263464386660643
3.002222222222222 2.224345913921247
3.0033333333333334 2.2250945162462594
3.0077777777777777 2.225083407106876
3.0077777777777777 2.225083407106876
3.0077777777777777 2.225083407106876
3.0077777777777777 2.225083407106876
3.008888888888889 2.2253291838550755
3.008888888888889 2.2253291838550755
3.008888888888889 2.2253291838550755
3.008888888888889 2.2253291838550755
3.0144444444444445 2.232536285754503
3.0144444444444445 2.232536285754503
3.0144444444444445 2.232536285754503
3.0144444444444445 2.232536285754503
3.0144444444444445 2.232536285754503
3.0144444444444445 2.232536285754503
3.0144444444444445 2.232536285754503
3.022222222222222 2.237200786427929
3.022222222222222 2.237200786427929
3.0244444444444443 2.2361829423207795
3.0244444444444443 2.2361829423207795
3.0277777777777777 2.2423533530932596
3.0277777777777777 2.2423533530932596
3.0277777777777777 2.2423533530932596
3.03 2.2438124040482172
3.03 2.2438124040482172
3.0355555555555553 2.247446263584503
3.0355555555555553 2.247446263584503
3.0355555555555553 2.247446263584503
3.0355555555555553 2.247446263584503
3.0355555555555553 2.247446263584503
3.0411111111111113 2.246113659798876
3.0411111111111113 2.246113659798876
3.0411111111111113 2.246113659798876
3.0411111111111113 2.246113659798876
3.0444444444444443 2.24976138203794
3.05 2.2479133817267862
3.05 2.2479133817267862
3.05 2.2479133817267862
3.05 2.2479133817267862
3.05 2.2479133817267862
3.05 2.2479133817267862
3.0522222222222224 2.2478627979864054
3.0533333333333332 2.247094279954291
3.0533333333333332 2.247094279954291
3.0544444444444445 2.2468200795029385
3.0544444444444445 2.2468200795029385
3.0544444444444445 2.2468200795029385
3.0566666666666666 2.2526982955288335
3.0588888888888888 2.2536286125101594
3.0644444444444443 2.2512540621407
3.066666666666667 2.2531648733742005
3.066666666666667 2.2531648733742005
3.066666666666667 2.2531648733742005
3.0677777777777777 2.2528848285417538
3.071111111111111 2.2564821688901793
3.071111111111111 2.2564821688901793
3.071111111111111 2.2564821688901793
3.071111111111111 2.2564821688901793
3.0722222222222224 2.255214093350588
3.0722222222222224 2.255214093350588
3.0766666666666667 2.2535869319967987
3.0766666666666667 2.2535869319967987
3.082222222222222 2.259552840373013
3.0855555555555556 2.262626718830962
3.0866666666666664 2.2628301847330006
3.088888888888889 2.265691517430542
3.088888888888889 2.265691517430542
3.088888888888889 2.265691517430542
3.088888888888889 2.265691517430542
3.088888888888889 2.265691517430542
3.09 2.26491104118278
3.09 2.26491104118278
3.09 2.26491104118278
3.09 2.26491104118278
3.09 2.26491104118278
3.091111111111111 2.2651121193250847
3.0933333333333333 2.2660035235750025
3.0933333333333333 2.2660035235750025
3.0933333333333333 2.2660035235750025
3.0933333333333333 2.2660035235750025
3.0944444444444446 2.264729864583245
3.0966666666666667 2.273460069949581
3.0966666666666667 2.273460069949581
3.0966666666666667 2.273460069949581
3.097777777777778 2.272678454773951
3.1033333333333335 2.27022855866211
3.1077777777777778 2.273938421794423
3.1077777777777778 2.273938421794423
3.1077777777777778 2.273938421794423
3.11 2.274810067980131
3.11 2.274810067980131
3.11 2.274810067980131
3.111111111111111 2.275978169568523
3.1133333333333333 2.273912604235681
3.1155555555555554 2.275756599541869
3.1155555555555554 2.275756599541869
3.1155555555555554 2.275756599541869
3.1155555555555554 2.275756599541869
3.1166666666666667 2.2774099802231493
3.1166666666666667 2.2774099802231493
3.1166666666666667 2.2774099802231493
3.117777777777778 2.2771084926680674
3.118888888888889 2.277294925775814
3.128888888888889 2.2886888496690583
3.128888888888889 2.2886888496690583
3.1333333333333333 2.2961979504843812
3.1333333333333333 2.2961979504843812
3.1366666666666667 2.2996324124695455
3.1366666666666667 2.2996324124695455
3.137777777777778 2.2998078837294273
3.137777777777778 2.2998078837294273
3.137777777777778 2.2998078837294273
3.14 2.3016075051792972
3.141111111111111 2.3022644192052817
3.1444444444444444 2.301332549663432
3.1444444444444444 2.301332549663432
3.1466666666666665 2.3007084076134383
3.147777777777778 2.3008789623762493
3.147777777777778 2.3008789623762493
3.151111111111111 2.299936858660523
3.151111111111111 2.299936858660523
3.152222222222222 2.2996216634119993
3.152222222222222 2.2996216634119993
3.152222222222222 2.2996216634119993
3.1544444444444446 2.298505637821944
3.1555555555555554 2.300607411746644
3.1555555555555554 2.300607411746644
3.1555555555555554 2.300607411746644
3.1555555555555554 2.300607411746644
3.16 2.304167525735007
3.1633333333333336 2.306587268582355
3.1633333333333336 2.306587268582355
3.1655555555555557 2.305463893060339
3.1666666666666665 2.3061073819213544
3.1666666666666665 2.3061073819213544
3.1666666666666665 2.3061073819213544
3.1666666666666665 2.3061073819213544
3.1666666666666665 2.3061073819213544
3.1666666666666665 2.3061073819213544
3.1666666666666665 2.3061073819213544
3.171111111111111 2.3168505167350246
3.171111111111111 2.3168505167350246
3.1777777777777776 2.3364299596016274
3.1777777777777776 2.3364299596016274
3.1777777777777776 2.3364299596016274
3.1777777777777776 2.3364299596016274
3.1777777777777776 2.3364299596016274
3.178888888888889 2.3380108315349473
3.18 2.338163336131451
3.18 2.338163336131451
3.18 2.338163336131451
3.183333333333333 2.3376661397834555
3.183333333333333 2.3376661397834555
3.187777777777778 2.3392157959680144
3.188888888888889 2.340314784662819
3.1966666666666668 2.344659992047715
3.1977777777777776 2.346700416044771
3.1977777777777776 2.346700416044771
3.198888888888889 2.3458952599190037
3.198888888888889 2.3458952599190037
3.198888888888889 2.3458952599190037
3.203333333333333 2.3483575307701536
3.2088888888888887 2.3537839955617983
3.2088888888888887 2.3537839955617983
3.21 2.3534487036878264
3.21 2.3534487036878264
3.21 2.3534487036878264
3.21 2.3534487036878264
3.21 2.3534487036878264
3.2133333333333334 2.3566911817032103
3.2144444444444447 2.3620121656693547
3.2177777777777776 2.366647083010775
3.2177777777777776 2.366647083010775
3.2177777777777776 2.366647083010775
3.2177777777777776 2.366647083010775
3.2177777777777776 2.366647083010775
3.2177777777777776 2.366647083010775
3.2177777777777776 2.366647083010775
3.2177777777777776 2.366647083010775
3.2177777777777776 2.366647083010775
3.2177777777777776 2.366647083010775
3.218888888888889 2.3672494021122428
3.22 2.3669113181500143
3.22 2.3669113181500143
3.2222222222222223 2.364822742278522
3.2311111111111113 2.3827169900355165
3.2311111111111113 2.3827169900355165
3.2311111111111113 2.3827169900355165
3.232222222222222 2.3847087852832054
3.232222222222222 2.3847087852832054
3.2355555555555555 2.382748112483597
3.2355555555555555 2.382748112483597
3.2355555555555555 2.382748112483597
3.2355555555555555 2.382748112483597
3.2355555555555555 2.382748112483597
3.2355555555555555 2.382748112483597
3.2355555555555555 2.382748112483597
3.236666666666667 2.381937499471885
3.2466666666666666 2.3918753841222955
3.2466666666666666 2.3918753841222955
3.25 2.399191094679109
3.25 2.399191094679109
3.2533333333333334 2.398145371653209
3.2533333333333334 2.398145371653209
3.2533333333333334 2.398145371653209
3.2533333333333334 2.398145371653209
3.2533333333333334 2.398145371653209
3.2533333333333334 2.398145371653209
3.2533333333333334 2.398145371653209
3.2544444444444443 2.3977956650672083
3.2544444444444443 2.3977956650672083
3.2544444444444443 2.3977956650672083
3.258888888888889 2.4005651190639115
3.258888888888889 2.4005651190639115
3.258888888888889 2.4005651190639115
3.258888888888889 2.4005651190639115
3.258888888888889 2.4005651190639115
3.258888888888889 2.4005651190639115
3.258888888888889 2.4005651190639115
3.258888888888889 2.4005651190639115
3.2622222222222224 2.397652623727278
3.2622222222222224 2.397652623727278
3.2622222222222224 2.397652623727278
3.2655555555555558 2.400299439565768
3.2666666666666666 2.399480848559304
3.2666666666666666 2.399480848559304
3.27 2.397020304540256
3.27 2.397020304540256
3.27 2.397020304540256
3.27 2.397020304540256
3.2733333333333334 2.3959457785029548
3.2733333333333334 2.3959457785029548
3.2744444444444443 2.3955864642040012
3.2744444444444443 2.3955864642040012
3.276666666666667 2.3944016090932636
3.276666666666667 2.3944016090932636
3.2866666666666666 2.400417093901403
3.2866666666666666 2.400417093901403
3.2944444444444443 2.3955307437361135
3.2955555555555556 2.3965544005270303
3.296666666666667 2.3966490325232233
3.296666666666667 2.3966490325232233
3.301111111111111 2.3960940798930297
3.301111111111111 2.3960940798930297
3.3055555555555554 2.3941373105716393
3.3055555555555554 2.3941373105716393
3.3066666666666666 2.3946919424936075
3.3066666666666666 2.3946919424936075
3.3088888888888888 2.3962635191160775
3.31 2.395887745025426
3.31 2.395887745025426
3.31 2.395887745025426
3.311111111111111 2.395047004652047
3.311111111111111 2.395047004652047
3.3133333333333335 2.3928982803705368
3.3144444444444443 2.3934495847200257
3.3155555555555556 2.3930707864376437
3.3155555555555556 2.3930707864376437
3.318888888888889 2.3947195545927706
3.318888888888889 2.3947195545927706
3.321111111111111 2.399990472934582
3.321111111111111 2.399990472934582
3.3222222222222224 2.399609616830925
3.3222222222222224 2.399609616830925
3.332222222222222 2.399866875144442
3.332222222222222 2.399866875144442
3.3355555555555556 2.398243290666314
3.3355555555555556 2.398243290666314
3.338888888888889 2.4040286193738454
3.34 2.403177355410405
3.34 2.403177355410405
3.34 2.403177355410405
3.341111111111111 2.402325275324662
3.341111111111111 2.402325275324662
3.341111111111111 2.402325275324662
3.341111111111111 2.402325275324662
3.3455555555555554 2.407240704862778
3.347777777777778 2.4059958371451744
3.348888888888889 2.4069903964304045
3.348888888888889 2.4069903964304045
3.35 2.406135557352498
3.35 2.406135557352498
3.352222222222222 2.40488600613604
3.3577777777777778 2.409841602010447
3.3577777777777778 2.409841602010447
3.36 2.4081249196160996
3.36 2.4081249196160996
3.3633333333333333 2.4110862782482223
3.3633333333333333 2.4110862782482223
3.3633333333333333 2.4110862782482223
3.3633333333333333 2.4110862782482223
3.3644444444444446 2.4129937055785278
3.3644444444444446 2.4129937055785278
3.368888888888889 2.4109337726617857
3.371111111111111 2.413359390383267
3.3777777777777778 2.4178506426819784
3.378888888888889 2.4165260849243966
3.38 2.416121235420362
3.38 2.416121235420362
3.381111111111111 2.41571580644247
3.381111111111111 2.41571580644247
3.381111111111111 2.41571580644247
3.381111111111111 2.41571580644247
3.381111111111111 2.41571580644247
3.382222222222222 2.4171512561854125
3.382222222222222 2.4171512561854125
3.382222222222222 2.4171512561854125
3.382222222222222 2.4171512561854125
3.3855555555555554 2.4228271625616262
3.3855555555555554 2.4228271625616262
3.3855555555555554 2.4228271625616262
3.3866666666666667 2.421961073051561
3.39 2.4221149254116963
3.391111111111111 2.4221651868343907
3.3922222222222222 2.4240511498849995
3.3922222222222222 2.4240511498849995
3.3922222222222222 2.4240511498849995
3.3922222222222222 2.4240511498849995
3.3944444444444444 2.4218536512648448
3.3955555555555557 2.421901876836841
3.3955555555555557 2.421901876836841
3.397777777777778 2.420618596315229
3.398888888888889 2.4197460978069625
3.4 2.418872773627096
3.4 2.418872773627096
3.401111111111111 2.4198380352149322
3.401111111111111 2.4198380352149322
3.401111111111111 2.4198380352149322
3.4033333333333333 2.4176285275950873
3.4044444444444446 2.4172126139748915
3.4044444444444446 2.4172126139748915
3.4144444444444444 2.4231026136152805
3.4144444444444444 2.4231026136152805
3.417777777777778 2.4273459589436337
3.417777777777778 2.4273459589436337
3.417777777777778 2.4273459589436337
3.418888888888889 2.4260082451298914
3.418888888888889 2.4260082451298914
3.42 2.427420297192356
3.422222222222222 2.4279507821654724
3.4233333333333333 2.4270697163928743
3.4233333333333333 2.4270697163928743
3.4266666666666667 2.4271728336492586
3.4266666666666667 2.4271728336492586
3.4266666666666667 2.4271728336492586
3.4344444444444444 2.426937312503846
3.4344444444444444 2.426937312503846
3.4344444444444444 2.426937312503846
3.4355555555555557 2.4269671040086545
3.4355555555555557 2.4269671040086545
3.4355555555555557 2.4269671040086545
3.4366666666666665 2.4297447647442394
3.4366666666666665 2.4297447647442394
3.437777777777778 2.429315662702065
3.437777777777778 2.429315662702065
3.437777777777778 2.429315662702065
3.442222222222222 2.4321711864632416
3.442222222222222 2.4321711864632416
3.442222222222222 2.4321711864632416
3.442222222222222 2.4321711864632416
3.442222222222222 2.4321711864632416
3.4455555555555555 2.434990623198316
3.4466666666666668 2.4350152404773584
3.4466666666666668 2.4350152404773584
3.448888888888889 2.434606104525392
3.45 2.4341722742513823
3.451111111111111 2.434194868842292
3.453333333333333 2.436522257625024
3.4566666666666666 2.4393214651278736
3.4588888888888887 2.4416389052876246
3.4588888888888887 2.4416389052876246
3.4611111111111112 2.4412197412846486
3.4611111111111112 2.4412197412846486
3.4655555555555555 2.444018878473315
3.4677777777777776 2.443594053268606
3.4677777777777776 2.443594053268606
3.47 2.4413452955405193
3.47 2.4413452955405193
3.471111111111111 2.440447288660563
3.4744444444444444 2.441851497203771
3.4744444444444444 2.441851497203771
3.48 2.4441799387235874
3.482222222222222 2.4464715586699666
3.482222222222222 2.4464715586699666
3.4833333333333334 2.4455698749674224
3.4833333333333334 2.4455698749674224
3.4844444444444442 2.445122320363037
3.4844444444444442 2.445122320363037
3.4855555555555555 2.444219127602912
3.49 2.44969635584036
3.4955555555555557 2.449258638422867
3.4955555555555557 2.449258638422867
3.4955555555555557 2.449258638422867
3.4955555555555557 2.449258638422867
3.4966666666666666 2.4533444064008294
3.4966666666666666 2.4533444064008294
3.4966666666666666 2.4533444064008294
3.4966666666666666 2.4533444064008294
3.4966666666666666 2.4533444064008294
3.4966666666666666 2.4533444064008294
3.513333333333333 2.4937831489066844
3.5144444444444445 2.4937769537874828
3.5144444444444445 2.4937769537874828
3.5166666666666666 2.4933169851488124
3.5166666666666666 2.4933169851488124
3.517777777777778 2.4928631290447485
3.52 2.4932924477998797
3.52 2.4932924477998797
3.52 2.4932924477998797
3.5211111111111113 2.4923908425893884
3.5211111111111113 2.4923908425893884
3.5255555555555556 2.4976991018458854
3.5255555555555556 2.4976991018458854
3.5255555555555556 2.4976991018458854
3.5277777777777777 2.498120663041325
3.528888888888889 2.4981080469255947
3.528888888888889 2.4981080469255947
3.5322222222222224 2.4962854619220436
3.5444444444444443 2.4987699359251136
3.5444444444444443 2.4987699359251136
3.5444444444444443 2.4987699359251136
3.551111111111111 2.4999775057695137
3.551111111111111 2.4999775057695137
3.551111111111111 2.4999775057695137
3.5544444444444445 2.4990169863190856
3.562222222222222 2.49705400516962
3.5655555555555556 2.495631828358632
3.566666666666667 2.4947107562818505
3.5677777777777777 2.4978000455117972
3.5677777777777777 2.4978000455117972
3.5677777777777777 2.4978000455117972
3.5677777777777777 2.4978000455117972
3.5677777777777777 2.4978000455117972
3.577777777777778 2.501513569753589
3.578888888888889 2.50192337333921
3.582222222222222 2.5071456401468075
3.5855555555555556 2.505258590073934
3.591111111111111 2.50728169546874
3.591111111111111 2.50728169546874
3.591111111111111 2.50728169546874
3.591111111111111 2.50728169546874
3.5922222222222224 2.5072410275319834
3.5922222222222224 2.5072410275319834
3.5955555555555554 2.5057846806246666
3.5955555555555554 2.5057846806246666
3.5955555555555554 2.5057846806246666
3.5966666666666667 2.5057420154179733
3.598888888888889 2.5087608206585346
3.598888888888889 2.5087608206585346
3.598888888888889 2.5087608206585346
3.598888888888889 2.5087608206585346
3.598888888888889 2.5087608206585346
3.598888888888889 2.5087608206585346
3.598888888888889 2.5087608206585346
3.598888888888889 2.5087608206585346
3.6 2.508273296053974
3.6 2.508273296053974
3.6 2.508273296053974
3.6 2.508273296053974
3.6 2.508273296053974
3.6 2.508273296053974
3.6 2.508273296053974
3.6033333333333335 2.509468166426746
3.6033333333333335 2.509468166426746
3.6033333333333335 2.509468166426746
3.6033333333333335 2.509468166426746
3.6055555555555556 2.5089322570219075
3.6077777777777778 2.5075072056930283
3.6077777777777778 2.5075072056930283
3.608888888888889 2.511005561704502
3.6133333333333333 2.5223009782129746
3.6133333333333333 2.5223009782129746
3.621111111111111 2.5526271421628413
3.6244444444444444 2.5589951757437372
3.6244444444444444 2.5589951757437372
3.6244444444444444 2.5589951757437372
3.63 2.5682648670145527
3.63 2.5682648670145527
3.6344444444444446 2.5693349126693965
3.6344444444444446 2.5693349126693965
3.6366666666666667 2.570516064233989
3.64 2.5742283961165136
3.64 2.5742283961165136
3.64 2.5742283961165136
3.64 2.5742283961165136
3.6422222222222222 2.574538535614327
3.6433333333333335 2.5744768467560224
3.6433333333333335 2.5744768467560224
3.6433333333333335 2.5744768467560224
3.6466666666666665 2.5716949912304643
3.647777777777778 2.5720638206729354
3.65 2.5732321922946655
3.652222222222222 2.571804324040212
3.652222222222222 2.571804324040212
3.652222222222222 2.571804324040212
3.652222222222222 2.571804324040212
3.652222222222222 2.571804324040212
3.6533333333333333 2.5713056806272285
3.6533333333333333 2.5713056806272285
3.6533333333333333 2.5713056806272285
3.6533333333333333 2.5713056806272285
3.6555555555555554 2.569008028288904
3.6555555555555554 2.569008028288904
3.6566666666666667 2.5706718433830975
3.6622222222222223 2.5768101525632647
3.6622222222222223 2.5768101525632647
3.6633333333333336 2.5788974198508594
3.6644444444444444 2.578826729245008
3.67 2.5870796451018094
3.67 2.5870796451018094
3.67 2.5870796451018094
3.671111111111111 2.5891552921143983
3.671111111111111 2.5891552921143983
3.671111111111111 2.5891552921143983
3.672222222222222 2.589081540018143
3.672222222222222 2.589081540018143
3.672222222222222 2.589081540018143
3.6744444444444446 2.592796606082733
3.6744444444444446 2.592796606082733
3.6755555555555555 2.5914341274152104
3.6766666666666667 2.5913585323882837
3.6822222222222223 2.603393771104484
3.6822222222222223 2.603393771104484
3.6822222222222223 2.603393771104484
3.6822222222222223 2.603393771104484
3.6822222222222223 2.603393771104484
3.6855555555555557 2.6061474817393684
3.688888888888889 2.6050538903917784
3.688888888888889 2.6050538903917784
3.688888888888889 2.6050538903917784
3.688888888888889 2.6050538903917784
3.688888888888889 2.6050538903917784
3.688888888888889 2.6050538903917784
3.69 2.604972997154968
3.692222222222222 2.605236780503207
3.6933333333333334 2.604727455377323
3.6944444444444446 2.604217556047081
3.6955555555555555 2.603707082175127
3.698888888888889 2.603454300045173
3.698888888888889 2.603454300045173
3.698888888888889 2.603454300045173
3.703333333333333 2.604392200096661
3.7044444444444444 2.6038779632330447
3.7088888888888887 2.60437914965546
3.7111111111111112 2.6029180358440867
3.712222222222222 2.602400183221718
3.712222222222222 2.602400183221718
3.7144444444444447 2.6000796219138502
3.7155555555555555 2.601698389029265
3.7155555555555555 2.601698389029265
3.721111111111111 2.5990926133089576
3.721111111111111 2.5990926133089576
3.7222222222222223 2.599425699291134
3.7222222222222223 2.599425699291134
3.7222222222222223 2.599425699291134
3.723333333333333 2.598474353446106
3.723333333333333 2.598474353446106
3.723333333333333 2.598474353446106
3.723333333333333 2.598474353446106
3.723333333333333 2.598474353446106
3.723333333333333 2.598474353446106
3.723333333333333 2.598474353446106
3.723333333333333 2.598474353446106
3.723333333333333 2.598474353446106
3.723333333333333 2.598474353446106
3.7266666666666666 2.5981853854174206
3.7266666666666666 2.5981853854174206
3.732222222222222 2.6019727169069
3.7333333333333334 2.60101802607534
3.738888888888889 2.603932785196426
3.738888888888889 2.603932785196426
3.7455555555555557 2.6071545743709112
3.7455555555555557 2.6071545743709112
3.7455555555555557 2.6071545743709112
3.7455555555555557 2.6071545743709112
3.7488888888888887 2.609397087035558
3.75 2.608864413138436
3.75 2.608864413138436
3.75 2.608864413138436
3.75 2.608864413138436
3.75 2.608864413138436
3.75 2.608864413138436
3.75 2.608864413138436
3.75 2.608864413138436
3.75 2.608864413138436
3.75 2.608864413138436
3.752222222222222 2.60992917866307
3.76 2.623619929608501
3.7622222222222224 2.6322876602939123
3.7644444444444445 2.631219729725765
3.7644444444444445 2.631219729725765
3.7644444444444445 2.631219729725765
3.7644444444444445 2.631219729725765
3.7644444444444445 2.631219729725765
3.7666666666666666 2.6322632445585823
3.767777777777778 2.631727684781836
3.767777777777778 2.631727684781836
3.7688888888888887 2.632459503101898
3.7688888888888887 2.632459503101898
3.7688888888888887 2.632459503101898
3.7744444444444443 2.630194362189716
3.7777777777777777 2.63111263098426
3.7777777777777777 2.63111263098426
3.7777777777777777 2.63111263098426
3.7777777777777777 2.63111263098426
3.7777777777777777 2.63111263098426
3.7777777777777777 2.63111263098426
3.781111111111111 2.635827189129698
3.7822222222222224 2.6352862566859923
3.7822222222222224 2.6352862566859923
3.7822222222222224 2.6352862566859923
3.783333333333333 2.633900240766375
3.783333333333333 2.633900240766375
3.783333333333333 2.633900240766375
3.7855555555555553 2.632815125743331
3.787777777777778 2.6363729330269794
3.7888888888888888 2.636251275681129
3.798888888888889 2.6528048599577483
3.798888888888889 2.6528048599577483
3.801111111111111 2.6512949149875835
3.801111111111111 2.6512949149875835
3.8033333333333332 2.6506216871032926
3.8133333333333335 2.6582588997684136
3.8133333333333335 2.6582588997684136
3.8144444444444443 2.6568718428113334
3.816666666666667 2.6574448908988813
3.816666666666667 2.6574448908988813
3.816666666666667 2.6574448908988813
3.816666666666667 2.6574448908988813
3.816666666666667 2.6574448908988813
3.8222222222222224 2.654682004832279
3.8233333333333333 2.6553846902417373
3.8233333333333333 2.6553846902417373
3.8233333333333333 2.6553846902417373
3.8233333333333333 2.6553846902417373
3.8266666666666667 2.673763267591846
3.8266666666666667 2.673763267591846
3.8266666666666667 2.673763267591846
3.8266666666666667 2.673763267591846
3.831111111111111 2.675711394575672
3.831111111111111 2.675711394575672
3.832222222222222 2.67515773667267
3.832222222222222 2.67515773667267
3.8344444444444443 2.67612777516138
3.84 2.675426842121022
3.841111111111111 2.6748694288694588
3.841111111111111 2.6748694288694588
3.841111111111111 2.6748694288694588
3.8444444444444446 2.6731937176498577
3.8444444444444446 2.6731937176498577
3.8455555555555554 2.672633988879133
3.8455555555555554 2.672633988879133
3.8466666666666667 2.6729061227937057
3.8466666666666667 2.6729061227937057
3.8466666666666667 2.6729061227937057
3.847777777777778 2.672345408799684
3.847777777777778 2.672345408799684
3.847777777777778 2.672345408799684
3.847777777777778 2.672345408799684
3.847777777777778 2.672345408799684
3.85 2.6733035226359707
3.8533333333333335 2.674112704089204
3.8533333333333335 2.674112704089204
3.8555555555555556 2.673401765379615
3.8566666666666665 2.673253590822494
3.8566666666666665 2.673253590822494
3.8566666666666665 2.673253590822494
3.8566666666666665 2.673253590822494
3.8566666666666665 2.673253590822494
3.8566666666666665 2.673253590822494
3.861111111111111 2.67182366571132
3.861111111111111 2.67182366571132
3.8655555555555554 2.673715886773259
3.8666666666666667 2.673147482622063
3.867777777777778 2.673826825907959
3.868888888888889 2.6745055345164066
3.868888888888889 2.6745055345164066
3.8722222222222222 2.6773689115838777
3.8722222222222222 2.6773689115838777
3.8744444444444444 2.6799656793541904
3.8755555555555556 2.6810549909580166
3.8755555555555556 2.6810549909580166
3.8777777777777778 2.6790821472842596
3.8777777777777778 2.6790821472842596
3.878888888888889 2.6801704345572075
3.882222222222222 2.677204798767654
3.882222222222222 2.677204798767654
3.888888888888889 2.6998308538639897
3.8966666666666665 2.7134957074581414
3.8966666666666665 2.7134957074581414
3.8966666666666665 2.7134957074581414
3.9044444444444446 2.713166148160108
3.9044444444444446 2.713166148160108
3.9055555555555554 2.7162781704468233
3.9055555555555554 2.7162781704468233
3.9055555555555554 2.7162781704468233
3.9055555555555554 2.7162781704468233
3.908888888888889 2.7157778378606374
3.908888888888889 2.7157778378606374
3.908888888888889 2.7157778378606374
3.908888888888889 2.7157778378606374
3.91 2.71520048649612
3.9122222222222223 2.7136341696375914
3.9122222222222223 2.7136341696375914
3.9144444444444444 2.712475241906507
3.917777777777778 2.719336182238355
3.917777777777778 2.719336182238355
3.921111111111111 2.720048519345943
3.921111111111111 2.720048519345943
3.921111111111111 2.720048519345943
3.921111111111111 2.720048519345943
3.922222222222222 2.722737359162761
3.922222222222222 2.722737359162761
3.922222222222222 2.722737359162761
3.922222222222222 2.722737359162761
3.922222222222222 2.722737359162761
3.9233333333333333 2.723790053962393
3.9233333333333333 2.723790053962393
3.9233333333333333 2.723790053962393
3.9244444444444446 2.722800001238301
3.9244444444444446 2.722800001238301
3.9255555555555555 2.7226263702074456
3.9255555555555555 2.7226263702074456
3.931111111111111 2.733984385778094
3.937777777777778 2.741457671004295
3.942222222222222 2.738307239090764
3.942222222222222 2.738307239090764
3.942222222222222 2.738307239090764
3.942222222222222 2.738307239090764
3.9455555555555555 2.737359912501402
3.948888888888889 2.736814661727411
3.948888888888889 2.736814661727411
3.951111111111111 2.735229091984509
3.9522222222222223 2.7354520759048726
3.9522222222222223 2.7354520759048726
3.953333333333333 2.7356745898633403
3.953333333333333 2.7356745898633403
3.953333333333333 2.7356745898633403
3.9544444444444444 2.7367096630812937
3.96 2.7439001009844306
3.96 2.7439001009844306
3.96 2.7439001009844306
3.96 2.7439001009844306
3.962222222222222 2.7479824848407812
3.962222222222222 2.7479824848407812
3.962222222222222 2.7479824848407812
3.962222222222222 2.7479824848407812
3.962222222222222 2.7479824848407812
3.962222222222222 2.7479824848407812
3.966666666666667 2.756123730898552
3.966666666666667 2.756123730898552
3.966666666666667 2.756123730898552
3.966666666666667 2.756123730898552
3.966666666666667 2.756123730898552
3.966666666666667 2.756123730898552
3.966666666666667 2.756123730898552
3.966666666666667 2.756123730898552
3.9677777777777776 2.7575491600182156
3.9677777777777776 2.7575491600182156
3.9677777777777776 2.7575491600182156
3.968888888888889 2.756553297743845
3.968888888888889 2.756553297743845
3.9766666666666666 2.753602150881506
3.9766666666666666 2.753602150881506
3.9766666666666666 2.753602150881506
3.9766666666666666 2.753602150881506
3.9766666666666666 2.753602150881506
3.9766666666666666 2.753602150881506
3.9766666666666666 2.753602150881506
3.9766666666666666 2.753602150881506
3.9766666666666666 2.753602150881506
3.977777777777778 2.7570428685125585
3.9833333333333334 2.7540545497023894
3.9855555555555555 2.7609247500102883
3.986666666666667 2.7603259468026335
3.9877777777777776 2.761741151629638
3.9877777777777776 2.761741151629638
3.9877777777777776 2.761741151629638
3.9877777777777776 2.761741151629638
3.988888888888889 2.7607387431823063
3.99 2.7609444467504733
3.99 2.7609444467504733
3.99 2.7609444467504733
3.9955555555555557 2.7619660225063845
3.9955555555555557 2.7619660225063845
3.9955555555555557 2.7619660225063845
3.9966666666666666 2.767399199876915
3.9988888888888887 2.7665969765760376
3.9988888888888887 2.7665969765760376
3.9988888888888887 2.7665969765760376
4.01 2.790598789109563
4.01 2.790598789109563
4.01 2.790598789109563
4.011111111111111 2.7915909181251783
4.011111111111111 2.7915909181251783
4.011111111111111 2.7915909181251783
4.017777777777778 2.795538228746333
4.02 2.7939311315714908
4.021111111111111 2.7953160586071566
4.022222222222222 2.7998799345693213
4.022222222222222 2.7998799345693213
4.024444444444445 2.798271797472069
4.026666666666666 2.7966609679261394
4.026666666666666 2.7966609679261394
4.026666666666666 2.7966609679261394
4.026666666666666 2.7966609679261394
4.026666666666666 2.7966609679261394
4.032222222222222 2.8094995290104774
4.032222222222222 2.8094995290104774
4.035555555555556 2.8100531075822994
4.035555555555556 2.8100531075822994
4.0377777777777775 2.8127936614566105
4.046666666666667 2.819375201968896
4.046666666666667 2.819375201968896
4.0488888888888885 2.820126475143483
4.0488888888888885 2.820126475143483
4.05 2.8199097485538225
4.052222222222222 2.817896397366472
4.052222222222222 2.817896397366472
4.054444444444444 2.8186436798211103
4.054444444444444 2.8186436798211103
4.054444444444444 2.8186436798211103
4.056666666666667 2.8170208073678613
4.056666666666667 2.8170208073678613
4.056666666666667 2.8170208073678613
4.057777777777778 2.819958179297571
4.06 2.818333432552142
4.061111111111111 2.8204794693506874
4.061111111111111 2.8204794693506874
4.064444444444445 2.824543280084473
4.064444444444445 2.824543280084473
4.064444444444445 2.824543280084473
4.066666666666666 2.8229159184318977
4.066666666666666 2.8229159184318977
4.066666666666666 2.8229159184318977
4.066666666666666 2.8229159184318977
4.0744444444444445 2.831573970107345
4.0744444444444445 2.831573970107345
4.0744444444444445 2.831573970107345
4.078888888888889 2.830667681034773
4.082222222222223 2.8394009057191605
4.082222222222223 2.8394009057191605
4.085555555555556 2.8398899033599996
4.085555555555556 2.8398899033599996
4.085555555555556 2.8398899033599996
4.085555555555556 2.8398899033599996
4.085555555555556 2.8398899033599996
4.085555555555556 2.8398899033599996
4.09 2.842101636643992
4.09 2.842101636643992
4.094444444444444 2.843522432564264
4.095555555555555 2.843289667182052
4.097777777777778 2.8451695018926464
4.102222222222222 2.849701027496206
4.102222222222222 2.849701027496206
4.102222222222222 2.849701027496206
4.102222222222222 2.849701027496206
4.1033333333333335 2.8502463644663214
4.1033333333333335 2.8502463644663214
4.1033333333333335 2.8502463644663214
4.1033333333333335 2.8502463644663214
4.1033333333333335 2.8502463644663214
4.1033333333333335 2.8502463644663214
4.114444444444445 2.8889749043600848
4.115555555555556 2.8906627755016574
4.115555555555556 2.8906627755016574
4.115555555555556 2.8906627755016574
4.115555555555556 2.8906627755016574
4.115555555555556 2.8906627755016574
4.115555555555556 2.8906627755016574
4.115555555555556 2.8906627755016574
4.122222222222222 2.8880782829733613
4.123333333333333 2.887067940025424
4.123333333333333 2.887067940025424
4.123333333333333 2.887067940025424
4.124444444444444 2.886827554321451
4.125555555555556 2.8873573181688736
4.127777777777778 2.8872597204980117
4.127777777777778 2.8872597204980117
4.127777777777778 2.8872597204980117
4.133333333333334 2.8898964805889777
4.136666666666667 2.8903179251710376
4.137777777777778 2.890457537855996
4.141111111111111 2.890873770264786
4.142222222222222 2.8898571340717725
4.142222222222222 2.8898571340717725
4.1433333333333335 2.889609709184388
4.152222222222222 2.9002983152835946
4.152222222222222 2.9002983152835946
4.152222222222222 2.9002983152835946
4.152222222222222 2.9002983152835946
4.152222222222222 2.9002983152835946
4.152222222222222 2.9002983152835946
4.154444444444445 2.9017144681256513
4.154444444444445 2.9017144681256513
4.158888888888889 2.9030073181632057
4.164444444444444 2.9093960441538
4.164444444444444 2.9093960441538
4.164444444444444 2.9093960441538
4.166666666666667 2.9169063411244567
4.166666666666667 2.9169063411244567
4.166666666666667 2.9169063411244567
4.166666666666667 2.9169063411244567
4.166666666666667 2.9169063411244567
4.166666666666667 2.9169063411244567
4.171111111111111 2.9151227970725606
4.171111111111111 2.9151227970725606
4.171111111111111 2.9151227970725606
4.173333333333333 2.921090505985757
4.174444444444444 2.922356809826651
4.177777777777778 2.92196536544086
4.18 2.921067657982941
4.182222222222222 2.926256336402422
4.182222222222222 2.926256336402422
4.183333333333334 2.925616598348785
4.184444444444445 2.925356565780424
4.184444444444445 2.925356565780424
4.187777777777778 2.9336878725304483
4.187777777777778 2.9336878725304483
4.191111111111111 2.9344201984169755
4.193333333333333 2.9380628942611153
4.193333333333333 2.9380628942611153
4.194444444444445 2.9378001770225413
4.194444444444445 2.9378001770225413
4.194444444444445 2.9378001770225413
4.194444444444445 2.9378001770225413
4.194444444444445 2.9378001770225413
4.194444444444445 2.9378001770225413
4.197777777777778 2.939280888565435
4.197777777777778 2.939280888565435
4.197777777777778 2.939280888565435
4.2011111111111115 2.9422696907550145
4.203333333333333 2.9398474455891592
4.203333333333333 2.9398474455891592
4.203333333333333 2.9398474455891592
4.203333333333333 2.9398474455891592
4.204444444444444 2.938445674767873
4.204444444444444 2.938445674767873
4.205555555555556 2.937800177022552
4.211111111111111 2.946668881293438
4.211111111111111 2.946668881293438
4.214444444444444 2.9466166609574653
4.214444444444444 2.9466166609574653
4.214444444444444 2.9466166609574653
4.2155555555555555 2.9455915708288902
4.217777777777778 2.9461831335195936
4.217777777777778 2.9461831335195936
4.22 2.9550657849028354
4.223333333333334 2.9576374993071783
4.223333333333334 2.9576374993071783
4.223333333333334 2.9576374993071783
4.223333333333334 2.9576374993071783
4.225555555555555 2.957468670475386
4.226666666666667 2.9579477598403234
4.227777777777778 2.958802322776487
4.228888888888889 2.9589044527492363
4.228888888888889 2.9589044527492363
4.228888888888889 2.9589044527492363
4.228888888888889 2.9589044527492363
4.228888888888889 2.9589044527492363
4.235555555555556 2.97188573263022
4.235555555555556 2.97188573263022
4.235555555555556 2.97188573263022
4.238888888888889 2.9714321833286212
4.238888888888889 2.9714321833286212
4.238888888888889 2.9714321833286212
4.238888888888889 2.9714321833286212
4.238888888888889 2.9714321833286212
4.238888888888889 2.9714321833286212
4.238888888888889 2.9714321833286212
4.238888888888889 2.9714321833286212
4.238888888888889 2.9714321833286212
4.24 2.9711553615428583
4.2411111111111115 2.971252491282242
4.2411111111111115 2.971252491282242
4.2411111111111115 2.971252491282242
4.2411111111111115 2.971252491282242
4.2411111111111115 2.971252491282242
4.242222222222222 2.971349201893745
4.242222222222222 2.971349201893745
4.2444444444444445 2.974160545089473
4.245555555555556 2.9731337276768866
4.245555555555556 2.9731337276768866
4.245555555555556 2.9731337276768866
4.246666666666667 2.973228714338027
4.246666666666667 2.973228714338027
4.246666666666667 2.973228714338027
4.25 2.973511162214315
4.25 2.973511162214315
4.251111111111111 2.9743525274599283
4.2555555555555555 2.972477051971349
4.2555555555555555 2.972477051971349
4.256666666666667 2.9736907177753777
4.26 2.972839603122825
4.26 2.972839603122825
4.26 2.972839603122825
4.26 2.972839603122825
4.26 2.972839603122825
4.261111111111111 2.9721807832516247
4.261111111111111 2.9721807832516247
4.261111111111111 2.9721807832516247
4.262222222222222 2.9711470419314807
4.266666666666667 2.9707510014795924
4.267777777777778 2.9697146815524516
4.267777777777778 2.9697146815524516
4.267777777777778 2.9697146815524516
4.267777777777778 2.9697146815524516
4.27 2.971759926946297
4.27 2.971759926946297
4.27 2.971759926946297
4.27 2.971759926946297
4.278888888888889 2.9772961598874588
4.283333333333333 2.9806103099532932
4.286666666666667 2.9853256232364234
4.288888888888889 2.9880907272934585
4.288888888888889 2.9880907272934585
4.288888888888889 2.9880907272934585
4.288888888888889 2.9880907272934585
4.29 2.9885413348897867
4.29 2.9885413348897867
4.293333333333333 2.9921216537937103
4.293333333333333 2.9921216537937103
4.293333333333333 2.9921216537937103
4.293333333333333 2.9921216537937103
4.293333333333333 2.9921216537937103
4.295555555555556 2.994132605294769
4.2988888888888885 2.9965866545616384
4.301111111111111 2.9948786261576377
4.301111111111111 2.9948786261576377
4.308888888888889 2.9953855666455693
4.308888888888889 2.9953855666455693
4.31 2.994713547650349
4.31 2.994713547650349
4.316666666666666 2.997728097845012
4.32 3.0023794790384732
4.32 3.0023794790384732
4.321111111111111 3.0031868295792092
4.3244444444444445 3.002642925965056
4.3244444444444445 3.002642925965056
4.3244444444444445 3.002642925965056
4.331111111111111 3.0096856788217647
4.334444444444444 3.0080226843655398
4.334444444444444 3.0080226843655398
4.335555555555556 3.00734403684975
4.342222222222222 3.037510315386524
4.344444444444444 3.0357935562841134
4.347777777777778 3.034863341433053
4.347777777777778 3.034863341433053
4.357777777777778 3.0386453343231095
4.357777777777778 3.0386453343231095
4.357777777777778 3.0386453343231095
4.357777777777778 3.0386453343231095
4.358888888888889 3.0394292261888576
4.358888888888889 3.0394292261888576
4.358888888888889 3.0394292261888576
4.358888888888889 3.0394292261888576
4.36 3.039480665200351
4.361111111111111 3.0406293785454954
4.361111111111111 3.0406293785454954
4.361111111111111 3.0406293785454954
4.361111111111111 3.0406293785454954
4.361111111111111 3.0406293785454954
4.361111111111111 3.0406293785454954
4.363333333333333 3.041095976551626
4.363333333333333 3.041095976551626
4.363333333333333 3.041095976551626
4.363333333333333 3.041095976551626
4.364444444444445 3.040048266371972
4.365555555555556 3.0459463063633114
4.366666666666666 3.0456299954140045
4.366666666666666 3.0456299954140045
4.3677777777777775 3.0464088443795716
4.3677777777777775 3.0464088443795716
4.368888888888889 3.0479170824662285
4.368888888888889 3.0479170824662285
4.37 3.0472347463815646
4.374444444444444 3.049610603021002
4.375555555555556 3.0492914296138727
4.375555555555556 3.0492914296138727
4.375555555555556 3.0492914296138727
4.375555555555556 3.0492914296138727
4.375555555555556 3.0492914296138727
4.38 3.054208060087718
4.383333333333334 3.055429711681414
4.383333333333334 3.055429711681414
4.385555555555555 3.0587885055186423
4.39 3.0567691436106794
4.39 3.0567691436106794
4.39 3.0567691436106794
4.391111111111111 3.0582641897257594
4.391111111111111 3.0582641897257594
4.391111111111111 3.0582641897257594
4.391111111111111 3.0582641897257594
4.391111111111111 3.0582641897257594
4.391111111111111 3.0582641897257594
4.391111111111111 3.0582641897257594
4.391111111111111 3.0582641897257594
4.391111111111111 3.0582641897257594
4.392222222222222 3.060485096731294
4.392222222222222 3.060485096731294
4.392222222222222 3.060485096731294
4.392222222222222 3.060485096731294
4.394444444444445 3.0601991658417846
4.4 3.058568081582858
4.405555555555556 3.0576536880240086
4.407777777777778 3.05808535626856
4.407777777777778 3.05808535626856
4.408888888888889 3.057754941523705
4.408888888888889 3.057754941523705
4.408888888888889 3.057754941523705
4.408888888888889 3.057754941523705
4.408888888888889 3.057754941523705
4.412222222222222 3.0556691701442382
4.412222222222222 3.0556691701442382
4.42 3.0544265731504434
4.4222222222222225 3.0548481782511017
4.4222222222222225 3.0548481782511017
4.4222222222222225 3.0548481782511017
4.423333333333333 3.0592426378503226
4.423333333333333 3.0592426378503226
4.423333333333333 3.0592426378503226
4.424444444444444 3.0581793209143044
4.424444444444444 3.0581793209143044
4.424444444444444 3.0581793209143044
4.424444444444444 3.0581793209143044
4.428888888888889 3.058649706963806
4.431111111111111 3.058336932546809
4.433333333333334 3.055839247063422
4.433333333333334 3.055839247063422
4.433333333333334 3.055839247063422
4.433333333333334 3.055839247063422
4.433333333333334 3.055839247063422
4.434444444444445 3.0569551294067177
4.434444444444445 3.0569551294067177
4.434444444444445 3.0569551294067177
4.4366666666666665 3.056638138127046
4.438888888888889 3.05631949641559
4.442222222222222 3.0571121977275433
4.442222222222222 3.0571121977275433
4.442222222222222 3.0571121977275433
4.444444444444445 3.0640587966747064
4.444444444444445 3.0640587966747064
4.445555555555556 3.0633526208137325
4.446666666666666 3.0619193962809406
4.448888888888889 3.0612306933735276
4.448888888888889 3.0612306933735276
4.45 3.0641545949144016
4.45 3.0641545949144016
4.4511111111111115 3.0638095055330212
4.4511111111111115 3.0638095055330212
4.4511111111111115 3.0638095055330212
4.457777777777777 3.069349634827905
4.4622222222222225 3.068682737538341
4.4622222222222225 3.068682737538341
4.4622222222222225 3.068682737538341
4.4655555555555555 3.0676343768252683
4.4655555555555555 3.0676343768252683
4.4655555555555555 3.0676343768252683
4.4655555555555555 3.0676343768252683
4.467777777777778 3.0665705438660207
4.467777777777778 3.0665705438660207
4.467777777777778 3.0665705438660207
4.4688888888888885 3.068395153769498
4.473333333333334 3.0655355719030326
4.474444444444444 3.0644562893805776
4.474444444444444 3.0644562893805776
4.474444444444444 3.0644562893805776
4.475555555555555 3.063739313105423
4.475555555555555 3.063739313105423
4.475555555555555 3.063739313105423
4.476666666666667 3.063747986394762
4.476666666666667 3.063747986394762
4.48 3.0670374266050136
4.48 3.0670374266050136
4.48 3.0670374266050136
4.485555555555556 3.0688814929221024
4.488888888888889 3.066719865412085
4.488888888888889 3.066719865412085
4.488888888888889 3.066719865412085
4.492222222222222 3.0656418061474664
4.492222222222222 3.0656418061474664
4.496666666666667 3.0649240990661997
4.496666666666667 3.0649240990661997
4.497777777777777 3.0671019020192216
4.497777777777777 3.0671019020192216
4.498888888888889 3.0663770800383237
4.498888888888889 3.0663770800383237
4.502222222222223 3.066376475444733
4.5055555555555555 3.0721708676551818
4.5055555555555555 3.0721708676551818
4.507777777777778 3.0710796302224805
4.507777777777778 3.0710796302224805
4.507777777777778 3.0710796302224805
4.51 3.0699863945523282
4.51 3.0699863945523282
4.512222222222222 3.0696159908016214
4.513333333333334 3.069611360471905
4.515555555555555 3.070687824854727
4.515555555555555 3.070687824854727
4.52 3.0695751228676227
4.522222222222222 3.0677473873961643
4.522222222222222 3.0677473873961643
4.522222222222222 3.0677473873961643
4.522222222222222 3.0677473873961643
4.522222222222222 3.0677473873961643
4.522222222222222 3.0677473873961643
4.522222222222222 3.0677473873961643
4.522222222222222 3.0677473873961643
4.523333333333333 3.0684642327224947
4.524444444444445 3.067005188389596
4.525555555555556 3.066633416982136
4.527777777777778 3.0666140715452435
4.527777777777778 3.0666140715452435
4.527777777777778 3.0666140715452435
4.527777777777778 3.0666140715452435
4.527777777777778 3.0666140715452435
4.527777777777778 3.0666140715452435
4.527777777777778 3.0666140715452435
4.527777777777778 3.0666140715452435
4.528888888888889 3.0676917891328843
4.528888888888889 3.0676917891328843
4.528888888888889 3.0676917891328843
4.528888888888889 3.0676917891328843
4.528888888888889 3.0676917891328843
4.528888888888889 3.0676917891328843
4.5311111111111115 3.072380258826425
4.535555555555556 3.073056006185842
4.5377777777777775 3.071943357323961
4.538888888888889 3.071205190549311
4.538888888888889 3.071205190549311
4.538888888888889 3.071205190549311
4.541111111111111 3.0729866282578393
4.546666666666667 3.0758017123225243
4.546666666666667 3.0758017123225243
4.553333333333334 3.098393857126963
4.553333333333334 3.098393857126963
4.553333333333334 3.098393857126963
4.554444444444444 3.098374510543997
4.554444444444444 3.098374510543997
4.554444444444444 3.098374510543997
4.554444444444444 3.098374510543997
4.554444444444444 3.098374510543997
4.554444444444444 3.098374510543997
4.561111111111111 3.100044653036785
4.561111111111111 3.100044653036785
4.561111111111111 3.100044653036785
4.562222222222222 3.0985869174405707
4.562222222222222 3.0985869174405707
4.57 3.098061757266214
4.57 3.098061757266214
4.576666666666667 3.1136625261948345
4.576666666666667 3.1136625261948345
4.585555555555556 3.1234183489683374
4.591111111111111 3.1232610536813388
4.594444444444444 3.121736956647464
4.594444444444444 3.121736956647464
4.604444444444445 3.139539763183059
4.607777777777778 3.139426974834365
4.607777777777778 3.139426974834365
4.613333333333333 3.1477237215746396
4.613333333333333 3.1477237215746396
4.6177777777777775 3.145439263391291
4.6177777777777775 3.145439263391291
4.6177777777777775 3.145439263391291
4.6177777777777775 3.145439263391291
4.6177777777777775 3.145439263391291
4.6177777777777775 3.145439263391291
4.6177777777777775 3.145439263391291
4.621111111111111 3.150612859301807
4.621111111111111 3.150612859301807
4.623333333333333 3.151585578307706
4.627777777777778 3.154230796789721
4.628888888888889 3.1541855394073712
4.628888888888889 3.1541855394073712
4.63 3.1537872072493354
4.631111111111111 3.1533884328338404
4.631111111111111 3.1533884328338404
4.636666666666667 3.1587916051702947
4.636666666666667 3.1587916051702947
4.637777777777778 3.157334374279548
4.637777777777778 3.157334374279548
4.644444444444445 3.1612613156650133
4.644444444444445 3.1612613156650133
4.644444444444445 3.1612613156650133
4.644444444444445 3.1612613156650133
4.644444444444445 3.1612613156650133
4.6466666666666665 3.1615107412204
4.647777777777778 3.1632176834617245
4.647777777777778 3.1632176834617245
4.647777777777778 3.1632176834617245
4.647777777777778 3.1632176834617245
4.647777777777778 3.1632176834617245
4.655555555555556 3.1702212549893827
4.655555555555556 3.1702212549893827
4.655555555555556 3.1702212549893827
4.655555555555556 3.1702212549893827
4.655555555555556 3.1702212549893827
4.655555555555556 3.1702212549893827
4.658888888888889 3.171108256406178
4.658888888888889 3.171108256406178
4.661111111111111 3.1734505716122277
4.661111111111111 3.1734505716122277
4.661111111111111 3.1734505716122277
4.662222222222222 3.1730433620549463
4.664444444444444 3.1718769461881813
4.664444444444444 3.1718769461881813
4.666666666666667 3.1707085420311727
4.666666666666667 3.1707085420311727
4.666666666666667 3.1707085420311727
4.668888888888889 3.1709416336709655
4.668888888888889 3.1709416336709655
4.668888888888889 3.1709416336709655
4.671111111111111 3.176080109147227
4.671111111111111 3.176080109147227
4.6722222222222225 3.177420609601062
4.6722222222222225 3.177420609601062
4.6722222222222225 3.177420609601062
4.6722222222222225 3.177420609601062
4.673333333333333 3.1801595723250258
4.673333333333333 3.1801595723250258
4.673333333333333 3.1801595723250258
4.673333333333333 3.1801595723250258
4.674444444444444 3.179049224776311
4.674444444444444 3.179049224776311
4.674444444444444 3.179049224776311
4.674444444444444 3.179049224776311
4.674444444444444 3.179049224776311
4.676666666666667 3.177876457072898
4.676666666666667 3.177876457072898
4.676666666666667 3.177876457072898
4.676666666666667 3.177876457072898
4.676666666666667 3.177876457072898
4.676666666666667 3.177876457072898
4.676666666666667 3.177876457072898
4.676666666666667 3.177876457072898
4.678888888888889 3.1788019529979485
4.684444444444445 3.181981777700435
4.684444444444445 3.181981777700435
4.6866666666666665 3.1856952239764946
4.6866666666666665 3.1856952239764946
4.6866666666666665 3.1856952239764946
4.687777777777778 3.1852806554192687
4.688888888888889 3.1862623796613767
4.69 3.1872434137386745
4.695555555555556 3.1851613381380064
4.697777777777778 3.1846747101574926
4.697777777777778 3.1846747101574926
4.697777777777778 3.1846747101574926
4.697777777777778 3.1846747101574926
4.7011111111111115 3.1855134567587684
4.7011111111111115 3.1855134567587684
4.702222222222222 3.1850938200376953
4.704444444444444 3.1908835348981066
4.704444444444444 3.1908835348981066
4.7122222222222225 3.195600694592985
4.7122222222222225 3.195600694592985
4.7122222222222225 3.195600694592985
4.7122222222222225 3.195600694592985
4.7122222222222225 3.195600694592985
4.7122222222222225 3.195600694592985
4.714444444444444 3.197887967893357
4.714444444444444 3.197887967893357
4.714444444444444 3.197887967893357
4.714444444444444 3.197887967893357
4.714444444444444 3.197887967893357
4.717777777777778 3.201486646388345
4.717777777777778 3.201486646388345
4.717777777777778 3.201486646388345
4.722222222222222 3.2060419107763938
4.722222222222222 3.2060419107763938
4.722222222222222 3.2060419107763938
4.722222222222222 3.2060419107763938
4.722222222222222 3.2060419107763938
4.728888888888889 3.221149672969552
4.728888888888889 3.221149672969552
4.728888888888889 3.221149672969552
4.731111111111111 3.2223718954835077
4.731111111111111 3.2223718954835077
4.731111111111111 3.2223718954835077
4.731111111111111 3.2223718954835077
4.731111111111111 3.2223718954835077
4.731111111111111 3.2223718954835077
4.734444444444445 3.2252363171856606
4.737777777777778 3.223957101822058
4.738888888888889 3.2252547111887977
4.74 3.2268961452027525
4.74 3.2268961452027525
4.7411111111111115 3.2268132219572503
4.7411111111111115 3.2268132219572503
4.7411111111111115 3.2268132219572503
4.742222222222222 3.2267299135486254
4.742222222222222 3.2267299135486254
4.746666666666667 3.2250134731677305
4.746666666666667 3.2250134731677305
4.752222222222223 3.231475065087123
4.752222222222223 3.231475065087123
4.752222222222223 3.231475065087123
4.7555555555555555 3.234309643166189
4.7555555555555555 3.234309643166189
4.756666666666667 3.233189604196637
4.761111111111111 3.2335213947884904
4.761111111111111 3.2335213947884904
4.761111111111111 3.2335213947884904
4.764444444444444 3.2356575326767465
4.765555555555555 3.2348787823689684
4.767777777777778 3.235039246624848
4.767777777777778 3.235039246624848
4.767777777777778 3.235039246624848
4.77 3.2331345573032415
4.77 3.2331345573032415
4.77 3.2331345573032415
4.772222222222222 3.238104877643058
4.775555555555556 3.2460572854057883
4.776666666666666 3.245277222236275
4.776666666666666 3.245277222236275
4.776666666666666 3.245277222236275
4.776666666666666 3.245277222236275
4.776666666666666 3.245277222236275
4.7844444444444445 3.2657902920449846
4.7844444444444445 3.2657902920449846
4.7844444444444445 3.2657902920449846
4.7844444444444445 3.2657902920449846
4.7844444444444445 3.2657902920449846
4.7844444444444445 3.2657902920449846
4.7844444444444445 3.2657902920449846
4.786666666666667 3.2720612573850203
4.786666666666667 3.2720612573850203
4.786666666666667 3.2720612573850203
4.786666666666667 3.2720612573850203
4.7877777777777775 3.271963613870976
4.788888888888889 3.2728853507787905
4.788888888888889 3.2728853507787905
4.788888888888889 3.2728853507787905
4.788888888888889 3.2728853507787905
4.79 3.273126836543005
4.792222222222223 3.2766653257393714
4.797777777777778 3.2846417743359386
4.797777777777778 3.2846417743359386
4.7988888888888885 3.285556568926841
4.8 3.285455188452299
4.8 3.285455188452299
4.803333333333334 3.291237904048526
4.803333333333334 3.291237904048526
4.803333333333334 3.291237904048526
4.803333333333334 3.291237904048526
4.804444444444444 3.291135196436933
4.804444444444444 3.291135196436933
4.805555555555555 3.292045934041298
4.806666666666667 3.29329382300939
4.806666666666667 3.29329382300939
4.806666666666667 3.29329382300939
4.806666666666667 3.29329382300939
4.818888888888889 3.317375781977821
4.821111111111111 3.3174964911406906
4.821111111111111 3.3174964911406906
4.821111111111111 3.3174964911406906
4.821111111111111 3.3174964911406906
4.8244444444444445 3.3201883937833974
4.8244444444444445 3.3201883937833974
4.8244444444444445 3.3201883937833974
4.8277777777777775 3.3178496519866
4.8277777777777775 3.3178496519866
4.8277777777777775 3.3178496519866
4.8277777777777775 3.3178496519866
4.828888888888889 3.3214255233418526
4.832222222222223 3.32209804708309
4.832222222222223 3.32209804708309
4.832222222222223 3.32209804708309
4.834444444444444 3.3215399457067574
4.834444444444444 3.3215399457067574
4.835555555555556 3.32209748902854
4.837777777777778 3.3235458830044196
4.837777777777778 3.3235458830044196
4.837777777777778 3.3235458830044196
4.838888888888889 3.325105715430168
4.838888888888889 3.325105715430168
4.838888888888889 3.325105715430168
4.838888888888889 3.325105715430168
4.84 3.3269988012259986
4.842222222222222 3.332450012735522
4.843333333333334 3.3350049571951264
4.844444444444444 3.338557271050262
4.845555555555555 3.3377758679107346
4.845555555555555 3.3377758679107346
4.847777777777778 3.3385444990507165
4.852222222222222 3.340742784656131
4.852222222222222 3.340742784656131
4.852222222222222 3.340742784656131
4.8533333333333335 3.3412912053274595
4.854444444444445 3.341506294828497
4.855555555555555 3.3413881175301015
4.8566666666666665 3.3406036768034673
4.8566666666666665 3.3406036768034673
4.8566666666666665 3.3406036768034673
4.862222222222222 3.350977403869045
4.862222222222222 3.350977403869045
4.862222222222222 3.350977403869045
4.864444444444445 3.3500721726527813
4.866666666666666 3.349165220647466
4.8677777777777775 3.349043254137197
4.8677777777777775 3.349043254137197
4.8677777777777775 3.349043254137197
4.8677777777777775 3.349043254137197
4.872222222222222 3.350212178553777
4.872222222222222 3.350212178553777
4.872222222222222 3.350212178553777
4.874444444444444 3.3529513541564264
4.874444444444444 3.3529513541564264
4.875555555555556 3.3521633514554763
4.876666666666667 3.3510428705637247
4.876666666666667 3.3510428705637247
4.876666666666667 3.3510428705637247
4.878888888888889 3.3504600797892357
4.88 3.3500020752737196
4.88 3.3500020752737196
4.88 3.3500020752737196
4.88 3.3500020752737196
4.881111111111111 3.3492115335445813
4.8822222222222225 3.350413046366534
4.8822222222222225 3.350413046366534
4.8822222222222225 3.350413046366534
4.8822222222222225 3.350413046366534
4.886666666666667 3.362496821125644
4.887777777777778 3.3617070117539996
4.888888888888889 3.361578514626541
4.89 3.362442237058178
4.894444444444445 3.3652302210601532
4.894444444444445 3.3652302210601532
4.897777777777778 3.3635148262134145
4.897777777777778 3.3635148262134145
4.897777777777778 3.3635148262134145
4.897777777777778 3.3635148262134145
4.897777777777778 3.3635148262134145
4.897777777777778 3.3635148262134145
4.9 3.3635817024034176
4.9 3.3635817024034176
4.9 3.3635817024034176
4.9 3.3635817024034176
4.9 3.3635817024034176
4.9 3.3635817024034176
4.904444444444445 3.3663555255145985
4.907777777777778 3.3689258454468383
4.907777777777778 3.3689258454468383
4.908888888888889 3.3704415743167955
4.908888888888889 3.3704415743167955
4.911111111111111 3.3711609630854227
4.913333333333333 3.3712188888353887
4.913333333333333 3.3712188888353887
4.913333333333333 3.3712188888353887
4.914444444444444 3.371742191876255
4.916666666666667 3.372787455044827
4.916666666666667 3.372787455044827
4.916666666666667 3.372787455044827
4.916666666666667 3.372787455044827
4.916666666666667 3.372787455044827
4.916666666666667 3.372787455044827
4.9222222222222225 3.376051816582306
4.926666666666667 3.377469022309893
4.926666666666667 3.377469022309893
4.928888888888889 3.3775165937959546
4.931111111111111 3.3762451069380814
4.931111111111111 3.3762451069380814
4.931111111111111 3.3762451069380814
4.931111111111111 3.3762451069380814
4.934444444444445 3.373839720997964
4.934444444444445 3.373839720997964
4.9366666666666665 3.373882215095068
4.9366666666666665 3.373882215095068
4.9366666666666665 3.373882215095068
4.937777777777778 3.3740677541713926
4.937777777777778 3.3740677541713926
4.937777777777778 3.3740677541713926
4.937777777777778 3.3740677541713926
4.94 3.3747673260545716
4.94 3.3747673260545716
4.94 3.3747673260545716
4.94 3.3747673260545716
4.94 3.3747673260545716
4.942222222222222 3.374806146215431
4.944444444444445 3.3794547450729118
4.944444444444445 3.3794547450729118
4.946666666666666 3.3814648871594755
4.948888888888889 3.3818281792747262
4.9511111111111115 3.383833989452583
4.9511111111111115 3.383833989452583
4.955555555555556 3.3904633350765736
4.956666666666667 3.3896574355810065
4.961111111111111 3.391351771742125
4.9622222222222225 3.3938234081082106
4.967777777777778 3.4123484382166
4.9688888888888885 3.4134994861303243
4.9688888888888885 3.4134994861303243
4.971111111111111 3.411563286651853
4.973333333333334 3.411581400604114
4.975555555555555 3.409967432250997
4.975555555555555 3.409967432250997
4.977777777777778 3.41193931257548
4.978888888888889 3.411783364657145
4.978888888888889 3.411783364657145
4.978888888888889 3.411783364657145
4.978888888888889 3.411783364657145
4.978888888888889 3.411783364657145
4.98 3.4109748931813213
4.98 3.4109748931813213
4.98 3.4109748931813213
4.98 3.4109748931813213
4.98 3.4109748931813213
4.98 3.4109748931813213
4.984444444444445 3.4123022578313784
4.984444444444445 3.4123022578313784
4.984444444444445 3.4123022578313784
4.986666666666666 3.4123116750587186
4.986666666666666 3.4123116750587186
4.986666666666666 3.4123116750587186
4.986666666666666 3.4123116750587186
4.992222222222222 3.411513835072557
4.992222222222222 3.411513835072557
4.992222222222222 3.411513835072557
4.9944444444444445 3.4121702328120795
4.997777777777777 3.4234023425622557
4.997777777777777 3.4234023425622557
4.997777777777777 3.4234023425622557
4.997777777777777 3.4234023425622557
4.997777777777777 3.4234023425622557
4.997777777777777 3.4234023425622557
4.997777777777777 3.4234023425622557
4.997777777777777 3.4234023425622557
4.997777777777777 3.4234023425622557
5.004444444444444 3.4269724835365585
5.004444444444444 3.4269724835365585
5.004444444444444 3.4269724835365585
5.004444444444444 3.4269724835365585
5.004444444444444 3.4269724835365585
5.006666666666667 3.428266976259519
5.007777777777778 3.42940006745238
5.0088888888888885 3.4302081596874254
5.01 3.4306914826231902
5.01 3.4306914826231902
5.01 3.4306914826231902
5.014444444444444 3.4313240409978025
5.014444444444444 3.4313240409978025
5.014444444444444 3.4313240409978025
5.015555555555555 3.432129519580995
5.015555555555555 3.432129519580995
5.015555555555555 3.432129519580995
5.015555555555555 3.432129519580995
5.015555555555555 3.432129519580995
5.015555555555555 3.432129519580995
5.015555555555555 3.432129519580995
5.015555555555555 3.432129519580995
5.015555555555555 3.432129519580995
5.017777777777778 3.4301735696728053
5.021111111111111 3.4277216541712914
5.021111111111111 3.4277216541712914
5.021111111111111 3.4277216541712914
5.021111111111111 3.4277216541712914
5.021111111111111 3.4277216541712914
5.021111111111111 3.4277216541712914
5.022222222222222 3.4275523613384826
5.023333333333333 3.4277072312525854
5.028888888888889 3.439812850421902
5.028888888888889 3.439812850421902
5.028888888888889 3.439812850421902
5.033333333333333 3.4384788524414986
5.033333333333333 3.4384788524414986
5.033333333333333 3.4384788524414986
5.035555555555556 3.440720334568672
5.035555555555556 3.440720334568672
5.042222222222223 3.453552531757078
5.042222222222223 3.453552531757078
5.046666666666667 3.455427289505445
5.046666666666667 3.455427289505445
5.051111111111111 3.4579387291569907
5.054444444444444 3.4564399152741268
5.054444444444444 3.4564399152741268
5.054444444444444 3.4564399152741268
5.054444444444444 3.4564399152741268
5.06 3.466791446942874
5.06 3.466791446942874
5.06 3.466791446942874
5.061111111111111 3.465969775365519
5.068888888888889 3.4682300174172638
5.068888888888889 3.4682300174172638
5.068888888888889 3.4682300174172638
5.068888888888889 3.4682300174172638
5.068888888888889 3.4682300174172638
5.068888888888889 3.4682300174172638
5.068888888888889 3.4682300174172638
5.068888888888889 3.4682300174172638
5.068888888888889 3.4682300174172638
5.07 3.4699712936338445
5.076666666666667 3.4630915865800094
5.08 3.461570367688062
5.08 3.461570367688062
5.08 3.461570367688062
5.081111111111111 3.4620264643909553
5.081111111111111 3.4620264643909553
5.081111111111111 3.4620264643909553
5.081111111111111 3.4620264643909553
5.085555555555556 3.4606338868802102
5.091111111111111 3.4741263398497675
5.093333333333334 3.4747075964718146
5.095555555555555 3.4740068037889755
5.098888888888889 3.474073509687239
5.098888888888889 3.474073509687239
5.1033333333333335 3.478423882019452
5.1033333333333335 3.478423882019452
5.1033333333333335 3.478423882019452
5.1033333333333335 3.478423882019452
5.1033333333333335 3.478423882019452
5.1033333333333335 3.478423882019452
5.1033333333333335 3.478423882019452
5.1033333333333335 3.478423882019452
5.107777777777778 3.4821243109586915
5.107777777777778 3.4821243109586915
5.107777777777778 3.4821243109586915
5.107777777777778 3.4821243109586915
5.107777777777778 3.4821243109586915
5.108888888888889 3.480651890805916
5.108888888888889 3.480651890805916
5.111111111111111 3.4837759820794374
5.112222222222222 3.4854960173142735
5.112222222222222 3.4854960173142735
5.112222222222222 3.4854960173142735
5.112222222222222 3.4854960173142735
5.115555555555556 3.4868228383967557
5.1177777777777775 3.4924860636738577
5.118888888888889 3.4922891206821367
5.121111111111111 3.496032852406341
5.125555555555556 3.4946028977450077
5.125555555555556 3.4946028977450077
5.131111111111111 3.505363582780657
5.131111111111111 3.505363582780657
5.1322222222222225 3.5048457723944026
5.1322222222222225 3.5048457723944026
5.1322222222222225 3.5048457723944026
5.134444444444444 3.506030435254079
5.135555555555555 3.506146235723235
5.136666666666667 3.507530433818102
5.136666666666667 3.507530433818102
5.136666666666667 3.507530433818102
5.138888888888889 3.5099792407045256
5.14 3.511044072396293
5.14 3.511044072396293
5.14 3.511044072396293
5.14 3.511044072396293
5.14 3.511044072396293
5.1433333333333335 3.5085324250362144
5.1466666666666665 3.5098209582635005
5.1466666666666665 3.5098209582635005
5.1466666666666665 3.5098209582635005
5.148888888888889 3.510994789910924
5.152222222222222 3.5103764119328322
5.163333333333333 3.516209089719373
5.165555555555556 3.5154722722905594
5.165555555555556 3.5154722722905594
5.165555555555556 3.5154722722905594
5.165555555555556 3.5154722722905594
5.168888888888889 3.515155315959148
5.17 3.5149434684226124
5.17 3.5149434684226124
5.173333333333333 3.513039432054249
5.178888888888889 3.519562189770608
5.178888888888889 3.519562189770608
5.178888888888889 3.519562189770608
5.178888888888889 3.519562189770608
5.178888888888889 3.519562189770608
5.178888888888889 3.519562189770608
5.181111111111111 3.520712412879463
5.183333333333334 3.5228082513143346
5.183333333333334 3.5228082513143346
5.183333333333334 3.5228082513143346
5.183333333333334 3.5228082513143346
5.183333333333334 3.5228082513143346
5.185555555555555 3.5239546091018585
5.185555555555555 3.5239546091018585
5.185555555555555 3.5239546091018585
5.1866666666666665 3.523422342774379
5.1866666666666665 3.523422342774379
5.1866666666666665 3.523422342774379
5.1866666666666665 3.523422342774379
5.1866666666666665 3.523422342774379
5.192222222222222 3.519174484102951
5.193333333333333 3.5186393871521924
5.193333333333333 3.5186393871521924
5.193333333333333 3.5186393871521924
5.193333333333333 3.5186393871521924
5.193333333333333 3.5186393871521924
5.193333333333333 3.5186393871521924
5.195555555555556 3.51725165457094
5.195555555555556 3.51725165457094
5.195555555555556 3.51725165457094
5.195555555555556 3.51725165457094
5.195555555555556 3.51725165457094
5.196666666666666 3.5201928226082413
5.197777777777778 3.5202884961718404
5.197777777777778 3.5202884961718404
5.197777777777778 3.5202884961718404
5.197777777777778 3.5202884961718404
5.197777777777778 3.5202884961718404
5.197777777777778 3.5202884961718404
5.202222222222222 3.521931218184663
5.203333333333333 3.5223409017659884
5.203333333333333 3.5223409017659884
5.203333333333333 3.5223409017659884
5.205555555555556 3.5247373417589083
5.205555555555556 3.5247373417589083
5.205555555555556 3.5247373417589083
5.206666666666667 3.523567562123621
5.206666666666667 3.523567562123621
5.206666666666667 3.523567562123621
5.206666666666667 3.523567562123621
5.206666666666667 3.523567562123621
5.208888888888889 3.521857522719007
5.2122222222222225 3.5246573931683693
5.2155555555555555 3.532493726368401
5.2155555555555555 3.532493726368401
5.2188888888888885 3.5318161230001746
5.22 3.5312745416867934
5.22 3.5312745416867934
5.22 3.5312745416867934
5.22 3.5312745416867934
5.22 3.5312745416867934
5.226666666666667 3.531482434739594
5.228888888888889 3.534487467251971
5.228888888888889 3.534487467251971
5.228888888888889 3.534487467251971
5.23 3.534257894580703
5.23 3.534257894580703
5.231111111111111 3.5330835711110375
5.231111111111111 3.5330835711110375
5.231111111111111 3.5330835711110375
5.231111111111111 3.5330835711110375
5.231111111111111 3.5330835711110375
5.233333333333333 3.532937343576499
5.234444444444445 3.532076472437111
5.235555555555556 3.53153003142722
5.235555555555556 3.53153003142722
5.235555555555556 3.53153003142722
5.235555555555556 3.53153003142722
5.235555555555556 3.53153003142722
5.235555555555556 3.53153003142722
5.235555555555556 3.53153003142722
5.237777777777778 3.5370462019711093
5.237777777777778 3.5370462019711093
5.237777777777778 3.5370462019711093
5.237777777777778 3.5370462019711093
5.237777777777778 3.5370462019711093
5.237777777777778 3.5370462019711093
5.237777777777778 3.5370462019711093
5.237777777777778 3.5370462019711093
5.237777777777778 3.5370462019711093
5.237777777777778 3.5370462019711093
5.2411111111111115 3.5357193516426952
5.2411111111111115 3.5357193516426952
5.2411111111111115 3.5357193516426952
5.246666666666667 3.5376946799431854
5.248888888888889 3.5438220992406717
5.248888888888889 3.5438220992406717
5.248888888888889 3.5438220992406717
5.248888888888889 3.5438220992406717
5.252222222222223 3.5428013079205014
5.252222222222223 3.5428013079205014
5.253333333333333 3.5422509387414185
5.253333333333333 3.5422509387414185
5.253333333333333 3.5422509387414185
5.254444444444444 3.5445256514355297
5.254444444444444 3.5445256514355297
5.2555555555555555 3.5449163372136763
5.262222222222222 3.5466250161339707
5.262222222222222 3.5466250161339707
5.262222222222222 3.5466250161339707
5.262222222222222 3.5466250161339707
5.265555555555555 3.550608561826108
5.265555555555555 3.550608561826108
5.266666666666667 3.55162154133274
5.266666666666667 3.55162154133274
5.266666666666667 3.55162154133274
5.266666666666667 3.55162154133274
5.266666666666667 3.55162154133274
5.267777777777778 3.5510680145555513
5.268888888888889 3.5508273313922856
5.268888888888889 3.5508273313922856
5.271111111111111 3.5506581646993505
5.271111111111111 3.5506581646993505
5.271111111111111 3.5506581646993505
5.274444444444445 3.549931804985396
5.274444444444445 3.549931804985396
5.278888888888889 3.5508382956220528
5.283333333333333 3.5614344512273806
5.283333333333333 3.5614344512273806
5.2844444444444445 3.5649358713242676
5.285555555555556 3.5650029559436316
5.285555555555556 3.5650029559436316
5.285555555555556 3.5650029559436316
5.285555555555556 3.5650029559436316
5.285555555555556 3.5650029559436316
5.285555555555556 3.5650029559436316
5.285555555555556 3.5650029559436316
5.285555555555556 3.5650029559436316
5.285555555555556 3.5650029559436316
5.288888888888889 3.5652021222211534
5.288888888888889 3.5652021222211534
5.301111111111111 3.5886049555682327
5.302222222222222 3.5905257167654034
