0.99875 1.3194410154461456
1.45625 1.444192872789945
1.5625 1.4495586484665532
1.65 1.463789038056678
1.6825 1.4694873225853482
1.7125 1.4731111025311376
1.7275 1.4717170886370146
1.74625 1.4788829588603347
1.75125 1.4754981552030146
1.7625 1.4820051194133836
1.7675 1.4802644116543975
1.7675 1.4802644116543975
1.77 1.4806554040464375
1.77375 1.4825006569128958
1.775 1.4822690045171294
1.77625 1.4837242785195501
1.78375 1.4882050868329955
1.7875 1.488325448549813
1.795 1.495249046861491
1.79625 1.4950015801516172
1.8 1.501772002980542
1.80625 1.5063357018135661
1.81 1.5063985348114517
1.81375 1.5064520186868724
1.82875 1.5123764546817908
1.82875 1.5123764546817908
1.8325 1.5140373629539368
1.835 1.5143121959435764
1.8475 1.5353143775127123
1.85125 1.53527514625828
1.85375 1.5355156129936278
1.85375 1.5355156129936278
1.85875 1.5367988241088064
1.86375 1.550222540445766
1.87375 1.6018796648237115
1.89 1.630559230526535
1.8925 1.6322604242631689
1.89375 1.6319589609002338
1.89625 1.632120003901036
1.89625 1.632120003901036
1.89625 1.632120003901036
1.8975 1.6318156384369251
1.9075 1.634712239243165
1.90875 1.6343997416925131
1.91 1.6348519584836094
1.9175 1.6535148590915452
1.92 1.6589273793818005
1.92125 1.6586100118666685
1.92375 1.6587269686255
1.9375 1.6821506438145208
1.94 1.6814976339162828
1.94 1.6814976339162828
1.94125 1.6811696379870762
1.94375 1.681255248769324
1.94875 1.682159479104589
1.94875 1.682159479104589
1.95125 1.6822338797065497
1.95125 1.6822338797065497
1.95625 1.6831152764419464
1.96375 1.6862651927782448
1.965 1.6881461123435884
1.96875 1.6871073918662118
1.96875 1.6871073918662118
1.97 1.6867591545792635
1.97625 1.6872297910954372
1.97625 1.6872297910954372
1.9775 1.6868760145192823
1.9775 1.6868760145192823
1.98125 1.6858086712599134
1.9925 1.692934222837251
1.99375 1.6955248282032997
1.99625 1.6970078762826128
1.9975 1.696641385204156
1.99875 1.6962738926537284
2.0 1.6959053979802716
2.00125 1.6955359005304136
2.00875 1.6999369604744097
2.01625 1.7064952666558755
2.01875 1.7064695970356478
2.01875 1.7064695970356478
2.02125 1.7064402598540032
2.0225 1.7060574550846925
2.02375 1.7056736471958618
2.02375 1.7056736471958618
2.02625 1.7056369585268933
2.02625 1.7056369585268933
2.02875 1.7048626435263412
2.03125 1.7048185960849167
2.03125 1.7048185960849167
2.03875 1.7097960962827048
2.03875 1.7097960962827048
2.03875 1.7097960962827048
2.03875 1.7097960962827048
2.04 1.7101332388496155
2.04375 1.710407204002717
2.045 1.7092767575182846
2.05125 1.7145839685566673
2.05125 1.7145839685566673
2.05125 1.7145839685566673
2.05125 1.7145839685566673
2.0525 1.7141810788139247
2.0525 1.7141810788139247
2.05875 1.7136128570303522
2.05875 1.7136128570303522
2.06125 1.7120637810806336
2.0625 1.7109216276673882
2.07625 1.7303695156890686
2.07875 1.7302574016153822
2.07875 1.7302574016153822
2.07875 1.7302574016153822
2.0875 1.7772991420411983
2.0875 1.7772991420411983
2.09125 1.7781664101618244
2.09375 1.7808495778767446
2.095 1.7811346245268271
2.09625 1.7807160426442663
2.0975 1.7802964835840704
2.1 1.7794544311644382
2.10875 1.7828057754677853
2.10875 1.7828057754677853
2.11 1.7830799807558275
2.11 1.7830799807558275
2.11125 1.7826513244829605
2.12 1.7943312210022218
2.12 1.7943312210022218
2.12 1.7943312210022218
2.12125 1.793200462126785
2.12125 1.793200462126785
2.12375 1.792331303603585
2.135 1.799534079596578
2.13875 1.8002915735199996
2.14 1.7998470245105733
2.1475 1.8041098262943072
2.1475 1.8041098262943072
2.1475 1.8041098262943072
2.1475 1.8041098262943072
2.1475 1.8041098262943072
2.14875 1.8036601467311209
2.14875 1.8036601467311209
2.15125 1.8034519639382653
2.1625 1.8104394117394516
2.16625 1.8090610312447792
2.17 1.820093658622456
2.17625 1.821904252803361
2.1775 1.821439211448247
2.1775 1.821439211448247
2.1775 1.821439211448247
2.1775 1.821439211448247
2.17875 1.8237203410481986
2.17875 1.8237203410481986
2.19 1.8263541446902518
2.19 1.8263541446902518
2.19 1.8263541446902518
2.19 1.8263541446902518
2.19125 1.8258808116695457
2.2 1.8266556431216547
2.2 1.8266556431216547
2.21 1.8364682871512217
2.21125 1.8359839279606103
2.22375 1.8433484082486251
2.22375 1.8433484082486251
2.22375 1.8433484082486251
2.22875 1.845448600794057
2.23 1.8456321267886278
2.23 1.8456321267886278
2.24125 1.8801508307667913
2.24375 1.8798279519443108
2.245 1.881329117688171
2.2475 1.8863169111688787
2.2475 1.8863169111688787
2.2525 1.8883063512298905
2.2575 1.8902804554484207
2.2575 1.8902804554484207
2.2575 1.8902804554484207
2.265 1.9050752319920152
2.265 1.9050752319920152
2.27625 1.9162531069674609
2.27625 1.9162531069674609
2.27625 1.9162531069674609
2.27625 1.9162531069674609
2.27625 1.9162531069674609
2.27625 1.9162531069674609
2.27625 1.9162531069674609
2.27625 1.9162531069674609
2.27625 1.9162531069674609
2.285 1.9198651913457843
2.28625 1.919352972303522
2.28625 1.919352972303522
2.29 1.9197674035165084
2.29125 1.9212072334973507
2.2925 1.9206912997241525
2.295 1.9203084337159817
2.30125 1.9307143781544969
2.3025 1.9301945014730701
2.30875 1.930824575648291
2.30875 1.930824575648291
2.30875 1.930824575648291
2.30875 1.930824575648291
2.31 1.9302998658148909
2.31625 1.9347907397204807
2.31625 1.9347907397204807
2.31875 1.935673520372653
2.31875 1.935673520372653
2.32625 1.935068875244481
2.3325 1.9349738770539264
2.3325 1.9349738770539264
2.33375 1.9357284787462605
2.3375 1.936047287354728
2.34625 1.939345834381191
2.3525 1.94755872343469
2.36 1.9500393115642112
2.3675 1.9595263277860324
2.3675 1.9595263277860324
2.3725 1.9611352105713313
2.3725 1.9611352105713313
2.3725 1.9611352105713313
2.3725 1.9611352105713313
2.3725 1.9611352105713313
2.3725 1.9611352105713313
2.3725 1.9611352105713313
2.375 1.961296345326922
2.375 1.961296345326922
2.37625 1.960099085002797
2.37625 1.960099085002797
2.37625 1.960099085002797
2.38 1.9603325303470582
2.38 1.9603325303470582
2.38375 1.960558766230893
2.39125 1.966725310779335
2.39625 1.9657227729323847
2.39625 1.9657227729323847
2.39625 1.9657227729323847
2.4 1.9684622308906652
2.4 1.9684622308906652
2.4 1.9684622308906652
2.4 1.9684622308906652
2.4 1.9684622308906652
2.40875 1.9739665948660439
2.40875 1.9739665948660439
2.40875 1.9739665948660439
2.40875 1.9739665948660439
2.41 1.9733899348059658
2.41 1.9733899348059658
2.4125 1.9766708842725782
2.4125 1.9766708842725782
2.41375 1.976725889964282
2.41375 1.976725889964282
2.41375 1.976725889964282
2.41375 1.976725889964282
2.41375 1.976725889964282
2.415 1.9774131342183414
2.415 1.9774131342183414
2.4175 1.9768861496203267
2.42 1.9788873120372872
2.42 1.9788873120372872
2.42 1.9788873120372872
2.42 1.9788873120372872
2.4225 1.9783543938421526
2.4225 1.9783543938421526
2.4225 1.9783543938421526
2.4225 1.9783543938421526
2.425 1.984136082781055
2.42875 1.9842744565454256
2.44375 2.0048341920647914
2.445 2.0042445572600753
2.445 2.0042445572600753
2.445 2.0042445572600753
2.445 2.0042445572600753
2.44625 2.004278511819441
2.4475 2.003687151916054
2.45125 2.003782015453988
2.45125 2.003782015453988
2.45125 2.003782015453988
2.45125 2.003782015453988
2.4525 2.0031873850502633
2.4525 2.0031873850502633
2.45375 2.0032166717038438
2.45625 2.0026480435870666
2.4575 2.010160361973898
2.4575 2.010160361973898
2.46375 2.0164991379782053
2.46375 2.0164991379782053
2.46625 2.017783499365798
2.46875 2.019063944384722
2.46875 2.019063944384722
2.46875 2.019063944384722
2.46875 2.019063944384722
2.46875 2.019063944384722
2.46875 2.019063944384722
2.46875 2.019063944384722
2.47125 2.0209598674843874
2.47375 2.0216131150602843
2.47375 2.0216131150602843
2.47375 2.0216131150602843
2.47375 2.0216131150602843
2.48125 2.020458178622973
2.48125 2.020458178622973
2.48125 2.020458178622973
2.48125 2.020458178622973
2.48125 2.020458178622973
2.4825 2.022326879490402
2.48375 2.021099203400838
2.48375 2.021099203400838
2.4875 2.0198870462477547
2.4875 2.0198870462477547
2.48875 2.0205139279813173
2.49375 2.0217740725661315
2.49375 2.0217740725661315
2.5 2.0211646105596452
2.5025 2.020543737770919
2.5025 2.020543737770919
2.50375 2.0199222868853925
2.5125 2.0229827790060853
2.51625 2.0229560985648956
2.5225 2.02660495893365
2.5275 2.03455597674976
2.52875 2.03392342361172
2.535 2.0368998997255243
2.54 2.036193164523954
2.54 2.036193164523954
2.54625 2.0391318031550334
2.54625 2.0391318031550334
2.54625 2.0391318031550334
2.54625 2.0391318031550334
2.54625 2.0391318031550334
2.55 2.039043187723527
2.55 2.039043187723527
2.55 2.039043187723527
2.55 2.039043187723527
2.55625 2.043785032500688
2.55625 2.043785032500688
2.55875 2.0449390350500276
2.55875 2.0449390350500276
2.55875 2.0449390350500276
2.55875 2.0449390350500276
2.56125 2.0467009230308757
2.56125 2.0467009230308757
2.56125 2.0467009230308757
2.56125 2.0467009230308757
2.5625 2.0472745092305478
2.565 2.0465851163090916
2.56625 2.0459333424019372
2.57 2.050086234029854
2.57375 2.0499545921281412
2.575 2.048687726753931
2.575 2.048687726753931
2.575 2.048687726753931
2.58625 2.0549548624868996
2.58625 2.0549548624868996
2.58625 2.0549548624868996
2.58625 2.0549548624868996
2.58625 2.0549548624868996
2.59 2.059053089293882
2.5925 2.061979255002366
2.5925 2.061979255002366
2.595 2.0648982434843957
2.59625 2.0642340626323534
2.59625 2.0642340626323534
2.59875 2.062902784275521
2.59875 2.062902784275521
2.59875 2.062902784275521
2.605 2.0716756019584004
2.605 2.0716756019584004
2.6075 2.0709429629868894
2.60875 2.0696685356136437
2.61125 2.072557068817253
2.61125 2.072557068817253
2.6125 2.0724895092514815
2.6125 2.0724895092514815
2.615 2.0717480964680473
2.6175 2.07462619339072
2.61875 2.073347993554865
2.62125 2.0719953893812137
2.62875 2.077575229936347
2.62875 2.077575229936347
2.63 2.0805073031109247
2.6325 2.079747686150308
2.635 2.0801884481880464
2.635 2.0801884481880464
2.635 2.0801884481880464
2.6375 2.0818288267963116
2.64 2.0822631377226086
2.64375 2.0820072959707816
2.64375 2.0820072959707816
2.64375 2.0820072959707816
2.64625 2.0824340570597863
2.6475 2.081744659181951
2.65 2.0797612263065393
2.65125 2.0802723027447536
2.655 2.081800270308564
2.6575 2.0798078639476922
2.66 2.0790148817644925
2.66125 2.078918183459098
2.66125 2.078918183459098
2.66125 2.078918183459098
2.66125 2.078918183459098
2.66125 2.078918183459098
2.66125 2.078918183459098
2.66875 2.0765147071864027
2.66875 2.0765147071864027
2.6725 2.076206165112234
2.67625 2.080106846562539
2.67625 2.080106846562539
2.67875 2.08229882533644
2.6825 2.0849766568416217
2.6925 2.1103342480038263
2.6925 2.1103342480038263
2.695 2.1142522503766608
2.6975 2.1134277776195614
2.6975 2.1134277776195614
2.6975 2.1134277776195614
2.6975 2.1134277776195614
2.6975 2.1134277776195614
2.69875 2.1133104454382616
2.69875 2.1133104454382616
2.70375 2.1163848405930024
2.70375 2.1163848405930024
2.70375 2.1163848405930024
2.70375 2.1163848405930024
2.70375 2.1163848405930024
2.705 2.1156724906302253
2.705 2.1156724906302253
2.705 2.1156724906302253
2.705 2.1156724906302253
2.705 2.1156724906302253
2.705 2.1156724906302253
2.705 2.1156724906302253
2.70625 2.1149591610279344
2.71 2.114589643808498
2.71 2.114589643808498
2.71 2.114589643808498
2.71125 2.1138729884418446
2.71125 2.1138729884418446
2.71375 2.114213402281802
2.715 2.1129021378912456
2.715 2.1129021378912456
2.715 2.1129021378912456
2.715 2.1129021378912456
2.72 2.1183033331570007
2.72125 2.117582024276013
2.72125 2.117582024276013
2.72125 2.117582024276013
2.72125 2.117582024276013
2.72125 2.117582024276013
2.72125 2.117582024276013
2.7225 2.1174508843913555
2.7225 2.1174508843913555
2.7225 2.1174508843913555
2.735 2.1425482821693436
2.735 2.1425482821693436
2.735 2.1425482821693436
2.735 2.1425482821693436
2.735 2.1425482821693436
2.73625 2.1418263731605185
2.74375 2.144489328628325
2.74375 2.144489328628325
2.74375 2.144489328628325
2.74375 2.144489328628325
2.75125 2.152362485232165
2.75375 2.1538127993091862
2.75375 2.1538127993091862
2.75375 2.1538127993091862
2.75375 2.1538127993091862
2.75375 2.1538127993091862
2.75375 2.1538127993091862
2.765 2.1657881470430853
2.7675 2.166058288836732
2.7675 2.166058288836732
2.7675 2.166058288836732
2.7675 2.166058288836732
2.77625 2.1747638802680704
2.77625 2.1747638802680704
2.77625 2.1747638802680704
2.7775 2.1769054634379406
2.7875 2.183644689541485
2.7875 2.183644689541485
2.7875 2.183644689541485
2.7925 2.186416994558137
2.795 2.185508077529387
2.79625 2.185338776817404
2.7975 2.1886025739117576
2.79875 2.1884320828452797
2.79875 2.1884320828452797
2.79875 2.1884320828452797
2.80125 2.1863722732294266
2.80125 2.1863722732294266
2.80625 2.1891096795241327
2.8125 2.1910830212494252
2.815 2.190153182703128
2.81625 2.1911155084714986
2.81625 2.1911155084714986
2.81625 2.1911155084714986
2.82125 2.2074622419051297
2.82125 2.2074622419051297
2.82125 2.2074622419051297
2.82125 2.2074622419051297
2.82375 2.2059620970149996
2.82375 2.2059620970149996
2.83375 2.2203092473667674
2.83375 2.2203092473667674
2.84125 2.2242375048761396
2.8425 2.224607796851451
2.8425 2.224607796851451
2.8425 2.224607796851451
2.845 2.22365820659893
2.845 2.22365820659893
2.84625 2.2229007055947556
2.8475 2.22214224233767
2.8475 2.22214224233767
2.85 2.2223126111501723
2.85 2.2223126111501723
2.855 2.2277069708413015
2.85875 2.2271053939013403
2.85875 2.2271053939013403
2.87125 2.229548619408848
2.87125 2.229548619408848
2.8725 2.232705750588485
2.8725 2.232705750588485
2.8725 2.232705750588485
2.87375 2.232496582021097
2.87375 2.232496582021097
2.87625 2.23151529529631
2.88 2.2543186200159577
2.88125 2.2535519870191103
2.88125 2.2535519870191103
2.88125 2.2535519870191103
2.88125 2.2535519870191103
2.88125 2.2535519870191103
2.88125 2.2535519870191103
2.88125 2.2535519870191103
2.88125 2.2535519870191103
2.88125 2.2535519870191103
2.88125 2.2535519870191103
2.8825 2.2527843986794807
2.88375 2.252015854020226
2.88375 2.252015854020226
2.88375 2.252015854020226
2.88375 2.252015854020226
2.88375 2.252015854020226
2.88375 2.252015854020226
2.88375 2.252015854020226
2.88375 2.252015854020226
2.88375 2.252015854020226
2.88875 2.250044847279376
2.89 2.2492718888648273
2.9075 2.2688936947877876
2.9075 2.2688936947877876
2.9075 2.2688936947877876
2.9075 2.2688936947877876
2.91125 2.2698708839463166
2.91125 2.2698708839463166
2.9125 2.271848447676806
2.9125 2.271848447676806
2.91375 2.271069821729169
2.915 2.2708414522212723
2.91625 2.2700611025392035
2.91625 2.2700611025392035
2.91625 2.2700611025392035
2.91875 2.27125442946275
2.91875 2.27125442946275
2.91875 2.27125442946275
2.91875 2.27125442946275
2.91875 2.27125442946275
2.92 2.270472154587225
2.92 2.270472154587225
2.92 2.270472154587225
2.92 2.270472154587225
2.92 2.270472154587225
2.92125 2.272995066143654
2.92125 2.272995066143654
2.925 2.272846737103702
2.925 2.272846737103702
2.93 2.2719049143669934
2.93 2.2719049143669934
2.93 2.2719049143669934
2.935 2.2720536491753234
2.9375 2.2765262934910715
2.94125 2.279098791546129
2.94125 2.279098791546129
2.9475 2.2937568311616197
2.94875 2.2946034393070334
2.95 2.29326706737416
2.9525 2.2965924041585035
2.9525 2.2965924041585035
2.955 2.29991021210169
2.95625 2.298573522382353
2.96125 2.300840231244262
2.96125 2.300840231244262
2.96625 2.300919104054784
2.9725 2.3083336533783765
2.9775 2.310555579044745
2.9775 2.310555579044745
2.98375 2.3081692949972163
2.98375 2.3081692949972163
2.98625 2.309269764678346
2.98875 2.30711441169176
2.99 2.3079337507275293
2.995 2.307950019305986
2.995 2.307950019305986
2.995 2.307950019305986
2.995 2.307950019305986
2.99625 2.308223517612427
2.99625 2.308223517612427
2.99625 2.308223517612427
2.99625 2.308223517612427
3.0025 2.316074048632393
3.0025 2.316074048632393
3.0025 2.316074048632393
3.0025 2.316074048632393
3.0025 2.316074048632393
3.0025 2.316074048632393
3.0025 2.316074048632393
3.01125 2.321176051126974
3.01125 2.321176051126974
3.01375 2.3200839261286146
3.01375 2.3200839261286146
3.0175 2.326792040879861
3.0175 2.326792040879861
3.0175 2.326792040879861
3.02 2.328385002722077
3.02 2.328385002722077
3.02625 2.332350909158901
3.02625 2.332350909158901
3.02625 2.332350909158901
3.02625 2.332350909158901
3.02625 2.332350909158901
3.0325 2.330930134971374
3.0325 2.330930134971374
3.0325 2.330930134971374
3.0325 2.330930134971374
3.03625 2.3348984187287956
3.0425 2.332915958856824
3.0425 2.332915958856824
3.0425 2.332915958856824
3.0425 2.332915958856824
3.0425 2.332915958856824
3.0425 2.332915958856824
3.045 2.3328690163206987
3.04625 2.332039654183838
3.04625 2.332039654183838
3.0475 2.331746137567844
3.0475 2.331746137567844
3.0475 2.331746137567844
3.05 2.3381260748572554
3.0525 2.3391415581439876
3.05875 2.33658360993304
3.06125 2.338660964394577
3.06125 2.338660964394577
3.06125 2.338660964394577
3.0625 2.33836025043748
3.06625 2.3422678563496153
3.06625 2.3422678563496153
3.06625 2.3422678563496153
3.06625 2.3422678563496153
3.0675 2.3408958737767156
3.0675 2.3408958737767156
3.07125 2.3394475215063864
3.07125 2.3394475215063864
3.0775 2.345926888504367
3.08125 2.349265256746924
3.0825 2.349488001104535
3.085 2.352592902885751
3.085 2.352592902885751
3.085 2.352592902885751
3.085 2.352592902885751
3.085 2.352592902885751
3.08625 2.3517492091906123
3.08625 2.3517492091906123
3.08625 2.3517492091906123
3.08625 2.3517492091906123
3.08625 2.3517492091906123
3.0875 2.3519690576323673
3.09 2.3529386733403483
3.09 2.3529386733403483
3.09 2.3529386733403483
3.09 2.3529386733403483
3.09125 2.3515602761071666
3.09375 2.361022865987779
3.09375 2.361022865987779
3.09375 2.361022865987779
3.095 2.3601775457705316
3.10125 2.357529611656513
3.10625 2.361552900662673
3.10625 2.361552900662673
3.10625 2.361552900662673
3.10875 2.362498716980535
3.10875 2.362498716980535
3.10875 2.362498716980535
3.11 2.3637648424257143
3.1125 2.361528057944803
3.115 2.36352656474978
3.115 2.36352656474978
3.115 2.36352656474978
3.115 2.36352656474978
3.11625 2.365318022843107
3.11625 2.365318022843107
3.11625 2.365318022843107
3.1175 2.3649915922766875
3.11875 2.365193673653889
3.13 2.3775335607074717
3.13 2.3775335607074717
3.135 2.3856632697314293
3.135 2.3856632697314293
3.13875 2.38937959647899
3.13875 2.38937959647899
3.14 2.3895684855081414
3.14 2.3895684855081414
3.14 2.3895684855081414
3.1425 2.39151477701076
3.14375 2.392224772403737
3.1475 2.3912112231863545
3.1475 2.3912112231863545
3.15 2.390532012780876
3.15125 2.3907149212721968
3.15125 2.3907149212721968
3.155 2.389688947663119
3.155 2.389688947663119
3.15625 2.3893455490344766
3.15625 2.3893455490344766
3.15625 2.3893455490344766
3.15875 2.388132619697157
3.16 2.3904063573358103
3.16 2.3904063573358103
3.16 2.3904063573358103
3.16 2.3904063573358103
3.165 2.394251563785297
3.16875 2.3968634985723427
3.16875 2.3968634985723427
3.17125 2.395641314791595
3.1725 2.396335071984203
3.1725 2.396335071984203
3.1725 2.396335071984203
3.1725 2.396335071984203
3.1725 2.396335071984203
3.1725 2.396335071984203
3.1725 2.396335071984203
3.1775 2.407953810175745
3.1775 2.407953810175745
3.185 2.4291255244463907
3.185 2.4291255244463907
3.185 2.4291255244463907
3.185 2.4291255244463907
3.185 2.4291255244463907
3.18625 2.430832598391292
3.1875 2.4309938119300205
3.1875 2.4309938119300205
3.1875 2.4309938119300205
3.19125 2.4304438399341497
3.19125 2.4304438399341497
3.19625 2.432103996504321
3.1975 2.433288899532015
3.20625 2.437958262175568
3.2075 2.4401612105385
3.2075 2.4401612105385
3.20875 2.439284951854837
3.20875 2.439284951854837
3.20875 2.439284951854837
3.21375 2.4419284809105974
3.22 2.447772351927069
3.22 2.447772351927069
3.22125 2.4474038631960595
3.22125 2.4474038631960595
3.22125 2.4474038631960595
3.22125 2.4474038631960595
3.22125 2.4474038631960595
3.225 2.4508944498908174
3.22625 2.456645033073182
3.23 2.4616406304010994
3.23 2.4616406304010994
3.23 2.4616406304010994
3.23 2.4616406304010994
3.23 2.4616406304010994
3.23 2.4616406304010994
3.23 2.4616406304010994
3.23 2.4616406304010994
3.23 2.4616406304010994
3.23 2.4616406304010994
3.23125 2.4622859302898035
3.2325 2.4619138947232293
3.2325 2.4619138947232293
3.235 2.459641700862298
3.245 2.478942606345882
3.245 2.478942606345882
3.245 2.478942606345882
3.24625 2.481089618417337
3.24625 2.481089618417337
3.25 2.478947655124258
3.25 2.478947655124258
3.25 2.478947655124258
3.25 2.478947655124258
3.25 2.478947655124258
3.25 2.478947655124258
3.25 2.478947655124258
3.25125 2.4780636466394483
3.2625 2.488741859867412
3.2625 2.488741859867412
3.26625 2.496628201789863
3.26625 2.496628201789863
3.27 2.495472746853373
3.27 2.495472746853373
3.27 2.495472746853373
3.27 2.495472746853373
3.27 2.495472746853373
3.27 2.495472746853373
3.27 2.495472746853373
3.27125 2.4950862222718326
3.27125 2.4950862222718326
3.27125 2.4950862222718326
3.27625 2.4980464833127143
3.27625 2.4980464833127143
3.27625 2.4980464833127143
3.27625 2.4980464833127143
3.27625 2.4980464833127143
3.27625 2.4980464833127143
3.27625 2.4980464833127143
3.27625 2.4980464833127143
3.28 2.4948708334489993
3.28 2.4948708334489993
3.28 2.4948708334489993
3.28375 2.4977057683264765
3.285 2.4968114835687047
3.285 2.4968114835687047
3.28875 2.4941229418497595
3.28875 2.4941229418497595
3.28875 2.4941229418497595
3.28875 2.4941229418497595
3.2925 2.492932437948379
3.2925 2.492932437948379
3.29375 2.492534221642215
3.29375 2.492534221642215
3.29625 2.4912333777022453
3.29625 2.4912333777022453
3.3075 2.497647203257482
3.3075 2.497647203257482
3.31625 2.492288168107996
3.3175 2.493384237576552
3.31875 2.493475528808326
3.31875 2.493475528808326
3.32375 2.492830457956391
3.32375 2.492830457956391
3.32875 2.4906681276622775
3.32875 2.4906681276622775
3.33 2.4912562990255154
3.33 2.4912562990255154
3.3325 2.4929324379483657
3.33375 2.49251413654991
3.33375 2.49251413654991
3.33375 2.49251413654991
3.335 2.491592872803401
3.335 2.491592872803401
3.3375 2.4892446994957025
3.33875 2.4898288087479092
3.34 2.489406843615833
3.34 2.489406843615833
3.34375 2.491152994408802
3.34375 2.491152994408802
3.34625 2.4968287144970405
3.34625 2.4968287144970405
3.3475 2.496404172452918
3.3475 2.496404172452918
3.35875 2.496565538266234
3.35875 2.496565538266234
3.3625 2.4947692462410145
3.3625 2.4947692462410145
3.36625 2.5009857255689028
3.3675 2.5000513136160563
3.3675 2.5000513136160563
3.3675 2.5000513136160563
3.36875 2.4991159262859988
3.36875 2.4991159262859988
3.36875 2.4991159262859988
3.36875 2.4991159262859988
3.37375 2.5043763322465904
3.37625 2.5030016398339154
3.3775 2.5040630312715324
3.3775 2.5040630312715324
3.37875 2.5031241430649174
3.37875 2.5031241430649174
3.38125 2.5017437598202825
3.3875 2.5070301654174174
3.3875 2.5070301654174174
3.39 2.50514364475394
3.39 2.50514364475394
3.39375 2.508301299038544
3.39375 2.508301299038544
3.39375 2.508301299038544
3.39375 2.508301299038544
3.395 2.510349042542553
3.395 2.510349042542553
3.4 2.508059599310216
3.4025 2.5106519006440795
3.41 2.515414307111358
3.41125 2.5139656852935675
3.4125 2.5135116721745567
3.4125 2.5135116721745567
3.41375 2.5130569545019665
3.41375 2.5130569545019665
3.41375 2.5130569545019665
3.41375 2.5130569545019665
3.41375 2.5130569545019665
3.415 2.514593202431993
3.415 2.514593202431993
3.415 2.514593202431993
3.415 2.514593202431993
3.41875 2.5206825937477753
3.41875 2.5206825937477753
3.41875 2.5206825937477753
3.42 2.519729409156717
3.42375 2.5198458219120816
3.425 2.5198833832801957
3.42625 2.5219062137972066
3.42625 2.5219062137972066
3.42625 2.5219062137972066
3.42625 2.5219062137972066
3.42875 2.519495636099702
3.43 2.5195307189642975
3.43 2.5195307189642975
3.4325 2.518108384739737
3.43375 2.5171473886565106
3.435 2.516185403787409
3.435 2.516185403787409
3.43625 2.517212025829115
3.43625 2.517212025829115
3.43625 2.517212025829115
3.43875 2.5147869948639565
3.44 2.514319441283468
3.44 2.514319441283468
3.45125 2.520528668446485
3.45125 2.520528668446485
3.455 2.525063351910977
3.455 2.525063351910977
3.455 2.525063351910977
3.45625 2.5235979514922624
3.45625 2.5235979514922624
3.4575 2.52510672149587
3.46 2.525643203619613
3.46125 2.5246714429542343
3.46125 2.5246714429542343
3.465 2.524726282887792
3.465 2.524726282887792
3.465 2.524726282887792
3.47375 2.5243368005980487
3.47375 2.5243368005980487
3.47375 2.5243368005980487
3.47375 2.5243368005980487
3.47375 2.5243368005980487
3.47375 2.5243368005980487
3.475 2.5273225356093265
3.475 2.5273225356093265
3.47625 2.52683934666509
3.47625 2.52683934666509
3.47625 2.52683934666509
3.48125 2.529851502218868
3.48125 2.529851502218868
3.48125 2.529851502218868
3.48125 2.529851502218868
3.48125 2.529851502218868
3.485 2.53284308981963
3.48625 2.5328501929891383
3.48625 2.5328501929891383
3.48875 2.5323683676426
3.49 2.531879344729981
3.49125 2.5318839789974374
3.49375 2.5343617884179896
3.4975 2.5373295610990287
3.5 2.539795898099886
3.5 2.539795898099886
3.5025 2.539301836582557
3.5025 2.539301836582557
3.5075 2.54224753479282
3.51 2.5417465637811154
3.51 2.5417465637811154
3.5125 2.5392722637671015
3.5125 2.5392722637671015
3.51375 2.5382798344839093
3.5175 2.5397355316476107
3.5175 2.5397355316476107
3.52375 2.5421475331105694
3.52625 2.5445833781211076
3.52625 2.5445833781211076
3.5275 2.5435862554272632
3.5275 2.5435862554272632
3.52875 2.5430803190986215
3.52875 2.5430803190986215
3.53 2.542081375989509
3.535 2.547918731499879
3.54125 2.5473338168500956
3.54125 2.5473338168500956
3.54125 2.5473338168500956
3.54125 2.5473338168500956
3.5425 2.551731356578336
3.5425 2.551731356578336
3.5425 2.551731356578336
3.5425 2.551731356578336
3.5425 2.551731356578336
3.5425 2.551731356578336
3.56125 2.595123652345627
3.5625 2.595093811379914
3.5625 2.595093811379914
3.565 2.594549982562498
3.565 2.594549982562498
3.56625 2.5940358932114047
3.56875 2.5944532028497376
3.56875 2.5944532028497376
3.56875 2.5944532028497376
3.57 2.5934547440406037
3.57 2.5934547440406037
3.575 2.5990996804540143
3.575 2.5990996804540143
3.575 2.5990996804540143
3.5775 2.599507751611514
3.57875 2.599470137112976
3.57875 2.599470137112976
3.5825 2.597427002591646
3.59625 2.59984324886105
3.59625 2.59984324886105
3.59625 2.59984324886105
3.60375 2.6009983521784554
3.60375 2.6009983521784554
3.60375 2.6009983521784554
3.6075 2.5998832649253725
3.61625 2.5975796836220257
3.62 2.595962977340901
3.62125 2.594940381199049
3.6225 2.598255648607243
3.6225 2.598255648607243
3.6225 2.598255648607243
3.6225 2.598255648607243
3.6225 2.598255648607243
3.63375 2.602032696795727
3.635 2.6024490246991676
3.63875 2.6080166076507694
3.6425 2.6058937243541442
3.64875 2.6079446229637595
3.64875 2.6079446229637595
3.64875 2.6079446229637595
3.64875 2.6079446229637595
3.65 2.607872936238353
3.65 2.607872936238353
3.65375 2.606213992887174
3.65375 2.606213992887174
3.65375 2.606213992887174
3.655 2.6061398573743553
3.6575 2.6093494650560833
3.6575 2.6093494650560833
3.6575 2.6093494650560833
3.6575 2.6093494650560833
3.6575 2.6093494650560833
3.6575 2.6093494650560833
3.6575 2.6093494650560833
3.6575 2.6093494650560833
3.65875 2.6087939157047733
3.65875 2.6087939157047733
3.65875 2.6087939157047733
3.65875 2.6087939157047733
3.65875 2.6087939157047733
3.65875 2.6087939157047733
3.65875 2.6087939157047733
3.6625 2.610001702318924
3.6625 2.610001702318924
3.6625 2.610001702318924
3.6625 2.610001702318924
3.665 2.609365053509771
3.6675 2.6077661523575437
3.6675 2.6077661523575437
3.66875 2.611522256869091
3.67375 2.6236263465875105
3.67375 2.6236263465875105
3.6825 2.6562215911754743
3.68625 2.6630200021619963
3.68625 2.6630200021619963
3.68625 2.6630200021619963
3.6925 2.672896222783856
3.6925 2.672896222783856
3.6975 2.6739355197825736
3.6975 2.6739355197825736
3.7 2.675153370733383
3.70375 2.679077781569551
3.70375 2.679077781569551
3.70375 2.679077781569551
3.70375 2.679077781569551
3.70625 2.679353393219565
3.7075 2.679256757192887
3.7075 2.679256757192887
3.7075 2.679256757192887
3.71125 2.6761587620411325
3.7125 2.676527320638191
3.715 2.6777299709355535
3.7175 2.676125147906781
3.7175 2.676125147906781
3.7175 2.676125147906781
3.7175 2.676125147906781
3.7175 2.676125147906781
3.71875 2.675555397175359
3.71875 2.675555397175359
3.71875 2.675555397175359
3.71875 2.675555397175359
3.72125 2.6730094766157473
3.72125 2.6730094766157473
3.7225 2.674777896572904
3.72875 2.6812608764085626
3.72875 2.6812608764085626
3.73 2.683486794586656
3.73125 2.6833792301155928
3.7375 2.6921466001400813
3.7375 2.6921466001400813
3.7375 2.6921466001400813
3.73875 2.6943594607308077
3.73875 2.6943594607308077
3.73875 2.6943594607308077
3.74 2.694248265684964
3.74 2.694248265684964
3.74 2.694248265684964
3.7425 2.6982020157221536
3.7425 2.6982020157221536
3.74375 2.6966972684558304
3.745 2.696583849163504
3.75125 2.709437164742357
3.75125 2.709437164742357
3.75125 2.709437164742357
3.75125 2.709437164742357
3.75125 2.709437164742357
3.755 2.7123183512538103
3.75875 2.7110395804946767
3.75875 2.7110395804946767
3.75875 2.7110395804946767
3.75875 2.7110395804946767
3.75875 2.7110395804946767
3.75875 2.7110395804946767
3.76 2.7109198361344875
3.7625 2.7111402770794597
3.76375 2.7105571082891062
3.765 2.709973236709093
3.76625 2.709388661885083
3.77 2.7090170665452544
3.77 2.7090170665452544
3.77 2.7090170665452544
3.775 2.709899341867487
3.77625 2.709310131608511
3.78125 2.7097189260738657
3.7825 2.7086647690400465
3.78375 2.7080718239653008
3.78375 2.7080718239653008
3.78625 2.7054963640189245
3.7875 2.7072135132378903
3.7875 2.7072135132378903
3.79375 2.704228541100603
3.79375 2.704228541100603
3.795 2.704555097024472
3.795 2.704555097024472
3.795 2.704555097024472
3.79625 2.703492561028129
3.79625 2.703492561028129
3.79625 2.703492561028129
3.79625 2.703492561028129
3.79625 2.703492561028129
3.79625 2.703492561028129
3.79625 2.703492561028129
3.79625 2.703492561028129
3.79625 2.703492561028129
3.79625 2.703492561028129
3.8 2.7030784841758657
3.8 2.7030784841758657
3.80625 2.7070040221562213
3.8075 2.7059372443689633
3.81375 2.708917446077321
3.81375 2.708917446077321
3.82125 2.712193471949703
3.82125 2.712193471949703
3.82125 2.712193471949703
3.82125 2.712193471949703
3.825 2.7145139034761234
3.825 2.7145139034761234
3.825 2.7145139034761234
3.825 2.7145139034761234
3.825 2.7145139034761234
3.825 2.7145139034761234
3.825 2.7145139034761234
3.825 2.7145139034761234
3.825 2.7145139034761234
3.825 2.7145139034761234
3.825 2.7145139034761234
3.8275 2.7155960353638986
3.83625 2.7301562462450977
3.83875 2.739457833957305
3.84125 2.7382331600044925
3.84125 2.7382331600044925
3.84125 2.7382331600044925
3.84125 2.7382331600044925
3.84125 2.7382331600044925
3.84375 2.739291072883178
3.84375 2.739291072883178
3.84375 2.739291072883178
3.845 2.7400474128709846
3.845 2.7400474128709846
3.845 2.7400474128709846
3.85125 2.7374240264115928
3.855 2.7383111464767214
3.855 2.7383111464767214
3.855 2.7383111464767214
3.855 2.7383111464767214
3.855 2.7383111464767214
3.855 2.7383111464767214
3.85875 2.743301946461932
3.86 2.7426816947283985
3.86 2.7426816947283985
3.86 2.7426816947283985
3.86125 2.7411477160126343
3.86125 2.7411477160126343
3.86125 2.7411477160126343
3.86375 2.7399032418533418
3.86625 2.743678306728685
3.8675 2.743510946833321
3.87875 2.7610827423109554
3.87875 2.7610827423109554
3.88125 2.759377854731302
3.88125 2.759377854731302
3.88375 2.7585771917155495
3.895 2.7665035563702407
3.895 2.7665035563702407
3.89625 2.7649669510322146
3.89875 2.7655123414366263
3.89875 2.7655123414366263
3.89875 2.7655123414366263
3.89875 2.7655123414366263
3.89875 2.7655123414366263
3.905 2.7623383466597256
3.90625 2.7630606340767265
3.90625 2.7630606340767265
3.90625 2.7630606340767265
3.90625 2.7630606340767265
3.91 2.7828187328903007
3.91 2.7828187328903007
3.91 2.7828187328903007
3.91 2.7828187328903007
3.915 2.784774445244835
3.915 2.784774445244835
3.915 2.784774445244835
3.915 2.784774445244835
3.9175 2.7857484169974063
3.92375 2.7848033772265324
3.925 2.7841631517512453
3.925 2.7841631517512453
3.925 2.7841631517512453
3.92875 2.7822382175820706
3.92875 2.7822382175820706
3.93 2.781595151974281
3.93 2.781595151974281
3.93125 2.7818513275354353
3.93125 2.7818513275354353
3.93125 2.7818513275354353
3.9325 2.781207047452784
3.9325 2.781207047452784
3.9325 2.781207047452784
3.9325 2.781207047452784
3.9325 2.781207047452784
3.935 2.7821665232699426
3.93875 2.7829263890028253
3.93875 2.7829263890028253
3.94125 2.78208076882309
3.9425 2.7818819770377936
3.9425 2.7818819770377936
3.9425 2.7818819770377936
3.9425 2.7818819770377936
3.9425 2.7818819770377936
3.9425 2.7818819770377936
3.9475 2.780180840679906
3.9475 2.780180840679906
3.9525 2.7820709279797966
3.95375 2.781417136840752
3.955 2.782112540450989
3.95625 2.782807208098828
3.95625 2.782807208098828
3.96 2.785785481859404
3.96 2.785785481859404
3.9625 2.7885145717561017
3.96375 2.7896529608631555
3.96375 2.7896529608631555
3.96625 2.7874402624129404
3.96625 2.7874402624129404
3.9675 2.7885774070202305
3.97125 2.7852505207034595
3.97125 2.7852505207034595
3.97875 2.809477690535551
3.9875 2.8239710100019844
3.9875 2.8239710100019844
3.9875 2.8239710100019844
3.99625 2.8233313545210765
3.99625 2.8233313545210765
3.9975 2.826655484231004
3.9975 2.826655484231004
3.9975 2.826655484231004
3.9975 2.826655484231004
4.00125 2.825992078285631
4.00125 2.825992078285631
4.00125 2.825992078285631
4.00125 2.825992078285631
4.0025 2.825326855392094
4.005 2.823551053317137
4.005 2.823551053317137
4.0075 2.8222154196381837
4.01125 2.8295107530060117
4.01125 2.8295107530060117
4.015 2.8301567507900645
4.015 2.8301567507900645
4.015 2.8301567507900645
4.015 2.8301567507900645
4.01625 2.833022848579891
4.01625 2.833022848579891
4.01625 2.833022848579891
4.01625 2.833022848579891
4.01625 2.833022848579891
4.0175 2.8341196238961337
4.0175 2.8341196238961337
4.0175 2.8341196238961337
4.01875 2.833007386341204
4.01875 2.833007386341204
4.02 2.8327779278449547
4.02 2.8327779278449547
4.02625 2.844851034634598
4.03375 2.852679997205799
4.03875 2.849104277045132
4.03875 2.849104277045132
4.03875 2.849104277045132
4.03875 2.849104277045132
4.0425 2.84795229776818
4.04625 2.8472345122873124
4.04625 2.8472345122873124
4.04875 2.845433895747505
4.05 2.8456320963073236
4.05 2.8456320963073236
4.05125 2.8458297333271614
4.05125 2.8458297333271614
4.05125 2.8458297333271614
4.0525 2.8469061880494904
4.05875 2.854467273725681
4.05875 2.854467273725681
4.05875 2.854467273725681
4.05875 2.854467273725681
4.06125 2.8587959581636886
4.06125 2.8587959581636886
4.06125 2.8587959581636886
4.06125 2.8587959581636886
4.06125 2.8587959581636886
4.06125 2.8587959581636886
4.06625 2.867427176191824
4.06625 2.867427176191824
4.06625 2.867427176191824
4.06625 2.867427176191824
4.06625 2.867427176191824
4.06625 2.867427176191824
4.06625 2.867427176191824
4.06625 2.867427176191824
4.0675 2.868925263091836
4.0675 2.868925263091836
4.0675 2.868925263091836
4.06875 2.8678047034747
4.06875 2.8678047034747
4.0775 2.864306034858473
4.0775 2.864306034858473
4.0775 2.864306034858473
4.0775 2.864306034858473
4.0775 2.864306034858473
4.0775 2.864306034858473
4.0775 2.864306034858473
4.0775 2.864306034858473
4.0775 2.864306034858473
4.07875 2.8679836296822163
4.085 2.8645299640418695
4.0875 2.8718727890778584
4.08875 2.871180599517176
4.09 2.8726669262353335
4.09 2.8726669262353335
4.09 2.8726669262353335
4.09 2.8726669262353335
4.09125 2.8715380200775518
4.0925 2.871715896504699
4.0925 2.871715896504699
4.0925 2.871715896504699
4.09875 2.872596944230942
4.09875 2.872596944230942
4.09875 2.872596944230942
4.1 2.8784295537445157
4.1025 2.877471729564507
4.1025 2.877471729564507
4.1025 2.877471729564507
4.115 2.902982799883683
4.115 2.902982799883683
4.115 2.902982799883683
4.11625 2.904010594749603
4.11625 2.904010594749603
4.11625 2.904010594749603
4.12375 2.908007319576995
4.12625 2.906177605178498
4.1275 2.9076299007180144
4.12875 2.912520713855237
4.12875 2.912520713855237
4.13125 2.9106895367720673
4.13375 2.908855055630722
4.13375 2.908855055630722
4.13375 2.908855055630722
4.13375 2.908855055630722
4.13375 2.908855055630722
4.14 2.9225119923503806
4.14 2.9225119923503806
4.14375 2.9229720567524513
4.14375 2.9229720567524513
4.14625 2.92584374831422
4.15625 2.9325903302466783
4.15625 2.9325903302466783
4.15875 2.933309362694574
4.15875 2.933309362694574
4.16 2.9330280115685543
4.1625 2.9307559456591137
4.1625 2.9307559456591137
4.165 2.9314700912886824
4.165 2.9314700912886824
4.165 2.9314700912886824
4.1675 2.929619785930032
4.1675 2.929619785930032
4.1675 2.929619785930032
4.16875 2.932750367555684
4.17125 2.930897667767274
4.1725 2.933172024047226
4.1725 2.933172024047226
4.17625 2.937426003648215
4.17625 2.937426003648215
4.17625 2.937426003648215
4.17875 2.935569859584435
4.17875 2.935569859584435
4.17875 2.935569859584435
4.17875 2.935569859584435
4.1875 2.9446021976878787
4.1875 2.9446021976878787
4.1875 2.9446021976878787
4.1925 2.9434288622002667
4.19625 2.9527333489985015
4.19625 2.9527333489985015
4.19625 2.9527333489985015
4.19625 2.9527333489985015
4.19625 2.9527333489985015
4.19625 2.9527333489985015
4.19625 2.9527333489985015
4.19625 2.9527333489985015
4.20125 2.954938750003185
4.20125 2.954938750003185
4.20625 2.956287449124714
4.2075 2.9559881736237035
4.21 2.957927766332129
4.215 2.9626418207737784
4.215 2.9626418207737784
4.215 2.9626418207737784
4.215 2.9626418207737784
4.21625 2.9631843537642104
4.21625 2.9631843537642104
4.21625 2.9631843537642104
4.21625 2.9631843537642104
4.21625 2.9631843537642104
4.21625 2.9631843537642104
4.22875 3.0046144632199856
4.23 3.006392854817343
4.23 3.006392854817343
4.23 3.006392854817343
4.23 3.006392854817343
4.23 3.006392854817343
4.23 3.006392854817343
4.23 3.006392854817343
4.2375 3.0033096053740653
4.23875 3.002168334034967
4.23875 3.002168334034967
4.23875 3.002168334034967
4.24 3.0018600825061195
4.24125 3.002385107363158
4.24375 3.002182925038759
4.24375 3.002182925038759
4.24375 3.002182925038759
4.25 3.004793833606242
4.25375 3.005103866601174
4.255 3.005206162661749
4.25875 3.005509906779505
4.26 3.0043606189022216
4.26 3.0043606189022216
4.26125 3.0040437390262165
4.27125 3.015217713503418
4.27125 3.015217713503418
4.27125 3.015217713503418
4.27125 3.015217713503418
4.27125 3.015217713503418
4.27125 3.015217713503418
4.27375 3.01665148305414
4.27375 3.01665148305414
4.27875 3.017852337078549
4.285 3.0245180834384633
4.285 3.0245180834384633
4.285 3.0245180834384633
4.2875 3.0325466482755896
4.2875 3.0325466482755896
4.2875 3.0325466482755896
4.2875 3.0325466482755896
4.2875 3.0325466482755896
4.2875 3.0325466482755896
4.2925 3.030416312783777
4.2925 3.030416312783777
4.2925 3.030416312783777
4.295 3.0367750168771
4.29625 3.0380953682913803
4.3 3.037520891526185
4.3 3.037520891526185
4.3025 3.0430361213835537
4.3025 3.0430361213835537
4.30375 3.042294427192612
4.305 3.041963498697724
4.305 3.041963498697724
4.30875 3.0508290487760963
4.30875 3.0508290487760963
4.3125 3.051472284632428
4.315 3.0553140067101925
4.315 3.0553140067101925
4.31625 3.054979879652468
4.31625 3.054979879652468
4.31625 3.054979879652468
4.31625 3.054979879652468
4.31625 3.054979879652468
4.31625 3.054979879652468
4.32 3.0564321064808464
4.32 3.0564321064808464
4.32 3.0564321064808464
4.32375 3.059515767799976
4.32625 3.0567942237183168
4.32625 3.0567942237183168
4.32625 3.0567942237183168
4.32625 3.0567942237183168
4.3275 3.0552269579698788
4.3275 3.0552269579698788
4.3275 3.0552269579698788
4.33375 3.064571819691548
4.33375 3.064571819691548
4.3375 3.064364806053733
4.3375 3.064364806053733
4.3375 3.064364806053733
4.33875 3.0632054243618327
4.34125 3.0637447024846125
4.34125 3.0637447024846125
4.34375 3.073254309777456
4.3475 3.075885252672721
4.3475 3.075885252672721
4.3475 3.075885252672721
4.3475 3.075885252672721
4.35 3.075601429833528
4.35125 3.07606911316801
4.3525 3.0769429995985518
4.35375 3.07700274127881
4.35375 3.07700274127881
4.35375 3.07700274127881
4.35375 3.07700274127881
4.35375 3.07700274127881
4.36125 3.090742515824301
4.36125 3.090742515824301
4.36125 3.090742515824301
4.365 3.0900988477087123
4.365 3.0900988477087123
4.365 3.0900988477087123
4.365 3.0900988477087123
4.365 3.0900988477087123
4.365 3.0900988477087123
4.365 3.0900988477087123
4.365 3.0900988477087123
4.365 3.0900988477087123
4.36625 3.0897482288444063
4.3675 3.089802153323635
4.3675 3.089802153323635
4.3675 3.089802153323635
4.3675 3.089802153323635
4.3675 3.089802153323635
4.36875 3.089855570541855
4.36875 3.089855570541855
4.37125 3.0927948788601216
4.3725 3.091632495844506
4.3725 3.091632495844506
4.3725 3.091632495844506
4.37375 3.0916838573570695
4.37375 3.0916838573570695
4.37375 3.0916838573570695
4.3775 3.091834900802007
4.3775 3.091834900802007
4.37875 3.0926937094506415
4.38375 3.0904570201252537
4.38375 3.0904570201252537
4.385 3.0917185195705246
4.38875 3.0906412792325306
4.38875 3.0906412792325306
4.38875 3.0906412792325306
4.38875 3.0906412792325306
4.38875 3.0906412792325306
4.39 3.0898760764324535
4.39 3.0898760764324535
4.39 3.0898760764324535
4.39125 3.088704997357444
4.39625 3.088066730604418
4.3975 3.086892431086855
4.3975 3.086892431086855
4.3975 3.086892431086855
4.3975 3.086892431086855
4.4 3.089001037432913
4.4 3.089001037432913
4.4 3.089001037432913
4.4 3.089001037432913
4.41 3.0945711274874337
4.415 3.0979463503241824
4.41875 3.1028911283177014
4.42125 3.105777802289865
4.42125 3.105777802289865
4.42125 3.105777802289865
4.42125 3.105777802289865
4.4225 3.1062122340647953
4.4225 3.1062122340647953
4.42625 3.1099277323799304
4.42625 3.1099277323799304
4.42625 3.1099277323799304
4.42625 3.1099277323799304
4.42625 3.1099277323799304
4.42875 3.1119976058592416
4.4325 3.1144933514209066
4.435 3.112536723650036
4.435 3.112536723650036
4.44375 3.1127073619924186
4.44375 3.1127073619924186
4.44375 3.1127073619924186
4.44375 3.1127073619924186
4.45125 3.1156472055396014
4.455 3.120520318604497
4.455 3.120520318604497
4.45625 3.1213401597697095
4.46 3.120588500705972
4.46 3.120588500705972
4.46 3.120588500705972
4.4675 3.1278864016580115
4.47125 3.125921891552971
4.47125 3.125921891552971
4.4725 3.125132287562952
4.48 3.157461314480463
4.4825 3.155493650004554
4.48625 3.154322133621313
4.48625 3.154322133621313
4.4975 3.157920094643802
4.4975 3.157920094643802
4.4975 3.157920094643802
4.4975 3.157920094643802
4.49875 3.1587133892368566
4.49875 3.1587133892368566
4.49875 3.1587133892368566
4.49875 3.1587133892368566
4.5 3.158713636878112
4.50125 3.1599018437409803
4.50125 3.1599018437409803
4.50125 3.1599018437409803
4.50125 3.1599018437409803
4.50125 3.1599018437409803
4.50125 3.1599018437409803
4.50375 3.160295915787657
4.50375 3.160295915787657
4.50375 3.160295915787657
4.50375 3.160295915787657
4.505 3.1591058762602096
4.50625 3.1654361342317316
4.5075 3.165038006403314
4.5075 3.165038006403314
4.50875 3.165825564031811
4.50875 3.165825564031811
4.51 3.167402808404446
4.51 3.167402808404446
4.51125 3.166608232339684
4.51625 3.1689570521700237
4.5175 3.1685554167927314
4.5175 3.1685554167927314
4.5175 3.1685554167927314
4.5175 3.1685554167927314
4.5175 3.1685554167927314
4.5225 3.173654652733742
4.52625 3.17480868718893
4.52625 3.17480868718893
4.52875 3.178333004636314
4.53375 3.175920185360417
4.53375 3.175920185360417
4.53375 3.175920185360417
4.535 3.177482571843318
4.535 3.177482571843318
4.535 3.177482571843318
4.535 3.177482571843318
4.535 3.177482571843318
4.535 3.177482571843318
4.535 3.177482571843318
4.535 3.177482571843318
4.535 3.177482571843318
4.53625 3.1798309851102657
4.53625 3.1798309851102657
4.53625 3.1798309851102657
4.53625 3.1798309851102657
4.53875 3.1794078427103223
4.545 3.1773565259687766
4.55125 3.176079783473426
4.55375 3.1764324471589465
4.55375 3.1764324471589465
4.555 3.1760169796174753
4.555 3.1760169796174753
4.555 3.1760169796174753
4.555 3.1760169796174753
4.555 3.1760169796174753
4.55875 3.1735844064686956
4.55875 3.1735844064686956
4.5675 3.1718321833364764
4.57 3.172172496560507
4.57 3.172172496560507
4.57 3.172172496560507
4.57125 3.176875683968334
4.57125 3.176875683968334
4.57125 3.176875683968334
4.5725 3.1756652550710265
4.5725 3.1756652550710265
4.5725 3.1756652550710265
4.5725 3.1756652550710265
4.5775 3.1759411207550974
4.58 3.1754849441917528
4.5825 3.1726607082955502
4.5825 3.1726607082955502
4.5825 3.1726607082955502
4.5825 3.1726607082955502
4.5825 3.1726607082955502
4.58375 3.1738111607506037
4.58375 3.1738111607506037
4.58375 3.1738111607506037
4.58625 3.1733497480232336
4.58875 3.172886295915524
4.5925 3.1735678922087156
4.5925 3.1735678922087156
4.5925 3.1735678922087156
4.595 3.1809783525039705
4.595 3.1809783525039705
4.59625 3.1801537163436806
4.5975 3.1785409629760335
4.6 3.177675569899241
4.6 3.177675569899241
4.60125 3.1807853089255893
4.60125 3.1807853089255893
4.6025 3.180351717390364
4.6025 3.180351717390364
4.6025 3.180351717390364
4.61 3.1859987814332427
4.615 3.1850361959421885
4.615 3.1850361959421885
4.615 3.1850361959421885
4.61875 3.183719290885112
4.61875 3.183719290885112
4.61875 3.183719290885112
4.61875 3.183719290885112
4.62125 3.1824453468177305
4.62125 3.1824453468177305
4.62125 3.1824453468177305
4.6225 3.1843631955544143
4.6275 3.1810206483857897
4.62875 3.1797896574037154
4.62875 3.1797896574037154
4.62875 3.1797896574037154
4.63 3.1789514254241964
4.63 3.1789514254241964
4.63 3.1789514254241964
4.63125 3.1788999974822234
4.63125 3.1788999974822234
4.635 3.1822843473020743
4.635 3.1822843473020743
4.635 3.1822843473020743
4.64125 3.1839787355187052
4.645 3.1814504606849177
4.645 3.1814504606849177
4.645 3.1814504606849177
4.64875 3.1800966503995407
4.64875 3.1800966503995407
4.65375 3.1790712566831263
4.65375 3.1790712566831263
4.655 3.18137178085335
4.655 3.18137178085335
4.65625 3.1805236362509457
4.65625 3.1805236362509457
4.66 3.180336959973543
4.66375 3.186436514285899
4.66375 3.186436514285899
4.66625 3.1851282925967612
4.66625 3.1851282925967612
4.66625 3.1851282925967612
4.66875 3.1838175678549314
4.66875 3.1838175678549314
4.67125 3.183290767843995
4.6725 3.1832231915715847
4.675 3.184265918040762
4.675 3.184265918040762
4.68 3.182807381626428
4.6825 3.1806980051161196
4.6825 3.1806980051161196
4.6825 3.1806980051161196
4.6825 3.1806980051161196
4.6825 3.1806980051161196
4.6825 3.1806980051161196
4.6825 3.1806980051161196
4.6825 3.1806980051161196
4.68375 3.181412842133218
4.685 3.1797662873319017
4.68625 3.179299587934
4.68875 3.1791519618438535
4.68875 3.1791519618438535
4.68875 3.1791519618438535
4.68875 3.1791519618438535
4.68875 3.1791519618438535
4.68875 3.1791519618438535
4.68875 3.1791519618438535
4.68875 3.1791519618438535
4.69 3.1802582525938816
4.69 3.1802582525938816
4.69 3.1802582525938816
4.69 3.1802582525938816
4.69 3.1802582525938816
4.69 3.1802582525938816
4.6925 3.1852198954275943
4.6975 3.1856992324291062
4.7 3.184364178140398
4.70125 3.1834991394633225
4.70125 3.1834991394633225
4.70125 3.1834991394633225
4.70375 3.1853051107092356
4.71 3.1880408569577763
4.71 3.1880408569577763
4.7175 3.212178600919519
4.7175 3.212178600919519
4.7175 3.212178600919519
4.71875 3.212093611526836
4.71875 3.212093611526836
4.71875 3.212093611526836
4.71875 3.212093611526836
4.71875 3.212093611526836
4.71875 3.212093611526836
4.72625 3.213521329736403
4.72625 3.213521329736403
4.72625 3.213521329736403
4.7275 3.2118746743381092
4.7275 3.2118746743381092
4.73625 3.2108523640350564
4.73625 3.2108523640350564
4.74375 3.2273992734224293
4.74375 3.2273992734224293
4.75375 3.237470069833291
4.76 3.2369735088305918
4.76375 3.2351226345496906
4.76375 3.2351226345496906
4.775 3.2538607087412146
4.77875 3.2535412015891345
4.77875 3.2535412015891345
4.785 3.262219734627978
4.785 3.262219734627978
4.79 3.259475452474166
4.79 3.259475452474166
4.79 3.259475452474166
4.79 3.259475452474166
4.79 3.259475452474166
4.79 3.259475452474166
4.79 3.259475452474166
4.79375 3.2648943867598303
4.79375 3.2648943867598303
4.79625 3.2658181053714106
4.80125 3.268424955481159
4.8025 3.268309357691209
4.8025 3.268309357691209
4.80375 3.267810301671395
4.805 3.2673106906041487
4.805 3.2673106906041487
4.81125 3.2728447608366116
4.81125 3.2728447608366116
4.8125 3.2711954465549673
4.8125 3.2711954465549673
4.82 3.2750583978590018
4.82 3.2750583978590018
4.82 3.2750583978590018
4.82 3.2750583978590018
4.82 3.2750583978590018
4.8225 3.275195013731627
4.82375 3.2769817208826226
4.82375 3.2769817208826226
4.82375 3.2769817208826226
4.82375 3.2769817208826226
4.82375 3.2769817208826226
4.8325 3.2841171617216935
4.8325 3.2841171617216935
4.8325 3.2841171617216935
4.8325 3.2841171617216935
4.8325 3.2841171617216935
4.8325 3.2841171617216935
4.83625 3.2848780749761968
4.83625 3.2848780749761968
4.83875 3.287287066537135
4.83875 3.287287066537135
4.83875 3.287287066537135
4.84 3.286777088507354
4.8425 3.2853745383626656
4.8425 3.2853745383626656
4.845 3.2839694836374225
4.845 3.2839694836374225
4.845 3.2839694836374225
4.8475 3.284086673886972
4.8475 3.284086673886972
4.8475 3.284086673886972
4.85 3.2895328365671563
4.85 3.2895328365671563
4.85125 3.290921016816361
4.85125 3.290921016816361
4.85125 3.290921016816361
4.85125 3.290921016816361
4.8525 3.293828377697782
4.8525 3.293828377697782
4.8525 3.293828377697782
4.8525 3.293828377697782
4.85375 3.2925540356381364
4.85375 3.2925540356381364
4.85375 3.2925540356381364
4.85375 3.2925540356381364
4.85375 3.2925540356381364
4.85625 3.2911434896304157
4.85625 3.2911434896304157
4.85625 3.2911434896304157
4.85625 3.2911434896304157
4.85625 3.2911434896304157
4.85625 3.2911434896304157
4.85625 3.2911434896304157
4.85625 3.2911434896304157
4.85875 3.292012320587305
4.865 3.295124778993422
4.865 3.295124778993422
4.8675 3.299022307477109
4.8675 3.299022307477109
4.8675 3.299022307477109
4.86875 3.2985032351037615
4.87 3.2995012328353317
4.87125 3.3004984547886904
4.8725 3.2992195762430474
4.875 3.298556592586084
4.875 3.298556592586084
4.875 3.298556592586084
4.875 3.298556592586084
4.87875 3.299265809403876
4.87875 3.299265809403876
4.88 3.2987425070259104
4.8825 3.3048973786419094
4.8825 3.3048973786419094
4.88875 3.3109782026348076
4.88875 3.3109782026348076
4.88875 3.3109782026348076
4.88875 3.3109782026348076
4.88875 3.3109782026348076
4.88875 3.3109782026348076
4.89125 3.3133285560219004
4.89125 3.3133285560219004
4.89125 3.3133285560219004
4.89125 3.3133285560219004
4.89125 3.3133285560219004
4.895 3.317036088213859
4.895 3.317036088213859
4.895 3.317036088213859
4.9 3.3217152557527245
4.9 3.3217152557527245
4.9 3.3217152557527245
4.9 3.3217152557527245
4.9 3.3217152557527245
4.9075 3.337719163068458
4.9075 3.337719163068458
4.9075 3.337719163068458
4.91 3.338912310809333
4.91 3.338912310809333
4.91 3.338912310809333
4.91 3.338912310809333
4.91 3.338912310809333
4.91 3.338912310809333
4.91375 3.341821457052061
4.9175 3.3402305571949786
4.91875 3.3415723948595875
4.92 3.343287598301446
4.92 3.343287598301446
4.92125 3.3431301330277163
4.92125 3.3431301330277163
4.92125 3.3431301330277163
4.9225 3.342972192353469
4.9225 3.342972192353469
4.9275 3.3408375063829445
4.9275 3.3408375063829445
4.93375 3.347516732272008
4.93375 3.347516732272008
4.93375 3.347516732272008
4.9375 3.350391791484327
4.9375 3.350391791484327
4.93875 3.3491072073551194
4.94375 3.349195025920715
4.94375 3.349195025920715
4.94375 3.349195025920715
4.9475 3.3513106172909435
4.94875 3.3503962274783823
4.95125 3.3504335829848113
4.95125 3.3504335829848113
4.95125 3.3504335829848113
4.95375 3.3482270260202194
4.95375 3.3482270260202194
4.95375 3.3482270260202194
4.95625 3.3534897202958804
4.96 3.361923282914137
4.96125 3.361007125643045
4.96125 3.361007125643045
4.96125 3.361007125643045
4.96125 3.361007125643045
4.96125 3.361007125643045
4.97 3.3828101122172303
4.97 3.3828101122172303
4.97 3.3828101122172303
4.97 3.3828101122172303
4.97 3.3828101122172303
4.97 3.3828101122172303
4.97 3.3828101122172303
4.9725 3.3894844011489544
4.9725 3.3894844011489544
4.9725 3.3894844011489544
4.9725 3.3894844011489544
4.97375 3.389309695611472
4.975 3.3902422004514854
4.975 3.3902422004514854
4.975 3.3902422004514854
4.975 3.3902422004514854
4.97625 3.3904357767025917
4.97875 3.3941418187602657
4.985 3.402461745915078
4.985 3.402461745915078
4.98625 3.4033865101060043
4.9875 3.403207461540201
4.9875 3.403207461540201
4.99125 3.4092818071480435
4.99125 3.4092818071480435
4.99125 3.4092818071480435
4.99125 3.4092818071480435
4.9925 3.409101232585733
4.9925 3.409101232585733
4.99375 3.410021443525925
4.995 3.4113078542687596
4.995 3.4113078542687596
4.995 3.4113078542687596
4.995 3.4113078542687596
5.00875 3.436704396494731
5.01125 3.4366971129716815
5.01125 3.4366971129716815
5.01125 3.4366971129716815
5.01125 3.4366971129716815
5.015 3.439413024404092
5.015 3.439413024404092
5.015 3.439413024404092
5.01875 3.436664336927
5.01875 3.436664336927
5.01875 3.436664336927
5.01875 3.436664336927
5.02 3.4404790538746504
5.02375 3.4410008058240966
5.02375 3.4410008058240966
5.02375 3.4410008058240966
5.02625 3.440255096851735
5.02625 3.440255096851735
5.0275 3.4407909778409245
5.03 3.4422247368415104
5.03 3.4422247368415104
5.03 3.4422247368415104
5.03125 3.4438493812448994
5.03125 3.4438493812448994
5.03125 3.4438493812448994
5.03125 3.4438493812448994
5.0325 3.4458360353444175
5.035 3.4516180385226196
5.03625 3.4543235773043777
5.0375 3.4581124804449637
5.03875 3.4571937569858147
5.03875 3.4571937569858147
5.04125 3.4578887606241904
5.04625 3.4599964460615396
5.04625 3.4599964460615396
5.04625 3.4599964460615396
5.0475 3.4605220366235794
5.04875 3.4606854620630028
5.05 3.46048677369075
5.05125 3.4595641586346693
5.05125 3.4595641586346693
5.05125 3.4595641586346693
5.0575 3.470482540127052
5.0575 3.470482540127052
5.0575 3.470482540127052
5.06 3.4693580900429146
5.0625 3.4682314710701116
5.06375 3.4680282528337494
5.06375 3.4680282528337494
5.06375 3.4680282528337494
5.06375 3.4680282528337494
5.06875 3.4690151368976534
5.06875 3.4690151368976534
5.06875 3.4690151368976534
5.07125 3.4718497394424483
5.07125 3.4718497394424483
5.0725 3.470922482366647
5.07375 3.4696338259400807
5.07375 3.4696338259400807
5.07375 3.4696338259400807
5.07625 3.4688581923954107
5.0775 3.4682892090405177
5.0775 3.4682892090405177
5.0775 3.4682892090405177
5.0775 3.4682892090405177
5.07875 3.467358743816816
5.08 3.468593219686416
5.08 3.468593219686416
5.08 3.468593219686416
5.08 3.468593219686416
5.085 3.481440151993829
5.08625 3.480510505547149
5.0875 3.4802994634721114
5.08875 3.481166699468274
5.09375 3.483910587073584
5.09375 3.483910587073584
5.0975 3.4818310821471186
5.0975 3.4818310821471186
5.0975 3.4818310821471186
5.0975 3.4818310821471186
5.0975 3.4818310821471186
5.0975 3.4818310821471186
5.1 3.4817600888983997
5.1 3.4817600888983997
5.1 3.4817600888983997
5.1 3.4817600888983997
5.1 3.4817600888983997
5.1 3.4817600888983997
5.105 3.484487346092874
5.10875 3.487065093485894
5.10875 3.487065093485894
5.11 3.488640604387793
5.11 3.488640604387793
5.1125 3.489278231701044
5.115 3.4891966290817518
5.115 3.4891966290817518
5.115 3.4891966290817518
5.11625 3.489693164947601
5.11875 3.4906846802484344
5.11875 3.4906846802484344
5.11875 3.4906846802484344
5.11875 3.4906846802484344
5.11875 3.4906846802484344
5.11875 3.4906846802484344
5.125 3.4938709073743333
5.13 3.49512086161503
5.13 3.49512086161503
5.1325 3.4950268619793907
5.135 3.493498341681185
5.135 3.493498341681185
5.135 3.493498341681185
5.135 3.493498341681185
5.13875 3.4906631675351574
5.13875 3.4906631675351574
5.14125 3.490562773120028
5.14125 3.490562773120028
5.14125 3.490562773120028
5.1425 3.490691178854518
5.1425 3.490691178854518
5.1425 3.490691178854518
5.1425 3.490691178854518
5.145 3.4913051305196814
5.145 3.4913051305196814
5.145 3.4913051305196814
5.145 3.4913051305196814
5.145 3.4913051305196814
5.1475 3.4912002734284058
5.15 3.496109047654458
5.15 3.496109047654458
5.1525 3.4981480886409813
5.155 3.498395841930062
5.1575 3.5004299753766888
5.1575 3.5004299753766888
5.1625 3.50734523368249
5.16375 3.506394792811242
5.16875 3.507941776438658
5.17 3.510556224625628
5.17625 3.5303349726015356
5.1775 3.5315128810520218
5.1775 3.5315128810520218
5.18 3.529259070539273
5.1825 3.529130516537104
5.185 3.527226482425375
5.185 3.527226482425375
5.1875 3.5292227212617706
5.18875 3.528978683796253
5.18875 3.528978683796253
5.18875 3.528978683796253
5.18875 3.528978683796253
5.18875 3.528978683796253
5.19 3.528024758752828
5.19 3.528024758752828
5.19 3.528024758752828
5.19 3.528024758752828
5.19 3.528024758752828
5.19 3.528024758752828
5.195 3.529170413107862
5.195 3.529170413107862
5.195 3.529170413107862
5.1975 3.529031216447122
5.1975 3.529031216447122
5.1975 3.529031216447122
5.1975 3.529031216447122
5.20375 3.5277886208206235
5.20375 3.5277886208206235
5.20375 3.5277886208206235
5.20625 3.5283526649358907
5.21 3.540348511726003
5.21 3.540348511726003
5.21 3.540348511726003
5.21 3.540348511726003
5.21 3.540348511726003
5.21 3.540348511726003
5.21 3.540348511726003
5.21 3.540348511726003
5.21 3.540348511726003
5.2175 3.543782123618012
5.2175 3.543782123618012
5.2175 3.543782123618012
5.2175 3.543782123618012
5.2175 3.543782123618012
5.22 3.5450400754322233
5.22125 3.546197658731606
5.2225 3.547001589419464
5.2225 3.547001589419464
5.2225 3.547001589419464
5.2225 3.547001589419464
5.2275 3.5473897047190266
5.2275 3.5473897047190266
5.2275 3.5473897047190266
5.22875 3.548191160738303
5.22875 3.548191160738303
5.22875 3.548191160738303
5.22875 3.548191160738303
5.22875 3.548191160738303
5.22875 3.548191160738303
5.22875 3.548191160738303
5.22875 3.548191160738303
5.22875 3.548191160738303
5.23125 3.545911772785036
5.235 3.543016540712124
5.235 3.543016540712124
5.235 3.543016540712124
5.235 3.543016540712124
5.235 3.543016540712124
5.235 3.543016540712124
5.23625 3.542756672924966
5.2375 3.5428496269739207
5.24375 3.555648919191213
5.24375 3.555648919191213
5.24375 3.555648919191213
5.24875 3.553893799612426
5.24875 3.553893799612426
5.24875 3.553893799612426
5.25125 3.5561821489971632
5.25125 3.5561821489971632
5.25875 3.5696956237272475
5.25875 3.5696956237272475
5.26375 3.5714324646858837
5.26375 3.5714324646858837
5.26875 3.5738619235794493
5.2725 3.572001223533687
5.2725 3.572001223533687
5.2725 3.572001223533687
5.2725 3.572001223533687
5.27875 3.5828891702099184
5.27875 3.5828891702099184
5.27875 3.5828891702099184
5.28 3.5819181554147965
5.28875 3.583842679015762
5.28875 3.583842679015762
5.28875 3.583842679015762
5.28875 3.583842679015762
5.28875 3.583842679015762
5.28875 3.583842679015762
5.28875 3.583842679015762
5.28875 3.583842679015762
5.28875 3.583842679015762
5.29 3.5856618934329996
5.2975 3.57770788944231
5.30125 3.57581900260965
5.30125 3.57581900260965
5.30125 3.57581900260965
5.3025 3.5762383310890975
5.3025 3.5762383310890975
5.3025 3.5762383310890975
5.3025 3.5762383310890975
5.3075 3.5744110378962777
5.31375 3.588719768171934
5.31625 3.589197523274013
5.31875 3.5882785728529325
5.3225 3.588117470726067
5.3225 3.588117470726067
5.3275 3.5925446024929357
5.3275 3.5925446024929357
5.3275 3.5925446024929357
5.3275 3.5925446024929357
5.3275 3.5925446024929357
5.3275 3.5925446024929357
5.3275 3.5925446024929357
5.3275 3.5925446024929357
5.3325 3.596263357663351
5.3325 3.596263357663351
5.3325 3.596263357663351
5.3325 3.596263357663351
5.3325 3.596263357663351
5.33375 3.5945809495340937
5.33375 3.5945809495340937
5.33625 3.5978280108274183
5.3375 3.5996236418483614
5.3375 3.5996236418483614
5.3375 3.5996236418483614
5.3375 3.5996236418483614
5.34125 3.6008340623987576
5.34375 3.6068473244687715
5.345 3.606554317149978
5.3475 3.6104761698030727
5.3525 3.6086037849278703
5.3525 3.6086037849278703
5.35875 3.619934854100953
5.35875 3.619934854100953
5.36 3.6192919324939514
5.36 3.6192919324939514
5.36 3.6192919324939514
5.3625 3.6204251266421767
5.36375 3.6204724433962734
5.365 3.62190180925641
5.365 3.62190180925641
5.365 3.62190180925641
5.3675 3.6244122565260883
5.36875 3.6254935791027334
5.36875 3.6254935791027334
5.36875 3.6254935791027334
5.36875 3.6254935791027334
5.36875 3.6254935791027334
5.3725 3.622519435258213
5.37625 3.6236859428302184
5.37625 3.6236859428302184
5.37625 3.6236859428302184
5.37875 3.6248065418146083
5.3825 3.6238942467861657
5.395 3.6294546665402208
5.3975 3.628491585905381
5.3975 3.628491585905381
5.3975 3.628491585905381
5.3975 3.628491585905381
5.40125 3.627905809582721
5.4025 3.627594665038702
5.4025 3.627594665038702
5.40625 3.625277815084753
5.4125 3.631987460901423
5.4125 3.631987460901423
5.4125 3.631987460901423
5.4125 3.631987460901423
5.4125 3.631987460901423
5.4125 3.631987460901423
5.415 3.6330805238276582
5.4175 3.6352045527281143
5.4175 3.6352045527281143
5.4175 3.6352045527281143
5.4175 3.6352045527281143
5.4175 3.6352045527281143
5.42 3.6362932067363296
5.42 3.6362932067363296
5.42 3.6362932067363296
5.42125 3.635632092689218
5.42125 3.635632092689218
5.42125 3.635632092689218
5.42125 3.635632092689218
5.42125 3.635632092689218
5.4275 3.6305950304797365
5.42875 3.6299302927070536
5.42875 3.6299302927070536
5.42875 3.6299302927070536
5.42875 3.6299302927070536
5.42875 3.6299302927070536
5.42875 3.6299302927070536
5.42875 3.6299302927070536
5.42875 3.6299302927070536
5.42875 3.6299302927070536
5.42875 3.6299302927070536
5.42875 3.6299302927070536
5.43 3.6330564093600355
5.43125 3.6330803085206034
5.43125 3.6330803085206034
5.43125 3.6330803085206034
5.43125 3.6330803085206034
5.43125 3.6330803085206034
5.43125 3.6330803085206034
5.43625 3.634549266823358
5.4375 3.6349153376509147
5.4375 3.6349153376509147
5.4375 3.6349153376509147
5.44 3.6373669113191567
5.44 3.6373669113191567
5.44 3.6373669113191567
5.44125 3.636010747398037
5.44125 3.636010747398037
5.44125 3.636010747398037
5.44125 3.636010747398037
5.44125 3.636010747398037
5.44375 3.633984485595929
5.4475 3.6367948245322648
5.45125 3.6450969606191954
5.45125 3.6450969606191954
5.455 3.644115045945314
5.45625 3.6434433283102283
5.45625 3.6434433283102283
5.45625 3.6434433283102283
5.45625 3.6434433283102283
5.45625 3.6434433283102283
5.46375 3.6431822502636084
5.46625 3.646296790972977
5.46625 3.646296790972977
5.46625 3.646296790972977
5.4675 3.6459649031626538
5.4675 3.6459649031626538
5.46875 3.644602495016892
5.46875 3.644602495016892
5.46875 3.644602495016892
5.46875 3.644602495016892
5.46875 3.644602495016892
5.47125 3.6442796826680244
5.4725 3.643258900939388
5.47375 3.6425810125570806
5.47375 3.6425810125570806
5.47375 3.6425810125570806
5.47375 3.6425810125570806
5.47375 3.6425810125570806
5.47375 3.6425810125570806
5.47375 3.6425810125570806
5.47625 3.6484345658071358
5.47625 3.6484345658071358
5.47625 3.6484345658071358
5.47625 3.6484345658071358
5.47625 3.6484345658071358
5.47625 3.6484345658071358
5.47625 3.6484345658071358
5.47625 3.6484345658071358
5.47625 3.6484345658071358
5.47625 3.6484345658071358
5.48 3.6467414775735545
5.48 3.6467414775735545
5.48 3.6467414775735545
5.48625 3.648486021668848
5.48875 3.655006467552052
5.48875 3.655006467552052
5.48875 3.655006467552052
5.48875 3.655006467552052
5.4925 3.653646146345229
5.4925 3.653646146345229
5.49375 3.6529633332258244
5.49375 3.6529633332258244
5.49375 3.6529633332258244
5.495 3.655362785876454
5.495 3.655362785876454
5.49625 3.6557066589745197
5.50375 3.657075838988737
5.50375 3.657075838988737
5.50375 3.657075838988737
5.50375 3.657075838988737
5.5075 3.6611745381432477
5.5075 3.6611745381432477
5.50875 3.6621971612079323
5.50875 3.6621971612079323
5.50875 3.6621971612079323
5.50875 3.6621971612079323
5.50875 3.6621971612079323
5.51 3.6615103882009783
5.51125 3.661164923661292
5.51125 3.661164923661292
5.51375 3.6608145119787032
5.51375 3.6608145119787032
5.51375 3.6608145119787032
5.5175 3.659772693790245
5.5175 3.659772693790245
5.5225 3.660429234081989
5.5275 3.671661084427407
5.5275 3.671661084427407
5.52875 3.6753991805544834
5.53 3.675389177625786
5.53 3.675389177625786
5.53 3.675389177625786
5.53 3.675389177625786
5.53 3.675389177625786
5.53 3.675389177625786
5.53 3.675389177625786
5.53 3.675389177625786
5.53 3.675389177625786
5.53375 3.67535661471191
5.53375 3.67535661471191
5.5475 3.6999805499607112
5.54875 3.7019932982753505
