0.98 1.3287155263007864
1.29 1.387678699812403
1.29 1.387678699812403
1.2933333333333332 1.3881807187521626
1.2933333333333332 1.3881807187521626
1.2933333333333332 1.3881807187521626
1.3033333333333332 1.3896375537015924
1.31 1.390567844359231
1.31 1.390567844359231
1.3133333333333332 1.3910207347498103
1.3133333333333332 1.3910207347498103
1.3133333333333332 1.3910207347498103
1.3166666666666667 1.3938669613376249
1.3166666666666667 1.3938669613376249
1.3166666666666667 1.3938669613376249
1.3166666666666667 1.3938669613376249
1.33 1.409867281877397
1.3333333333333333 1.4102665450127378
1.34 1.4110410303381182
1.34 1.4110410303381182
1.34 1.4110410303381182
1.3566666666666667 1.4293117209134922
1.3566666666666667 1.4293117209134922
1.3566666666666667 1.4293117209134922
1.3566666666666667 1.4293117209134922
1.3566666666666667 1.4293117209134922
1.3666666666666667 1.4372803501423232
1.3666666666666667 1.4372803501423232
1.3666666666666667 1.4372803501423232
1.3733333333333333 1.440209324560401
1.3733333333333333 1.440209324560401
1.3733333333333333 1.440209324560401
1.3733333333333333 1.440209324560401
1.3866666666666667 1.4825029304134623
1.3866666666666667 1.4825029304134623
1.4166666666666667 1.5635016299036146
1.4166666666666667 1.5635016299036146
1.42 1.5636763130648652
1.42 1.5636763130648652
1.42 1.5636763130648652
1.42 1.5636763130648652
1.4233333333333333 1.5638438479672352
1.4233333333333333 1.5638438479672352
1.4266666666666667 1.564004236907871
1.43 1.566294222671221
1.43 1.566294222671221
1.4333333333333333 1.5664401268883483
1.4333333333333333 1.5664401268883483
1.44 1.5688438109034424
1.47 1.644622330109756
1.4733333333333334 1.6446799473818468
1.4733333333333334 1.6446799473818468
1.4733333333333334 1.6446799473818468
1.48 1.6468069844845663
1.48 1.6468069844845663
1.48 1.6468069844845663
1.48 1.6468069844845663
1.48 1.6468069844845663
1.48 1.6468069844845663
1.4866666666666666 1.6489042339681879
1.4866666666666666 1.6489042339681879
1.49 1.646898371937879
1.49 1.646898371937879
1.49 1.646898371937879
1.5066666666666666 1.652996333475619
1.5066666666666666 1.652996333475619
1.51 1.6529794726867404
1.51 1.6529794726867404
1.52 1.652888421454774
1.5333333333333334 1.672786978810257
1.5366666666666666 1.680695693933787
1.5366666666666666 1.680695693933787
1.5366666666666666 1.680695693933787
1.5366666666666666 1.680695693933787
1.54 1.6806194112145563
1.54 1.6806194112145563
1.5533333333333332 1.6921485685806028
1.5533333333333332 1.6921485685806028
1.5533333333333332 1.6921485685806028
1.5533333333333332 1.6921485685806028
1.5533333333333332 1.6921485685806028
1.5533333333333332 1.6921485685806028
1.5566666666666666 1.6920398592151404
1.5566666666666666 1.6920398592151404
1.5566666666666666 1.6920398592151404
1.5566666666666666 1.6920398592151404
1.56 1.6919245537706944
1.56 1.6919245537706944
1.56 1.6919245537706944
1.56 1.6919245537706944
1.56 1.6919245537706944
1.56 1.6919245537706944
1.56 1.6919245537706944
1.56 1.6919245537706944
1.5666666666666667 1.6936500199833289
1.57 1.6915390470887983
1.57 1.6915390470887983
1.57 1.6915390470887983
1.57 1.6915390470887983
1.57 1.6915390470887983
1.5733333333333333 1.6913973430655873
1.5733333333333333 1.6913973430655873
1.59 1.6945416996658278
1.59 1.6945416996658278
1.5966666666666667 1.692197979619897
1.6 1.6900258255334129
1.6166666666666667 1.7086409027853482
1.6166666666666667 1.7086409027853482
1.6166666666666667 1.7086409027853482
1.6166666666666667 1.7086409027853482
1.6166666666666667 1.7086409027853482
1.6166666666666667 1.7086409027853482
1.6166666666666667 1.7086409027853482
1.6166666666666667 1.7086409027853482
1.6166666666666667 1.7086409027853482
1.62 1.708409262254766
1.6233333333333333 1.7081710638869119
1.6266666666666667 1.705966969166906
1.65 1.7216407356770074
1.65 1.7216407356770074
1.65 1.7216407356770074
1.65 1.7216407356770074
1.6533333333333333 1.7213460808300132
1.6533333333333333 1.7213460808300132
1.6533333333333333 1.7213460808300132
1.6533333333333333 1.7213460808300132
1.6566666666666667 1.7191005140713824
1.6566666666666667 1.7191005140713824
1.6566666666666667 1.7191005140713824
1.6566666666666667 1.7191005140713824
1.6666666666666667 1.7239864616508487
1.67 1.7236598691393847
1.6866666666666668 1.7412434209664904
1.6866666666666668 1.7412434209664904
1.6866666666666668 1.7412434209664904
1.6866666666666668 1.7412434209664904
1.6866666666666668 1.7412434209664904
1.6866666666666668 1.7412434209664904
1.6866666666666668 1.7412434209664904
1.6866666666666668 1.7412434209664904
1.7066666666666668 1.7675887877645629
1.71 1.7671945531346451
1.71 1.7671945531346451
1.71 1.7671945531346451
1.7133333333333334 1.7667939206603855
1.7133333333333334 1.7667939206603855
1.7133333333333334 1.7667939206603855
1.7133333333333334 1.7667939206603855
1.7133333333333334 1.7667939206603855
1.7133333333333334 1.7667939206603855
1.74 1.7803460638379858
1.74 1.7803460638379858
1.74 1.7803460638379858
1.74 1.7803460638379858
1.74 1.7803460638379858
1.75 1.7845959230861344
1.75 1.7845959230861344
1.7533333333333334 1.782248651678621
1.7533333333333334 1.782248651678621
1.7733333333333334 1.807256523766861
1.7733333333333334 1.807256523766861
1.7733333333333334 1.807256523766861
1.7766666666666666 1.8122923515390785
1.7766666666666666 1.8122923515390785
1.7766666666666666 1.8122923515390785
1.78 1.8117786305230745
1.78 1.8117786305230745
1.78 1.8117786305230745
1.78 1.8117786305230745
1.78 1.8117786305230745
1.78 1.8117786305230745
1.78 1.8117786305230745
1.78 1.8117786305230745
1.78 1.8117786305230745
1.78 1.8117786305230745
1.78 1.8117786305230745
1.78 1.8117786305230745
1.78 1.8117786305230745
1.78 1.8117786305230745
1.78 1.8117786305230745
1.78 1.8117786305230745
1.78 1.8117786305230745
1.78 1.8117786305230745
1.78 1.8117786305230745
1.78 1.8117786305230745
1.7866666666666666 1.8125783725799853
1.79 1.8120462758124087
1.79 1.8120462758124087
1.7966666666666666 1.812809001838319
1.8 1.8177865182927713
1.8033333333333332 1.8172314076230698
1.81 1.8179429000823655
1.81 1.8179429000823655
1.8133333333333332 1.8173694344003175
1.8133333333333332 1.8173694344003175
1.8133333333333332 1.8173694344003175
1.8133333333333332 1.8173694344003175
1.8133333333333332 1.8173694344003175
1.8133333333333332 1.8173694344003175
1.8166666666666667 1.8241382871164018
1.8166666666666667 1.8241382871164018
1.8166666666666667 1.8241382871164018
1.8166666666666667 1.8241382871164018
1.8166666666666667 1.8241382871164018
1.8166666666666667 1.8241382871164018
1.8166666666666667 1.8241382871164018
1.8166666666666667 1.8241382871164018
1.8266666666666667 1.8278655668997492
1.8266666666666667 1.8278655668997492
1.8266666666666667 1.8278655668997492
1.8466666666666667 1.8405927017861543
1.8633333333333333 1.8734160905638373
1.8633333333333333 1.8734160905638373
1.8766666666666667 1.8814680337693408
1.8766666666666667 1.8814680337693408
1.8766666666666667 1.8814680337693408
1.8766666666666667 1.8814680337693408
1.8766666666666667 1.8814680337693408
1.8766666666666667 1.8814680337693408
1.8766666666666667 1.8814680337693408
1.88 1.8843484897357072
1.88 1.8843484897357072
1.8833333333333333 1.8818946073748244
1.8833333333333333 1.8818946073748244
1.8833333333333333 1.8818946073748244
1.8833333333333333 1.8818946073748244
1.8833333333333333 1.8818946073748244
1.8833333333333333 1.8818946073748244
1.8833333333333333 1.8818946073748244
1.8866666666666667 1.8812102653425857
1.8866666666666667 1.8812102653425857
1.8866666666666667 1.8812102653425857
1.8866666666666667 1.8812102653425857
1.8866666666666667 1.8812102653425857
1.8866666666666667 1.8812102653425857
1.8866666666666667 1.8812102653425857
1.8866666666666667 1.8812102653425857
1.89 1.8805197459878396
1.89 1.8805197459878396
1.89 1.8805197459878396
1.89 1.8805197459878396
1.89 1.8805197459878396
1.89 1.8805197459878396
1.89 1.8805197459878396
1.89 1.8805197459878396
1.89 1.8805197459878396
1.89 1.8805197459878396
1.89 1.8805197459878396
1.89 1.8805197459878396
1.89 1.8805197459878396
1.89 1.8805197459878396
1.89 1.8805197459878396
1.89 1.8805197459878396
1.8966666666666667 1.887998238005336
1.8966666666666667 1.887998238005336
1.8966666666666667 1.887998238005336
1.8966666666666667 1.887998238005336
1.8966666666666667 1.887998238005336
1.8966666666666667 1.887998238005336
1.8966666666666667 1.887998238005336
1.8966666666666667 1.887998238005336
1.8966666666666667 1.887998238005336
1.8966666666666667 1.887998238005336
1.9033333333333333 1.884806943146166
1.9033333333333333 1.884806943146166
1.9033333333333333 1.884806943146166
1.9033333333333333 1.884806943146166
1.9033333333333333 1.884806943146166
1.9033333333333333 1.884806943146166
1.9033333333333333 1.884806943146166
1.9133333333333333 1.8879539514063854
1.9133333333333333 1.8879539514063854
1.9133333333333333 1.8879539514063854
1.9133333333333333 1.8879539514063854
1.9133333333333333 1.8879539514063854
1.9133333333333333 1.8879539514063854
1.9166666666666667 1.888989985709097
1.9166666666666667 1.888989985709097
1.9166666666666667 1.888989985709097
1.9166666666666667 1.888989985709097
1.9166666666666667 1.888989985709097
1.9166666666666667 1.888989985709097
1.9166666666666667 1.888989985709097
1.9166666666666667 1.888989985709097
1.9166666666666667 1.888989985709097
1.9166666666666667 1.888989985709097
1.9166666666666667 1.888989985709097
1.9166666666666667 1.888989985709097
1.9166666666666667 1.888989985709097
1.9166666666666667 1.888989985709097
1.9233333333333333 1.8963410170815191
1.9233333333333333 1.8963410170815191
1.9233333333333333 1.8963410170815191
1.9233333333333333 1.8963410170815191
1.9233333333333333 1.8963410170815191
1.9233333333333333 1.8963410170815191
1.9233333333333333 1.8963410170815191
1.9233333333333333 1.8963410170815191
1.9233333333333333 1.8963410170815191
1.9233333333333333 1.8963410170815191
1.9233333333333333 1.8963410170815191
1.9266666666666667 1.893826148433516
1.9266666666666667 1.893826148433516
1.93 1.8930695641158963
1.93 1.8930695641158963
1.93 1.8930695641158963
1.9433333333333334 1.9005690634048162
1.9433333333333334 1.9005690634048162
1.9433333333333334 1.9005690634048162
1.9433333333333334 1.9005690634048162
1.9433333333333334 1.9005690634048162
1.9466666666666668 1.8997858237555887
1.9466666666666668 1.8997858237555887
1.9466666666666668 1.8997858237555887
1.9466666666666668 1.8997858237555887
1.9566666666666668 1.9236572145662343
1.9566666666666668 1.9236572145662343
1.9566666666666668 1.9236572145662343
1.9666666666666666 1.9212477365259015
1.9666666666666666 1.9212477365259015
1.9666666666666666 1.9212477365259015
1.9666666666666666 1.9212477365259015
1.9666666666666666 1.9212477365259015
1.9666666666666666 1.9212477365259015
1.9666666666666666 1.9212477365259015
1.9666666666666666 1.9212477365259015
1.9666666666666666 1.9212477365259015
1.9666666666666666 1.9212477365259015
1.9666666666666666 1.9212477365259015
1.9666666666666666 1.9212477365259015
1.9666666666666666 1.9212477365259015
1.9666666666666666 1.9212477365259015
1.9666666666666666 1.9212477365259015
1.9666666666666666 1.9212477365259015
1.9666666666666666 1.9212477365259015
1.9733333333333334 1.9283023766363396
1.9733333333333334 1.9283023766363396
1.9733333333333334 1.9283023766363396
1.9733333333333334 1.9283023766363396
1.9733333333333334 1.9283023766363396
1.98 1.9283833144263256
1.98 1.9283833144263256
1.98 1.9283833144263256
1.98 1.9283833144263256
1.9833333333333334 1.9258118790614014
1.9833333333333334 1.9258118790614014
1.9833333333333334 1.9258118790614014
2.0033333333333334 1.953469314689553
2.0033333333333334 1.953469314689553
2.0033333333333334 1.953469314689553
2.0033333333333334 1.953469314689553
2.0033333333333334 1.953469314689553
2.006666666666667 1.9577362760710098
2.006666666666667 1.9577362760710098
2.006666666666667 1.9577362760710098
2.006666666666667 1.9577362760710098
2.01 1.9568676765890238
2.01 1.9568676765890238
2.01 1.9568676765890238
2.01 1.9568676765890238
2.01 1.9568676765890238
2.01 1.9568676765890238
2.01 1.9568676765890238
2.01 1.9568676765890238
2.013333333333333 1.954282380046128
2.013333333333333 1.954282380046128
2.013333333333333 1.954282380046128
2.013333333333333 1.954282380046128
2.013333333333333 1.954282380046128
2.013333333333333 1.954282380046128
2.013333333333333 1.954282380046128
2.0166666666666666 1.951687946802598
2.02 1.9507995102257432
2.02 1.9507995102257432
2.02 1.9507995102257432
2.02 1.9507995102257432
2.02 1.9507995102257432
2.02 1.9507995102257432
2.02 1.9507995102257432
2.02 1.9507995102257432
2.02 1.9507995102257432
2.02 1.9507995102257432
2.02 1.9507995102257432
2.02 1.9507995102257432
2.02 1.9507995102257432
2.02 1.9507995102257432
2.02 1.9507995102257432
2.026666666666667 1.947287511144432
2.026666666666667 1.947287511144432
2.026666666666667 1.947287511144432
2.033333333333333 1.9437462249082391
2.033333333333333 1.9437462249082391
2.0366666666666666 1.9445461564946276
2.0366666666666666 1.9445461564946276
2.0366666666666666 1.9445461564946276
2.0366666666666666 1.9445461564946276
2.0366666666666666 1.9445461564946276
2.0366666666666666 1.9445461564946276
2.05 1.9442480125869157
2.05 1.9442480125869157
2.05 1.9442480125869157
2.0566666666666666 1.9577789841360134
2.0566666666666666 1.9577789841360134
2.06 1.956824948634564
2.07 1.9675715470198663
2.07 1.9675715470198663
2.07 1.9675715470198663
2.0766666666666667 1.9808756776714154
2.0766666666666667 1.9808756776714154
2.0766666666666667 1.9808756776714154
2.0766666666666667 1.9808756776714154
2.0766666666666667 1.9808756776714154
2.0766666666666667 1.9808756776714154
2.0766666666666667 1.9808756776714154
2.0766666666666667 1.9808756776714154
2.0766666666666667 1.9808756776714154
2.0766666666666667 1.9808756776714154
2.0766666666666667 1.9808756776714154
2.0766666666666667 1.9808756776714154
2.0766666666666667 1.9808756776714154
2.08 1.9798989873223318
2.08 1.9798989873223318
2.08 1.9798989873223318
2.08 1.9798989873223318
2.08 1.9798989873223318
2.08 1.9798989873223318
2.08 1.9798989873223318
2.08 1.9798989873223318
2.09 1.9820009483341139
2.09 1.9820009483341139
2.09 1.9820009483341139
2.0933333333333333 1.9810023025304633
2.0933333333333333 1.9810023025304633
2.0933333333333333 1.9810023025304633
2.0966666666666667 1.9783076672524733
2.0966666666666667 1.9783076672524733
2.0966666666666667 1.9783076672524733
2.0966666666666667 1.9783076672524733
2.0966666666666667 1.9783076672524733
2.1 1.9772958798964606
2.1 1.9772958798964606
2.1 1.9772958798964606
2.1 1.9772958798964606
2.1 1.9772958798964606
2.1 1.9772958798964606
2.1 1.9772958798964606
2.1 1.9772958798964606
2.1 1.9772958798964606
2.1 1.9772958798964606
2.1 1.9772958798964606
2.1 1.9772958798964606
2.1 1.9772958798964606
2.1 1.9772958798964606
2.1033333333333335 1.9762779335045677
2.1066666666666665 1.975253818554619
2.1066666666666665 1.975253818554619
2.1066666666666665 1.975253818554619
2.1066666666666665 1.975253818554619
2.1266666666666665 2.004331986288639
2.1266666666666665 2.004331986288639
2.1266666666666665 2.004331986288639
2.1266666666666665 2.004331986288639
2.1266666666666665 2.004331986288639
2.1266666666666665 2.004331986288639
2.1266666666666665 2.004331986288639
2.1266666666666665 2.004331986288639
2.1266666666666665 2.004331986288639
2.1266666666666665 2.004331986288639
2.1266666666666665 2.004331986288639
2.1266666666666665 2.004331986288639
2.1333333333333333 2.000557335945052
2.1333333333333333 2.000557335945052
2.1333333333333333 2.000557335945052
2.1333333333333333 2.000557335945052
2.14 2.000100331931538
2.14 2.000100331931538
2.14 2.000100331931538
2.1533333333333333 2.0124584099374547
2.1533333333333333 2.0124584099374547
2.1533333333333333 2.0124584099374547
2.1533333333333333 2.0124584099374547
2.1566666666666667 2.0130316798390617
2.1566666666666667 2.0130316798390617
2.1566666666666667 2.0130316798390617
2.1633333333333336 2.0091734990753896
2.1633333333333336 2.0091734990753896
2.1766666666666667 2.0213216864440926
2.1766666666666667 2.0213216864440926
2.183333333333333 2.020725942163687
2.1866666666666665 2.0245538479294884
2.1866666666666665 2.0245538479294884
2.1866666666666665 2.0245538479294884
2.1866666666666665 2.0245538479294884
2.1866666666666665 2.0245538479294884
2.1866666666666665 2.0245538479294884
2.1866666666666665 2.0245538479294884
2.1866666666666665 2.0245538479294884
2.1866666666666665 2.0245538479294884
2.1866666666666665 2.0245538479294884
2.1866666666666665 2.0245538479294884
2.1866666666666665 2.0245538479294884
2.19 2.026719510253987
2.19 2.026719510253987
2.19 2.026719510253987
2.19 2.026719510253987
2.19 2.026719510253987
2.19 2.026719510253987
2.19 2.026719510253987
2.19 2.026719510253987
2.19 2.026719510253987
2.19 2.026719510253987
2.1966666666666668 2.0425217761980012
2.2066666666666666 2.043986748566783
2.2066666666666666 2.043986748566783
2.2266666666666666 2.059797264650195
2.2266666666666666 2.059797264650195
2.2266666666666666 2.059797264650195
2.2266666666666666 2.059797264650195
2.2266666666666666 2.059797264650195
2.2266666666666666 2.059797264650195
2.2266666666666666 2.059797264650195
2.23 2.060238321117081
2.23 2.060238321117081
2.23 2.060238321117081
2.23 2.060238321117081
2.23 2.060238321117081
2.23 2.060238321117081
2.23 2.060238321117081
2.23 2.060238321117081
2.23 2.060238321117081
2.23 2.060238321117081
2.23 2.060238321117081
2.23 2.060238321117081
2.23 2.060238321117081
2.23 2.060238321117081
2.23 2.060238321117081
2.23 2.060238321117081
2.23 2.060238321117081
2.23 2.060238321117081
2.23 2.060238321117081
2.23 2.060238321117081
2.23 2.060238321117081
2.23 2.060238321117081
2.243333333333333 2.0587009790868653
2.243333333333333 2.0587009790868653
2.2466666666666666 2.0591152000099306
2.2466666666666666 2.0591152000099306
2.2466666666666666 2.0591152000099306
2.2466666666666666 2.0591152000099306
2.256666666666667 2.0651889923530065
2.256666666666667 2.0651889923530065
2.26 2.0720467963879114
2.26 2.0720467963879114
2.263333333333333 2.0708170286409313
2.263333333333333 2.0708170286409313
2.263333333333333 2.0708170286409313
2.263333333333333 2.0708170286409313
2.263333333333333 2.0708170286409313
2.263333333333333 2.0708170286409313
2.263333333333333 2.0708170286409313
2.263333333333333 2.0708170286409313
2.263333333333333 2.0708170286409313
2.263333333333333 2.0708170286409313
2.263333333333333 2.0708170286409313
2.263333333333333 2.0708170286409313
2.263333333333333 2.0708170286409313
2.263333333333333 2.0708170286409313
2.263333333333333 2.0708170286409313
2.263333333333333 2.0708170286409313
2.263333333333333 2.0708170286409313
2.263333333333333 2.0708170286409313
2.263333333333333 2.0708170286409313
2.263333333333333 2.0708170286409313
2.263333333333333 2.0708170286409313
2.263333333333333 2.0708170286409313
2.263333333333333 2.0708170286409313
2.263333333333333 2.0708170286409313
2.263333333333333 2.0708170286409313
2.263333333333333 2.0708170286409313
2.27 2.069955487217914
2.27 2.069955487217914
2.2733333333333334 2.067090976688879
2.2733333333333334 2.067090976688879
2.2733333333333334 2.067090976688879
2.2733333333333334 2.067090976688879
2.276666666666667 2.064217090378236
2.276666666666667 2.064217090378236
2.276666666666667 2.064217090378236
2.276666666666667 2.064217090378236
2.276666666666667 2.064217090378236
2.276666666666667 2.064217090378236
2.276666666666667 2.064217090378236
2.28 2.064576207454683
2.28 2.064576207454683
2.28 2.064576207454683
2.2866666666666666 2.0604141761986816
2.2866666666666666 2.0604141761986816
2.2866666666666666 2.0604141761986816
2.2866666666666666 2.0604141761986816
2.2866666666666666 2.0604141761986816
2.2866666666666666 2.0604141761986816
2.2866666666666666 2.0604141761986816
2.2866666666666666 2.0604141761986816
2.2866666666666666 2.0604141761986816
2.2866666666666666 2.0604141761986816
2.2933333333333334 2.0627178443111625
2.2933333333333334 2.0627178443111625
2.2933333333333334 2.0627178443111625
2.2933333333333334 2.0627178443111625
2.2933333333333334 2.0627178443111625
2.2933333333333334 2.0627178443111625
2.2933333333333334 2.0627178443111625
2.2933333333333334 2.0627178443111625
2.2933333333333334 2.0627178443111625
2.2933333333333334 2.0627178443111625
2.2933333333333334 2.0627178443111625
2.2933333333333334 2.0627178443111625
2.2933333333333334 2.0627178443111625
2.2933333333333334 2.0627178443111625
2.296666666666667 2.069524582009278
2.296666666666667 2.069524582009278
2.296666666666667 2.069524582009278
2.296666666666667 2.069524582009278
2.296666666666667 2.069524582009278
2.296666666666667 2.069524582009278
2.296666666666667 2.069524582009278
2.3133333333333335 2.0710996438296077
2.3133333333333335 2.0710996438296077
2.3133333333333335 2.0710996438296077
2.3133333333333335 2.0710996438296077
2.3233333333333333 2.086456299211001
2.3233333333333333 2.086456299211001
2.3233333333333333 2.086456299211001
2.3233333333333333 2.086456299211001
2.3233333333333333 2.086456299211001
2.3233333333333333 2.086456299211001
2.3233333333333333 2.086456299211001
2.3233333333333333 2.086456299211001
2.3266666666666667 2.0851334474964554
2.3266666666666667 2.0851334474964554
2.33 2.085408776687747
2.33 2.085408776687747
2.33 2.085408776687747
2.3366666666666664 2.106683635961743
2.3366666666666664 2.106683635961743
2.3466666666666667 2.102671232009885
2.3466666666666667 2.102671232009885
2.3466666666666667 2.102671232009885
2.3466666666666667 2.102671232009885
2.3466666666666667 2.102671232009885
2.3466666666666667 2.102671232009885
2.3466666666666667 2.102671232009885
2.3466666666666667 2.102671232009885
2.3466666666666667 2.102671232009885
2.35 2.0997292387958435
2.35 2.0997292387958435
2.36 2.098829105010727
2.36 2.098829105010727
2.36 2.098829105010727
2.36 2.098829105010727
2.36 2.098829105010727
2.36 2.098829105010727
2.36 2.098829105010727
2.36 2.098829105010727
2.36 2.098829105010727
2.36 2.098829105010727
2.36 2.098829105010727
2.36 2.098829105010727
2.36 2.098829105010727
2.36 2.098829105010727
2.36 2.098829105010727
2.3633333333333333 2.100642254604126
2.3633333333333333 2.100642254604126
2.3633333333333333 2.100642254604126
2.3633333333333333 2.100642254604126
2.3633333333333333 2.100642254604126
2.3666666666666667 2.0976708429685393
2.3666666666666667 2.0976708429685393
2.3666666666666667 2.0976708429685393
2.3666666666666667 2.0976708429685393
2.3666666666666667 2.0976708429685393
2.3766666666666665 2.0934973911243278
2.3766666666666665 2.0934973911243278
2.3766666666666665 2.0934973911243278
2.3766666666666665 2.0934973911243278
2.3833333333333333 2.0986670930490727
2.3833333333333333 2.0986670930490727
2.3833333333333333 2.0986670930490727
2.3866666666666667 2.10362536775168
2.3933333333333335 2.0992008884627076
2.3933333333333335 2.0992008884627076
2.3933333333333335 2.0992008884627076
2.3933333333333335 2.0992008884627076
2.3933333333333335 2.0992008884627076
2.3933333333333335 2.0992008884627076
2.3933333333333335 2.0992008884627076
2.3933333333333335 2.0992008884627076
2.3966666666666665 2.0993681695357207
2.3966666666666665 2.0993681695357207
2.4033333333333333 2.101279007441084
2.4033333333333333 2.101279007441084
2.4033333333333333 2.101279007441084
2.4033333333333333 2.101279007441084
2.4033333333333333 2.101279007441084
2.4033333333333333 2.101279007441084
2.4033333333333333 2.101279007441084
2.4033333333333333 2.101279007441084
2.4033333333333333 2.101279007441084
2.4033333333333333 2.101279007441084
2.4033333333333333 2.101279007441084
2.4033333333333333 2.101279007441084
2.4033333333333333 2.101279007441084
2.4066666666666667 2.0998380783781645
2.41 2.101576092740539
2.41 2.101576092740539
2.42 2.1019818646214112
2.42 2.1019818646214112
2.42 2.1019818646214112
2.42 2.1019818646214112
2.42 2.1019818646214112
2.42 2.1019818646214112
2.4233333333333333 2.110046573902028
2.4233333333333333 2.110046573902028
2.4233333333333333 2.110046573902028
2.4233333333333333 2.110046573902028
2.4233333333333333 2.110046573902028
2.4233333333333333 2.110046573902028
2.4233333333333333 2.110046573902028
2.43 2.108693583421389
2.433333333333333 2.111971504148831
2.433333333333333 2.111971504148831
2.433333333333333 2.111971504148831
2.433333333333333 2.111971504148831
2.433333333333333 2.111971504148831
2.433333333333333 2.111971504148831
2.433333333333333 2.111971504148831
2.433333333333333 2.111971504148831
2.433333333333333 2.111971504148831
2.453333333333333 2.182590485251398
2.453333333333333 2.182590485251398
2.453333333333333 2.182590485251398
2.453333333333333 2.182590485251398
2.453333333333333 2.182590485251398
2.453333333333333 2.182590485251398
2.453333333333333 2.182590485251398
2.453333333333333 2.182590485251398
2.453333333333333 2.182590485251398
2.4566666666666666 2.1826594396869154
2.4566666666666666 2.1826594396869154
2.4566666666666666 2.1826594396869154
2.4566666666666666 2.1826594396869154
2.4566666666666666 2.1826594396869154
2.4566666666666666 2.1826594396869154
2.4566666666666666 2.1826594396869154
2.4566666666666666 2.1826594396869154
2.4566666666666666 2.1826594396869154
2.4566666666666666 2.1826594396869154
2.4566666666666666 2.1826594396869154
2.4566666666666666 2.1826594396869154
2.4566666666666666 2.1826594396869154
2.4566666666666666 2.1826594396869154
2.4566666666666666 2.1826594396869154
2.4566666666666666 2.1826594396869154
2.4566666666666666 2.1826594396869154
2.4566666666666666 2.1826594396869154
2.4566666666666666 2.1826594396869154
2.4566666666666666 2.1826594396869154
2.4566666666666666 2.1826594396869154
2.4566666666666666 2.1826594396869154
2.4566666666666666 2.1826594396869154
2.4566666666666666 2.1826594396869154
2.4566666666666666 2.1826594396869154
2.4566666666666666 2.1826594396869154
2.4566666666666666 2.1826594396869154
2.4566666666666666 2.1826594396869154
2.4566666666666666 2.1826594396869154
2.4566666666666666 2.1826594396869154
2.46 2.185785639736031
2.46 2.185785639736031
2.46 2.185785639736031
2.466666666666667 2.181302935681547
2.466666666666667 2.181302935681547
2.466666666666667 2.181302935681547
2.466666666666667 2.181302935681547
2.47 2.1890041412557415
2.47 2.1890041412557415
2.4766666666666666 2.1844974217213564
2.4766666666666666 2.1844974217213564
2.4766666666666666 2.1844974217213564
2.4766666666666666 2.1844974217213564
2.4766666666666666 2.1844974217213564
2.4766666666666666 2.1844974217213564
2.4766666666666666 2.1844974217213564
2.4766666666666666 2.1844974217213564
2.49 2.2119846866966766
2.49 2.2119846866966766
2.49 2.2119846866966766
2.49 2.2119846866966766
2.5 2.2120073663143085
2.5 2.2120073663143085
2.5 2.2120073663143085
2.5 2.2120073663143085
2.5 2.2120073663143085
2.5 2.2120073663143085
2.5 2.2120073663143085
2.5033333333333334 2.212004846368275
2.5033333333333334 2.212004846368275
2.5033333333333334 2.212004846368275
2.5166666666666666 2.225510851630394
2.5166666666666666 2.225510851630394
2.5166666666666666 2.225510851630394
2.5166666666666666 2.225510851630394
2.5166666666666666 2.225510851630394
2.5166666666666666 2.225510851630394
2.5166666666666666 2.225510851630394
2.5166666666666666 2.225510851630394
2.5233333333333334 2.220937662917199
2.5233333333333334 2.220937662917199
2.5233333333333334 2.220937662917199
2.5233333333333334 2.220937662917199
2.526666666666667 2.2193935917887897
2.526666666666667 2.2193935917887897
2.53 2.216334917882995
2.53 2.216334917882995
2.53 2.216334917882995
2.53 2.216334917882995
2.54 2.2161764656927274
2.54 2.2161764656927274
2.54 2.2161764656927274
2.54 2.2161764656927274
2.54 2.2161764656927274
2.54 2.2161764656927274
2.5533333333333332 2.230936832976524
2.5533333333333332 2.230936832976524
2.57 2.2244686712932613
2.57 2.2244686712932613
2.57 2.2244686712932613
2.57 2.2244686712932613
2.5766666666666667 2.2257512854850514
2.5766666666666667 2.2257512854850514
2.5766666666666667 2.2257512854850514
2.5766666666666667 2.2257512854850514
2.58 2.2286369696464514
2.58 2.2286369696464514
2.58 2.2286369696464514
2.58 2.2286369696464514
2.58 2.2286369696464514
2.58 2.2286369696464514
2.5833333333333335 2.227013137351314
2.5833333333333335 2.227013137351314
2.5866666666666664 2.2238797237353047
2.5866666666666664 2.2238797237353047
2.5866666666666664 2.2238797237353047
2.5866666666666664 2.2238797237353047
2.5866666666666664 2.2238797237353047
2.5866666666666664 2.2238797237353047
2.5866666666666664 2.2238797237353047
2.5866666666666664 2.2238797237353047
2.59 2.223746875708674
2.59 2.223746875708674
2.6033333333333335 2.2201544634764807
2.6033333333333335 2.2201544634764807
2.6133333333333333 2.2181575610042574
2.6133333333333333 2.2181575610042574
2.6133333333333333 2.2181575610042574
2.6166666666666667 2.216475754764854
2.6166666666666667 2.216475754764854
2.6166666666666667 2.216475754764854
2.6166666666666667 2.216475754764854
2.6166666666666667 2.216475754764854
2.6166666666666667 2.216475754764854
2.6166666666666667 2.216475754764854
2.63 2.236763368774836
2.6366666666666667 2.234868604898152
2.64 2.239146994775918
2.64 2.239146994775918
2.64 2.239146994775918
2.64 2.239146994775918
2.6466666666666665 2.2372243513372294
2.6466666666666665 2.2372243513372294
2.6466666666666665 2.2372243513372294
2.6466666666666665 2.2372243513372294
2.6466666666666665 2.2372243513372294
2.6466666666666665 2.2372243513372294
2.6466666666666665 2.2372243513372294
2.6466666666666665 2.2372243513372294
2.6466666666666665 2.2372243513372294
2.65 2.244465508324911
2.65 2.244465508324911
2.66 2.2392963538877813
2.66 2.2392963538877813
2.66 2.2392963538877813
2.6633333333333336 2.236065484668994
2.6633333333333336 2.236065484668994
2.6633333333333336 2.236065484668994
2.6633333333333336 2.236065484668994
2.6633333333333336 2.236065484668994
2.6633333333333336 2.236065484668994
2.6633333333333336 2.236065484668994
2.6633333333333336 2.236065484668994
2.6633333333333336 2.236065484668994
2.6633333333333336 2.236065484668994
2.6633333333333336 2.236065484668994
2.6633333333333336 2.236065484668994
2.6666666666666665 2.24179415327122
2.6666666666666665 2.24179415327122
2.6666666666666665 2.24179415327122
2.6666666666666665 2.24179415327122
2.6666666666666665 2.24179415327122
2.6666666666666665 2.24179415327122
2.6666666666666665 2.24179415327122
2.6666666666666665 2.24179415327122
2.6666666666666665 2.24179415327122
2.6666666666666665 2.24179415327122
2.6733333333333333 2.2368057332985516
2.6766666666666667 2.2380389369191276
2.6766666666666667 2.2380389369191276
2.6766666666666667 2.2380389369191276
2.68 2.236277365366266
2.68 2.236277365366266
2.68 2.236277365366266
2.68 2.236277365366266
2.68 2.236277365366266
2.68 2.236277365366266
2.6866666666666665 2.2312366403798274
2.6866666666666665 2.2312366403798274
2.6866666666666665 2.2312366403798274
2.7133333333333334 2.258648681944669
2.7133333333333334 2.258648681944669
2.7133333333333334 2.258648681944669
2.7133333333333334 2.258648681944669
2.7133333333333334 2.258648681944669
2.716666666666667 2.2553664480386946
2.716666666666667 2.2553664480386946
2.72 2.26096732487384
2.72 2.26096732487384
2.723333333333333 2.259159481036716
2.723333333333333 2.259159481036716
2.723333333333333 2.259159481036716
2.723333333333333 2.259159481036716
2.723333333333333 2.259159481036716
2.736666666666667 2.266667486392399
2.736666666666667 2.266667486392399
2.736666666666667 2.266667486392399
2.736666666666667 2.266667486392399
2.736666666666667 2.266667486392399
2.736666666666667 2.266667486392399
2.736666666666667 2.266667486392399
2.736666666666667 2.266667486392399
2.736666666666667 2.266667486392399
2.736666666666667 2.266667486392399
2.736666666666667 2.266667486392399
2.736666666666667 2.266667486392399
2.736666666666667 2.266667486392399
2.736666666666667 2.266667486392399
2.736666666666667 2.266667486392399
2.736666666666667 2.266667486392399
2.736666666666667 2.266667486392399
2.736666666666667 2.266667486392399
2.736666666666667 2.266667486392399
2.74 2.2692653475059497
2.743333333333333 2.2689091471340896
2.743333333333333 2.2689091471340896
2.743333333333333 2.2689091471340896
2.743333333333333 2.2689091471340896
2.743333333333333 2.2689091471340896
2.743333333333333 2.2689091471340896
2.743333333333333 2.2689091471340896
2.743333333333333 2.2689091471340896
2.756666666666667 2.282137021925954
2.763333333333333 2.282840355606624
2.763333333333333 2.282840355606624
2.7666666666666666 2.279519595773182
2.7666666666666666 2.279519595773182
2.77 2.277657953360944
2.78 2.285244218267215
2.78 2.285244218267215
2.796666666666667 2.2977353011031
2.8033333333333332 2.307032049730525
2.8033333333333332 2.307032049730525
2.8066666666666666 2.3051394277773913
2.8066666666666666 2.3051394277773913
2.8066666666666666 2.3051394277773913
2.8066666666666666 2.3051394277773913
2.8066666666666666 2.3051394277773913
2.816666666666667 2.3211379018533744
2.816666666666667 2.3211379018533744
2.816666666666667 2.3211379018533744
2.816666666666667 2.3211379018533744
2.816666666666667 2.3211379018533744
2.816666666666667 2.3211379018533744
2.816666666666667 2.3211379018533744
2.816666666666667 2.3211379018533744
2.816666666666667 2.3211379018533744
2.816666666666667 2.3211379018533744
2.816666666666667 2.3211379018533744
2.816666666666667 2.3211379018533744
2.816666666666667 2.3211379018533744
2.816666666666667 2.3211379018533744
2.816666666666667 2.3211379018533744
2.816666666666667 2.3211379018533744
2.816666666666667 2.3211379018533744
2.8233333333333333 2.324535891871224
2.8233333333333333 2.324535891871224
2.8233333333333333 2.324535891871224
2.8233333333333333 2.324535891871224
2.8233333333333333 2.324535891871224
2.8366666666666664 2.3455619992937033
2.8366666666666664 2.3455619992937033
2.8366666666666664 2.3455619992937033
2.8366666666666664 2.3455619992937033
2.8366666666666664 2.3455619992937033
2.8366666666666664 2.3455619992937033
2.8433333333333333 2.3403088915601002
2.8666666666666667 2.3524460099340034
2.8666666666666667 2.3524460099340034
2.8666666666666667 2.3524460099340034
2.8666666666666667 2.3524460099340034
2.8666666666666667 2.3524460099340034
2.8666666666666667 2.3524460099340034
2.8733333333333335 2.3528156239045117
2.8966666666666665 2.353249135529096
2.8966666666666665 2.353249135529096
2.8966666666666665 2.353249135529096
2.8966666666666665 2.353249135529096
2.8966666666666665 2.353249135529096
2.8966666666666665 2.353249135529096
2.8966666666666665 2.353249135529096
2.8966666666666665 2.353249135529096
2.9133333333333336 2.350369405724719
2.9133333333333336 2.350369405724719
2.9233333333333333 2.369847282568622
2.93 2.3644029558839272
2.93 2.3644029558839272
2.93 2.3644029558839272
2.93 2.3644029558839272
2.93 2.3644029558839272
2.93 2.3644029558839272
2.93 2.3644029558839272
2.9366666666666665 2.3617610533524904
2.9366666666666665 2.3617610533524904
2.9366666666666665 2.3617610533524904
2.9366666666666665 2.3617610533524904
2.9433333333333334 2.373231900679656
2.9433333333333334 2.373231900679656
2.9433333333333334 2.373231900679656
2.9433333333333334 2.373231900679656
2.9433333333333334 2.373231900679656
2.9433333333333334 2.373231900679656
2.9433333333333334 2.373231900679656
2.9433333333333334 2.373231900679656
2.9466666666666668 2.372604700698118
2.9466666666666668 2.372604700698118
2.9466666666666668 2.372604700698118
2.9466666666666668 2.372604700698118
2.9466666666666668 2.372604700698118
2.9466666666666668 2.372604700698118
2.9466666666666668 2.372604700698118
2.9566666666666666 2.379143396243387
2.9566666666666666 2.379143396243387
2.9566666666666666 2.379143396243387
2.9566666666666666 2.379143396243387
2.9633333333333334 2.379255853611667
2.9633333333333334 2.379255853611667
2.9633333333333334 2.379255853611667
2.9633333333333334 2.379255853611667
2.9766666666666666 2.4184606803564788
2.9766666666666666 2.4184606803564788
2.9766666666666666 2.4184606803564788
2.9766666666666666 2.4184606803564788
2.9766666666666666 2.4184606803564788
2.9766666666666666 2.4184606803564788
2.99 2.4515164919632677
2.99 2.4515164919632677
2.99 2.4515164919632677
2.99 2.4515164919632677
2.99 2.4515164919632677
2.99 2.4515164919632677
2.99 2.4515164919632677
2.99 2.4515164919632677
2.99 2.4515164919632677
2.993333333333333 2.4494806402402847
2.993333333333333 2.4494806402402847
2.993333333333333 2.4494806402402847
2.993333333333333 2.4494806402402847
3.0033333333333334 2.4433355310476323
3.0033333333333334 2.4433355310476323
3.0033333333333334 2.4433355310476323
3.0033333333333334 2.4433355310476323
3.0033333333333334 2.4433355310476323
3.0033333333333334 2.4433355310476323
3.0033333333333334 2.4433355310476323
3.0033333333333334 2.4433355310476323
3.0033333333333334 2.4433355310476323
3.0033333333333334 2.4433355310476323
3.0033333333333334 2.4433355310476323
3.0033333333333334 2.4433355310476323
3.01 2.4378358185613838
3.01 2.4378358185613838
3.013333333333333 2.4439856331011667
3.013333333333333 2.4439856331011667
3.013333333333333 2.4439856331011667
3.013333333333333 2.4439856331011667
3.013333333333333 2.4439856331011667
3.013333333333333 2.4439856331011667
3.013333333333333 2.4439856331011667
3.013333333333333 2.4439856331011667
3.013333333333333 2.4439856331011667
3.013333333333333 2.4439856331011667
3.013333333333333 2.4439856331011667
3.013333333333333 2.4439856331011667
3.013333333333333 2.4439856331011667
3.013333333333333 2.4439856331011667
3.013333333333333 2.4439856331011667
3.013333333333333 2.4439856331011667
3.0166666666666666 2.440541544889166
3.02 2.441201524443066
3.02 2.441201524443066
3.02 2.441201524443066
3.02 2.441201524443066
3.02 2.441201524443066
3.02 2.441201524443066
3.0233333333333334 2.45551503133646
3.026666666666667 2.4520734974735685
3.026666666666667 2.4520734974735685
3.026666666666667 2.4520734974735685
3.026666666666667 2.4520734974735685
3.026666666666667 2.4520734974735685
3.026666666666667 2.4520734974735685
3.026666666666667 2.4520734974735685
3.026666666666667 2.4520734974735685
3.03 2.451352776485384
3.03 2.451352776485384
3.03 2.451352776485384
3.03 2.451352776485384
3.03 2.451352776485384
3.03 2.451352776485384
3.033333333333333 2.4560802081470623
3.033333333333333 2.4560802081470623
3.046666666666667 2.461303639858528
3.05 2.4591988254055948
3.05 2.4591988254055948
3.05 2.4591988254055948
3.0566666666666666 2.453607450393053
3.0566666666666666 2.453607450393053
3.0566666666666666 2.453607450393053
3.0733333333333333 2.4497537018145445
3.0733333333333333 2.4497537018145445
3.0766666666666667 2.451698385227944
3.0766666666666667 2.451698385227944
3.0766666666666667 2.451698385227944
3.0766666666666667 2.451698385227944
3.0766666666666667 2.451698385227944
3.0766666666666667 2.451698385227944
3.0766666666666667 2.451698385227944
3.0766666666666667 2.451698385227944
3.0766666666666667 2.451698385227944
3.0766666666666667 2.451698385227944
3.0766666666666667 2.451698385227944
3.0766666666666667 2.451698385227944
3.0766666666666667 2.451698385227944
3.0866666666666664 2.4534097947466385
3.0866666666666664 2.4534097947466385
3.1033333333333335 2.469747842101991
3.1066666666666665 2.4675734269954916
3.1166666666666667 2.4732121116852954
3.1166666666666667 2.4732121116852954
3.1166666666666667 2.4732121116852954
3.1166666666666667 2.4732121116852954
3.1166666666666667 2.4732121116852954
3.1166666666666667 2.4732121116852954
3.1166666666666667 2.4732121116852954
3.1166666666666667 2.4732121116852954
3.1166666666666667 2.4732121116852954
3.1166666666666667 2.4732121116852954
3.1166666666666667 2.4732121116852954
3.1166666666666667 2.4732121116852954
3.1166666666666667 2.4732121116852954
3.1166666666666667 2.4732121116852954
3.1166666666666667 2.4732121116852954
3.1166666666666667 2.4732121116852954
3.1166666666666667 2.4732121116852954
3.1233333333333335 2.4782914782283076
3.14 2.5275207623308256
3.14 2.5275207623308256
3.1433333333333335 2.5266715495462644
3.1433333333333335 2.5266715495462644
3.1433333333333335 2.5266715495462644
3.1433333333333335 2.5266715495462644
3.1433333333333335 2.5266715495462644
3.1433333333333335 2.5266715495462644
3.1433333333333335 2.5266715495462644
3.1433333333333335 2.5266715495462644
3.1433333333333335 2.5266715495462644
3.1433333333333335 2.5266715495462644
3.1433333333333335 2.5266715495462644
3.1466666666666665 2.528464487477926
3.1466666666666665 2.528464487477926
3.1466666666666665 2.528464487477926
3.1466666666666665 2.528464487477926
3.1466666666666665 2.528464487477926
3.1466666666666665 2.528464487477926
3.1466666666666665 2.528464487477926
3.15 2.5434353825388385
3.1533333333333333 2.5425783312990644
3.1533333333333333 2.5425783312990644
3.1533333333333333 2.5425783312990644
3.1566666666666667 2.539083569610719
3.1566666666666667 2.539083569610719
3.1566666666666667 2.539083569610719
3.16 2.5355795944120314
3.16 2.5355795944120314
3.1633333333333336 2.5360258237680244
3.1633333333333336 2.5360258237680244
3.1633333333333336 2.5360258237680244
3.17 2.5329467815162072
3.17 2.5329467815162072
3.17 2.5329467815162072
3.1966666666666668 2.562526884868619
3.1966666666666668 2.562526884868619
3.2 2.5590027321747044
3.203333333333333 2.5606990231535383
3.203333333333333 2.5606990231535383
3.203333333333333 2.5606990231535383
3.203333333333333 2.5606990231535383
3.203333333333333 2.5606990231535383
3.2133333333333334 2.5539965839297105
3.2133333333333334 2.5539965839297105
3.2133333333333334 2.5539965839297105
3.2133333333333334 2.5539965839297105
3.2133333333333334 2.5539965839297105
3.2133333333333334 2.5539965839297105
3.2133333333333334 2.5539965839297105
3.2133333333333334 2.5539965839297105
3.2133333333333334 2.5539965839297105
3.2133333333333334 2.5539965839297105
3.2133333333333334 2.5539965839297105
3.2133333333333334 2.5539965839297105
3.2133333333333334 2.5539965839297105
3.2133333333333334 2.5539965839297105
3.223333333333333 2.551173031177145
3.223333333333333 2.551173031177145
3.223333333333333 2.551173031177145
3.223333333333333 2.551173031177145
3.223333333333333 2.551173031177145
3.223333333333333 2.551173031177145
3.2266666666666666 2.5502224092572425
3.2266666666666666 2.5502224092572425
3.2266666666666666 2.5502224092572425
3.2266666666666666 2.5502224092572425
3.2266666666666666 2.5502224092572425
3.23 2.5492670597263847
3.23 2.5492670597263847
3.23 2.5492670597263847
3.23 2.5492670597263847
3.23 2.5492670597263847
3.23 2.5492670597263847
3.2333333333333334 2.5496190722539134
3.2333333333333334 2.5496190722539134
3.2333333333333334 2.5496190722539134
3.2333333333333334 2.5496190722539134
3.2333333333333334 2.5496190722539134
3.2333333333333334 2.5496190722539134
3.2333333333333334 2.5496190722539134
3.2333333333333334 2.5496190722539134
3.2333333333333334 2.5496190722539134
3.2333333333333334 2.5496190722539134
3.2333333333333334 2.5496190722539134
3.2466666666666666 2.558837180166852
3.25 2.5578588976853722
3.25 2.5578588976853722
3.25 2.5578588976853722
3.25 2.5578588976853722
3.2533333333333334 2.56471207917232
3.2533333333333334 2.56471207917232
3.26 2.574456464373895
3.26 2.574456464373895
3.26 2.574456464373895
3.26 2.574456464373895
3.26 2.574456464373895
3.26 2.574456464373895
3.27 2.567568504783438
3.27 2.567568504783438
3.27 2.567568504783438
3.27 2.567568504783438
3.27 2.567568504783438
3.27 2.567568504783438
3.28 2.5762486013945365
3.28 2.5762486013945365
3.283333333333333 2.5868956270996404
3.283333333333333 2.5868956270996404
3.283333333333333 2.5868956270996404
3.283333333333333 2.5868956270996404
3.283333333333333 2.5868956270996404
3.283333333333333 2.5868956270996404
3.283333333333333 2.5868956270996404
3.283333333333333 2.5868956270996404
3.2866666666666666 2.585880536565222
3.2933333333333334 2.5825415048558704
3.2933333333333334 2.5825415048558704
3.296666666666667 2.5828069733840784
3.296666666666667 2.5828069733840784
3.296666666666667 2.5828069733840784
3.296666666666667 2.5828069733840784
3.296666666666667 2.5828069733840784
3.296666666666667 2.5828069733840784
3.296666666666667 2.5828069733840784
3.296666666666667 2.5828069733840784
3.296666666666667 2.5828069733840784
3.296666666666667 2.5828069733840784
3.296666666666667 2.5828069733840784
3.296666666666667 2.5828069733840784
3.3 2.586949495507732
3.3 2.586949495507732
3.3 2.586949495507732
3.3 2.586949495507732
3.3 2.586949495507732
3.3033333333333332 2.5872058937544575
3.3033333333333332 2.5872058937544575
3.3033333333333332 2.5872058937544575
3.3066666666666666 2.5835773251195335
3.32 2.576767828398898
3.32 2.576767828398898
3.32 2.576767828398898
3.32 2.576767828398898
3.32 2.576767828398898
3.3266666666666667 2.5785237711431046
3.3266666666666667 2.5785237711431046
3.3333333333333335 2.5750712992477673
3.3333333333333335 2.5750712992477673
3.3333333333333335 2.5750712992477673
3.3366666666666664 2.5765839474680554
3.3366666666666664 2.5765839474680554
3.3366666666666664 2.5765839474680554
3.3366666666666664 2.5765839474680554
3.3366666666666664 2.5765839474680554
3.3366666666666664 2.5765839474680554
3.3366666666666664 2.5765839474680554
3.3366666666666664 2.5765839474680554
3.3366666666666664 2.5765839474680554
3.3366666666666664 2.5765839474680554
3.3366666666666664 2.5765839474680554
3.3366666666666664 2.5765839474680554
3.3366666666666664 2.5765839474680554
3.3366666666666664 2.5765839474680554
3.35 2.605788513917469
3.35 2.605788513917469
3.35 2.605788513917469
3.35 2.605788513917469
3.35 2.605788513917469
3.35 2.605788513917469
3.35 2.605788513917469
3.35 2.605788513917469
3.35 2.605788513917469
3.35 2.605788513917469
3.35 2.605788513917469
3.35 2.605788513917469
3.35 2.605788513917469
3.3533333333333335 2.60212587816994
3.3533333333333335 2.60212587816994
3.3533333333333335 2.60212587816994
3.3533333333333335 2.60212587816994
3.3533333333333335 2.60212587816994
3.3533333333333335 2.60212587816994
3.3533333333333335 2.60212587816994
3.3533333333333335 2.60212587816994
3.3533333333333335 2.60212587816994
3.3533333333333335 2.60212587816994
3.3633333333333333 2.594950503563028
3.3633333333333333 2.594950503563028
3.3633333333333333 2.594950503563028
3.3633333333333333 2.594950503563028
3.3633333333333333 2.594950503563028
3.3633333333333333 2.594950503563028
3.3633333333333333 2.594950503563028
3.3633333333333333 2.594950503563028
3.3633333333333333 2.594950503563028
3.3633333333333333 2.594950503563028
3.3633333333333333 2.594950503563028
3.3633333333333333 2.594950503563028
3.3633333333333333 2.594950503563028
3.3633333333333333 2.594950503563028
3.3633333333333333 2.594950503563028
3.3633333333333333 2.594950503563028
3.3633333333333333 2.594950503563028
3.3633333333333333 2.594950503563028
3.3633333333333333 2.594950503563028
3.3633333333333333 2.594950503563028
3.3633333333333333 2.594950503563028
3.3633333333333333 2.594950503563028
3.3633333333333333 2.594950503563028
3.3633333333333333 2.594950503563028
3.3633333333333333 2.594950503563028
3.37 2.591425273827658
3.37 2.591425273827658
3.37 2.591425273827658
3.37 2.591425273827658
3.3766666666666665 2.587878010561436
3.3766666666666665 2.587878010561436
3.3766666666666665 2.587878010561436
3.3766666666666665 2.587878010561436
3.3766666666666665 2.587878010561436
3.3766666666666665 2.587878010561436
3.3933333333333335 2.6334525748089903
3.3933333333333335 2.6334525748089903
3.3933333333333335 2.6334525748089903
3.3933333333333335 2.6334525748089903
3.3933333333333335 2.6334525748089903
3.4166666666666665 2.66082484424059
3.4166666666666665 2.66082484424059
3.4166666666666665 2.66082484424059
3.4166666666666665 2.66082484424059
3.4166666666666665 2.66082484424059
3.42 2.657154159514412
3.42 2.657154159514412
3.42 2.657154159514412
3.42 2.657154159514412
3.42 2.657154159514412
3.4266666666666667 2.653568725098012
3.4266666666666667 2.653568725098012
3.4266666666666667 2.653568725098012
3.4266666666666667 2.653568725098012
3.4266666666666667 2.653568725098012
3.43 2.661210276129881
3.43 2.661210276129881
3.43 2.661210276129881
3.43 2.661210276129881
3.43 2.661210276129881
3.43 2.661210276129881
3.43 2.661210276129881
3.43 2.661210276129881
3.43 2.661210276129881
3.43 2.661210276129881
3.43 2.661210276129881
3.43 2.661210276129881
3.4366666666666665 2.660120867992655
3.4366666666666665 2.660120867992655
3.4366666666666665 2.660120867992655
3.4366666666666665 2.660120867992655
3.4366666666666665 2.660120867992655
3.4366666666666665 2.660120867992655
3.4366666666666665 2.660120867992655
3.4366666666666665 2.660120867992655
3.4366666666666665 2.660120867992655
3.4366666666666665 2.660120867992655
3.4366666666666665 2.660120867992655
3.45 2.6679379634070637
3.453333333333333 2.6679985525627896
3.453333333333333 2.6679985525627896
3.466666666666667 2.6856902270255767
3.466666666666667 2.6856902270255767
3.466666666666667 2.6856902270255767
3.466666666666667 2.6856902270255767
3.466666666666667 2.6856902270255767
3.466666666666667 2.6856902270255767
3.466666666666667 2.6856902270255767
3.466666666666667 2.6856902270255767
3.466666666666667 2.6856902270255767
3.466666666666667 2.6856902270255767
3.5 2.8147960713126134
3.5 2.8147960713126134
3.5 2.8147960713126134
3.5 2.8147960713126134
3.5 2.8147960713126134
3.5 2.8147960713126134
3.5 2.8147960713126134
3.5 2.8147960713126134
3.52 2.811157892337637
3.52 2.811157892337637
3.52 2.811157892337637
3.52 2.811157892337637
3.52 2.811157892337637
3.5233333333333334 2.8135105641417706
3.526666666666667 2.8122918602531985
3.526666666666667 2.8122918602531985
3.526666666666667 2.8122918602531985
3.526666666666667 2.8122918602531985
3.5366666666666666 2.8157444744460522
3.5366666666666666 2.8157444744460522
3.5366666666666666 2.8157444744460522
3.54 2.8133223435460857
3.54 2.8133223435460857
3.5433333333333334 2.8132728097173962
3.55 2.809592979246298
3.55 2.809592979246298
3.55 2.809592979246298
3.55 2.809592979246298
3.55 2.809592979246298
3.55 2.809592979246298
3.55 2.809592979246298
3.55 2.809592979246298
3.5566666666666666 2.8177867133791175
3.57 2.8387724041461664
3.57 2.8387724041461664
3.57 2.8387724041461664
3.5766666666666667 2.8632352229652773
3.5766666666666667 2.8632352229652773
3.5766666666666667 2.8632352229652773
3.5766666666666667 2.8632352229652773
3.5766666666666667 2.8632352229652773
3.5766666666666667 2.8632352229652773
3.59 2.8605084095670836
3.59 2.8605084095670836
3.59 2.8605084095670836
3.59 2.8605084095670836
3.59 2.8605084095670836
3.59 2.8605084095670836
3.59 2.8605084095670836
3.5966666666666667 2.877775912557913
3.5966666666666667 2.877775912557913
3.6 2.876499172890336
3.6 2.876499172890336
3.6 2.876499172890336
3.61 2.9039069518984757
3.61 2.9039069518984757
3.6166666666666667 2.9024938341156146
3.6166666666666667 2.9024938341156146
3.6166666666666667 2.9024938341156146
3.6166666666666667 2.9024938341156146
3.6166666666666667 2.9024938341156146
3.6166666666666667 2.9024938341156146
3.6166666666666667 2.9024938341156146
3.6166666666666667 2.9024938341156146
3.6166666666666667 2.9024938341156146
3.6266666666666665 2.9089796776140364
3.6266666666666665 2.9089796776140364
3.6266666666666665 2.9089796776140364
3.6366666666666667 2.9200017562341
3.6433333333333335 2.9139479286112415
3.6433333333333335 2.9139479286112415
3.6433333333333335 2.9139479286112415
3.6433333333333335 2.9139479286112415
3.6466666666666665 2.910336018634291
3.6466666666666665 2.910336018634291
3.6466666666666665 2.910336018634291
3.6533333333333333 2.922606310763494
3.6533333333333333 2.922606310763494
3.6533333333333333 2.922606310763494
3.6533333333333333 2.922606310763494
3.6533333333333333 2.922606310763494
3.6533333333333333 2.922606310763494
3.6533333333333333 2.922606310763494
3.6533333333333333 2.922606310763494
3.6533333333333333 2.922606310763494
3.6533333333333333 2.922606310763494
3.6533333333333333 2.922606310763494
3.6533333333333333 2.922606310763494
3.6533333333333333 2.922606310763494
3.6533333333333333 2.922606310763494
3.6533333333333333 2.922606310763494
3.6533333333333333 2.922606310763494
3.6533333333333333 2.922606310763494
3.6533333333333333 2.922606310763494
3.6533333333333333 2.922606310763494
3.6533333333333333 2.922606310763494
3.6533333333333333 2.922606310763494
3.6533333333333333 2.922606310763494
3.6533333333333333 2.922606310763494
3.6533333333333333 2.922606310763494
3.66 2.9188122383844997
3.66 2.9188122383844997
3.66 2.9188122383844997
3.66 2.9188122383844997
3.66 2.9188122383844997
3.66 2.9188122383844997
3.66 2.9188122383844997
3.66 2.9188122383844997
3.66 2.9188122383844997
3.66 2.9188122383844997
3.6633333333333336 2.919772673303205
3.6633333333333336 2.919772673303205
3.6633333333333336 2.919772673303205
3.6633333333333336 2.919772673303205
3.6633333333333336 2.919772673303205
3.6666666666666665 2.920728975452715
3.6666666666666665 2.920728975452715
3.6666666666666665 2.920728975452715
3.6666666666666665 2.920728975452715
3.6666666666666665 2.920728975452715
3.6666666666666665 2.920728975452715
3.6666666666666665 2.920728975452715
3.6666666666666665 2.920728975452715
3.6666666666666665 2.920728975452715
3.6766666666666667 2.9235731257534256
3.6766666666666667 2.9235731257534256
3.6766666666666667 2.9235731257534256
3.683333333333333 2.9220169115973804
3.683333333333333 2.9220169115973804
3.683333333333333 2.9220169115973804
3.683333333333333 2.9220169115973804
3.683333333333333 2.9220169115973804
3.683333333333333 2.9220169115973804
3.683333333333333 2.9220169115973804
3.683333333333333 2.9220169115973804
3.6866666666666665 2.9206602695719996
3.6866666666666665 2.9206602695719996
3.6866666666666665 2.9206602695719996
3.69 2.9181533080181046
3.703333333333333 2.91954357239723
3.703333333333333 2.91954357239723
3.703333333333333 2.91954357239723
3.703333333333333 2.91954357239723
3.703333333333333 2.91954357239723
3.703333333333333 2.91954357239723
3.703333333333333 2.91954357239723
3.703333333333333 2.91954357239723
3.703333333333333 2.91954357239723
3.7266666666666666 2.9417912925492575
3.73 2.9528796669961337
3.736666666666667 2.958009740965659
3.736666666666667 2.958009740965659
3.736666666666667 2.958009740965659
3.736666666666667 2.958009740965659
3.736666666666667 2.958009740965659
3.736666666666667 2.958009740965659
3.736666666666667 2.958009740965659
3.736666666666667 2.958009740965659
3.736666666666667 2.958009740965659
3.736666666666667 2.958009740965659
3.736666666666667 2.958009740965659
3.736666666666667 2.958009740965659
3.74 2.965644983342417
3.7466666666666666 2.970730497343775
3.7466666666666666 2.970730497343775
3.7466666666666666 2.970730497343775
3.75 2.968198219273154
3.75 2.968198219273154
3.75 2.968198219273154
3.75 2.968198219273154
3.75 2.968198219273154
3.75 2.968198219273154
3.75 2.968198219273154
3.7533333333333334 2.9712933496128806
3.763333333333333 2.971546598351796
3.763333333333333 2.971546598351796
3.763333333333333 2.971546598351796
3.763333333333333 2.971546598351796
3.7666666666666666 2.9678695593460973
3.7666666666666666 2.9678695593460973
3.7666666666666666 2.9678695593460973
3.7666666666666666 2.9678695593460973
3.7733333333333334 2.9638776613631186
3.7733333333333334 2.9638776613631186
3.7733333333333334 2.9638776613631186
3.7866666666666666 2.960354915598789
3.7866666666666666 2.960354915598789
3.7866666666666666 2.960354915598789
3.7866666666666666 2.960354915598789
3.79 2.963416856414723
3.79 2.963416856414723
3.79 2.963416856414723
3.79 2.963416856414723
3.7933333333333334 2.9642161662892446
3.7933333333333334 2.9642161662892446
3.7933333333333334 2.9642161662892446
3.7933333333333334 2.9642161662892446
3.7933333333333334 2.9642161662892446
3.7933333333333334 2.9642161662892446
3.7933333333333334 2.9642161662892446
3.7933333333333334 2.9642161662892446
3.7933333333333334 2.9642161662892446
3.7933333333333334 2.9642161662892446
3.7933333333333334 2.9642161662892446
3.7933333333333334 2.9642161662892446
3.7933333333333334 2.9642161662892446
3.796666666666667 2.963883303428691
3.796666666666667 2.963883303428691
3.796666666666667 2.963883303428691
3.796666666666667 2.963883303428691
3.796666666666667 2.963883303428691
3.796666666666667 2.963883303428691
3.8 2.9624178861938906
3.8033333333333332 2.9598182323894227
3.8033333333333332 2.9598182323894227
3.8033333333333332 2.9598182323894227
3.8033333333333332 2.9598182323894227
3.8033333333333332 2.9598182323894227
3.8033333333333332 2.9598182323894227
3.8133333333333335 2.97904985114509
3.8133333333333335 2.97904985114509
3.8133333333333335 2.97904985114509
3.8133333333333335 2.97904985114509
3.8266666666666667 2.975365224014771
3.8266666666666667 2.975365224014771
3.8266666666666667 2.975365224014771
3.83 2.980611820204446
3.83 2.980611820204446
3.83 2.980611820204446
3.83 2.980611820204446
3.83 2.980611820204446
3.83 2.980611820204446
3.83 2.980611820204446
3.83 2.980611820204446
3.83 2.980611820204446
3.8333333333333335 2.9880848480399353
3.8333333333333335 2.9880848480399353
3.8333333333333335 2.9880848480399353
3.8333333333333335 2.9880848480399353
3.8333333333333335 2.9880848480399353
3.85 2.9861721451161456
3.8666666666666667 2.986405467157767
3.8666666666666667 2.986405467157767
3.8666666666666667 2.986405467157767
3.8666666666666667 2.986405467157767
3.8666666666666667 2.986405467157767
3.8666666666666667 2.986405467157767
3.8666666666666667 2.986405467157767
3.8666666666666667 2.986405467157767
3.8766666666666665 2.9817935090575496
3.8766666666666665 2.9817935090575496
3.9 2.982109419291778
3.9 2.982109419291778
3.9 2.982109419291778
3.9 2.982109419291778
3.9 2.982109419291778
3.9 2.982109419291778
3.9 2.982109419291778
3.9 2.982109419291778
3.9 2.982109419291778
3.9 2.982109419291778
3.9 2.982109419291778
3.9033333333333333 2.9805370140063308
3.9033333333333333 2.9805370140063308
3.91 2.974006677709982
3.91 2.974006677709982
3.91 2.974006677709982
3.91 2.974006677709982
3.91 2.974006677709982
3.91 2.974006677709982
3.91 2.974006677709982
3.91 2.974006677709982
3.91 2.974006677709982
3.91 2.974006677709982
3.9133333333333336 2.975792335210325
3.9133333333333336 2.975792335210325
3.9133333333333336 2.975792335210325
3.9133333333333336 2.975792335210325
3.9133333333333336 2.975792335210325
3.9166666666666665 2.97420159695899
3.92 2.97035520324503
3.92 2.97035520324503
3.92 2.97035520324503
3.9233333333333333 2.9799983539459562
3.9233333333333333 2.9799983539459562
3.9233333333333333 2.9799983539459562
3.9233333333333333 2.9799983539459562
3.9233333333333333 2.9799983539459562
3.9233333333333333 2.9799983539459562
3.933333333333333 2.9819224942018523
3.933333333333333 2.9819224942018523
3.933333333333333 2.9819224942018523
3.9433333333333334 2.9804472440902066
3.9433333333333334 2.9804472440902066
3.9433333333333334 2.9804472440902066
3.9433333333333334 2.9804472440902066
3.9433333333333334 2.9804472440902066
3.9433333333333334 2.9804472440902066
3.9433333333333334 2.9804472440902066
3.9433333333333334 2.9804472440902066
3.9433333333333334 2.9804472440902066
3.9466666666666668 2.9777023457281158
3.9466666666666668 2.9777023457281158
3.9466666666666668 2.9777023457281158
3.95 2.976075168971916
3.95 2.976075168971916
3.95 2.976075168971916
3.953333333333333 2.976691316355311
3.953333333333333 2.976691316355311
3.953333333333333 2.976691316355311
3.953333333333333 2.976691316355311
3.953333333333333 2.976691316355311
3.953333333333333 2.976691316355311
3.9633333333333334 2.971771690224251
3.9633333333333334 2.971771690224251
3.9633333333333334 2.971771690224251
3.973333333333333 2.970190058819006
3.973333333333333 2.970190058819006
3.973333333333333 2.970190058819006
3.973333333333333 2.970190058819006
3.9766666666666666 2.9775282484734027
3.9766666666666666 2.9775282484734027
3.9766666666666666 2.9775282484734027
3.9766666666666666 2.9775282484734027
3.9766666666666666 2.9775282484734027
3.986666666666667 2.9971818796364293
3.986666666666667 2.9971818796364293
3.986666666666667 2.9971818796364293
3.986666666666667 2.9971818796364293
3.986666666666667 2.9971818796364293
3.986666666666667 2.9971818796364293
3.986666666666667 2.9971818796364293
3.986666666666667 2.9971818796364293
3.99 2.9977527815232596
3.993333333333333 2.9994351010326277
3.993333333333333 2.9994351010326277
4.003333333333333 2.9977676569918836
4.01 2.993286803212754
4.01 2.993286803212754
4.01 2.993286803212754
4.01 2.993286803212754
4.01 2.993286803212754
4.01 2.993286803212754
4.01 2.993286803212754
4.01 2.993286803212754
4.01 2.993286803212754
4.013333333333334 2.989360546529319
4.013333333333334 2.989360546529319
4.016666666666667 2.9921394604404097
4.016666666666667 2.9921394604404097
4.016666666666667 2.9921394604404097
4.016666666666667 2.9921394604404097
4.016666666666667 2.9921394604404097
4.016666666666667 2.9921394604404097
4.016666666666667 2.9921394604404097
4.016666666666667 2.9921394604404097
4.016666666666667 2.9921394604404097
4.016666666666667 2.9921394604404097
4.016666666666667 2.9921394604404097
4.016666666666667 2.9921394604404097
4.016666666666667 2.9921394604404097
4.016666666666667 2.9921394604404097
4.016666666666667 2.9921394604404097
4.023333333333333 2.9965625047776077
4.023333333333333 2.9965625047776077
4.023333333333333 2.9965625047776077
4.023333333333333 2.9965625047776077
4.023333333333333 2.9965625047776077
4.023333333333333 2.9965625047776077
4.033333333333333 3.0081642902073136
4.033333333333333 3.0081642902073136
4.033333333333333 3.0081642902073136
4.033333333333333 3.0081642902073136
4.033333333333333 3.0081642902073136
4.033333333333333 3.0081642902073136
4.033333333333333 3.0081642902073136
4.033333333333333 3.0081642902073136
4.033333333333333 3.0081642902073136
4.033333333333333 3.0081642902073136
4.033333333333333 3.0081642902073136
4.05 3.0184771016818934
4.05 3.0184771016818934
4.05 3.0184771016818934
4.053333333333334 3.0145392758608907
4.053333333333334 3.0145392758608907
4.053333333333334 3.0145392758608907
4.053333333333334 3.0145392758608907
4.053333333333334 3.0145392758608907
4.053333333333334 3.0145392758608907
4.066666666666666 3.0407855583046635
4.066666666666666 3.0407855583046635
4.066666666666666 3.0407855583046635
4.066666666666666 3.0407855583046635
4.096666666666667 3.100435111694539
4.096666666666667 3.100435111694539
4.096666666666667 3.100435111694539
4.096666666666667 3.100435111694539
4.096666666666667 3.100435111694539
4.096666666666667 3.100435111694539
4.096666666666667 3.100435111694539
4.096666666666667 3.100435111694539
4.096666666666667 3.100435111694539
4.096666666666667 3.100435111694539
4.096666666666667 3.100435111694539
4.096666666666667 3.100435111694539
4.096666666666667 3.100435111694539
4.096666666666667 3.100435111694539
4.1033333333333335 3.104531517319323
4.116666666666666 3.114813386115335
4.12 3.1152231677065108
4.12 3.1152231677065108
4.12 3.1152231677065108
4.123333333333333 3.114555679250689
4.123333333333333 3.114555679250689
4.126666666666667 3.1128102277420258
4.126666666666667 3.1128102277420258
4.13 3.108909410991663
4.13 3.108909410991663
4.13 3.108909410991663
4.13 3.108909410991663
4.13 3.108909410991663
4.13 3.108909410991663
4.13 3.108909410991663
4.13 3.108909410991663
4.13 3.108909410991663
4.13 3.108909410991663
4.13 3.108909410991663
4.13 3.108909410991663
4.13 3.108909410991663
4.13 3.108909410991663
4.13 3.108909410991663
4.13 3.108909410991663
4.13 3.108909410991663
4.13 3.108909410991663
4.13 3.108909410991663
4.14 3.113311585771707
4.14 3.113311585771707
4.14 3.113311585771707
4.14 3.113311585771707
4.14 3.113311585771707
4.1433333333333335 3.1126221976612376
4.1433333333333335 3.1126221976612376
4.1433333333333335 3.1126221976612376
4.1433333333333335 3.1126221976612376
4.1433333333333335 3.1126221976612376
4.1433333333333335 3.1126221976612376
4.1466666666666665 3.110854159373575
4.1466666666666665 3.110854159373575
4.1466666666666665 3.110854159373575
4.1466666666666665 3.110854159373575
4.1466666666666665 3.110854159373575
4.1466666666666665 3.110854159373575
4.1466666666666665 3.110854159373575
4.1466666666666665 3.110854159373575
4.1466666666666665 3.110854159373575
4.1466666666666665 3.110854159373575
4.1466666666666665 3.110854159373575
4.1466666666666665 3.110854159373575
4.1466666666666665 3.110854159373575
4.15 3.1080056300874865
4.15 3.1080056300874865
4.15 3.1080056300874865
4.15 3.1080056300874865
4.15 3.1080056300874865
4.15 3.1080056300874865
4.15 3.1080056300874865
4.15 3.1080056300874865
4.15 3.1080056300874865
4.15 3.1080056300874865
4.15 3.1080056300874865
4.15 3.1080056300874865
4.15 3.1080056300874865
4.15 3.1080056300874865
4.166666666666667 3.1205793704985005
4.166666666666667 3.1205793704985005
4.166666666666667 3.1205793704985005
4.166666666666667 3.1205793704985005
4.166666666666667 3.1205793704985005
4.17 3.119863001880318
4.17 3.119863001880318
4.17 3.119863001880318
4.173333333333333 3.1169976693056873
4.173333333333333 3.1169976693056873
4.173333333333333 3.1169976693056873
4.173333333333333 3.1169976693056873
4.173333333333333 3.1169976693056873
4.173333333333333 3.1169976693056873
4.173333333333333 3.1169976693056873
4.176666666666667 3.116273322462241
4.183333333333334 3.135147960037393
4.183333333333334 3.135147960037393
4.1866666666666665 3.1450692239812987
4.1866666666666665 3.1450692239812987
4.1866666666666665 3.1450692239812987
4.1866666666666665 3.1450692239812987
4.1866666666666665 3.1450692239812987
4.1866666666666665 3.1450692239812987
4.1866666666666665 3.1450692239812987
4.1866666666666665 3.1450692239812987
4.1866666666666665 3.1450692239812987
4.1866666666666665 3.1450692239812987
4.1866666666666665 3.1450692239812987
4.1866666666666665 3.1450692239812987
4.1866666666666665 3.1450692239812987
4.1866666666666665 3.1450692239812987
4.1866666666666665 3.1450692239812987
4.1866666666666665 3.1450692239812987
4.1866666666666665 3.1450692239812987
4.1866666666666665 3.1450692239812987
4.1866666666666665 3.1450692239812987
4.1866666666666665 3.1450692239812987
4.1866666666666665 3.1450692239812987
4.1866666666666665 3.1450692239812987
4.1866666666666665 3.1450692239812987
4.1866666666666665 3.1450692239812987
4.1866666666666665 3.1450692239812987
4.1866666666666665 3.1450692239812987
4.1866666666666665 3.1450692239812987
4.1866666666666665 3.1450692239812987
4.1866666666666665 3.1450692239812987
4.196666666666666 3.142861884488743
4.196666666666666 3.142861884488743
4.2 3.14849860699681
4.2 3.14849860699681
4.203333333333333 3.1488154945871436
4.203333333333333 3.1488154945871436
4.203333333333333 3.1488154945871436
4.203333333333333 3.1488154945871436
4.203333333333333 3.1488154945871436
4.213333333333333 3.1465576384565574
4.213333333333333 3.1465576384565574
4.216666666666667 3.148985432336226
4.216666666666667 3.148985432336226
4.216666666666667 3.148985432336226
4.22 3.149284571301357
4.22 3.149284571301357
4.22 3.149284571301357
4.22 3.149284571301357
4.22 3.149284571301357
4.22 3.149284571301357
4.226666666666667 3.155176596230428
4.23 3.1533440337707717
4.23 3.1533440337707717
4.23 3.1533440337707717
4.23 3.1533440337707717
4.23 3.1533440337707717
4.23 3.1533440337707717
4.23 3.1533440337707717
4.23 3.1533440337707717
4.24 3.1795332107287577
4.24 3.1795332107287577
4.24 3.1795332107287577
4.24 3.1795332107287577
4.24 3.1795332107287577
4.24 3.1795332107287577
4.24 3.1795332107287577
4.24 3.1795332107287577
4.24 3.1795332107287577
4.24 3.1795332107287577
4.24 3.1795332107287577
4.24 3.1795332107287577
4.24 3.1795332107287577
4.24 3.1795332107287577
4.24 3.1795332107287577
4.24 3.1795332107287577
4.24 3.1795332107287577
4.24 3.1795332107287577
4.24 3.1795332107287577
4.24 3.1795332107287577
4.24 3.1795332107287577
4.24 3.1795332107287577
4.24 3.1795332107287577
4.24 3.1795332107287577
4.24 3.1795332107287577
4.24 3.1795332107287577
4.24 3.1795332107287577
4.24 3.1795332107287577
4.24 3.1795332107287577
4.24 3.1795332107287577
4.24 3.1795332107287577
4.24 3.1795332107287577
4.24 3.1795332107287577
4.243333333333333 3.1798049343143426
4.243333333333333 3.1798049343143426
4.243333333333333 3.1798049343143426
4.243333333333333 3.1798049343143426
4.243333333333333 3.1798049343143426
4.243333333333333 3.1798049343143426
4.243333333333333 3.1798049343143426
4.273333333333333 3.2568870515330572
4.273333333333333 3.2568870515330572
4.273333333333333 3.2568870515330572
4.273333333333333 3.2568870515330572
4.273333333333333 3.2568870515330572
4.273333333333333 3.2568870515330572
4.273333333333333 3.2568870515330572
4.273333333333333 3.2568870515330572
4.273333333333333 3.2568870515330572
4.273333333333333 3.2568870515330572
4.273333333333333 3.2568870515330572
4.273333333333333 3.2568870515330572
4.276666666666666 3.2683936235532953
4.28 3.2645250413834193
4.28 3.2645250413834193
4.28 3.2645250413834193
4.286666666666667 3.2639444439716363
4.286666666666667 3.2639444439716363
4.29 3.266209896853076
4.29 3.266209896853076
4.29 3.266209896853076
4.29 3.266209896853076
4.293333333333333 3.271538696142341
4.293333333333333 3.271538696142341
4.293333333333333 3.271538696142341
4.293333333333333 3.271538696142341
4.293333333333333 3.271538696142341
4.293333333333333 3.271538696142341
4.293333333333333 3.271538696142341
4.293333333333333 3.271538696142341
4.296666666666667 3.269703159522822
4.296666666666667 3.269703159522822
4.303333333333334 3.273179070309157
4.306666666666667 3.275421118048399
4.306666666666667 3.275421118048399
4.306666666666667 3.275421118048399
4.306666666666667 3.275421118048399
4.306666666666667 3.275421118048399
4.31 3.2756168200568703
4.3133333333333335 3.273766543319191
4.3133333333333335 3.273766543319191
4.3133333333333335 3.273766543319191
4.326666666666667 3.3090464159379285
4.326666666666667 3.3090464159379285
4.326666666666667 3.3090464159379285
4.33 3.310230417668871
4.336666666666667 3.3085460773642525
4.336666666666667 3.3085460773642525
4.336666666666667 3.3085460773642525
4.336666666666667 3.3085460773642525
4.336666666666667 3.3085460773642525
4.34 3.307698529977813
4.34 3.307698529977813
4.34 3.307698529977813
4.34 3.307698529977813
4.34 3.307698529977813
4.343333333333334 3.3058358586956005
4.343333333333334 3.3058358586956005
4.343333333333334 3.3058358586956005
4.343333333333334 3.3058358586956005
4.343333333333334 3.3058358586956005
4.343333333333334 3.3058358586956005
4.343333333333334 3.3058358586956005
4.343333333333334 3.3058358586956005
4.343333333333334 3.3058358586956005
4.343333333333334 3.3058358586956005
4.346666666666667 3.310036762149049
4.346666666666667 3.310036762149049
4.346666666666667 3.310036762149049
4.346666666666667 3.310036762149049
4.3566666666666665 3.346658427594939
4.36 3.3448007874449424
4.36 3.3448007874449424
4.363333333333333 3.3479373506536634
4.363333333333333 3.3479373506536634
4.363333333333333 3.3479373506536634
4.366666666666666 3.3450740835298736
4.366666666666666 3.3450740835298736
4.366666666666666 3.3450740835298736
4.366666666666666 3.3450740835298736
4.366666666666666 3.3450740835298736
4.366666666666666 3.3450740835298736
4.366666666666666 3.3450740835298736
4.366666666666666 3.3450740835298736
4.366666666666666 3.3450740835298736
4.366666666666666 3.3450740835298736
4.366666666666666 3.3450740835298736
4.366666666666666 3.3450740835298736
4.38 3.3555624463126366
4.386666666666667 3.3627641653349856
4.386666666666667 3.3627641653349856
4.386666666666667 3.3627641653349856
4.386666666666667 3.3627641653349856
4.3933333333333335 3.3659651354699966
4.4 3.367163887033194
4.4 3.367163887033194
4.4 3.367163887033194
4.4 3.367163887033194
4.403333333333333 3.3652745005078115
4.403333333333333 3.3652745005078115
4.403333333333333 3.3652745005078115
4.403333333333333 3.3652745005078115
4.403333333333333 3.3652745005078115
4.403333333333333 3.3652745005078115
4.413333333333333 3.3685276929666434
4.426666666666667 3.374796744364737
4.426666666666667 3.374796744364737
4.433333333333334 3.375926314929723
4.433333333333334 3.375926314929723
4.433333333333334 3.375926314929723
4.433333333333334 3.375926314929723
4.433333333333334 3.375926314929723
4.433333333333334 3.375926314929723
4.433333333333334 3.375926314929723
4.433333333333334 3.375926314929723
4.433333333333334 3.375926314929723
4.433333333333334 3.375926314929723
4.433333333333334 3.375926314929723
4.433333333333334 3.375926314929723
4.433333333333334 3.375926314929723
4.433333333333334 3.375926314929723
4.433333333333334 3.375926314929723
4.433333333333334 3.375926314929723
4.433333333333334 3.375926314929723
4.433333333333334 3.375926314929723
4.433333333333334 3.375926314929723
4.433333333333334 3.375926314929723
4.433333333333334 3.375926314929723
4.433333333333334 3.375926314929723
4.433333333333334 3.375926314929723
4.4366666666666665 3.378961401980768
4.443333333333333 3.3860014137823398
4.443333333333333 3.3860014137823398
4.443333333333333 3.3860014137823398
4.446666666666666 3.3840797184302858
4.446666666666666 3.3840797184302858
4.446666666666666 3.3840797184302858
4.45 3.381164628865568
4.45 3.381164628865568
4.45 3.381164628865568
4.456666666666667 3.376307707344093
4.463333333333333 3.3773773574977812
4.466666666666667 3.373448691740881
4.466666666666667 3.373448691740881
4.473333333333334 3.380440822744248
4.473333333333334 3.380440822744248
4.473333333333334 3.380440822744248
4.473333333333334 3.380440822744248
4.473333333333334 3.380440822744248
4.473333333333334 3.380440822744248
4.473333333333334 3.380440822744248
4.473333333333334 3.380440822744248
4.473333333333334 3.380440822744248
4.473333333333334 3.380440822744248
4.473333333333334 3.380440822744248
4.473333333333334 3.380440822744248
4.473333333333334 3.380440822744248
4.473333333333334 3.380440822744248
4.473333333333334 3.380440822744248
4.473333333333334 3.380440822744248
4.473333333333334 3.380440822744248
4.473333333333334 3.380440822744248
4.473333333333334 3.380440822744248
4.473333333333334 3.380440822744248
4.473333333333334 3.380440822744248
4.473333333333334 3.380440822744248
4.473333333333334 3.380440822744248
4.473333333333334 3.380440822744248
4.473333333333334 3.380440822744248
4.473333333333334 3.380440822744248
4.473333333333334 3.380440822744248
4.473333333333334 3.380440822744248
4.473333333333334 3.380440822744248
4.473333333333334 3.380440822744248
4.473333333333334 3.380440822744248
4.473333333333334 3.380440822744248
4.473333333333334 3.380440822744248
4.473333333333334 3.380440822744248
4.473333333333334 3.380440822744248
4.473333333333334 3.380440822744248
4.473333333333334 3.380440822744248
4.473333333333334 3.380440822744248
4.473333333333334 3.380440822744248
4.476666666666667 3.383432320852329
4.476666666666667 3.383432320852329
4.476666666666667 3.383432320852329
4.476666666666667 3.383432320852329
4.483333333333333 3.3785258637848417
4.483333333333333 3.3785258637848417
4.483333333333333 3.3785258637848417
4.483333333333333 3.3785258637848417
4.483333333333333 3.3785258637848417
4.483333333333333 3.3785258637848417
4.483333333333333 3.3785258637848417
4.483333333333333 3.3785258637848417
4.483333333333333 3.3785258637848417
4.483333333333333 3.3785258637848417
4.483333333333333 3.3785258637848417
4.483333333333333 3.3785258637848417
4.486666666666666 3.3745787135386953
4.496666666666667 3.368651798373414
4.496666666666667 3.368651798373414
4.496666666666667 3.368651798373414
4.496666666666667 3.368651798373414
4.496666666666667 3.368651798373414
4.496666666666667 3.368651798373414
4.496666666666667 3.368651798373414
4.496666666666667 3.368651798373414
4.496666666666667 3.368651798373414
4.496666666666667 3.368651798373414
4.496666666666667 3.368651798373414
4.51 3.36665231737507
4.51 3.36665231737507
4.51 3.36665231737507
4.51 3.36665231737507
4.51 3.36665231737507
4.513333333333334 3.3696196636734785
4.513333333333334 3.3696196636734785
4.52 3.376527277373822
4.52 3.376527277373822
4.52 3.376527277373822
4.52 3.376527277373822
4.52 3.376527277373822
4.52 3.376527277373822
4.52 3.376527277373822
4.536666666666667 3.410880027808451
4.536666666666667 3.410880027808451
4.536666666666667 3.410880027808451
4.536666666666667 3.410880027808451
4.546666666666667 3.407814483517125
4.546666666666667 3.407814483517125
4.546666666666667 3.407814483517125
4.546666666666667 3.407814483517125
4.546666666666667 3.407814483517125
4.546666666666667 3.407814483517125
4.546666666666667 3.407814483517125
4.546666666666667 3.407814483517125
4.546666666666667 3.407814483517125
4.546666666666667 3.407814483517125
4.566666666666666 3.389767539048189
4.566666666666666 3.389767539048189
4.566666666666666 3.389767539048189
4.566666666666666 3.389767539048189
4.566666666666666 3.389767539048189
4.566666666666666 3.389767539048189
4.566666666666666 3.389767539048189
4.566666666666666 3.389767539048189
4.566666666666666 3.389767539048189
4.566666666666666 3.389767539048189
4.566666666666666 3.389767539048189
4.573333333333333 3.388642582321814
4.58 3.391450987310755
4.58 3.391450987310755
4.586666666666667 3.40604747769168
4.586666666666667 3.40604747769168
4.586666666666667 3.40604747769168
4.586666666666667 3.40604747769168
4.586666666666667 3.40604747769168
4.586666666666667 3.40604747769168
4.586666666666667 3.40604747769168
4.586666666666667 3.40604747769168
4.6 3.419401657060444
4.6 3.419401657060444
4.6 3.419401657060444
4.6 3.419401657060444
4.6 3.419401657060444
4.6033333333333335 3.415387502886278
4.6033333333333335 3.415387502886278
4.6033333333333335 3.415387502886278
4.6033333333333335 3.415387502886278
4.6033333333333335 3.415387502886278
4.6033333333333335 3.415387502886278
4.6033333333333335 3.415387502886278
4.6033333333333335 3.415387502886278
4.6033333333333335 3.415387502886278
4.6066666666666665 3.415284681213948
4.6066666666666665 3.415284681213948
4.613333333333333 3.4101690670368257
4.613333333333333 3.4101690670368257
4.623333333333333 3.4449500953453995
4.623333333333333 3.4449500953453995
4.623333333333333 3.4449500953453995
4.623333333333333 3.4449500953453995
4.623333333333333 3.4449500953453995
4.623333333333333 3.4449500953453995
4.623333333333333 3.4449500953453995
4.623333333333333 3.4449500953453995
4.623333333333333 3.4449500953453995
4.623333333333333 3.4449500953453995
4.63 3.4534312344348077
4.63 3.4534312344348077
4.63 3.4534312344348077
4.63 3.4534312344348077
4.63 3.4534312344348077
4.63 3.4534312344348077
4.64 3.447222720046582
4.64 3.447222720046582
4.64 3.447222720046582
4.64 3.447222720046582
4.64 3.447222720046582
4.64 3.447222720046582
4.66 3.449259529862579
4.666666666666667 3.4479729233016996
4.666666666666667 3.4479729233016996
4.666666666666667 3.4479729233016996
4.666666666666667 3.4479729233016996
4.666666666666667 3.4479729233016996
4.666666666666667 3.4479729233016996
4.666666666666667 3.4479729233016996
4.673333333333333 3.44473165031732
4.683333333333334 3.447124082044664
4.683333333333334 3.447124082044664
4.683333333333334 3.447124082044664
4.683333333333334 3.447124082044664
4.683333333333334 3.447124082044664
4.683333333333334 3.447124082044664
4.683333333333334 3.447124082044664
4.683333333333334 3.447124082044664
4.683333333333334 3.447124082044664
4.683333333333334 3.447124082044664
4.683333333333334 3.447124082044664
4.683333333333334 3.447124082044664
4.683333333333334 3.447124082044664
4.683333333333334 3.447124082044664
4.683333333333334 3.447124082044664
4.6866666666666665 3.4459741751219735
4.6866666666666665 3.4459741751219735
4.6866666666666665 3.4459741751219735
4.6866666666666665 3.4459741751219735
4.6866666666666665 3.4459741751219735
4.703333333333333 3.435305902590063
4.706666666666667 3.4341325605895348
4.706666666666667 3.4341325605895348
4.706666666666667 3.4341325605895348
4.706666666666667 3.4341325605895348
4.706666666666667 3.4341325605895348
4.706666666666667 3.4341325605895348
4.706666666666667 3.4341325605895348
4.706666666666667 3.4341325605895348
4.706666666666667 3.4341325605895348
4.706666666666667 3.4341325605895348
4.706666666666667 3.4341325605895348
4.706666666666667 3.4341325605895348
4.706666666666667 3.4341325605895348
4.706666666666667 3.4341325605895348
4.706666666666667 3.4341325605895348
4.706666666666667 3.4341325605895348
4.706666666666667 3.4341325605895348
4.706666666666667 3.4341325605895348
4.71 3.432955570130246
4.71 3.432955570130246
4.71 3.432955570130246
4.71 3.432955570130246
4.71 3.432955570130246
4.71 3.432955570130246
4.71 3.432955570130246
4.713333333333333 3.4298252471969923
4.713333333333333 3.4298252471969923
4.713333333333333 3.4298252471969923
4.713333333333333 3.4298252471969923
4.713333333333333 3.4298252471969923
4.716666666666667 3.427664682082863
4.72 3.4303777691088184
4.72 3.4303777691088184
4.72 3.4303777691088184
4.72 3.4303777691088184
4.723333333333334 3.429186485947783
4.723333333333334 3.429186485947783
4.723333333333334 3.429186485947783
4.723333333333334 3.429186485947783
4.723333333333334 3.429186485947783
4.723333333333334 3.429186485947783
4.723333333333334 3.429186485947783
4.723333333333334 3.429186485947783
4.723333333333334 3.429186485947783
4.723333333333334 3.429186485947783
4.723333333333334 3.429186485947783
4.723333333333334 3.429186485947783
4.723333333333334 3.429186485947783
4.723333333333334 3.429186485947783
4.723333333333334 3.429186485947783
4.723333333333334 3.429186485947783
4.726666666666667 3.431891873051449
4.73 3.429719607873041
4.733333333333333 3.4285183411508173
4.733333333333333 3.4285183411508173
4.733333333333333 3.4285183411508173
4.733333333333333 3.4285183411508173
4.733333333333333 3.4285183411508173
4.733333333333333 3.4285183411508173
4.733333333333333 3.4285183411508173
4.733333333333333 3.4285183411508173
4.733333333333333 3.4285183411508173
4.733333333333333 3.4285183411508173
4.733333333333333 3.4285183411508173
4.733333333333333 3.4285183411508173
4.733333333333333 3.4285183411508173
4.733333333333333 3.4285183411508173
4.733333333333333 3.4285183411508173
4.733333333333333 3.4285183411508173
4.733333333333333 3.4285183411508173
4.733333333333333 3.4285183411508173
4.733333333333333 3.4285183411508173
4.733333333333333 3.4285183411508173
4.733333333333333 3.4285183411508173
4.74 3.448483744166297
4.74 3.448483744166297
4.74 3.448483744166297
4.74 3.448483744166297
4.74 3.448483744166297
4.74 3.448483744166297
4.74 3.448483744166297
4.74 3.448483744166297
4.74 3.448483744166297
4.743333333333333 3.455999904517106
4.743333333333333 3.455999904517106
4.743333333333333 3.455999904517106
4.76 3.46444916642688
4.76 3.46444916642688
4.76 3.46444916642688
4.76 3.46444916642688
4.77 3.4781352402061523
4.77 3.4781352402061523
4.77 3.4781352402061523
4.77 3.4781352402061523
4.77 3.4781352402061523
4.77 3.4781352402061523
4.77 3.4781352402061523
4.77 3.4781352402061523
4.773333333333333 3.4778740030117477
4.773333333333333 3.4778740030117477
4.776666666666666 3.478571126073571
4.776666666666666 3.478571126073571
4.776666666666666 3.478571126073571
4.786666666666667 3.4777586036468513
4.786666666666667 3.4777586036468513
4.786666666666667 3.4777586036468513
4.793333333333333 3.4868058361033634
4.793333333333333 3.4868058361033634
4.793333333333333 3.4868058361033634
4.793333333333333 3.4868058361033634
4.793333333333333 3.4868058361033634
4.793333333333333 3.4868058361033634
4.793333333333333 3.4868058361033634
4.793333333333333 3.4868058361033634
4.793333333333333 3.4868058361033634
4.793333333333333 3.4868058361033634
4.793333333333333 3.4868058361033634
4.793333333333333 3.4868058361033634
4.793333333333333 3.4868058361033634
4.793333333333333 3.4868058361033634
4.793333333333333 3.4868058361033634
4.796666666666667 3.4932312315408334
