0.92 1.3534840937074926
1.2 1.3706888336846836
1.36 1.3671469961532707
1.51 1.3295020712942711
1.66 1.2408859656704874
1.8 1.3558701406786116
1.77 1.362224858698653
1.79 1.3506077943434995
1.82 1.3437472104739658
1.78 1.3071674983286836
1.81 1.3535960336164634
1.81 1.3461129974932275
1.82 1.3286280612919945
1.82 1.3133348715573203
1.86 1.3485495387956117
1.84 1.353782579562639
1.83 1.363707068874019
1.84 1.353782579562639
1.84 1.353782579562639
1.87 1.3458128106137652
1.88 1.33545286080578
1.89 1.3249356759686666
1.83 1.3413019455331106
1.83 1.3337499349161699
1.88 1.33545286080578
1.88 1.33545286080578
1.88 1.33545286080578
1.89 1.3249356759686666
1.88 1.33545286080578
1.87 1.3382862552571113
1.87 1.3382862552571113
1.87 1.3382862552571113
1.87 1.3382862552571113
1.89 1.3249356759686666
1.89 1.3249356759686666
1.92 1.3609266005634593
1.9 1.381698559415515
1.9 1.381698559415515
1.9 1.381698559415515
1.92 1.3609266005634593
1.92 1.3609266005634593
1.92 1.3609266005634593
1.91 1.371388737997754
1.88 1.312565534679424
1.88 1.312565534679424
1.92 1.3756908273755604
1.92 1.3756908273755604
1.92 1.3756908273755604
1.92 1.3756908273755604
1.92 1.3756908273755604
1.92 1.3756908273755604
1.94 1.3619653060740926
1.94 1.3619653060740926
1.94 1.3619653060740926
1.94 1.3619653060740926
1.92 1.3756908273755604
1.92 1.3756908273755604
1.92 1.3756908273755604
1.92 1.3756908273755604
1.95 1.358660956957105
1.95 1.358660956957105
1.95 1.358660956957105
1.95 1.358660956957105
1.95 1.358660956957105
1.92 1.3683286273126183
1.95 1.358660956957105
1.95 1.358660956957105
1.95 1.358660956957105
1.95 1.358660956957105
1.98 1.3924761753760453
1.98 1.3924761753760453
1.98 1.3924761753760453
1.98 1.3924761753760453
1.98 1.3924761753760453
1.98 1.3924761753760453
1.98 1.3924761753760453
1.96 1.406478516786452
1.98 1.3924761753760453
1.98 1.3924761753760453
1.98 1.3924761753760453
1.98 1.3924761753760453
1.98 1.3924761753760453
2.02 1.5568681330923264
2.02 1.5568681330923264
2.02 1.5568681330923264
2.02 1.5568681330923264
2.02 1.5568681330923264
2.02 1.5568681330923264
2.02 1.5568681330923264
2.02 1.5568681330923264
2.02 1.5568681330923264
2.02 1.5568681330923264
2.02 1.5568681330923264
2.02 1.5568681330923264
2.02 1.5568681330923264
2.02 1.5568681330923264
2.03 1.5599469040433216
2.03 1.5599469040433216
2.03 1.5599469040433216
2.03 1.5599469040433216
2.0 1.5699192541804385
2.03 1.5599469040433216
2.03 1.5599469040433216
2.03 1.5599469040433216
2.03 1.5599469040433216
2.03 1.5599469040433216
2.03 1.5599469040433216
2.03 1.5599469040433216
2.03 1.5599469040433216
2.03 1.5599469040433216
2.03 1.5599469040433216
2.03 1.5599469040433216
2.03 1.5599469040433216
2.03 1.5599469040433216
2.03 1.5599469040433216
2.03 1.5599469040433216
2.03 1.5599469040433216
2.03 1.5599469040433216
2.03 1.5599469040433216
2.03 1.5599469040433216
2.03 1.5599469040433216
2.03 1.5599469040433216
2.03 1.5599469040433216
2.03 1.5599469040433216
2.03 1.5599469040433216
2.03 1.5599469040433216
2.03 1.5599469040433216
2.03 1.5599469040433216
2.03 1.5599469040433216
2.04 1.5629549842616335
2.04 1.5629549842616335
2.04 1.5629549842616335
2.04 1.5629549842616335
2.04 1.5629549842616335
2.04 1.5629549842616335
2.04 1.5629549842616335
2.04 1.5629549842616335
2.04 1.5629549842616335
2.04 1.5629549842616335
2.04 1.5629549842616335
2.04 1.5629549842616335
2.04 1.5629549842616335
2.04 1.5629549842616335
2.05 1.5594287998553131
2.05 1.5594287998553131
2.05 1.5594287998553131
2.05 1.5594287998553131
2.05 1.5594287998553131
2.05 1.5594287998553131
2.05 1.5594287998553131
2.05 1.5594287998553131
2.05 1.5594287998553131
2.05 1.5594287998553131
2.05 1.5594287998553131
2.05 1.5594287998553131
2.05 1.5594287998553131
2.05 1.5594287998553131
2.05 1.5594287998553131
2.05 1.5594287998553131
2.05 1.5594287998553131
2.06 1.5558297016724105
2.06 1.5558297016724105
2.06 1.5558297016724105
2.06 1.5558297016724105
2.06 1.5558297016724105
2.06 1.5558297016724105
2.06 1.5558297016724105
2.06 1.5558297016724105
2.06 1.5558297016724105
2.08 1.5549205052920805
2.08 1.5549205052920805
2.08 1.5549205052920805
2.08 1.5549205052920805
2.08 1.5549205052920805
2.08 1.5549205052920805
2.08 1.5549205052920805
2.08 1.5549205052920805
2.08 1.5549205052920805
2.08 1.5549205052920805
2.08 1.5549205052920805
2.09 1.5640855591570553
2.09 1.5640855591570553
2.09 1.5640855591570553
2.09 1.5640855591570553
2.09 1.5640855591570553
2.09 1.5640855591570553
2.09 1.5640855591570553
2.09 1.5640855591570553
2.09 1.5640855591570553
2.09 1.5640855591570553
2.09 1.5640855591570553
2.09 1.5640855591570553
2.09 1.5640855591570553
2.1 1.5602382620431516
2.1 1.5602382620431516
2.1 1.5602382620431516
2.1 1.5602382620431516
2.1 1.5602382620431516
2.1 1.5602382620431516
2.1 1.5602382620431516
2.1 1.5602382620431516
2.1 1.5602382620431516
2.1 1.5602382620431516
2.1 1.5602382620431516
2.1 1.5602382620431516
2.1 1.5602382620431516
2.1 1.5602382620431516
2.11 1.569243528750479
2.11 1.569243528750479
2.11 1.569243528750479
2.11 1.569243528750479
2.11 1.569243528750479
2.11 1.569243528750479
2.11 1.569243528750479
2.11 1.569243528750479
2.11 1.569243528750479
2.11 1.569243528750479
2.11 1.569243528750479
2.11 1.569243528750479
2.11 1.569243528750479
2.11 1.569243528750479
2.11 1.569243528750479
2.11 1.569243528750479
2.11 1.569243528750479
2.11 1.569243528750479
2.11 1.569243528750479
2.16 1.6125768324033556
2.17 1.6146738733167494
2.17 1.6146738733167494
2.17 1.6146738733167494
2.17 1.6146738733167494
2.17 1.6146738733167494
2.18 1.6167057164918341
2.18 1.6167057164918341
2.18 1.6167057164918341
2.18 1.6167057164918341
2.18 1.6167057164918341
2.18 1.6167057164918341
2.18 1.6167057164918341
2.18 1.6167057164918341
2.18 1.6167057164918341
2.18 1.6167057164918341
2.18 1.6167057164918341
2.18 1.6167057164918341
2.18 1.6167057164918341
2.18 1.6167057164918341
2.18 1.6167057164918341
2.18 1.6167057164918341
2.18 1.6167057164918341
2.18 1.6167057164918341
2.18 1.6167057164918341
2.18 1.6167057164918341
2.19 1.618672607447538
2.19 1.618672607447538
2.19 1.618672607447538
2.19 1.618672607447538
2.19 1.618672607447538
2.19 1.618672607447538
2.21 1.61617455802899
2.21 1.61617455802899
2.21 1.61617455802899
2.21 1.61617455802899
2.21 1.61617455802899
2.21 1.61617455802899
2.21 1.61617455802899
2.21 1.61617455802899
2.21 1.61617455802899
2.21 1.61617455802899
2.21 1.61617455802899
2.34 1.9960567186937401
2.35 1.9917760208346011
2.35 1.9917760208346011
2.35 1.9917760208346011
2.35 1.9917760208346011
2.35 1.9917760208346011
2.35 1.9917760208346011
2.35 1.9917760208346011
2.35 1.9917760208346011
2.35 1.9917760208346011
2.35 1.9917760208346011
2.37 1.9881212897170693
2.37 1.9881212897170693
2.37 1.9881212897170693
2.37 1.9881212897170693
2.37 1.9881212897170693
2.37 1.9881212897170693
2.37 1.9881212897170693
2.37 1.9881212897170693
2.37 1.9881212897170693
2.37 1.9881212897170693
2.37 1.9881212897170693
2.37 1.9881212897170693
2.37 1.9881212897170693
2.37 1.9881212897170693
2.39 1.9842562151276542
2.39 1.9842562151276542
2.39 1.9842562151276542
2.39 1.9842562151276542
2.39 1.9842562151276542
2.39 1.9842562151276542
2.39 1.9842562151276542
2.39 1.9842562151276542
2.39 1.9842562151276542
2.39 1.9842562151276542
2.39 1.9842562151276542
2.39 1.9842562151276542
2.39 1.9842562151276542
2.39 1.9842562151276542
2.39 1.9842562151276542
2.39 1.9842562151276542
2.39 1.9842562151276542
2.39 1.9842562151276542
2.39 1.9842562151276542
2.39 1.9842562151276542
2.39 1.9842562151276542
2.39 1.9842562151276542
2.39 1.9842562151276542
2.39 1.9842562151276542
2.39 1.9842562151276542
2.39 1.9842562151276542
2.4 2.044949432582181
2.4 2.044949432582181
2.41 2.045418630436656
2.41 2.045418630436656
2.41 2.045418630436656
2.41 2.045418630436656
2.41 2.045418630436656
2.41 2.045418630436656
2.41 2.045418630436656
2.41 2.045418630436656
2.41 2.045418630436656
2.41 2.045418630436656
2.41 2.045418630436656
2.41 2.045418630436656
2.41 2.045418630436656
2.41 2.045418630436656
2.41 2.045418630436656
2.41 2.045418630436656
2.41 2.045418630436656
2.41 2.045418630436656
2.41 2.045418630436656
2.41 2.045418630436656
2.41 2.045418630436656
2.41 2.045418630436656
2.41 2.045418630436656
2.41 2.045418630436656
2.41 2.045418630436656
2.41 2.045418630436656
2.41 2.045418630436656
2.41 2.045418630436656
2.41 2.045418630436656
2.44 2.0612833111653748
2.44 2.0612833111653748
2.44 2.0612833111653748
2.44 2.0612833111653748
2.44 2.0612833111653748
2.44 2.0612833111653748
2.44 2.0612833111653748
2.44 2.0612833111653748
2.44 2.0612833111653748
2.44 2.0612833111653748
2.44 2.0612833111653748
2.44 2.0612833111653748
2.44 2.0612833111653748
2.44 2.0612833111653748
2.44 2.0612833111653748
2.44 2.0612833111653748
2.44 2.0612833111653748
2.44 2.0612833111653748
2.44 2.0612833111653748
2.49 2.1811636223526993
2.49 2.1811636223526993
2.49 2.1811636223526993
2.49 2.1811636223526993
2.49 2.1811636223526993
2.49 2.1811636223526993
2.49 2.1811636223526993
2.49 2.1811636223526993
2.49 2.1811636223526993
2.49 2.1811636223526993
2.49 2.1811636223526993
2.49 2.1811636223526993
2.49 2.1811636223526993
2.49 2.1811636223526993
2.49 2.1811636223526993
2.5 2.181186777324619
2.5 2.181186777324619
2.5 2.181186777324619
2.5 2.181186777324619
2.5 2.181186777324619
2.5 2.181186777324619
2.5 2.181186777324619
2.5 2.181186777324619
2.5 2.181186777324619
2.5 2.181186777324619
2.5 2.181186777324619
2.5 2.181186777324619
2.5 2.181186777324619
2.5 2.181186777324619
2.5 2.181186777324619
2.5 2.181186777324619
2.5 2.181186777324619
2.5 2.181186777324619
2.5 2.181186777324619
2.5 2.181186777324619
2.5 2.181186777324619
2.5 2.181186777324619
2.5 2.181186777324619
2.5 2.181186777324619
2.5 2.181186777324619
2.5 2.181186777324619
2.51 2.1765276766613217
2.51 2.1765276766613217
2.51 2.1765276766613217
2.51 2.1765276766613217
2.51 2.1765276766613217
2.51 2.1765276766613217
2.51 2.1765276766613217
2.51 2.1765276766613217
2.51 2.1765276766613217
2.51 2.1765276766613217
2.51 2.1765276766613217
2.51 2.1765276766613217
2.51 2.1765276766613217
2.51 2.1765276766613217
2.51 2.1765276766613217
2.49 2.1904060783057533
2.51 2.1765276766613217
2.51 2.1765276766613217
2.51 2.1765276766613217
2.51 2.1765276766613217
2.51 2.1765276766613217
2.51 2.1765276766613217
2.51 2.1765276766613217
2.51 2.1765276766613217
2.51 2.1765276766613217
2.51 2.1765276766613217
2.51 2.1765276766613217
2.51 2.1765276766613217
2.51 2.1765276766613217
2.51 2.1765276766613217
2.51 2.1765276766613217
2.51 2.1765276766613217
2.51 2.1765276766613217
2.51 2.1765276766613217
2.52 2.171812072157182
2.52 2.171812072157182
2.52 2.171812072157182
2.52 2.171812072157182
2.52 2.171812072157182
2.52 2.171812072157182
2.52 2.171812072157182
2.52 2.171812072157182
2.52 2.171812072157182
2.52 2.171812072157182
2.52 2.171812072157182
2.52 2.171812072157182
2.52 2.171812072157182
2.55 2.1990585680828465
2.55 2.1990585680828465
2.55 2.1990585680828465
2.55 2.1990585680828465
2.55 2.1990585680828465
2.55 2.1990585680828465
2.55 2.1990585680828465
2.55 2.1990585680828465
2.55 2.1990585680828465
2.55 2.1990585680828465
2.55 2.1990585680828465
2.58 2.198162685498777
2.58 2.198162685498777
2.58 2.198162685498777
2.58 2.198162685498777
2.58 2.198162685498777
2.58 2.198162685498777
2.58 2.198162685498777
2.58 2.198162685498777
2.58 2.198162685498777
2.58 2.198162685498777
2.58 2.198162685498777
2.63 2.329672452808279
2.63 2.329672452808279
2.63 2.329672452808279
2.63 2.329672452808279
2.63 2.329672452808279
2.63 2.329672452808279
2.63 2.329672452808279
2.64 2.34206159723704
2.64 2.34206159723704
2.64 2.34206159723704
2.64 2.34206159723704
2.64 2.34206159723704
2.64 2.34206159723704
2.64 2.34206159723704
2.64 2.34206159723704
2.64 2.34206159723704
2.64 2.34206159723704
2.64 2.34206159723704
2.64 2.34206159723704
2.64 2.34206159723704
2.64 2.34206159723704
2.64 2.34206159723704
2.64 2.34206159723704
2.64 2.34206159723704
2.64 2.34206159723704
2.64 2.34206159723704
2.66 2.454515525444169
2.66 2.454515525444169
2.66 2.454515525444169
2.66 2.454515525444169
2.66 2.454515525444169
2.66 2.454515525444169
2.66 2.454515525444169
2.66 2.454515525444169
2.66 2.454515525444169
2.66 2.454515525444169
2.66 2.454515525444169
2.66 2.454515525444169
2.66 2.454515525444169
2.66 2.454515525444169
2.66 2.454515525444169
2.66 2.454515525444169
2.66 2.454515525444169
2.66 2.454515525444169
2.66 2.454515525444169
2.66 2.454515525444169
2.66 2.454515525444169
2.66 2.454515525444169
2.66 2.454515525444169
2.66 2.454515525444169
2.66 2.454515525444169
2.66 2.454515525444169
2.66 2.454515525444169
2.66 2.454515525444169
2.66 2.454515525444169
2.66 2.454515525444169
2.66 2.454515525444169
2.66 2.454515525444169
2.66 2.454515525444169
2.66 2.454515525444169
2.66 2.454515525444169
2.66 2.454515525444169
2.66 2.454515525444169
2.66 2.454515525444169
2.66 2.454515525444169
2.66 2.454515525444169
2.66 2.454515525444169
2.66 2.454515525444169
2.66 2.454515525444169
2.66 2.454515525444169
2.66 2.454515525444169
2.66 2.454515525444169
2.66 2.454515525444169
2.66 2.454515525444169
2.68 2.577603616547821
2.68 2.577603616547821
2.68 2.577603616547821
2.68 2.577603616547821
2.68 2.577603616547821
2.68 2.577603616547821
2.68 2.577603616547821
2.68 2.577603616547821
2.68 2.577603616547821
2.68 2.577603616547821
2.68 2.577603616547821
2.68 2.577603616547821
2.68 2.577603616547821
2.68 2.577603616547821
2.68 2.577603616547821
2.68 2.577603616547821
2.68 2.577603616547821
2.68 2.577603616547821
2.69 2.5925105807134337
2.69 2.5925105807134337
2.69 2.5925105807134337
2.69 2.5925105807134337
2.69 2.5925105807134337
2.69 2.5925105807134337
2.69 2.5925105807134337
2.69 2.5925105807134337
2.69 2.5925105807134337
2.71 2.618099395447858
2.71 2.618099395447858
2.71 2.618099395447858
2.71 2.618099395447858
2.71 2.618099395447858
2.71 2.618099395447858
2.71 2.618099395447858
2.71 2.618099395447858
2.71 2.618099395447858
2.71 2.618099395447858
2.71 2.618099395447858
2.71 2.618099395447858
2.72 2.6134075437824436
2.72 2.6134075437824436
2.72 2.6134075437824436
2.72 2.6134075437824436
2.72 2.6134075437824436
2.72 2.6134075437824436
2.72 2.6134075437824436
2.72 2.6134075437824436
2.72 2.6134075437824436
2.72 2.6134075437824436
2.72 2.6134075437824436
2.72 2.6134075437824436
2.72 2.6134075437824436
2.72 2.6134075437824436
2.72 2.6134075437824436
2.72 2.6134075437824436
2.72 2.6134075437824436
2.72 2.6134075437824436
2.72 2.6134075437824436
2.72 2.6134075437824436
2.72 2.6134075437824436
2.72 2.6134075437824436
2.72 2.6134075437824436
2.72 2.6134075437824436
2.72 2.6134075437824436
2.72 2.6134075437824436
2.76 2.6935013448946847
2.76 2.6935013448946847
2.76 2.6935013448946847
2.76 2.6935013448946847
2.76 2.6935013448946847
2.76 2.6935013448946847
2.76 2.6935013448946847
2.76 2.6935013448946847
2.76 2.6935013448946847
2.76 2.6935013448946847
2.76 2.6935013448946847
2.76 2.6935013448946847
2.76 2.6935013448946847
2.76 2.6935013448946847
2.76 2.6935013448946847
2.76 2.6935013448946847
2.76 2.6935013448946847
2.76 2.6935013448946847
2.76 2.6935013448946847
2.76 2.6935013448946847
2.76 2.6935013448946847
2.83 2.8107118333441807
2.83 2.8107118333441807
2.84 2.809507667427397
2.84 2.809507667427397
2.86 2.874548712933963
2.86 2.874548712933963
2.86 2.874548712933963
2.86 2.874548712933963
2.86 2.874548712933963
2.86 2.874548712933963
2.86 2.874548712933963
2.86 2.874548712933963
2.86 2.874548712933963
2.86 2.874548712933963
2.86 2.874548712933963
2.86 2.874548712933963
2.89 2.8916284601440676
2.89 2.8916284601440676
2.89 2.8916284601440676
2.89 2.8916284601440676
2.89 2.8916284601440676
2.94 2.901828054969154
2.94 2.901828054969154
2.94 2.901828054969154
2.95 2.8967937692238572
2.95 2.8967937692238572
2.95 2.8967937692238572
2.95 2.8967937692238572
2.95 2.8967937692238572
2.95 2.8967937692238572
2.95 2.8967937692238572
2.95 2.8967937692238572
2.95 2.8967937692238572
2.95 2.8967937692238572
2.95 2.8967937692238572
2.96 2.902176125362874
2.96 2.902176125362874
2.96 2.902176125362874
2.96 2.902176125362874
2.96 2.902176125362874
2.96 2.902176125362874
2.96 2.902176125362874
2.96 2.902176125362874
2.96 2.902176125362874
2.96 2.902176125362874
2.96 2.902176125362874
2.96 2.902176125362874
2.96 2.902176125362874
2.98 2.909337110793871
2.98 2.909337110793871
2.98 2.909337110793871
2.98 2.909337110793871
2.98 2.909337110793871
2.98 2.909337110793871
2.98 2.909337110793871
2.98 2.909337110793871
2.98 2.909337110793871
2.98 2.909337110793871
2.99 2.904176720559963
2.99 2.904176720559963
2.99 2.904176720559963
2.99 2.904176720559963
2.99 2.904176720559963
2.99 2.904176720559963
2.99 2.904176720559963
2.99 2.904176720559963
2.99 2.904176720559963
2.99 2.904176720559963
2.99 2.904176720559963
2.99 2.904176720559963
2.99 2.904176720559963
2.99 2.904176720559963
2.99 2.904176720559963
2.99 2.904176720559963
2.99 2.904176720559963
2.99 2.904176720559963
2.99 2.904176720559963
2.99 2.904176720559963
2.99 2.904176720559963
2.99 2.904176720559963
2.99 2.904176720559963
2.99 2.904176720559963
2.99 2.904176720559963
2.99 2.904176720559963
2.99 2.904176720559963
2.99 2.904176720559963
2.99 2.904176720559963
2.99 2.904176720559963
2.99 2.904176720559963
2.99 2.904176720559963
2.99 2.904176720559963
2.99 2.904176720559963
2.99 2.904176720559963
2.99 2.904176720559963
2.99 2.904176720559963
2.99 2.904176720559963
3.0 2.8989723013579147
3.0 2.8989723013579147
3.0 2.8989723013579147
3.0 2.8989723013579147
3.0 2.8989723013579147
3.01 2.8972121744598525
3.01 2.8972121744598525
3.01 2.8972121744598525
3.01 2.8972121744598525
3.01 2.8972121744598525
3.01 2.8972121744598525
3.01 2.8972121744598525
3.01 2.8972121744598525
3.01 2.8972121744598525
3.01 2.8972121744598525
3.01 2.8972121744598525
3.01 2.8972121744598525
3.01 2.8972121744598525
3.01 2.8972121744598525
3.01 2.8972121744598525
3.01 2.8972121744598525
3.01 2.8972121744598525
3.01 2.8972121744598525
3.01 2.8972121744598525
3.01 2.8972121744598525
3.02 2.8954160915893175
3.02 2.8954160915893175
3.02 2.8954160915893175
3.02 2.8954160915893175
3.02 2.8954160915893175
3.02 2.8954160915893175
3.02 2.8954160915893175
3.02 2.8954160915893175
3.02 2.8954160915893175
3.02 2.8954160915893175
3.02 2.8954160915893175
3.02 2.8954160915893175
3.02 2.8954160915893175
3.02 2.8954160915893175
3.02 2.8954160915893175
3.02 2.8954160915893175
3.02 2.8954160915893175
3.02 2.8954160915893175
3.02 2.8954160915893175
3.02 2.8954160915893175
3.07 2.937926844122253
3.07 2.937926844122253
3.07 2.937926844122253
3.07 2.937926844122253
3.12 2.9958894397746976
3.12 2.9958894397746976
3.12 2.9958894397746976
3.12 2.9958894397746976
3.12 2.9958894397746976
3.12 2.9958894397746976
3.12 2.9958894397746976
3.12 2.9958894397746976
3.12 2.9958894397746976
3.12 2.9958894397746976
3.13 2.997153531757969
3.13 2.997153531757969
3.13 2.997153531757969
3.19 3.014091484137052
3.21 3.0060376954161137
3.21 3.0060376954161137
3.21 3.0060376954161137
3.21 3.0060376954161137
3.21 3.0060376954161137
3.24 3.028884516474904
3.24 3.028884516474904
3.24 3.028884516474904
3.24 3.028884516474904
3.24 3.028884516474904
3.24 3.028884516474904
3.24 3.028884516474904
3.24 3.028884516474904
3.24 3.028884516474904
3.24 3.028884516474904
3.24 3.028884516474904
3.24 3.028884516474904
3.24 3.028884516474904
3.24 3.028884516474904
3.25 3.0230595245361758
3.25 3.0230595245361758
3.25 3.0230595245361758
3.25 3.0230595245361758
3.25 3.0230595245361758
3.25 3.0230595245361758
3.25 3.0230595245361758
3.25 3.0230595245361758
3.25 3.0230595245361758
3.25 3.0230595245361758
3.25 3.0230595245361758
3.25 3.0230595245361758
3.25 3.0230595245361758
3.25 3.0230595245361758
3.25 3.0230595245361758
3.25 3.0230595245361758
3.25 3.0230595245361758
3.25 3.0230595245361758
3.25 3.0230595245361758
3.26 3.0238780371963387
3.27 3.0479501308256354
3.27 3.0479501308256354
3.27 3.0479501308256354
3.27 3.0479501308256354
3.27 3.0479501308256354
3.27 3.0479501308256354
3.27 3.0479501308256354
3.27 3.0479501308256354
3.27 3.0479501308256354
3.27 3.0479501308256354
3.27 3.0479501308256354
3.27 3.0479501308256354
3.27 3.0479501308256354
3.27 3.0479501308256354
3.27 3.0479501308256354
3.27 3.0479501308256354
3.29 3.052718609549677
3.29 3.052718609549677
3.29 3.052718609549677
3.29 3.052718609549677
3.29 3.052718609549677
3.29 3.052718609549677
3.29 3.052718609549677
3.29 3.052718609549677
3.29 3.052718609549677
3.29 3.052718609549677
3.29 3.052718609549677
3.29 3.052718609549677
3.31 3.057347500264522
3.31 3.057347500264522
3.31 3.057347500264522
3.31 3.057347500264522
3.31 3.057347500264522
3.31 3.057347500264522
3.31 3.057347500264522
3.33 3.0618374360583682
3.33 3.0618374360583682
3.33 3.0618374360583682
3.34 3.0590815284950796
3.37 3.0506002058876227
3.37 3.0506002058876227
3.37 3.0506002058876227
3.37 3.0506002058876227
3.37 3.0506002058876227
3.37 3.0506002058876227
3.37 3.0506002058876227
3.37 3.0506002058876227
3.37 3.0506002058876227
3.37 3.0506002058876227
3.38 3.0510140721876193
3.38 3.0510140721876193
3.38 3.0510140721876193
3.38 3.0510140721876193
3.38 3.0510140721876193
3.4 3.041796385776873
3.4 3.041796385776873
3.4 3.041796385776873
3.4 3.041796385776873
3.4 3.041796385776873
3.4 3.041796385776873
3.4 3.041796385776873
3.42 3.039072160373884
3.44 3.0428588365203373
3.44 3.0428588365203373
3.44 3.0428588365203373
3.44 3.0428588365203373
3.44 3.0428588365203373
3.44 3.0428588365203373
3.44 3.0428588365203373
3.44 3.0428588365203373
3.44 3.0428588365203373
3.44 3.0428588365203373
3.45 3.039720215726934
3.45 3.039720215726934
3.45 3.039720215726934
3.45 3.039720215726934
3.46 3.066337268211741
3.46 3.066337268211741
3.46 3.066337268211741
3.46 3.066337268211741
3.46 3.066337268211741
3.46 3.066337268211741
3.49 3.066584320370042
3.49 3.066584320370042
3.49 3.066584320370042
3.49 3.066584320370042
3.49 3.066584320370042
3.49 3.066584320370042
3.49 3.066584320370042
3.49 3.066584320370042
3.49 3.066584320370042
3.49 3.066584320370042
3.49 3.066584320370042
3.49 3.066584320370042
3.49 3.066584320370042
3.49 3.066584320370042
3.49 3.066584320370042
3.49 3.066584320370042
3.49 3.066584320370042
3.49 3.066584320370042
3.49 3.066584320370042
3.49 3.066584320370042
3.49 3.066584320370042
3.49 3.066584320370042
3.49 3.066584320370042
3.49 3.066584320370042
3.49 3.066584320370042
3.49 3.066584320370042
3.49 3.066584320370042
3.49 3.066584320370042
3.49 3.066584320370042
3.49 3.066584320370042
3.49 3.066584320370042
3.49 3.066584320370042
3.49 3.066584320370042
3.49 3.066584320370042
3.49 3.066584320370042
3.49 3.066584320370042
3.49 3.066584320370042
3.49 3.066584320370042
3.49 3.066584320370042
3.49 3.066584320370042
3.49 3.066584320370042
3.49 3.066584320370042
3.54 3.0663372682117402
3.54 3.0663372682117402
3.54 3.0663372682117402
3.54 3.0663372682117402
3.54 3.0663372682117402
3.54 3.0663372682117402
3.54 3.0663372682117402
3.54 3.0663372682117402
3.54 3.0663372682117402
3.55 3.0694815802863498
3.55 3.0694815802863498
3.55 3.0694815802863498
3.55 3.0694815802863498
3.55 3.0694815802863498
3.55 3.0694815802863498
3.58 3.0589494466518583
3.58 3.0589494466518583
3.58 3.0589494466518583
3.58 3.0589494466518583
3.58 3.0589494466518583
3.58 3.0589494466518583
3.58 3.0589494466518583
3.58 3.0589494466518583
3.58 3.0589494466518583
3.58 3.0589494466518583
3.58 3.0589494466518583
3.58 3.0589494466518583
3.58 3.0589494466518583
3.58 3.0589494466518583
3.58 3.0589494466518583
3.58 3.0589494466518583
3.58 3.0589494466518583
3.58 3.0589494466518583
3.58 3.0589494466518583
3.58 3.0589494466518583
3.58 3.0589494466518583
3.58 3.0589494466518583
3.58 3.0589494466518583
3.6 3.055050463303892
3.71 3.1568268174791525
3.71 3.1568268174791525
3.71 3.1568268174791525
3.71 3.1568268174791525
3.71 3.1568268174791525
3.71 3.1568268174791525
3.71 3.1568268174791525
3.71 3.1568268174791525
3.71 3.1568268174791525
3.71 3.1568268174791525
3.71 3.1568268174791525
3.71 3.1568268174791525
3.71 3.1568268174791525
3.71 3.1568268174791525
3.71 3.1568268174791525
3.71 3.1568268174791525
3.71 3.1568268174791525
3.71 3.1568268174791525
3.73 3.165007539844531
3.73 3.165007539844531
3.73 3.165007539844531
3.73 3.165007539844531
3.73 3.165007539844531
3.73 3.165007539844531
3.73 3.165007539844531
3.78 3.224213943824997
3.78 3.224213943824997
3.78 3.224213943824997
3.78 3.224213943824997
3.82 3.2392167652883708
3.83 3.23820314309643
3.83 3.23820314309643
3.83 3.23820314309643
3.84 3.2309113077873066
3.84 3.2309113077873066
3.84 3.2309113077873066
3.84 3.2309113077873066
3.84 3.2309113077873066
3.84 3.2309113077873066
3.84 3.2309113077873066
3.84 3.2309113077873066
3.86 3.2318490813849126
3.86 3.2318490813849126
3.86 3.2318490813849126
3.86 3.2318490813849126
3.86 3.2318490813849126
3.86 3.2318490813849126
3.86 3.2318490813849126
3.86 3.2318490813849126
3.86 3.2318490813849126
3.86 3.2318490813849126
3.94 3.4284018717092364
3.94 3.4284018717092364
3.94 3.4284018717092364
3.94 3.4284018717092364
3.94 3.4284018717092364
3.94 3.4284018717092364
3.94 3.4284018717092364
3.94 3.4284018717092364
3.94 3.4284018717092364
3.94 3.4284018717092364
3.95 3.4270905291441456
3.95 3.4270905291441456
3.95 3.4270905291441456
3.95 3.4270905291441456
3.95 3.4270905291441456
3.95 3.4270905291441456
3.95 3.4270905291441456
3.95 3.4270905291441456
3.96 3.4286964864157343
3.96 3.4286964864157343
3.96 3.4286964864157343
3.96 3.4286964864157343
3.96 3.4286964864157343
3.96 3.4286964864157343
3.96 3.4286964864157343
3.96 3.4286964864157343
3.96 3.4286964864157343
3.96 3.4286964864157343
3.96 3.4286964864157343
3.97 3.4214268392238973
3.97 3.4214268392238973
4.0 3.408249054303634
4.0 3.408249054303634
4.0 3.408249054303634
4.0 3.408249054303634
4.0 3.408249054303634
4.0 3.408249054303634
4.0 3.408249054303634
4.0 3.408249054303634
4.0 3.408249054303634
4.0 3.408249054303634
4.0 3.408249054303634
4.01 3.4156354689231194
4.01 3.4156354689231194
4.01 3.4156354689231194
4.01 3.4156354689231194
4.03 3.4214268392238942
4.03 3.4214268392238942
4.03 3.4214268392238942
4.09 3.507841144486091
4.09 3.507841144486091
4.09 3.507841144486091
4.09 3.507841144486091
4.09 3.507841144486091
4.09 3.507841144486091
4.09 3.507841144486091
4.11 3.5359481462444102
4.11 3.5359481462444102
4.11 3.5359481462444102
4.11 3.5359481462444102
4.11 3.5359481462444102
4.11 3.5359481462444102
4.12 3.5341908622066622
4.12 3.5341908622066622
4.12 3.5341908622066622
4.12 3.5341908622066622
4.13 3.5266804147065485
4.13 3.5266804147065485
4.13 3.5266804147065485
4.13 3.5266804147065485
4.13 3.5266804147065485
4.13 3.5266804147065485
4.13 3.5266804147065485
4.13 3.5266804147065485
4.13 3.5266804147065485
4.13 3.5266804147065485
4.13 3.5266804147065485
4.13 3.5266804147065485
4.13 3.5266804147065485
4.13 3.5266804147065485
4.13 3.5266804147065485
4.13 3.5266804147065485
4.13 3.5266804147065485
4.13 3.5266804147065485
4.13 3.5266804147065485
4.13 3.5266804147065485
4.15 3.5144003899684066
4.15 3.5144003899684066
4.16 3.538304107845448
4.16 3.538304107845448
4.16 3.538304107845448
4.16 3.538304107845448
4.16 3.538304107845448
4.16 3.538304107845448
4.16 3.538304107845448
4.16 3.538304107845448
4.16 3.538304107845448
4.16 3.538304107845448
4.16 3.538304107845448
4.16 3.538304107845448
4.16 3.538304107845448
4.16 3.538304107845448
4.16 3.538304107845448
4.16 3.538304107845448
4.16 3.538304107845448
4.16 3.538304107845448
4.16 3.538304107845448
4.16 3.538304107845448
4.16 3.538304107845448
4.16 3.538304107845448
4.16 3.538304107845448
4.16 3.538304107845448
4.16 3.538304107845448
4.16 3.538304107845448
4.16 3.538304107845448
4.16 3.538304107845448
4.16 3.538304107845448
4.16 3.538304107845448
4.16 3.538304107845448
4.16 3.538304107845448
4.16 3.538304107845448
4.16 3.538304107845448
4.16 3.538304107845448
4.16 3.538304107845448
4.16 3.538304107845448
4.16 3.538304107845448
4.16 3.538304107845448
4.16 3.538304107845448
4.16 3.538304107845448
4.16 3.538304107845448
4.16 3.538304107845448
4.18 3.5373333561776827
4.18 3.5373333561776827
4.18 3.5373333561776827
4.18 3.5373333561776827
4.18 3.5373333561776827
4.18 3.5373333561776827
4.18 3.5373333561776827
4.18 3.5373333561776827
4.18 3.5373333561776827
4.18 3.5373333561776827
4.2 3.5872952023337694
4.2 3.5872952023337694
4.2 3.5872952023337694
4.2 3.5872952023337694
4.2 3.5872952023337694
4.2 3.5872952023337694
4.22 3.5804745467323147
4.22 3.5804745467323147
4.22 3.5804745467323147
4.22 3.5804745467323147
4.24 3.590447483436171
4.24 3.590447483436171
4.24 3.590447483436171
4.24 3.590447483436171
4.24 3.590447483436171
4.24 3.590447483436171
4.24 3.590447483436171
4.24 3.590447483436171
4.24 3.590447483436171
4.27 3.592514664710727
4.27 3.592514664710727
4.27 3.592514664710727
4.27 3.592514664710727
4.27 3.592514664710727
4.27 3.592514664710727
4.27 3.592514664710727
4.27 3.592514664710727
4.27 3.592514664710727
4.27 3.592514664710727
4.27 3.592514664710727
4.27 3.592514664710727
4.27 3.592514664710727
4.27 3.592514664710727
4.27 3.592514664710727
4.27 3.592514664710727
4.27 3.592514664710727
4.27 3.592514664710727
4.27 3.592514664710727
4.27 3.592514664710727
4.27 3.592514664710727
4.27 3.592514664710727
4.27 3.592514664710727
4.27 3.592514664710727
4.27 3.592514664710727
4.27 3.592514664710727
4.27 3.592514664710727
4.27 3.592514664710727
4.27 3.592514664710727
4.27 3.592514664710727
4.27 3.592514664710727
4.27 3.592514664710727
4.27 3.592514664710727
4.27 3.592514664710727
4.27 3.592514664710727
4.27 3.592514664710727
4.27 3.592514664710727
4.27 3.592514664710727
4.27 3.592514664710727
4.27 3.592514664710727
4.27 3.592514664710727
4.27 3.592514664710727
4.27 3.592514664710727
4.27 3.592514664710727
4.28 3.598765220337542
4.28 3.598765220337542
4.28 3.598765220337542
4.28 3.598765220337542
4.28 3.598765220337542
4.29 3.590939777390939
4.29 3.590939777390939
4.29 3.590939777390939
4.29 3.590939777390939
4.31 3.5836187342298613
4.31 3.5836187342298613
4.31 3.5836187342298613
4.31 3.5836187342298613
4.31 3.5836187342298613
4.31 3.5836187342298613
4.31 3.5836187342298613
4.31 3.5836187342298613
4.31 3.5836187342298613
4.31 3.5836187342298613
4.31 3.5836187342298613
4.31 3.5836187342298613
4.31 3.5836187342298613
4.31 3.5836187342298613
4.31 3.5836187342298613
4.31 3.5836187342298613
4.31 3.5836187342298613
4.31 3.5836187342298613
4.31 3.5836187342298613
4.35 3.6358901206853003
4.35 3.6358901206853003
4.35 3.6358901206853003
4.35 3.6358901206853003
4.35 3.6358901206853003
4.35 3.6358901206853003
4.35 3.6358901206853003
4.35 3.6358901206853003
4.35 3.6358901206853003
4.35 3.6358901206853003
4.35 3.6358901206853003
4.35 3.6358901206853003
4.36 3.6390697001882613
4.36 3.6390697001882613
4.36 3.6390697001882613
4.36 3.6390697001882613
4.36 3.6390697001882613
4.38 3.625888954045711
4.38 3.625888954045711
4.38 3.625888954045711
4.38 3.625888954045711
4.38 3.625888954045711
4.38 3.625888954045711
4.38 3.625888954045711
4.38 3.625888954045711
4.38 3.625888954045711
4.38 3.625888954045711
4.38 3.625888954045711
4.38 3.625888954045711
4.38 3.625888954045711
4.38 3.625888954045711
4.38 3.625888954045711
4.38 3.625888954045711
4.38 3.625888954045711
4.38 3.625888954045711
4.38 3.625888954045711
4.38 3.625888954045711
4.38 3.625888954045711
4.38 3.625888954045711
4.38 3.625888954045711
4.38 3.625888954045711
4.38 3.625888954045711
4.39 3.6178429870280273
4.39 3.6178429870280273
4.39 3.6178429870280273
4.39 3.6178429870280273
4.39 3.6178429870280273
4.39 3.6178429870280273
4.39 3.6178429870280273
4.39 3.6178429870280273
4.39 3.6178429870280273
4.39 3.6178429870280273
4.39 3.6178429870280273
4.39 3.6178429870280273
4.39 3.6178429870280273
4.39 3.6178429870280273
4.39 3.6178429870280273
4.39 3.6178429870280273
4.39 3.6178429870280273
4.39 3.6178429870280273
4.39 3.6178429870280273
4.39 3.6178429870280273
4.41 3.6267663756346837
4.41 3.6267663756346837
4.41 3.6267663756346837
4.41 3.6267663756346837
4.42 3.618638618948492
4.42 3.618638618948492
4.42 3.618638618948492
4.42 3.618638618948492
4.42 3.618638618948492
4.43 3.610464588588918
4.43 3.610464588588918
4.43 3.610464588588918
4.43 3.610464588588918
4.43 3.610464588588918
4.45 3.608001769356103
4.45 3.608001769356103
4.45 3.608001769356103
4.45 3.608001769356103
4.45 3.608001769356103
4.45 3.608001769356103
4.45 3.608001769356103
4.45 3.608001769356103
4.45 3.608001769356103
4.45 3.608001769356103
4.45 3.608001769356103
4.45 3.608001769356103
4.45 3.608001769356103
4.45 3.608001769356103
4.45 3.608001769356103
4.45 3.608001769356103
4.46 3.6193084891169387
4.46 3.6193084891169387
4.46 3.6193084891169387
4.46 3.6193084891169387
4.46 3.6193084891169387
4.46 3.6193084891169387
4.46 3.6193084891169387
4.48 3.605495244705776
4.48 3.605495244705776
4.48 3.605495244705776
4.48 3.605495244705776
4.48 3.605495244705776
4.48 3.605495244705776
4.48 3.605495244705776
4.48 3.605495244705776
4.53 3.6747981460403265
4.53 3.6747981460403265
4.53 3.6747981460403265
4.53 3.6747981460403265
4.53 3.6747981460403265
4.53 3.6747981460403265
4.53 3.6747981460403265
4.53 3.6747981460403265
4.53 3.6747981460403265
4.55 3.666322297878242
4.55 3.666322297878242
4.55 3.666322297878242
4.55 3.666322297878242
4.55 3.666322297878242
4.55 3.666322297878242
4.55 3.666322297878242
4.55 3.666322297878242
4.55 3.666322297878242
4.55 3.666322297878242
4.55 3.666322297878242
4.55 3.666322297878242
4.55 3.666322297878242
4.55 3.666322297878242
4.55 3.666322297878242
4.55 3.666322297878242
4.55 3.666322297878242
4.55 3.666322297878242
4.56 3.6578958460024555
4.56 3.6578958460024555
4.56 3.6578958460024555
4.56 3.6578958460024555
4.56 3.6578958460024555
4.56 3.6578958460024555
4.56 3.6578958460024555
4.56 3.6578958460024555
4.57 3.676996468628033
4.58 3.671291848707187
4.58 3.671291848707187
4.58 3.671291848707187
4.59 3.6793032937327586
4.59 3.6793032937327586
4.59 3.6793032937327586
4.59 3.6793032937327586
4.59 3.6793032937327586
4.59 3.6793032937327586
4.59 3.6793032937327586
4.59 3.6793032937327586
4.59 3.6793032937327586
4.59 3.6793032937327586
4.59 3.6793032937327586
4.59 3.6793032937327586
4.59 3.6793032937327586
4.59 3.6793032937327586
4.59 3.6793032937327586
4.59 3.6793032937327586
4.59 3.6793032937327586
4.59 3.6793032937327586
4.59 3.6793032937327586
4.59 3.6793032937327586
4.59 3.6793032937327586
4.59 3.6793032937327586
4.59 3.6793032937327586
4.59 3.6793032937327586
4.59 3.6793032937327586
4.59 3.6793032937327586
4.59 3.6793032937327586
4.59 3.6793032937327586
4.59 3.6793032937327586
4.59 3.6793032937327586
4.59 3.6793032937327586
4.6 3.684529491774706
4.6 3.684529491774706
4.59 3.6957387419141043
4.6 3.684529491774706
4.6 3.684529491774706
4.6 3.684529491774706
4.6 3.684529491774706
4.62 3.6811833846076047
4.62 3.6811833846076047
4.62 3.6811833846076047
4.62 3.6811833846076047
4.63 3.6780951372121717
4.63 3.6780951372121717
4.63 3.6780951372121717
4.63 3.6780951372121717
4.63 3.6780951372121717
4.63 3.6780951372121717
4.63 3.6780951372121717
4.63 3.6780951372121717
4.63 3.6780951372121717
4.63 3.6780951372121717
4.63 3.6780951372121717
4.63 3.6780951372121717
4.63 3.6780951372121717
4.63 3.6780951372121717
4.69 3.813042476722875
4.69 3.813042476722875
4.69 3.813042476722875
4.69 3.813042476722875
4.69 3.813042476722875
4.69 3.813042476722875
4.69 3.813042476722875
4.69 3.813042476722875
4.69 3.813042476722875
4.69 3.813042476722875
4.69 3.813042476722875
4.69 3.813042476722875
4.69 3.813042476722875
4.69 3.813042476722875
4.69 3.813042476722875
4.71 3.8093319756894517
4.71 3.8093319756894517
4.71 3.8093319756894517
4.71 3.8093319756894517
4.71 3.8093319756894517
4.71 3.8093319756894517
4.71 3.8093319756894517
4.71 3.8093319756894517
4.71 3.8093319756894517
4.71 3.8093319756894517
4.71 3.8093319756894517
4.71 3.8093319756894517
4.71 3.8093319756894517
4.71 3.8093319756894517
4.71 3.8093319756894517
4.74 3.8075416921386074
4.74 3.8075416921386074
4.74 3.8075416921386074
4.74 3.8075416921386074
4.74 3.8075416921386074
4.74 3.8075416921386074
4.74 3.8075416921386074
4.74 3.8075416921386074
4.74 3.8075416921386074
4.74 3.8075416921386074
4.74 3.8075416921386074
4.74 3.8075416921386074
4.74 3.8075416921386074
4.74 3.8075416921386074
4.74 3.8075416921386074
4.74 3.8075416921386074
4.76 3.7982452088650986
4.76 3.7982452088650986
4.77 3.818760177456722
4.77 3.818760177456722
4.77 3.818760177456722
4.77 3.818760177456722
4.77 3.818760177456722
4.77 3.818760177456722
4.77 3.818760177456722
4.77 3.818760177456722
4.77 3.818760177456722
4.77 3.818760177456722
4.79 3.814631586590524
4.79 3.814631586590524
4.79 3.814631586590524
4.79 3.814631586590524
4.79 3.814631586590524
4.79 3.814631586590524
4.79 3.814631586590524
4.81 3.8103924875386426
4.81 3.8103924875386426
4.81 3.8103924875386426
4.81 3.8103924875386426
4.81 3.8103924875386426
4.82 3.809557359159628
4.82 3.809557359159628
4.82 3.809557359159628
4.82 3.809557359159628
4.82 3.809557359159628
4.82 3.809557359159628
4.82 3.809557359159628
4.82 3.809557359159628
4.82 3.809557359159628
4.82 3.809557359159628
4.82 3.809557359159628
4.82 3.809557359159628
4.82 3.809557359159628
4.82 3.809557359159628
4.84 3.805153337145812
4.84 3.805153337145812
4.84 3.805153337145812
4.84 3.805153337145812
4.84 3.805153337145812
4.84 3.805153337145812
4.84 3.805153337145812
4.84 3.805153337145812
4.84 3.805153337145812
4.84 3.805153337145812
4.84 3.805153337145812
4.84 3.805153337145812
4.84 3.805153337145812
4.84 3.805153337145812
4.84 3.805153337145812
4.84 3.805153337145812
4.84 3.805153337145812
4.84 3.805153337145812
4.84 3.805153337145812
4.84 3.805153337145812
4.84 3.805153337145812
4.84 3.805153337145812
4.84 3.805153337145812
4.84 3.805153337145812
4.84 3.805153337145812
4.84 3.805153337145812
4.84 3.805153337145812
4.84 3.805153337145812
4.84 3.805153337145812
4.85 3.801581276524308
4.85 3.801581276524308
4.85 3.801581276524308
4.85 3.801581276524308
4.85 3.801581276524308
4.85 3.801581276524308
4.85 3.801581276524308
4.85 3.801581276524308
4.85 3.801581276524308
4.85 3.801581276524308
4.85 3.801581276524308
4.85 3.801581276524308
4.85 3.801581276524308
4.85 3.801581276524308
4.86 3.827122768721783
4.86 3.827122768721783
4.89 3.824152378520162
4.89 3.824152378520162
4.89 3.824152378520162
4.89 3.824152378520162
4.89 3.824152378520162
4.94 3.8186675977652498
5.04 3.871470370322214
5.04 3.871470370322214
5.08 3.8420322904957627
5.08 3.8420322904957627
5.08 3.8420322904957627
5.08 3.8420322904957627
5.08 3.8420322904957627
5.08 3.8420322904957627
5.08 3.8420322904957627
5.08 3.8420322904957627
5.08 3.8420322904957627
5.08 3.8420322904957627
5.08 3.8420322904957627
5.08 3.8420322904957627
5.08 3.8420322904957627
5.11 3.9616724353293615
5.11 3.9616724353293615
5.11 3.9616724353293615
5.11 3.9616724353293615
5.11 3.9616724353293615
5.11 3.9616724353293615
5.11 3.9616724353293615
5.11 3.9616724353293615
5.11 3.9616724353293615
5.11 3.9616724353293615
5.11 3.9616724353293615
5.17 3.9748070279059977
5.17 3.9748070279059977
5.17 3.9748070279059977
5.18 3.9680033398487105
5.18 3.9680033398487105
5.18 3.9680033398487105
5.18 3.9680033398487105
5.18 3.9680033398487105
5.18 3.9680033398487105
5.18 3.9680033398487105
5.18 3.9680033398487105
5.19 3.9865810267481447
5.19 3.9865810267481447
5.19 3.9865810267481447
5.19 3.9865810267481447
5.19 3.9865810267481447
5.19 3.9865810267481447
5.19 3.9865810267481447
5.19 3.9865810267481447
5.19 3.9865810267481447
5.19 3.9865810267481447
5.19 3.9865810267481447
5.19 3.9865810267481447
5.19 3.9865810267481447
5.25 4.008513666957095
5.35 4.075982870871314
5.35 4.075982870871314
5.35 4.075982870871314
5.35 4.075982870871314
5.35 4.075982870871314
5.35 4.075982870871314
5.35 4.075982870871314
5.35 4.075982870871314
5.35 4.075982870871314
5.35 4.075982870871314
5.35 4.075982870871314
5.35 4.075982870871314
5.35 4.075982870871314
5.35 4.075982870871314
5.35 4.075982870871314
5.35 4.075982870871314
5.35 4.075982870871314
5.35 4.075982870871314
5.35 4.075982870871314
5.35 4.075982870871314
5.35 4.075982870871314
5.36 4.103509215145969
5.41 4.214201579124444
5.41 4.214201579124444
5.41 4.214201579124444
5.42 4.207208820656048
5.42 4.207208820656048
5.42 4.207208820656048
5.42 4.207208820656048
5.42 4.207208820656048
5.42 4.207208820656048
5.42 4.207208820656048
5.42 4.207208820656048
5.42 4.207208820656048
5.42 4.207208820656048
5.42 4.207208820656048
5.42 4.207208820656048
5.42 4.207208820656048
5.42 4.207208820656048
5.42 4.207208820656048
5.42 4.207208820656048
5.42 4.207208820656048
5.43 4.200180371307303
5.44 4.197931188410106
5.44 4.197931188410106
5.44 4.197931188410106
5.44 4.197931188410106
5.44 4.197931188410106
5.44 4.197931188410106
5.44 4.197931188410106
5.46 4.210184861221246
5.46 4.210184861221246
5.46 4.210184861221246
5.46 4.210184861221246
5.46 4.210184861221246
5.5 4.22474672003954
5.5 4.22474672003954
5.5 4.22474672003954
5.5 4.22474672003954
5.5 4.22474672003954
5.5 4.22474672003954
5.5 4.22474672003954
5.5 4.22474672003954
5.5 4.22474672003954
5.5 4.22474672003954
5.51 4.227125010995752
5.51 4.227125010995752
5.51 4.227125010995752
5.51 4.227125010995752
5.51 4.227125010995752
5.51 4.227125010995752
5.51 4.227125010995752
5.51 4.227125010995752
5.51 4.227125010995752
5.51 4.227125010995752
5.51 4.227125010995752
5.51 4.227125010995752
5.51 4.227125010995752
5.51 4.227125010995752
5.51 4.227125010995752
5.51 4.227125010995752
5.52 4.236636745000793
5.52 4.236636745000793
5.52 4.236636745000793
5.52 4.236636745000793
5.52 4.236636745000793
5.52 4.236636745000793
5.52 4.236636745000793
5.54 4.234108733567994
5.54 4.234108733567994
5.54 4.234108733567994
5.54 4.234108733567994
5.54 4.234108733567994
5.56 4.217136756644538
5.56 4.217136756644538
5.56 4.217136756644538
5.56 4.217136756644538
5.56 4.217136756644538
5.56 4.217136756644538
5.58 4.219196151118855
5.58 4.219196151118855
5.58 4.219196151118855
5.58 4.219196151118855
5.58 4.219196151118855
5.58 4.219196151118855
5.58 4.219196151118855
5.58 4.219196151118855
5.58 4.219196151118855
5.58 4.219196151118855
5.58 4.219196151118855
5.58 4.219196151118855
5.58 4.219196151118855
5.58 4.219196151118855
5.58 4.219196151118855
5.58 4.219196151118855
5.58 4.219196151118855
5.58 4.219196151118855
5.58 4.219196151118855
5.58 4.219196151118855
5.58 4.219196151118855
5.58 4.219196151118855
5.58 4.219196151118855
5.58 4.219196151118855
5.58 4.219196151118855
5.58 4.219196151118855
5.58 4.219196151118855
5.58 4.219196151118855
5.58 4.219196151118855
5.58 4.219196151118855
5.58 4.219196151118855
5.58 4.219196151118855
5.58 4.219196151118855
5.58 4.219196151118855
5.58 4.219196151118855
5.58 4.219196151118855
5.58 4.219196151118855
5.58 4.219196151118855
5.58 4.219196151118855
5.58 4.219196151118855
5.58 4.219196151118855
5.58 4.219196151118855
5.59 4.223778288488048
5.63 4.208349084879011
5.63 4.208349084879011
5.63 4.208349084879011
5.63 4.208349084879011
5.63 4.208349084879011
5.63 4.208349084879011
5.63 4.208349084879011
5.63 4.208349084879011
5.63 4.208349084879011
5.63 4.208349084879011
5.63 4.208349084879011
5.63 4.208349084879011
5.63 4.208349084879011
5.63 4.208349084879011
5.63 4.208349084879011
5.63 4.208349084879011
5.63 4.208349084879011
5.63 4.208349084879011
5.63 4.208349084879011
5.63 4.208349084879011
5.63 4.208349084879011
5.63 4.208349084879011
5.63 4.208349084879011
5.63 4.208349084879011
5.63 4.208349084879011
5.63 4.208349084879011
5.63 4.208349084879011
5.64 4.236732112123562
5.64 4.236732112123562
5.64 4.236732112123562
5.64 4.236732112123562
5.64 4.236732112123562
5.67 4.249907901557065
5.67 4.249907901557065
5.67 4.249907901557065
5.68 4.251868276226795
5.68 4.251868276226795
5.68 4.251868276226795
5.69 4.244295042058271
5.69 4.244295042058271
5.69 4.244295042058271
5.69 4.244295042058271
5.69 4.244295042058271
5.74 4.241735874889339
5.74 4.241735874889339
5.74 4.241735874889339
5.74 4.241735874889339
5.74 4.241735874889339
5.74 4.241735874889339
5.74 4.241735874889339
5.74 4.241735874889339
5.74 4.241735874889339
5.74 4.241735874889339
5.74 4.241735874889339
5.74 4.241735874889339
5.74 4.241735874889339
5.74 4.241735874889339
5.74 4.241735874889339
5.74 4.241735874889339
5.74 4.241735874889339
5.74 4.241735874889339
5.74 4.241735874889339
5.74 4.241735874889339
5.74 4.241735874889339
5.74 4.241735874889339
5.74 4.241735874889339
5.74 4.241735874889339
5.74 4.241735874889339
5.74 4.241735874889339
5.74 4.241735874889339
5.74 4.241735874889339
5.75 4.24829139748909
5.75 4.24829139748909
5.75 4.24829139748909
5.75 4.24829139748909
5.75 4.24829139748909
5.75 4.24829139748909
5.76 4.264298585259063
5.76 4.264298585259063
5.76 4.264298585259063
5.76 4.264298585259063
5.76 4.264298585259063
5.76 4.264298585259063
5.78 4.2559049886865745
5.78 4.2559049886865745
5.78 4.2559049886865745
5.79 4.283619257052841
5.79 4.283619257052841
5.79 4.283619257052841
5.79 4.283619257052841
5.79 4.283619257052841
5.82 4.344693733321559
5.82 4.344693733321559
5.82 4.344693733321559
5.82 4.344693733321559
5.82 4.344693733321559
5.83 4.348586209356096
5.83 4.348586209356096
5.83 4.348586209356096
5.83 4.348586209356096
5.83 4.348586209356096
5.83 4.348586209356096
5.86 4.353148169991345
5.86 4.353148169991345
5.86 4.353148169991345
5.86 4.353148169991345
5.86 4.353148169991345
5.86 4.353148169991345
5.86 4.353148169991345
5.86 4.353148169991345
5.86 4.353148169991345
5.86 4.353148169991345
5.86 4.353148169991345
5.86 4.353148169991345
5.86 4.353148169991345
5.86 4.353148169991345
5.86 4.353148169991345
5.86 4.353148169991345
5.86 4.353148169991345
5.86 4.353148169991345
5.92 4.382425876801177
5.92 4.382425876801177
5.92 4.382425876801177
5.92 4.382425876801177
5.92 4.382425876801177
5.92 4.382425876801177
5.93 4.395256855780199
5.93 4.395256855780199
5.93 4.395256855780199
5.93 4.395256855780199
5.95 4.400126260814697
5.95 4.400126260814697
6.0 4.563801357233116
6.0 4.563801357233116
6.0 4.563801357233116
6.0 4.563801357233116
6.0 4.563801357233116
6.01 4.562683509523841
6.01 4.562683509523841
6.01 4.562683509523841
6.01 4.562683509523841
6.02 4.561543244087111
6.02 4.561543244087111
6.02 4.561543244087111
6.02 4.561543244087111
6.02 4.561543244087111
6.02 4.561543244087111
6.02 4.561543244087111
6.02 4.561543244087111
6.02 4.561543244087111
6.02 4.561543244087111
6.03 4.56923175029225
6.05 4.560203344748406
6.05 4.560203344748406
6.05 4.560203344748406
6.05 4.560203344748406
6.05 4.560203344748406
6.05 4.560203344748406
6.05 4.560203344748406
6.05 4.560203344748406
6.05 4.560203344748406
6.05 4.560203344748406
6.05 4.560203344748406
6.05 4.560203344748406
6.1 4.564907867458425
6.1 4.564907867458425
6.1 4.564907867458425
6.1 4.564907867458425
6.1 4.564907867458425
6.1 4.564907867458425
6.1 4.564907867458425
6.1 4.564907867458425
6.1 4.564907867458425
6.1 4.564907867458425
6.1 4.564907867458425
6.1 4.564907867458425
6.1 4.564907867458425
6.1 4.564907867458425
6.12 4.582090740650557
6.12 4.582090740650557
6.12 4.582090740650557
6.12 4.582090740650557
6.12 4.582090740650557
6.12 4.582090740650557
6.12 4.582090740650557
6.12 4.582090740650557
6.12 4.582090740650557
6.12 4.582090740650557
6.12 4.582090740650557
6.12 4.582090740650557
6.12 4.582090740650557
6.12 4.582090740650557
6.12 4.582090740650557
6.12 4.582090740650557
6.12 4.582090740650557
6.12 4.582090740650557
6.12 4.582090740650557
6.12 4.582090740650557
6.12 4.582090740650557
6.12 4.582090740650557
6.12 4.582090740650557
6.12 4.582090740650557
6.14 4.572690121743977
6.14 4.572690121743977
6.14 4.572690121743977
6.14 4.572690121743977
6.14 4.572690121743977
6.14 4.572690121743977
6.14 4.572690121743977
6.14 4.572690121743977
6.14 4.572690121743977
6.14 4.572690121743977
6.14 4.572690121743977
6.14 4.572690121743977
6.14 4.572690121743977
6.14 4.572690121743977
6.14 4.572690121743977
6.14 4.572690121743977
6.14 4.572690121743977
6.14 4.572690121743977
6.14 4.572690121743977
6.15 4.580095274912163
6.15 4.580095274912163
6.15 4.580095274912163
6.15 4.580095274912163
6.15 4.580095274912163
6.16 4.572027377808926
6.17 4.570557952810576
6.17 4.570557952810576
6.17 4.570557952810576
6.17 4.570557952810576
6.17 4.570557952810576
6.17 4.570557952810576
6.17 4.570557952810576
6.17 4.570557952810576
6.17 4.570557952810576
6.17 4.570557952810576
6.17 4.570557952810576
6.17 4.570557952810576
6.17 4.570557952810576
6.17 4.570557952810576
6.17 4.570557952810576
6.17 4.570557952810576
6.17 4.570557952810576
6.17 4.570557952810576
6.17 4.570557952810576
6.17 4.570557952810576
6.17 4.570557952810576
6.17 4.570557952810576
6.17 4.570557952810576
6.17 4.570557952810576
6.17 4.570557952810576
6.17 4.570557952810576
6.17 4.570557952810576
6.17 4.570557952810576
6.17 4.570557952810576
6.17 4.570557952810576
6.17 4.570557952810576
6.17 4.570557952810576
6.17 4.570557952810576
6.17 4.570557952810576
6.17 4.570557952810576
6.17 4.570557952810576
6.17 4.570557952810576
6.17 4.570557952810576
6.17 4.570557952810576
6.17 4.570557952810576
6.17 4.570557952810576
6.17 4.570557952810576
6.17 4.570557952810576
6.17 4.570557952810576
6.17 4.570557952810576
6.17 4.570557952810576
6.17 4.570557952810576
6.17 4.570557952810576
6.17 4.570557952810576
6.17 4.570557952810576
6.17 4.570557952810576
6.17 4.570557952810576
6.17 4.570557952810576
6.17 4.570557952810576
6.17 4.570557952810576
6.17 4.570557952810576
6.17 4.570557952810576
6.17 4.570557952810576
6.17 4.570557952810576
6.17 4.570557952810576
6.17 4.570557952810576
6.17 4.570557952810576
6.17 4.570557952810576
6.17 4.570557952810576
6.17 4.570557952810576
6.17 4.570557952810576
6.17 4.570557952810576
6.21 4.542270602047198
6.29 4.7806322222530815
6.29 4.7806322222530815
6.29 4.7806322222530815
6.29 4.7806322222530815
6.29 4.7806322222530815
6.29 4.7806322222530815
6.29 4.7806322222530815
6.29 4.7806322222530815
6.29 4.7806322222530815
6.29 4.7806322222530815
6.29 4.7806322222530815
6.29 4.7806322222530815
6.29 4.7806322222530815
6.29 4.7806322222530815
6.29 4.7806322222530815
6.29 4.7806322222530815
6.29 4.7806322222530815
6.29 4.7806322222530815
6.29 4.7806322222530815
6.29 4.7806322222530815
6.32 4.788200986473801
6.32 4.788200986473801
6.32 4.788200986473801
6.32 4.788200986473801
6.32 4.788200986473801
6.32 4.788200986473801
6.32 4.788200986473801
6.32 4.788200986473801
6.32 4.788200986473801
6.32 4.788200986473801
6.32 4.788200986473801
6.32 4.788200986473801
6.32 4.788200986473801
6.32 4.788200986473801
6.32 4.788200986473801
6.32 4.788200986473801
6.32 4.788200986473801
6.32 4.788200986473801
6.32 4.788200986473801
6.32 4.788200986473801
6.32 4.788200986473801
6.32 4.788200986473801
6.32 4.788200986473801
6.32 4.788200986473801
6.32 4.788200986473801
6.32 4.788200986473801
6.32 4.788200986473801
6.32 4.788200986473801
6.32 4.788200986473801
6.32 4.788200986473801
6.32 4.788200986473801
6.32 4.788200986473801
6.32 4.788200986473801
6.32 4.788200986473801
6.32 4.788200986473801
6.32 4.788200986473801
6.32 4.788200986473801
6.32 4.788200986473801
6.32 4.788200986473801
6.32 4.788200986473801
6.32 4.788200986473801
6.32 4.788200986473801
6.32 4.788200986473801
6.35 4.789245106159079
6.35 4.789245106159079
6.35 4.789245106159079
6.35 4.789245106159079
6.35 4.789245106159079
6.35 4.789245106159079
6.35 4.789245106159079
6.35 4.789245106159079
6.36 4.785331121186282
6.36 4.785331121186282
6.36 4.785331121186282
6.36 4.785331121186282
6.36 4.785331121186282
6.36 4.785331121186282
6.37 4.787726311342705
6.37 4.787726311342705
6.37 4.787726311342705
6.37 4.787726311342705
6.37 4.787726311342705
6.37 4.787726311342705
6.37 4.787726311342705
6.37 4.787726311342705
6.37 4.787726311342705
6.37 4.787726311342705
6.37 4.787726311342705
6.37 4.787726311342705
6.37 4.787726311342705
6.37 4.787726311342705
6.37 4.787726311342705
6.37 4.787726311342705
6.37 4.787726311342705
6.37 4.787726311342705
6.37 4.787726311342705
6.37 4.787726311342705
6.39 4.773442947784917
6.39 4.773442947784917
6.39 4.773442947784917
6.39 4.773442947784917
6.39 4.773442947784917
6.39 4.773442947784917
6.39 4.773442947784917
6.39 4.773442947784917
6.39 4.773442947784917
6.39 4.773442947784917
6.39 4.773442947784917
6.39 4.773442947784917
6.39 4.773442947784917
6.39 4.773442947784917
6.39 4.773442947784917
6.39 4.773442947784917
6.39 4.773442947784917
6.39 4.773442947784917
6.39 4.773442947784917
6.39 4.773442947784917
6.39 4.773442947784917
6.39 4.773442947784917
6.39 4.773442947784917
6.39 4.773442947784917
6.39 4.773442947784917
6.39 4.773442947784917
6.39 4.773442947784917
6.39 4.773442947784917
6.39 4.773442947784917
6.39 4.773442947784917
6.39 4.773442947784917
6.39 4.773442947784917
6.44 4.742500725494212
6.44 4.742500725494212
6.44 4.742500725494212
6.44 4.742500725494212
6.44 4.742500725494212
6.44 4.742500725494212
6.44 4.742500725494212
6.44 4.742500725494212
6.45 4.738356276391657
6.45 4.738356276391657
6.45 4.738356276391657
6.45 4.738356276391657
6.45 4.738356276391657
6.46 4.727781635388756
6.46 4.727781635388756
6.5 4.79161725929732
6.5 4.79161725929732
6.51 4.789498191803909
6.51 4.789498191803909
6.51 4.789498191803909
6.51 4.789498191803909
6.51 4.789498191803909
6.51 4.789498191803909
6.51 4.789498191803909
6.51 4.789498191803909
6.51 4.789498191803909
6.51 4.789498191803909
6.51 4.789498191803909
6.51 4.789498191803909
6.51 4.789498191803909
6.51 4.789498191803909
6.51 4.789498191803909
6.51 4.789498191803909
6.51 4.789498191803909
6.51 4.789498191803909
6.55 4.860425637095724
6.55 4.860425637095724
6.55 4.860425637095724
6.55 4.860425637095724
6.55 4.860425637095724
6.55 4.860425637095724
6.57 4.858097478551775
6.57 4.858097478551775
6.57 4.858097478551775
6.57 4.858097478551775
6.57 4.858097478551775
6.57 4.858097478551775
6.57 4.858097478551775
6.57 4.858097478551775
6.57 4.858097478551775
6.57 4.858097478551775
6.57 4.858097478551775
6.57 4.858097478551775
6.57 4.858097478551775
6.57 4.858097478551775
6.57 4.858097478551775
6.57 4.858097478551775
6.57 4.858097478551775
6.57 4.858097478551775
6.57 4.858097478551775
6.57 4.858097478551775
6.57 4.858097478551775
6.57 4.858097478551775
6.57 4.858097478551775
6.57 4.858097478551775
6.57 4.858097478551775
6.57 4.858097478551775
6.57 4.858097478551775
6.57 4.858097478551775
6.57 4.858097478551775
6.57 4.858097478551775
6.57 4.858097478551775
6.57 4.858097478551775
6.57 4.858097478551775
6.57 4.858097478551775
6.57 4.858097478551775
6.61 4.844855649307445
6.61 4.844855649307445
6.61 4.844855649307445
6.61 4.844855649307445
6.61 4.844855649307445
6.61 4.844855649307445
6.61 4.844855649307445
6.61 4.844855649307445
6.61 4.844855649307445
6.61 4.844855649307445
6.61 4.844855649307445
6.61 4.844855649307445
6.61 4.844855649307445
6.65 4.889434083466679
6.65 4.889434083466679
6.65 4.889434083466679
6.65 4.889434083466679
6.65 4.889434083466679
6.65 4.889434083466679
6.65 4.889434083466679
6.65 4.889434083466679
6.65 4.889434083466679
6.65 4.889434083466679
6.65 4.889434083466679
6.65 4.889434083466679
6.65 4.889434083466679
6.65 4.889434083466679
6.65 4.889434083466679
6.65 4.889434083466679
6.65 4.889434083466679
6.65 4.889434083466679
6.7 4.9390221090757835
6.7 4.9390221090757835
6.7 4.9390221090757835
6.7 4.9390221090757835
6.7 4.9390221090757835
6.7 4.9390221090757835
6.71 4.932463068203544
6.71 4.932463068203544
6.71 4.932463068203544
6.71 4.932463068203544
6.71 4.932463068203544
6.71 4.932463068203544
6.71 4.932463068203544
6.71 4.932463068203544
6.71 4.932463068203544
6.71 4.932463068203544
6.71 4.932463068203544
6.71 4.932463068203544
6.71 4.932463068203544
6.71 4.932463068203544
6.71 4.932463068203544
6.71 4.932463068203544
6.71 4.932463068203544
6.71 4.932463068203544
6.71 4.932463068203544
6.71 4.932463068203544
6.71 4.932463068203544
6.71 4.932463068203544
6.71 4.932463068203544
6.71 4.932463068203544
6.71 4.932463068203544
6.71 4.932463068203544
6.71 4.932463068203544
6.71 4.932463068203544
6.71 4.932463068203544
6.71 4.932463068203544
6.71 4.932463068203544
6.71 4.932463068203544
6.71 4.932463068203544
6.71 4.932463068203544
6.71 4.932463068203544
6.71 4.932463068203544
6.71 4.932463068203544
6.71 4.932463068203544
6.71 4.932463068203544
6.71 4.932463068203544
6.71 4.932463068203544
6.71 4.932463068203544
6.71 4.932463068203544
6.71 4.932463068203544
6.71 4.932463068203544
6.71 4.932463068203544
6.71 4.932463068203544
6.71 4.932463068203544
6.73 4.913093205759978
6.73 4.913093205759978
6.73 4.913093205759978
6.73 4.913093205759978
6.73 4.913093205759978
6.73 4.913093205759978
6.73 4.913093205759978
6.73 4.913093205759978
6.73 4.913093205759978
6.73 4.913093205759978
6.75 4.89356410982524
6.75 4.89356410982524
6.75 4.89356410982524
6.75 4.89356410982524
6.75 4.89356410982524
6.75 4.89356410982524
6.75 4.89356410982524
6.75 4.89356410982524
6.75 4.89356410982524
6.75 4.89356410982524
6.75 4.89356410982524
6.75 4.89356410982524
6.76 4.909524859233771
6.76 4.909524859233771
6.76 4.909524859233771
6.77 4.904862563586953
6.77 4.904862563586953
6.77 4.904862563586953
6.77 4.904862563586953
6.77 4.904862563586953
6.77 4.904862563586953
6.78 4.906355391971032
6.78 4.906355391971032
6.78 4.906355391971032
6.78 4.906355391971032
6.78 4.906355391971032
6.78 4.906355391971032
6.78 4.906355391971032
6.78 4.906355391971032
6.78 4.906355391971032
6.78 4.906355391971032
6.78 4.906355391971032
6.78 4.906355391971032
6.78 4.906355391971032
6.78 4.906355391971032
6.78 4.906355391971032
6.78 4.906355391971032
6.78 4.906355391971032
6.78 4.906355391971032
6.8 4.915446689937362
6.8 4.915446689937362
6.8 4.915446689937362
6.8 4.915446689937362
6.8 4.915446689937362
6.8 4.915446689937362
6.8 4.915446689937362
6.8 4.915446689937362
6.8 4.915446689937362
6.8 4.915446689937362
6.8 4.915446689937362
6.81 4.908650373050466
6.81 4.908650373050466
6.81 4.908650373050466
6.82 4.897700965501542
6.82 4.897700965501542
6.82 4.897700965501542
6.82 4.897700965501542
6.82 4.897700965501542
6.82 4.897700965501542
6.82 4.897700965501542
6.82 4.897700965501542
6.82 4.897700965501542
6.82 4.897700965501542
6.82 4.897700965501542
6.82 4.897700965501542
6.82 4.897700965501542
6.82 4.897700965501542
6.82 4.897700965501542
6.82 4.897700965501542
6.82 4.897700965501542
6.82 4.897700965501542
6.82 4.897700965501542
6.82 4.897700965501542
6.82 4.897700965501542
6.82 4.897700965501542
6.83 4.886706353966748
6.84 4.888080741286229
6.84 4.888080741286229
6.84 4.888080741286229
6.84 4.888080741286229
6.84 4.888080741286229
6.84 4.888080741286229
6.84 4.888080741286229
6.88 4.864383025854587
6.88 4.864383025854587
6.88 4.864383025854587
6.88 4.864383025854587
6.88 4.864383025854587
6.88 4.864383025854587
6.88 4.864383025854587
6.88 4.864383025854587
6.92 4.844407376375651
