1.14 1.693839103660944
1.64 1.6908547835310699
1.8 1.6514456476895405
1.94 1.594308057377301
2.03 1.5469422429523036
2.01 1.5472034073897287
2.13 1.5351438586225945
2.13 1.5351438586225945
2.16 1.528979325490628
2.16 1.528979325490628
2.16 1.528979325490628
2.16 1.528979325490628
2.17 1.5245797566357202
2.17 1.5245797566357202
2.17 1.5245797566357202
2.17 1.5245797566357202
2.17 1.5245797566357202
2.17 1.5245797566357202
2.17 1.5245797566357202
2.17 1.5245797566357202
2.17 1.5245797566357202
2.2 1.5308279927654647
2.2 1.5308279927654647
2.2 1.5308279927654647
2.21 1.5261690336237066
2.21 1.5261690336237066
2.23 1.5232540924950864
2.24 1.5183723342627606
2.18 1.4025949975929364
2.18 1.4025949975929364
2.18 1.4025949975929364
2.24 1.422190656215355
2.24 1.422190656215355
2.24 1.422190656215355
2.24 1.422190656215355
2.24 1.422190656215355
2.24 1.422190656215355
2.24 1.422190656215355
2.24 1.422190656215355
2.24 1.422190656215355
2.24 1.422190656215355
2.24 1.422190656215355
2.24 1.422190656215355
2.26 1.4186349962288585
2.23 1.4344604447933609
2.24 1.422190656215355
2.24 1.422190656215355
2.24 1.422190656215355
2.25 1.4168894655461863
2.25 1.4168894655461863
2.25 1.4168894655461863
2.25 1.4168894655461863
2.25 1.4168894655461863
2.31 1.4886438815447463
2.31 1.4886438815447463
2.35 1.5067189585991214
2.35 1.5067189585991214
2.35 1.5067189585991214
2.35 1.5067189585991214
2.36 1.5009761133773238
2.36 1.5009761133773238
2.36 1.5009761133773238
2.36 1.5009761133773238
2.38 1.5094316275949162
2.38 1.5094316275949162
2.38 1.5094316275949162
2.38 1.5094316275949162
2.38 1.5094316275949162
2.38 1.5094316275949162
2.38 1.5094316275949162
2.38 1.5094316275949162
2.38 1.5094316275949162
2.38 1.5094316275949162
2.38 1.5094316275949162
2.38 1.5094316275949162
2.38 1.5094316275949162
2.4 1.50420286618071
2.4 1.50420286618071
2.43 1.5059142664102028
2.43 1.5059142664102028
2.42 1.5054111153643799
2.42 1.5054111153643799
2.42 1.5054111153643799
2.42 1.5054111153643799
2.42 1.5054111153643799
2.42 1.5054111153643799
2.42 1.5054111153643799
2.42 1.5054111153643799
2.42 1.5054111153643799
2.42 1.5054111153643799
2.42 1.5054111153643799
2.42 1.5054111153643799
2.42 1.5054111153643799
2.42 1.5054111153643799
2.43 1.4991917014097162
2.43 1.4991917014097162
2.43 1.4991917014097162
2.43 1.4991917014097162
2.43 1.4991917014097162
2.43 1.4991917014097162
2.43 1.4991917014097162
2.43 1.4991917014097162
2.45 1.5067189585991205
2.45 1.5067189585991205
2.47 1.5139419414297903
2.47 1.5139419414297903
2.47 1.5139419414297903
2.47 1.5139419414297903
2.47 1.5139419414297903
2.5 1.5142421513513922
2.5 1.5142421513513922
2.5 1.5142421513513922
2.56 1.539513238040197
2.56 1.539513238040197
2.56 1.539513238040197
2.56 1.539513238040197
2.56 1.539513238040197
2.56 1.539513238040197
2.56 1.539513238040197
2.56 1.539513238040197
2.56 1.539513238040197
2.56 1.539513238040197
2.56 1.539513238040197
2.56 1.539513238040197
2.56 1.539513238040197
2.56 1.539513238040197
2.56 1.539513238040197
2.56 1.539513238040197
2.56 1.539513238040197
2.56 1.539513238040197
2.56 1.539513238040197
2.56 1.539513238040197
2.56 1.539513238040197
2.56 1.539513238040197
2.56 1.539513238040197
2.56 1.539513238040197
2.57 1.5325096601933248
2.57 1.5325096601933248
2.57 1.5325096601933248
2.57 1.5325096601933248
2.57 1.5325096601933248
2.59 1.524844751163709
2.65 1.6537377315791302
2.65 1.6537377315791302
2.66 1.6527907222988543
2.66 1.6527907222988543
2.68 1.6445809389161918
2.68 1.6445809389161918
2.68 1.6445809389161918
2.68 1.6445809389161918
2.68 1.6445809389161918
2.68 1.6445809389161918
2.68 1.6445809389161918
2.68 1.6445809389161918
2.68 1.6445809389161918
2.68 1.6445809389161918
2.68 1.6445809389161918
2.68 1.6445809389161918
2.68 1.6445809389161918
2.68 1.6445809389161918
2.68 1.6445809389161918
2.68 1.6445809389161918
2.69 1.6372864962208264
2.69 1.6372864962208264
2.69 1.6372864962208264
2.71 1.6286264895378078
2.71 1.6286264895378078
2.71 1.6286264895378078
2.71 1.6286264895378078
2.71 1.6286264895378078
2.71 1.6286264895378078
2.7 1.6298974374376005
2.73 1.6258952467903194
2.73 1.6258952467903194
2.73 1.6258952467903194
2.73 1.6258952467903194
2.73 1.6258952467903194
2.73 1.6258952467903194
2.73 1.6258952467903194
2.73 1.6258952467903194
2.73 1.6258952467903194
2.73 1.6258952467903194
2.73 1.6258952467903194
2.73 1.6258952467903194
2.73 1.6258952467903194
2.73 1.6258952467903194
2.73 1.6258952467903194
2.73 1.6258952467903194
2.73 1.6258952467903194
2.73 1.6258952467903194
2.73 1.6258952467903194
2.73 1.6258952467903194
2.73 1.6258952467903194
2.73 1.6258952467903194
2.74 1.6182045169217203
2.75 1.6104143390551213
2.75 1.6104143390551213
2.75 1.6104143390551213
2.75 1.6104143390551213
2.75 1.6104143390551213
2.75 1.6104143390551213
2.75 1.6104143390551213
2.75 1.6104143390551213
2.75 1.6104143390551213
2.77 1.6008520458578526
2.77 1.6008520458578526
2.78 1.605420112423454
2.78 1.605420112423454
2.78 1.605420112423454
2.78 1.605420112423454
2.79 1.5973146657481552
2.81 1.5871644240881002
2.81 1.5871644240881002
2.81 1.5871644240881002
2.81 1.5871644240881002
2.81 1.5871644240881002
2.81 1.5871644240881002
2.81 1.5871644240881002
2.8 1.58910431540932
2.8 1.58910431540932
2.8 1.58910431540932
2.8 1.58910431540932
2.8 1.58910431540932
2.8 1.58910431540932
2.8 1.58910431540932
2.8 1.58910431540932
2.8 1.58910431540932
2.8 1.58910431540932
2.81 1.5807874268505842
2.81 1.5807874268505842
2.81 1.5807874268505842
2.81 1.5807874268505842
2.81 1.5807874268505842
2.81 1.5807874268505842
2.81 1.5807874268505842
2.81 1.5807874268505842
2.81 1.5807874268505842
2.82 1.572362309495885
2.82 1.572362309495885
2.82 1.572362309495885
2.82 1.572362309495885
2.82 1.572362309495885
2.82 1.572362309495885
2.82 1.572362309495885
2.83 1.5638272140986527
2.83 1.5638272140986527
2.83 1.5638272140986527
2.83 1.5638272140986527
2.83 1.5638272140986527
2.83 1.5638272140986527
2.83 1.5638272140986527
2.83 1.5638272140986527
2.83 1.5638272140986527
2.84 1.555180329925073
2.84 1.555180329925073
2.84 1.555180329925073
2.84 1.555180329925073
2.84 1.555180329925073
2.84 1.555180329925073
2.84 1.555180329925073
2.84 1.555180329925073
2.84 1.555180329925073
2.84 1.555180329925073
2.84 1.555180329925073
2.84 1.555180329925073
2.84 1.555180329925073
2.84 1.555180329925073
2.84 1.555180329925073
2.84 1.555180329925073
2.84 1.555180329925073
2.84 1.555180329925073
2.84 1.555180329925073
2.84 1.555180329925073
2.84 1.555180329925073
2.84 1.555180329925073
2.84 1.555180329925073
2.84 1.555180329925073
2.84 1.555180329925073
2.84 1.555180329925073
2.84 1.555180329925073
2.84 1.555180329925073
2.84 1.555180329925073
2.84 1.555180329925073
2.84 1.555180329925073
2.84 1.555180329925073
2.84 1.555180329925073
2.85 1.5464197817585437
2.85 1.5464197817585437
2.85 1.5464197817585437
2.85 1.5464197817585437
2.85 1.5464197817585437
2.85 1.5464197817585437
2.85 1.5464197817585437
2.85 1.5464197817585437
2.85 1.5464197817585437
2.87 1.5351438586225945
2.87 1.5351438586225945
2.87 1.5351438586225945
2.87 1.5351438586225945
2.87 1.5351438586225945
2.87 1.5351438586225945
2.87 1.5351438586225945
2.87 1.5351438586225945
2.87 1.5351438586225945
2.87 1.5351438586225945
2.87 1.5351438586225945
2.87 1.5351438586225945
2.87 1.5351438586225945
2.87 1.5351438586225945
2.87 1.5351438586225945
2.87 1.5351438586225945
2.91 1.564085559157055
2.97 1.641968515550955
2.97 1.641968515550955
2.97 1.641968515550955
2.97 1.641968515550955
2.97 1.641968515550955
2.97 1.641968515550955
2.97 1.641968515550955
2.97 1.641968515550955
2.97 1.641968515550955
2.97 1.641968515550955
2.98 1.63286944556588
2.91 1.5182060120252114
2.91 1.5182060120252114
2.91 1.5182060120252114
2.91 1.5182060120252114
2.91 1.5182060120252114
2.91 1.5182060120252114
2.95 1.5723301886761007
2.95 1.5723301886761007
2.95 1.5723301886761007
2.95 1.5723301886761007
2.97 1.572844043075595
2.97 1.572844043075595
2.97 1.572844043075595
2.97 1.572844043075595
2.97 1.572844043075595
2.97 1.572844043075595
2.97 1.572844043075595
2.97 1.572844043075595
2.97 1.572844043075595
2.97 1.572844043075595
2.97 1.572844043075595
2.97 1.572844043075595
2.97 1.572844043075595
2.97 1.572844043075595
2.97 1.572844043075595
2.97 1.572844043075595
2.97 1.572844043075595
2.97 1.572844043075595
2.97 1.572844043075595
2.97 1.572844043075595
2.97 1.572844043075595
2.97 1.572844043075595
2.97 1.572844043075595
2.97 1.572844043075595
2.97 1.572844043075595
2.97 1.572844043075595
2.97 1.572844043075595
2.97 1.572844043075595
2.97 1.572844043075595
2.97 1.572844043075595
2.97 1.572844043075595
2.97 1.572844043075595
2.97 1.572844043075595
2.97 1.572844043075595
2.97 1.572844043075595
2.97 1.572844043075595
2.97 1.572844043075595
2.97 1.572844043075595
3.01 1.592247633143955
3.01 1.592247633143955
3.01 1.592247633143955
3.01 1.592247633143955
3.01 1.592247633143955
3.01 1.592247633143955
3.01 1.592247633143955
3.01 1.592247633143955
3.01 1.592247633143955
3.01 1.592247633143955
3.01 1.592247633143955
3.01 1.592247633143955
3.01 1.592247633143955
3.01 1.592247633143955
3.01 1.592247633143955
3.01 1.592247633143955
3.01 1.592247633143955
3.01 1.592247633143955
3.01 1.592247633143955
3.01 1.592247633143955
3.01 1.592247633143955
3.01 1.592247633143955
3.01 1.592247633143955
3.01 1.592247633143955
3.01 1.592247633143955
3.01 1.592247633143955
3.01 1.592247633143955
3.01 1.592247633143955
3.01 1.592247633143955
3.01 1.592247633143955
3.01 1.592247633143955
3.01 1.592247633143955
3.01 1.592247633143955
3.04 1.657063241357609
3.04 1.657063241357609
3.04 1.657063241357609
3.04 1.657063241357609
3.04 1.657063241357609
3.04 1.657063241357609
3.05 1.6476184220402683
3.05 1.6476184220402683
3.05 1.6476184220402683
3.05 1.6476184220402683
3.05 1.6476184220402683
3.05 1.6476184220402683
3.05 1.6476184220402683
3.06 1.6380574847154548
3.06 1.6380574847154548
3.06 1.6380574847154548
3.06 1.6380574847154548
3.06 1.6380574847154548
3.06 1.6380574847154548
3.06 1.6380574847154548
3.06 1.6380574847154548
3.06 1.6380574847154548
3.06 1.6380574847154548
3.06 1.6380574847154548
3.06 1.6380574847154548
3.06 1.6380574847154548
3.08 1.6248076809271925
3.08 1.6248076809271925
3.08 1.6248076809271925
3.08 1.6248076809271925
3.08 1.6248076809271925
3.08 1.6248076809271925
3.08 1.6248076809271925
3.09 1.614924084277586
3.09 1.614924084277586
3.09 1.614924084277586
3.09 1.614924084277586
3.09 1.614924084277586
3.09 1.614924084277586
3.09 1.614924084277586
3.09 1.614924084277586
3.09 1.614924084277586
3.09 1.614924084277586
3.09 1.614924084277586
3.09 1.614924084277586
3.09 1.614924084277586
3.09 1.614924084277586
3.09 1.614924084277586
3.09 1.614924084277586
3.09 1.614924084277586
3.09 1.614924084277586
3.09 1.614924084277586
3.09 1.614924084277586
3.09 1.614924084277586
3.09 1.614924084277586
3.11 1.6011044168121442
3.11 1.6011044168121442
3.11 1.6011044168121442
3.11 1.6011044168121442
3.11 1.6011044168121442
3.11 1.6011044168121442
3.11 1.6011044168121442
3.11 1.6011044168121442
3.11 1.6011044168121442
3.11 1.6011044168121442
3.11 1.6011044168121442
3.11 1.6011044168121442
3.11 1.6011044168121442
3.11 1.6011044168121442
3.11 1.6011044168121442
3.11 1.6011044168121442
3.11 1.6011044168121442
3.11 1.6011044168121442
3.11 1.6011044168121442
3.11 1.6011044168121442
3.11 1.6011044168121442
3.11 1.6011044168121442
3.11 1.6011044168121442
3.11 1.6011044168121442
3.11 1.6011044168121442
3.11 1.6011044168121442
3.11 1.6011044168121442
3.12 1.6035314562904999
3.12 1.6035314562904999
3.12 1.6035314562904999
3.12 1.6035314562904999
3.13 1.5932623288350385
3.13 1.5932623288350385
3.13 1.5932623288350385
3.13 1.5932623288350385
3.13 1.5932623288350385
3.13 1.5932623288350385
3.13 1.5932623288350385
3.13 1.5932623288350385
3.13 1.5932623288350385
3.13 1.5932623288350385
3.13 1.5932623288350385
3.13 1.5932623288350385
3.13 1.5932623288350385
3.13 1.5932623288350385
3.13 1.5932623288350385
3.13 1.5932623288350385
3.13 1.5932623288350385
3.13 1.5932623288350385
3.13 1.5932623288350385
3.13 1.5932623288350385
3.13 1.5932623288350385
3.13 1.5932623288350385
3.13 1.5932623288350385
3.13 1.5932623288350385
3.13 1.5932623288350385
3.13 1.5932623288350385
3.13 1.5932623288350385
3.13 1.5932623288350385
3.13 1.5932623288350385
3.13 1.5932623288350385
3.13 1.5932623288350385
3.13 1.5932623288350385
3.13 1.5932623288350385
3.13 1.5932623288350385
3.13 1.5932623288350385
3.13 1.5932623288350385
3.13 1.5932623288350385
3.13 1.5932623288350385
3.13 1.5932623288350385
3.13 1.5932623288350385
3.13 1.5932623288350385
3.13 1.5932623288350385
3.13 1.5932623288350385
3.13 1.5932623288350385
3.13 1.5932623288350385
3.13 1.5932623288350385
3.13 1.5932623288350385
3.13 1.5932623288350385
3.13 1.5932623288350385
3.13 1.5932623288350385
3.13 1.5932623288350385
3.13 1.5932623288350385
3.13 1.5932623288350385
3.13 1.5932623288350385
3.13 1.5932623288350385
3.13 1.5932623288350385
3.13 1.5932623288350385
3.13 1.5932623288350385
3.13 1.5932623288350385
3.13 1.5932623288350385
3.13 1.5932623288350385
3.13 1.5932623288350385
3.13 1.5932623288350385
3.13 1.5932623288350385
3.13 1.5932623288350385
3.13 1.5932623288350385
3.13 1.5932623288350385
3.13 1.5932623288350385
3.13 1.5932623288350385
3.13 1.5932623288350385
3.13 1.5932623288350385
3.14 1.5828627689899535
3.14 1.5828627689899535
3.14 1.5828627689899535
3.14 1.5828627689899535
3.14 1.5828627689899535
3.14 1.5828627689899535
3.14 1.5828627689899535
3.14 1.5828627689899535
3.14 1.5828627689899535
3.14 1.5828627689899535
3.14 1.5828627689899535
3.16 1.580947165275911
3.16 1.580947165275911
3.16 1.580947165275911
3.16 1.580947165275911
3.16 1.580947165275911
3.16 1.580947165275911
3.16 1.580947165275911
3.16 1.580947165275911
3.16 1.580947165275911
3.16 1.580947165275911
3.17 1.57669261302246
3.17 1.57669261302246
3.17 1.57669261302246
3.17 1.57669261302246
3.17 1.57669261302246
3.17 1.57669261302246
3.17 1.57669261302246
3.17 1.57669261302246
3.17 1.57669261302246
3.17 1.57669261302246
3.17 1.57669261302246
3.17 1.57669261302246
3.17 1.57669261302246
3.19 1.637286496220827
3.19 1.637286496220827
3.19 1.637286496220827
3.19 1.637286496220827
3.19 1.637286496220827
3.19 1.637286496220827
3.19 1.637286496220827
3.19 1.637286496220827
3.19 1.637286496220827
3.19 1.637286496220827
3.19 1.637286496220827
3.19 1.637286496220827
3.19 1.637286496220827
3.19 1.637286496220827
3.19 1.637286496220827
3.19 1.637286496220827
3.19 1.637286496220827
3.19 1.637286496220827
3.19 1.637286496220827
3.19 1.637286496220827
3.19 1.637286496220827
3.19 1.637286496220827
3.19 1.637286496220827
3.19 1.637286496220827
3.19 1.637286496220827
3.2 1.6329931618554514
3.2 1.6329931618554514
3.2 1.6329931618554514
3.2 1.6329931618554514
3.2 1.6329931618554514
3.2 1.6329931618554514
3.2 1.6329931618554514
3.2 1.6329931618554514
3.2 1.6329931618554514
3.2 1.6329931618554514
3.2 1.6329931618554514
3.2 1.6329931618554514
3.2 1.6329931618554514
3.2 1.6329931618554514
3.2 1.6329931618554514
3.2 1.6329931618554514
3.2 1.6329931618554514
3.2 1.6329931618554514
3.2 1.6329931618554514
3.2 1.6329931618554514
3.2 1.6329931618554514
3.2 1.6329931618554514
3.2 1.6329931618554514
3.2 1.6329931618554514
3.2 1.6329931618554514
3.2 1.6329931618554514
3.2 1.6329931618554514
3.2 1.6329931618554514
3.2 1.6329931618554514
3.2 1.6329931618554514
3.2 1.6329931618554514
3.2 1.6329931618554514
3.2 1.6329931618554514
3.2 1.6329931618554514
3.2 1.6329931618554514
3.2 1.6329931618554514
3.21 1.6714779040832046
3.21 1.6714779040832046
3.21 1.6714779040832046
3.21 1.6714779040832046
3.21 1.6714779040832046
3.21 1.6714779040832046
3.21 1.6714779040832046
3.21 1.6714779040832046
3.21 1.6714779040832046
3.21 1.6714779040832046
3.21 1.6714779040832046
3.21 1.6714779040832046
3.21 1.6714779040832046
3.21 1.6714779040832046
3.21 1.6714779040832046
3.21 1.6714779040832046
3.21 1.6714779040832046
3.21 1.6714779040832046
3.21 1.6714779040832046
3.21 1.6714779040832046
3.21 1.6714779040832046
3.21 1.6714779040832046
3.21 1.6714779040832046
3.21 1.6714779040832046
3.21 1.6714779040832046
3.21 1.6714779040832046
3.21 1.6714779040832046
3.21 1.6714779040832046
3.21 1.6714779040832046
3.21 1.6714779040832046
3.21 1.6714779040832046
3.21 1.6714779040832046
3.21 1.6714779040832046
3.21 1.6714779040832046
3.21 1.6714779040832046
3.21 1.6714779040832046
3.21 1.6714779040832046
3.21 1.6714779040832046
3.21 1.6714779040832046
3.21 1.6714779040832046
3.21 1.6714779040832046
3.21 1.6714779040832046
3.24 1.8153108646602472
3.24 1.8153108646602472
3.24 1.8153108646602472
3.24 1.8153108646602472
3.24 1.8153108646602472
3.24 1.8153108646602472
3.24 1.8153108646602472
3.24 1.8153108646602472
3.24 1.8153108646602472
3.24 1.8153108646602472
3.24 1.8153108646602472
3.24 1.8153108646602472
3.24 1.8153108646602472
3.24 1.8153108646602472
3.24 1.8153108646602472
3.24 1.8153108646602472
3.24 1.8153108646602472
3.24 1.8153108646602472
3.24 1.8153108646602472
3.24 1.8153108646602472
3.24 1.8153108646602472
3.24 1.8153108646602472
3.24 1.8153108646602472
3.24 1.8153108646602472
3.24 1.8153108646602472
3.24 1.8153108646602472
3.24 1.8153108646602472
3.24 1.8153108646602472
3.24 1.8153108646602472
3.24 1.8153108646602472
3.24 1.8153108646602472
3.24 1.8153108646602472
3.24 1.8153108646602472
3.24 1.8153108646602472
3.24 1.8153108646602472
3.24 1.8153108646602472
3.24 1.8153108646602472
3.24 1.8153108646602472
3.24 1.8153108646602472
3.24 1.8153108646602472
3.24 1.8153108646602472
3.24 1.8153108646602472
3.24 1.8153108646602472
3.24 1.8153108646602472
3.24 1.8153108646602472
3.24 1.8153108646602472
3.24 1.8153108646602472
3.24 1.8153108646602472
3.24 1.8153108646602472
3.24 1.8153108646602472
3.24 1.8153108646602472
3.24 1.8153108646602472
3.24 1.8153108646602472
3.24 1.8153108646602472
3.24 1.8153108646602472
3.24 1.8153108646602472
3.27 1.8848411770295832
3.27 1.8848411770295832
3.27 1.8848411770295832
3.27 1.8848411770295832
3.27 1.8848411770295832
3.27 1.8848411770295832
3.27 1.8848411770295832
3.27 1.8848411770295832
3.27 1.8848411770295832
3.27 1.8848411770295832
3.27 1.8848411770295832
3.27 1.8848411770295832
3.27 1.8848411770295832
3.27 1.8848411770295832
3.27 1.8848411770295832
3.27 1.8848411770295832
3.3 1.9201220499928346
3.3 1.9201220499928346
3.3 1.9201220499928346
3.3 1.9201220499928346
3.3 1.9201220499928346
3.3 1.9201220499928346
3.3 1.9201220499928346
3.3 1.9201220499928346
3.3 1.9201220499928346
3.32 1.937821332102501
3.32 1.937821332102501
3.32 1.937821332102501
3.32 1.937821332102501
3.32 1.937821332102501
3.32 1.937821332102501
3.32 1.937821332102501
3.32 1.937821332102501
3.32 1.937821332102501
3.32 1.937821332102501
3.32 1.937821332102501
3.33 1.9335161878000526
3.33 1.9335161878000526
3.33 1.9335161878000526
3.33 1.9335161878000526
3.33 1.9335161878000526
3.33 1.9335161878000526
3.33 1.9335161878000526
3.33 1.9335161878000526
3.33 1.9335161878000526
3.33 1.9335161878000526
3.33 1.9335161878000526
3.33 1.9335161878000526
3.33 1.9335161878000526
3.33 1.9335161878000526
3.33 1.9335161878000526
3.33 1.9335161878000526
3.33 1.9335161878000526
3.33 1.9335161878000526
3.33 1.9335161878000526
3.33 1.9335161878000526
3.33 1.9335161878000526
3.33 1.9335161878000526
3.33 1.9335161878000526
3.33 1.9335161878000526
3.33 1.9335161878000526
3.34 1.9239059596077297
3.34 1.9239059596077297
3.34 1.9239059596077297
3.34 1.9239059596077297
3.34 1.9239059596077297
3.34 1.9239059596077297
3.34 1.9239059596077297
3.34 1.9239059596077297
3.34 1.9239059596077297
3.34 1.9239059596077297
3.34 1.9239059596077297
3.34 1.9239059596077297
3.34 1.9239059596077297
3.4 2.1788700620906125
3.41 2.174670531182118
3.41 2.174670531182118
3.41 2.174670531182118
3.41 2.174670531182118
3.41 2.174670531182118
3.41 2.174670531182118
3.41 2.174670531182118
3.41 2.174670531182118
3.41 2.174670531182118
3.41 2.174670531182118
3.41 2.174670531182118
3.41 2.174670531182118
3.41 2.174670531182118
3.41 2.174670531182118
3.41 2.174670531182118
3.41 2.174670531182118
3.41 2.174670531182118
3.43 2.1985072989267853
3.43 2.1985072989267853
3.43 2.1985072989267853
3.43 2.1985072989267853
3.43 2.1985072989267853
3.43 2.1985072989267853
3.38 2.1732069121066884
3.38 2.1732069121066884
3.38 2.1732069121066884
3.38 2.1732069121066884
3.38 2.1732069121066884
3.38 2.1732069121066884
3.38 2.1732069121066884
3.38 2.1732069121066884
3.38 2.1732069121066884
3.38 2.1732069121066884
3.38 2.1732069121066884
3.38 2.1732069121066884
3.38 2.1732069121066884
3.38 2.1732069121066884
3.38 2.1732069121066884
3.38 2.1732069121066884
3.38 2.1732069121066884
3.38 2.1732069121066884
3.38 2.1732069121066884
3.38 2.1732069121066884
3.38 2.1732069121066884
3.38 2.1732069121066884
3.38 2.1732069121066884
3.38 2.1732069121066884
3.38 2.1732069121066884
3.38 2.1732069121066884
3.38 2.1732069121066884
3.38 2.1732069121066884
3.38 2.1732069121066884
3.38 2.1732069121066884
3.38 2.1732069121066884
3.38 2.1732069121066884
3.38 2.1732069121066884
3.38 2.1732069121066884
3.38 2.1732069121066884
3.38 2.1732069121066884
3.38 2.1732069121066884
3.38 2.1732069121066884
3.38 2.1732069121066884
3.38 2.1732069121066884
3.38 2.1732069121066884
3.38 2.1732069121066884
3.38 2.1732069121066884
3.38 2.1732069121066884
3.38 2.1732069121066884
3.38 2.1732069121066884
3.38 2.1732069121066884
3.38 2.1732069121066884
3.38 2.1732069121066884
3.38 2.1732069121066884
3.38 2.1732069121066884
3.38 2.1732069121066884
3.38 2.1732069121066884
3.38 2.1732069121066884
3.38 2.1732069121066884
3.38 2.1732069121066884
3.38 2.1732069121066884
3.38 2.1732069121066884
3.38 2.1732069121066884
3.38 2.1732069121066884
3.38 2.1732069121066884
3.38 2.1732069121066884
3.38 2.1732069121066884
3.38 2.1732069121066884
3.38 2.1732069121066884
3.38 2.1732069121066884
3.38 2.1732069121066884
3.38 2.1732069121066884
3.38 2.1732069121066884
3.38 2.1732069121066884
3.38 2.1732069121066884
3.38 2.1732069121066884
3.38 2.1732069121066884
3.38 2.1732069121066884
3.38 2.1732069121066884
3.38 2.1732069121066884
3.38 2.1732069121066884
3.38 2.1732069121066884
3.38 2.1732069121066884
3.38 2.1732069121066884
3.38 2.1732069121066884
3.38 2.1732069121066884
3.38 2.1732069121066884
3.38 2.1732069121066884
3.38 2.1732069121066884
3.38 2.1732069121066884
3.38 2.1732069121066884
3.38 2.1732069121066884
3.38 2.1732069121066884
3.38 2.1732069121066884
3.38 2.1732069121066884
3.38 2.1732069121066884
3.38 2.1732069121066884
3.38 2.1732069121066884
3.38 2.1732069121066884
3.38 2.1732069121066884
3.38 2.1732069121066884
3.38 2.1732069121066884
3.38 2.1732069121066884
3.38 2.1732069121066884
3.38 2.1732069121066884
3.38 2.1732069121066884
3.38 2.1732069121066884
3.39 2.17374136344495
3.39 2.17374136344495
3.39 2.17374136344495
3.39 2.17374136344495
3.39 2.17374136344495
3.39 2.17374136344495
3.39 2.17374136344495
3.39 2.17374136344495
3.39 2.17374136344495
3.39 2.17374136344495
3.39 2.17374136344495
3.39 2.17374136344495
3.39 2.17374136344495
3.47 2.3374638764561415
3.47 2.3374638764561415
3.47 2.3374638764561415
3.47 2.3374638764561415
3.47 2.3374638764561415
3.47 2.3374638764561415
3.47 2.3374638764561415
3.47 2.3374638764561415
3.47 2.3374638764561415
3.47 2.3374638764561415
3.47 2.3374638764561415
3.47 2.3374638764561415
3.47 2.3374638764561415
3.47 2.3374638764561415
3.47 2.3374638764561415
3.47 2.3374638764561415
3.47 2.3374638764561415
3.47 2.3374638764561415
3.47 2.3374638764561415
3.47 2.3374638764561415
3.47 2.3374638764561415
3.47 2.3374638764561415
3.47 2.3374638764561415
3.47 2.3374638764561415
3.47 2.3374638764561415
3.47 2.3374638764561415
3.47 2.3374638764561415
3.47 2.3374638764561415
3.47 2.3374638764561415
3.47 2.3374638764561415
3.47 2.3374638764561415
3.5 2.3376583293215596
3.5 2.3376583293215596
3.5 2.3376583293215596
3.5 2.3376583293215596
3.5 2.3376583293215596
3.5 2.3376583293215596
3.5 2.3376583293215596
3.5 2.3376583293215596
3.5 2.3376583293215596
3.5 2.3376583293215596
3.5 2.3376583293215596
3.54 2.4470968162871753
3.54 2.4470968162871753
3.54 2.4470968162871753
3.54 2.4470968162871753
3.54 2.4470968162871753
3.54 2.4470968162871753
3.54 2.4470968162871753
3.54 2.4470968162871753
3.54 2.4470968162871753
3.54 2.4470968162871753
3.54 2.4470968162871753
3.54 2.4470968162871753
3.54 2.4470968162871753
3.54 2.4470968162871753
3.54 2.4470968162871753
3.54 2.4470968162871753
3.54 2.4470968162871753
3.54 2.4470968162871753
3.54 2.4470968162871753
3.54 2.4470968162871753
3.54 2.4470968162871753
3.54 2.4470968162871753
3.54 2.4470968162871753
3.54 2.4470968162871753
3.54 2.4470968162871753
3.54 2.4470968162871753
3.54 2.4470968162871753
3.54 2.4470968162871753
3.54 2.4470968162871753
3.54 2.4470968162871753
3.54 2.4470968162871753
3.54 2.4470968162871753
3.54 2.4470968162871753
3.54 2.4470968162871753
3.54 2.4470968162871753
3.54 2.4470968162871753
3.54 2.4470968162871753
3.54 2.4470968162871753
3.54 2.4470968162871753
3.54 2.4470968162871753
3.54 2.4470968162871753
3.54 2.4470968162871753
3.54 2.4470968162871753
3.54 2.4470968162871753
3.54 2.4470968162871753
3.54 2.4470968162871753
3.54 2.4470968162871753
3.54 2.4470968162871753
3.54 2.4470968162871753
3.54 2.4470968162871753
3.54 2.4470968162871753
3.54 2.4470968162871753
3.54 2.4470968162871753
3.54 2.4470968162871753
3.54 2.4470968162871753
3.54 2.4470968162871753
3.54 2.4470968162871753
3.54 2.4470968162871753
3.54 2.4470968162871753
3.54 2.4470968162871753
3.54 2.4470968162871753
3.54 2.4470968162871753
3.54 2.4470968162871753
3.54 2.4470968162871753
3.64 2.844523357491222
3.64 2.844523357491222
3.64 2.844523357491222
3.64 2.844523357491222
3.64 2.844523357491222
3.64 2.844523357491222
3.64 2.844523357491222
3.64 2.844523357491222
3.64 2.844523357491222
3.64 2.844523357491222
3.64 2.844523357491222
3.64 2.844523357491222
3.64 2.844523357491222
3.64 2.844523357491222
3.64 2.844523357491222
3.64 2.844523357491222
3.64 2.844523357491222
3.64 2.844523357491222
3.64 2.844523357491222
3.64 2.844523357491222
3.64 2.844523357491222
3.64 2.844523357491222
3.64 2.844523357491222
3.64 2.844523357491222
3.64 2.844523357491222
3.64 2.844523357491222
3.64 2.844523357491222
3.64 2.844523357491222
3.64 2.844523357491222
3.64 2.844523357491222
3.64 2.844523357491222
3.64 2.844523357491222
3.64 2.844523357491222
3.64 2.844523357491222
3.64 2.844523357491222
3.64 2.844523357491222
3.64 2.844523357491222
3.64 2.844523357491222
3.64 2.844523357491222
3.64 2.844523357491222
3.64 2.844523357491222
3.64 2.844523357491222
3.64 2.844523357491222
3.64 2.844523357491222
3.64 2.844523357491222
3.64 2.844523357491222
3.64 2.844523357491222
3.64 2.844523357491222
3.64 2.844523357491222
3.64 2.844523357491222
3.69 2.8593105052890917
3.69 2.8593105052890917
3.69 2.8593105052890917
3.69 2.8593105052890917
3.69 2.8593105052890917
3.69 2.8593105052890917
3.69 2.8593105052890917
3.69 2.8593105052890917
3.69 2.8593105052890917
3.69 2.8593105052890917
3.69 2.8593105052890917
3.69 2.8593105052890917
3.69 2.8593105052890917
3.69 2.8593105052890917
3.69 2.8593105052890917
3.69 2.8593105052890917
3.69 2.8593105052890917
3.69 2.8593105052890917
3.69 2.8593105052890917
3.69 2.8593105052890917
3.69 2.8593105052890917
3.69 2.8593105052890917
3.69 2.8593105052890917
3.69 2.8593105052890917
3.69 2.8593105052890917
3.69 2.8593105052890917
3.69 2.8593105052890917
3.69 2.8593105052890917
3.69 2.8593105052890917
3.69 2.8593105052890917
3.69 2.8593105052890917
3.69 2.8593105052890917
3.69 2.8593105052890917
3.69 2.8593105052890917
3.69 2.8593105052890917
3.69 2.8593105052890917
3.69 2.8593105052890917
3.69 2.8593105052890917
3.69 2.8593105052890917
3.69 2.8593105052890917
3.69 2.8593105052890917
3.69 2.8593105052890917
3.69 2.8593105052890917
3.69 2.8593105052890917
3.69 2.8593105052890917
3.69 2.8593105052890917
3.69 2.8593105052890917
3.69 2.8593105052890917
3.69 2.8593105052890917
3.69 2.8593105052890917
3.69 2.8593105052890917
3.69 2.8593105052890917
3.69 2.8593105052890917
3.69 2.8593105052890917
3.69 2.8593105052890917
3.69 2.8593105052890917
3.69 2.8593105052890917
3.69 2.8593105052890917
3.69 2.8593105052890917
3.69 2.8593105052890917
3.69 2.8593105052890917
3.69 2.8593105052890917
3.69 2.8593105052890917
3.69 2.8593105052890917
3.69 2.8593105052890917
3.69 2.8593105052890917
3.69 2.8593105052890917
3.69 2.8593105052890917
3.69 2.8593105052890917
3.69 2.8593105052890917
3.69 2.8593105052890917
3.73 2.877481362215747
3.73 2.877481362215747
3.73 2.877481362215747
3.73 2.877481362215747
3.73 2.877481362215747
3.73 2.877481362215747
3.73 2.877481362215747
3.73 2.877481362215747
3.73 2.877481362215747
3.73 2.877481362215747
3.73 2.877481362215747
3.73 2.877481362215747
3.73 2.877481362215747
3.73 2.877481362215747
3.73 2.877481362215747
3.73 2.877481362215747
3.73 2.877481362215747
3.73 2.877481362215747
3.73 2.877481362215747
3.73 2.877481362215747
3.73 2.877481362215747
3.74 2.8731427905604514
3.74 2.8731427905604514
3.74 2.8731427905604514
3.74 2.8731427905604514
3.74 2.8731427905604514
3.74 2.8731427905604514
3.74 2.8731427905604514
3.74 2.8731427905604514
3.74 2.8731427905604514
3.74 2.8731427905604514
3.74 2.8731427905604514
3.74 2.8731427905604514
3.78 2.9321623006879682
3.78 2.9321623006879682
3.78 2.9321623006879682
3.78 2.9321623006879682
3.78 2.9321623006879682
3.78 2.9321623006879682
3.78 2.9321623006879682
3.78 2.9321623006879682
3.78 2.9321623006879682
3.78 2.9321623006879682
3.78 2.9321623006879682
3.78 2.9321623006879682
3.78 2.9321623006879682
3.78 2.9321623006879682
3.78 2.9321623006879682
3.78 2.9321623006879682
3.78 2.9321623006879682
3.78 2.9321623006879682
3.78 2.9321623006879682
3.78 2.9321623006879682
3.79 2.948360270188886
3.79 2.948360270188886
3.79 2.948360270188886
3.83 2.950962862894384
3.83 2.950962862894384
3.83 2.950962862894384
3.83 2.950962862894384
3.83 2.950962862894384
3.83 2.950962862894384
3.83 2.950962862894384
3.83 2.950962862894384
3.83 2.950962862894384
3.83 2.950962862894384
3.83 2.950962862894384
3.83 2.950962862894384
3.83 2.950962862894384
3.83 2.950962862894384
3.83 2.950962862894384
3.83 2.950962862894384
3.83 2.950962862894384
3.83 2.950962862894384
3.83 2.950962862894384
3.83 2.950962862894384
3.83 2.950962862894384
3.83 2.950962862894384
3.83 2.950962862894384
3.83 2.950962862894384
3.83 2.950962862894384
3.83 2.950962862894384
3.83 2.950962862894384
3.83 2.950962862894384
3.83 2.950962862894384
3.83 2.950962862894384
3.83 2.950962862894384
3.83 2.950962862894384
3.83 2.950962862894384
3.83 2.950962862894384
3.83 2.950962862894384
3.83 2.950962862894384
3.83 2.950962862894384
3.83 2.950962862894384
3.83 2.950962862894384
3.83 2.950962862894384
3.83 2.950962862894384
3.83 2.950962862894384
3.83 2.950962862894384
3.83 2.950962862894384
3.83 2.950962862894384
3.83 2.950962862894384
3.83 2.950962862894384
3.83 2.950962862894384
3.83 2.950962862894384
3.83 2.950962862894384
3.83 2.950962862894384
3.83 2.950962862894384
3.83 2.950962862894384
3.83 2.950962862894384
3.83 2.950962862894384
3.83 2.950962862894384
3.83 2.950962862894384
3.83 2.950962862894384
3.83 2.950962862894384
3.87 2.953015921105578
3.87 2.953015921105578
3.87 2.953015921105578
3.87 2.953015921105578
3.87 2.953015921105578
3.87 2.953015921105578
3.87 2.953015921105578
3.87 2.953015921105578
3.87 2.953015921105578
3.87 2.953015921105578
3.87 2.953015921105578
3.87 2.953015921105578
3.87 2.953015921105578
3.87 2.953015921105578
3.87 2.953015921105578
3.87 2.953015921105578
3.87 2.953015921105578
3.87 2.953015921105578
3.87 2.953015921105578
3.87 2.953015921105578
3.87 2.953015921105578
3.87 2.953015921105578
3.87 2.953015921105578
3.87 2.953015921105578
3.87 2.953015921105578
3.87 2.953015921105578
3.87 2.953015921105578
3.87 2.953015921105578
3.87 2.953015921105578
3.87 2.953015921105578
3.87 2.953015921105578
3.87 2.953015921105578
3.87 2.953015921105578
3.87 2.953015921105578
3.87 2.953015921105578
3.87 2.953015921105578
3.96 3.1492182772198807
3.96 3.1492182772198807
3.96 3.1492182772198807
3.96 3.1492182772198807
3.96 3.1492182772198807
3.96 3.1492182772198807
3.96 3.1492182772198807
3.96 3.1492182772198807
3.96 3.1492182772198807
3.96 3.1492182772198807
3.98 3.174965203022552
3.98 3.174965203022552
3.98 3.174965203022552
3.98 3.174965203022552
3.98 3.174965203022552
3.98 3.174965203022552
3.98 3.174965203022552
3.98 3.174965203022552
3.98 3.174965203022552
3.98 3.174965203022552
3.98 3.174965203022552
3.98 3.174965203022552
3.98 3.174965203022552
3.98 3.174965203022552
3.98 3.174965203022552
3.98 3.174965203022552
3.98 3.174965203022552
3.98 3.174965203022552
3.98 3.174965203022552
3.98 3.174965203022552
3.98 3.174965203022552
4.0 3.1622776601683795
4.0 3.1622776601683795
4.0 3.1622776601683795
4.0 3.1622776601683795
4.0 3.1622776601683795
4.0 3.1622776601683795
4.0 3.1622776601683795
4.0 3.1622776601683795
4.0 3.1622776601683795
4.0 3.1622776601683795
4.0 3.1622776601683795
4.0 3.1622776601683795
4.0 3.1622776601683795
4.0 3.1622776601683795
4.0 3.1622776601683795
4.0 3.1622776601683795
4.0 3.1622776601683795
4.0 3.1622776601683795
4.0 3.1622776601683795
4.0 3.1622776601683795
4.0 3.1622776601683795
4.0 3.1622776601683795
4.0 3.1622776601683795
4.0 3.1622776601683795
4.0 3.1622776601683795
4.0 3.1622776601683795
4.0 3.1622776601683795
4.0 3.1622776601683795
4.0 3.1622776601683795
4.0 3.1622776601683795
4.0 3.1622776601683795
4.0 3.1622776601683795
4.0 3.1622776601683795
4.02 3.155818739913926
4.02 3.155818739913926
4.02 3.155818739913926
4.02 3.155818739913926
4.02 3.155818739913926
4.02 3.155818739913926
4.02 3.155818739913926
4.02 3.155818739913926
4.02 3.155818739913926
4.02 3.155818739913926
4.02 3.155818739913926
4.02 3.155818739913926
4.02 3.155818739913926
4.02 3.155818739913926
4.02 3.155818739913926
4.02 3.155818739913926
4.02 3.155818739913926
4.02 3.155818739913926
4.02 3.155818739913926
4.02 3.155818739913926
4.02 3.155818739913926
4.02 3.155818739913926
4.02 3.155818739913926
4.02 3.155818739913926
4.02 3.155818739913926
4.03 3.150933804189456
4.03 3.150933804189456
4.03 3.150933804189456
4.03 3.150933804189456
4.03 3.150933804189456
4.03 3.150933804189456
4.03 3.150933804189456
4.03 3.150933804189456
4.03 3.150933804189456
4.03 3.150933804189456
4.03 3.150933804189456
4.03 3.150933804189456
4.03 3.150933804189456
4.03 3.150933804189456
4.03 3.150933804189456
4.03 3.150933804189456
4.03 3.150933804189456
4.03 3.150933804189456
4.03 3.150933804189456
4.03 3.150933804189456
4.03 3.150933804189456
4.03 3.150933804189456
4.03 3.150933804189456
4.03 3.150933804189456
4.03 3.150933804189456
4.03 3.150933804189456
4.03 3.150933804189456
4.03 3.150933804189456
4.03 3.150933804189456
4.03 3.150933804189456
4.03 3.150933804189456
4.03 3.150933804189456
4.03 3.150933804189456
4.03 3.150933804189456
4.03 3.150933804189456
4.03 3.150933804189456
4.03 3.150933804189456
4.03 3.150933804189456
4.03 3.150933804189456
4.03 3.150933804189456
4.03 3.150933804189456
4.03 3.150933804189456
4.03 3.150933804189456
4.03 3.150933804189456
4.03 3.150933804189456
4.03 3.150933804189456
4.03 3.150933804189456
4.03 3.150933804189456
4.03 3.150933804189456
4.03 3.150933804189456
4.03 3.150933804189456
4.03 3.150933804189456
4.03 3.150933804189456
4.03 3.150933804189456
4.03 3.150933804189456
4.03 3.150933804189456
4.03 3.150933804189456
4.03 3.150933804189456
4.03 3.150933804189456
4.03 3.150933804189456
4.03 3.150933804189456
4.03 3.150933804189456
4.03 3.150933804189456
4.03 3.150933804189456
4.03 3.150933804189456
4.03 3.150933804189456
4.03 3.150933804189456
4.03 3.150933804189456
4.03 3.150933804189456
4.03 3.150933804189456
4.03 3.150933804189456
4.03 3.150933804189456
4.03 3.150933804189456
4.03 3.150933804189456
4.03 3.150933804189456
4.03 3.150933804189456
4.03 3.150933804189456
4.03 3.150933804189456
4.03 3.150933804189456
4.03 3.150933804189456
4.03 3.150933804189456
4.03 3.150933804189456
4.03 3.150933804189456
4.03 3.150933804189456
4.03 3.150933804189456
4.03 3.150933804189456
4.03 3.150933804189456
4.03 3.150933804189456
4.03 3.150933804189456
4.03 3.150933804189456
4.03 3.150933804189456
4.03 3.150933804189456
4.03 3.150933804189456
4.03 3.150933804189456
4.03 3.150933804189456
4.16 3.8078069724441046
4.16 3.8078069724441046
4.16 3.8078069724441046
4.16 3.8078069724441046
4.16 3.8078069724441046
4.16 3.8078069724441046
4.16 3.8078069724441046
4.16 3.8078069724441046
4.16 3.8078069724441046
4.16 3.8078069724441046
4.16 3.8078069724441046
4.16 3.8078069724441046
4.16 3.8078069724441046
4.16 3.8078069724441046
4.16 3.8078069724441046
4.16 3.8078069724441046
4.16 3.8078069724441046
4.16 3.8078069724441046
4.16 3.8078069724441046
4.16 3.8078069724441046
4.16 3.8078069724441046
4.16 3.8078069724441046
4.16 3.8078069724441046
4.16 3.8078069724441046
4.16 3.8078069724441046
4.16 3.8078069724441046
4.16 3.8078069724441046
4.16 3.8078069724441046
4.16 3.8078069724441046
4.17 3.800730923856036
4.17 3.800730923856036
4.17 3.800730923856036
4.17 3.800730923856036
4.17 3.800730923856036
4.17 3.800730923856036
4.17 3.800730923856036
4.17 3.800730923856036
4.17 3.800730923856036
4.17 3.800730923856036
4.17 3.800730923856036
4.17 3.800730923856036
4.17 3.800730923856036
4.17 3.800730923856036
4.17 3.800730923856036
4.17 3.800730923856036
4.17 3.800730923856036
4.17 3.800730923856036
4.17 3.800730923856036
4.17 3.800730923856036
4.17 3.800730923856036
4.17 3.800730923856036
4.17 3.800730923856036
4.17 3.800730923856036
4.17 3.800730923856036
4.22 3.831237898954311
4.22 3.831237898954311
4.22 3.831237898954311
4.22 3.831237898954311
4.22 3.831237898954311
4.22 3.831237898954311
4.22 3.831237898954311
4.22 3.831237898954311
4.22 3.831237898954311
4.22 3.831237898954311
4.22 3.831237898954311
4.22 3.831237898954311
4.22 3.831237898954311
4.22 3.831237898954311
4.22 3.831237898954311
4.22 3.831237898954311
4.22 3.831237898954311
4.22 3.831237898954311
4.22 3.831237898954311
4.22 3.831237898954311
4.22 3.831237898954311
4.22 3.831237898954311
4.22 3.831237898954311
4.22 3.831237898954311
4.22 3.831237898954311
4.22 3.831237898954311
4.22 3.831237898954311
4.22 3.831237898954311
4.22 3.831237898954311
4.22 3.831237898954311
4.22 3.831237898954311
4.22 3.831237898954311
4.22 3.831237898954311
4.22 3.831237898954311
4.22 3.831237898954311
4.22 3.831237898954311
4.22 3.831237898954311
4.22 3.831237898954311
4.22 3.831237898954311
4.22 3.831237898954311
4.22 3.831237898954311
4.22 3.831237898954311
4.22 3.831237898954311
4.22 3.831237898954311
4.22 3.831237898954311
4.22 3.831237898954311
4.22 3.831237898954311
4.22 3.831237898954311
4.22 3.831237898954311
4.22 3.831237898954311
4.22 3.831237898954311
4.22 3.831237898954311
4.22 3.831237898954311
4.22 3.831237898954311
4.22 3.831237898954311
4.22 3.831237898954311
4.22 3.831237898954311
4.22 3.831237898954311
4.22 3.831237898954311
4.22 3.831237898954311
4.22 3.831237898954311
4.22 3.831237898954311
4.22 3.831237898954311
4.22 3.831237898954311
4.22 3.831237898954311
4.22 3.831237898954311
4.22 3.831237898954311
4.22 3.831237898954311
4.22 3.831237898954311
4.22 3.831237898954311
4.22 3.831237898954311
4.22 3.831237898954311
4.22 3.831237898954311
4.22 3.831237898954311
4.22 3.831237898954311
4.22 3.831237898954311
4.22 3.831237898954311
4.22 3.831237898954311
4.22 3.831237898954311
4.22 3.831237898954311
4.22 3.831237898954311
4.22 3.831237898954311
4.22 3.831237898954311
4.22 3.831237898954311
4.22 3.831237898954311
4.22 3.831237898954311
4.22 3.831237898954311
4.22 3.831237898954311
4.22 3.831237898954311
4.22 3.831237898954311
4.22 3.831237898954311
4.22 3.831237898954311
4.22 3.831237898954311
4.22 3.831237898954311
4.22 3.831237898954311
4.22 3.831237898954311
4.22 3.831237898954311
4.22 3.831237898954311
4.22 3.831237898954311
4.22 3.831237898954311
4.23 3.8266872557782072
4.23 3.8266872557782072
4.23 3.8266872557782072
4.23 3.8266872557782072
4.23 3.8266872557782072
4.23 3.8266872557782072
4.23 3.8266872557782072
4.23 3.8266872557782072
4.23 3.8266872557782072
4.23 3.8266872557782072
4.23 3.8266872557782072
4.23 3.8266872557782072
4.23 3.8266872557782072
4.23 3.8266872557782072
4.23 3.8266872557782072
4.27 3.8345979468702343
4.27 3.8345979468702343
4.27 3.8345979468702343
4.27 3.8345979468702343
4.27 3.8345979468702343
4.27 3.8345979468702343
4.27 3.8345979468702343
4.27 3.8345979468702343
4.27 3.8345979468702343
4.27 3.8345979468702343
4.27 3.8345979468702343
4.27 3.8345979468702343
4.27 3.8345979468702343
4.27 3.8345979468702343
4.27 3.8345979468702343
4.27 3.8345979468702343
4.27 3.8345979468702343
4.27 3.8345979468702343
4.27 3.8345979468702343
4.27 3.8345979468702343
4.27 3.8345979468702343
4.27 3.8345979468702343
4.27 3.8345979468702343
4.27 3.8345979468702343
4.27 3.8345979468702343
4.27 3.8345979468702343
4.27 3.8345979468702343
4.27 3.8345979468702343
4.27 3.8345979468702343
4.27 3.8345979468702343
4.27 3.8345979468702343
4.27 3.8345979468702343
4.27 3.8345979468702343
4.27 3.8345979468702343
4.27 3.8345979468702343
4.27 3.8345979468702343
4.27 3.8345979468702343
4.27 3.8345979468702343
4.27 3.8345979468702343
4.27 3.8345979468702343
4.27 3.8345979468702343
4.27 3.8345979468702343
4.27 3.8345979468702343
4.27 3.8345979468702343
4.27 3.8345979468702343
4.27 3.8345979468702343
4.27 3.8345979468702343
4.27 3.8345979468702343
4.27 3.8345979468702343
4.27 3.8345979468702343
4.27 3.8345979468702343
4.27 3.8345979468702343
4.27 3.8345979468702343
4.27 3.8345979468702343
4.27 3.8345979468702343
4.27 3.8345979468702343
4.27 3.8345979468702343
4.27 3.8345979468702343
4.27 3.8345979468702343
4.27 3.8345979468702343
4.27 3.8345979468702343
4.27 3.8345979468702343
4.27 3.8345979468702343
4.27 3.8345979468702343
4.27 3.8345979468702343
4.27 3.8345979468702343
4.27 3.8345979468702343
4.27 3.8345979468702343
4.27 3.8345979468702343
4.27 3.8345979468702343
4.27 3.8345979468702343
4.27 3.8345979468702343
4.27 3.8345979468702343
4.27 3.8345979468702343
4.27 3.8345979468702343
4.27 3.8345979468702343
4.27 3.8345979468702343
4.27 3.8345979468702343
4.27 3.8345979468702343
4.27 3.8345979468702343
4.27 3.8345979468702343
4.27 3.8345979468702343
4.27 3.8345979468702343
4.27 3.8345979468702343
4.27 3.8345979468702343
4.27 3.8345979468702343
4.27 3.8345979468702343
4.27 3.8345979468702343
4.27 3.8345979468702343
4.27 3.8345979468702343
4.27 3.8345979468702343
4.27 3.8345979468702343
4.27 3.8345979468702343
4.27 3.8345979468702343
4.27 3.8345979468702343
4.27 3.8345979468702343
4.27 3.8345979468702343
4.27 3.8345979468702343
4.27 3.8345979468702343
4.27 3.8345979468702343
4.27 3.8345979468702343
4.27 3.8345979468702343
4.27 3.8345979468702343
4.27 3.8345979468702343
4.27 3.8345979468702343
4.27 3.8345979468702343
4.27 3.8345979468702343
4.27 3.8345979468702343
4.27 3.8345979468702343
4.27 3.8345979468702343
4.27 3.8345979468702343
4.27 3.8345979468702343
4.27 3.8345979468702343
4.27 3.8345979468702343
4.27 3.8345979468702343
4.27 3.8345979468702343
4.27 3.8345979468702343
4.27 3.8345979468702343
4.27 3.8345979468702343
4.27 3.8345979468702343
4.27 3.8345979468702343
4.27 3.8345979468702343
4.27 3.8345979468702343
4.27 3.8345979468702343
4.27 3.8345979468702343
4.27 3.8345979468702343
4.27 3.8345979468702343
4.27 3.8345979468702343
4.27 3.8345979468702343
4.27 3.8345979468702343
4.27 3.8345979468702343
4.27 3.8345979468702343
4.27 3.8345979468702343
4.27 3.8345979468702343
4.27 3.8345979468702343
4.28 3.837823457233134
4.28 3.837823457233134
4.28 3.837823457233134
4.3 3.8729833462074175
4.3 3.8729833462074175
4.3 3.8729833462074175
4.3 3.8729833462074175
4.3 3.8729833462074175
4.3 3.8729833462074175
4.3 3.8729833462074175
4.3 3.8729833462074175
4.3 3.8729833462074175
4.3 3.8729833462074175
4.3 3.8729833462074175
4.3 3.8729833462074175
4.3 3.8729833462074175
4.3 3.8729833462074175
4.3 3.8729833462074175
4.3 3.8729833462074175
4.3 3.8729833462074175
4.3 3.8729833462074175
4.3 3.8729833462074175
4.3 3.8729833462074175
4.3 3.8729833462074175
4.3 3.8729833462074175
4.3 3.8729833462074175
4.3 3.8729833462074175
4.3 3.8729833462074175
4.3 3.8729833462074175
4.3 3.8729833462074175
4.3 3.8729833462074175
4.3 3.8729833462074175
4.39 4.08222310200526
4.39 4.08222310200526
4.39 4.08222310200526
4.39 4.08222310200526
4.39 4.08222310200526
4.39 4.08222310200526
4.39 4.08222310200526
4.39 4.08222310200526
4.39 4.08222310200526
4.39 4.08222310200526
4.39 4.08222310200526
4.39 4.08222310200526
4.39 4.08222310200526
4.39 4.08222310200526
4.39 4.08222310200526
4.39 4.08222310200526
4.39 4.08222310200526
4.39 4.08222310200526
4.39 4.08222310200526
4.39 4.08222310200526
4.39 4.08222310200526
4.39 4.08222310200526
4.39 4.08222310200526
4.39 4.08222310200526
4.39 4.08222310200526
4.39 4.08222310200526
4.39 4.08222310200526
4.39 4.08222310200526
4.39 4.08222310200526
4.39 4.08222310200526
4.39 4.08222310200526
4.39 4.08222310200526
4.39 4.08222310200526
4.39 4.08222310200526
4.39 4.08222310200526
4.39 4.08222310200526
4.39 4.08222310200526
4.39 4.08222310200526
4.39 4.08222310200526
4.39 4.08222310200526
4.39 4.08222310200526
4.39 4.08222310200526
4.42 4.075499597558189
4.42 4.075499597558189
4.42 4.075499597558189
4.42 4.075499597558189
4.42 4.075499597558189
4.42 4.075499597558189
4.42 4.075499597558189
4.42 4.075499597558189
4.42 4.075499597558189
4.42 4.075499597558189
4.42 4.075499597558189
4.42 4.075499597558189
4.55 4.356291166493894
4.55 4.356291166493894
4.55 4.356291166493894
4.55 4.356291166493894
4.55 4.356291166493894
4.55 4.356291166493894
4.57 4.3490507497892485
4.57 4.3490507497892485
4.57 4.3490507497892485
4.57 4.3490507497892485
4.57 4.3490507497892485
4.57 4.3490507497892485
4.57 4.3490507497892485
4.57 4.3490507497892485
4.57 4.3490507497892485
4.57 4.3490507497892485
4.57 4.3490507497892485
4.57 4.3490507497892485
4.57 4.3490507497892485
4.57 4.3490507497892485
4.57 4.3490507497892485
4.57 4.3490507497892485
4.57 4.3490507497892485
4.57 4.3490507497892485
4.57 4.3490507497892485
4.57 4.3490507497892485
4.57 4.3490507497892485
4.57 4.3490507497892485
4.57 4.3490507497892485
4.64 4.47556779310816
4.64 4.47556779310816
4.64 4.47556779310816
4.64 4.47556779310816
4.64 4.47556779310816
4.64 4.47556779310816
4.64 4.47556779310816
4.64 4.47556779310816
4.64 4.47556779310816
4.64 4.47556779310816
4.64 4.47556779310816
4.64 4.47556779310816
4.64 4.47556779310816
4.64 4.47556779310816
4.64 4.47556779310816
4.64 4.47556779310816
4.64 4.47556779310816
4.64 4.47556779310816
4.64 4.47556779310816
4.64 4.47556779310816
4.64 4.47556779310816
4.64 4.47556779310816
4.64 4.47556779310816
4.75 4.544671649749892
4.75 4.544671649749892
4.75 4.544671649749892
4.75 4.544671649749892
4.75 4.544671649749892
4.75 4.544671649749892
4.75 4.544671649749892
4.75 4.544671649749892
4.75 4.544671649749892
4.75 4.544671649749892
4.75 4.544671649749892
4.75 4.544671649749892
4.75 4.544671649749892
4.75 4.544671649749892
4.75 4.544671649749892
4.75 4.544671649749892
4.75 4.544671649749892
4.75 4.544671649749892
4.79 4.678113666291947
4.79 4.678113666291947
4.79 4.678113666291947
4.79 4.678113666291947
4.79 4.678113666291947
4.79 4.678113666291947
4.79 4.678113666291947
4.79 4.678113666291947
4.79 4.678113666291947
4.79 4.678113666291947
4.79 4.678113666291947
4.79 4.678113666291947
4.79 4.678113666291947
4.79 4.678113666291947
4.79 4.678113666291947
4.79 4.678113666291947
4.79 4.678113666291947
4.79 4.678113666291947
4.79 4.678113666291947
4.79 4.678113666291947
4.79 4.678113666291947
4.79 4.678113666291947
4.79 4.678113666291947
4.79 4.678113666291947
4.79 4.678113666291947
4.79 4.678113666291947
4.79 4.678113666291947
4.79 4.678113666291947
4.79 4.678113666291947
4.79 4.678113666291947
4.79 4.678113666291947
4.79 4.678113666291947
4.79 4.678113666291947
4.79 4.678113666291947
4.79 4.678113666291947
4.79 4.678113666291947
4.79 4.678113666291947
4.79 4.678113666291947
4.79 4.678113666291947
4.79 4.678113666291947
4.79 4.678113666291947
4.79 4.678113666291947
4.79 4.678113666291947
4.79 4.678113666291947
4.79 4.678113666291947
4.79 4.678113666291947
4.79 4.678113666291947
4.79 4.678113666291947
4.79 4.678113666291947
4.8 4.673155661689843
4.8 4.673155661689843
4.8 4.673155661689843
4.8 4.673155661689843
4.8 4.673155661689843
4.8 4.673155661689843
4.8 4.673155661689843
4.8 4.673155661689843
4.8 4.673155661689843
4.8 4.673155661689843
4.8 4.673155661689843
4.8 4.673155661689843
4.8 4.673155661689843
4.8 4.673155661689843
4.8 4.673155661689843
4.8 4.673155661689843
4.8 4.673155661689843
4.8 4.673155661689843
4.8 4.673155661689843
4.8 4.673155661689843
4.8 4.673155661689843
4.8 4.673155661689843
4.8 4.673155661689843
4.8 4.673155661689843
4.8 4.673155661689843
4.8 4.673155661689843
4.8 4.673155661689843
4.8 4.673155661689843
4.8 4.673155661689843
4.8 4.673155661689843
4.8 4.673155661689843
4.8 4.673155661689843
4.83 4.748322404446192
4.83 4.748322404446192
4.83 4.748322404446192
4.83 4.748322404446192
4.83 4.748322404446192
4.83 4.748322404446192
4.83 4.748322404446192
4.83 4.748322404446192
4.83 4.748322404446192
4.83 4.748322404446192
4.83 4.748322404446192
4.83 4.748322404446192
4.83 4.748322404446192
4.83 4.748322404446192
4.83 4.748322404446192
4.83 4.748322404446192
4.83 4.748322404446192
4.83 4.748322404446192
4.83 4.748322404446192
4.83 4.748322404446192
4.83 4.748322404446192
4.83 4.748322404446192
4.83 4.748322404446192
4.83 4.748322404446192
4.83 4.748322404446192
4.83 4.748322404446192
4.83 4.748322404446192
4.83 4.748322404446192
4.83 4.748322404446192
4.83 4.748322404446192
4.92 4.965903947943618
4.92 4.965903947943618
4.92 4.965903947943618
4.92 4.965903947943618
4.92 4.965903947943618
4.92 4.965903947943618
4.92 4.965903947943618
4.92 4.965903947943618
4.92 4.965903947943618
4.92 4.965903947943618
4.92 4.965903947943618
4.92 4.965903947943618
4.92 4.965903947943618
4.92 4.965903947943618
4.92 4.965903947943618
4.92 4.965903947943618
4.92 4.965903947943618
4.92 4.965903947943618
4.92 4.965903947943618
4.92 4.965903947943618
4.92 4.965903947943618
4.92 4.965903947943618
4.92 4.965903947943618
4.92 4.965903947943618
4.92 4.965903947943618
4.92 4.965903947943618
4.92 4.965903947943618
4.92 4.965903947943618
4.92 4.965903947943618
4.92 4.965903947943618
4.92 4.965903947943618
4.92 4.965903947943618
4.92 4.965903947943618
4.92 4.965903947943618
4.92 4.965903947943618
4.92 4.965903947943618
4.92 4.965903947943618
4.92 4.965903947943618
4.92 4.965903947943618
4.92 4.965903947943618
4.92 4.965903947943618
4.92 4.965903947943618
4.92 4.965903947943618
4.92 4.965903947943618
4.92 4.965903947943618
4.92 4.965903947943618
4.92 4.965903947943618
4.92 4.965903947943618
4.92 4.965903947943618
4.92 4.965903947943618
4.92 4.965903947943618
4.92 4.965903947943618
4.92 4.965903947943618
4.92 4.965903947943618
4.92 4.965903947943618
4.92 4.965903947943618
4.92 4.965903947943618
4.94 4.962119130233198
4.94 4.962119130233198
4.94 4.962119130233198
4.94 4.962119130233198
4.94 4.962119130233198
4.94 4.962119130233198
4.94 4.962119130233198
4.94 4.962119130233198
4.94 4.962119130233198
4.94 4.962119130233198
4.94 4.962119130233198
4.94 4.962119130233198
4.94 4.962119130233198
4.94 4.962119130233198
4.94 4.962119130233198
4.94 4.962119130233198
4.94 4.962119130233198
4.94 4.962119130233198
4.94 4.962119130233198
4.94 4.962119130233198
4.94 4.962119130233198
4.94 4.962119130233198
4.94 4.962119130233198
4.94 4.962119130233198
4.94 4.962119130233198
4.94 4.962119130233198
4.94 4.962119130233198
4.94 4.962119130233198
4.94 4.962119130233198
4.94 4.962119130233198
4.94 4.962119130233198
4.94 4.962119130233198
4.94 4.962119130233198
4.94 4.962119130233198
4.94 4.962119130233198
4.94 4.962119130233198
4.94 4.962119130233198
4.94 4.962119130233198
4.94 4.962119130233198
4.94 4.962119130233198
4.94 4.962119130233198
4.94 4.962119130233198
4.94 4.962119130233198
4.94 4.962119130233198
4.94 4.962119130233198
4.94 4.962119130233198
4.94 4.962119130233198
4.94 4.962119130233198
4.94 4.962119130233198
4.94 4.962119130233198
4.94 4.962119130233198
4.94 4.962119130233198
4.94 4.962119130233198
4.94 4.962119130233198
4.94 4.962119130233198
5.11 5.471496388308479
5.11 5.471496388308479
5.11 5.471496388308479
5.11 5.471496388308479
5.11 5.471496388308479
5.11 5.471496388308479
5.11 5.471496388308479
5.11 5.471496388308479
5.14 5.462489165095697
5.14 5.462489165095697
5.14 5.462489165095697
5.14 5.462489165095697
5.14 5.462489165095697
5.14 5.462489165095697
5.14 5.462489165095697
5.14 5.462489165095697
5.14 5.462489165095697
5.14 5.462489165095697
5.14 5.462489165095697
5.14 5.462489165095697
5.14 5.462489165095697
5.14 5.462489165095697
5.14 5.462489165095697
5.16 5.454531986515359
5.16 5.454531986515359
5.53 6.694570391539157
5.53 6.694570391539157
5.53 6.694570391539157
5.53 6.694570391539157
5.53 6.694570391539157
5.53 6.694570391539157
5.53 6.694570391539157
5.53 6.694570391539157
5.53 6.694570391539157
5.53 6.694570391539157
5.53 6.694570391539157
5.53 6.694570391539157
5.53 6.694570391539157
5.53 6.694570391539157
5.53 6.694570391539157
5.53 6.694570391539157
5.53 6.694570391539157
5.53 6.694570391539157
5.53 6.694570391539157
5.53 6.694570391539157
5.53 6.694570391539157
5.53 6.694570391539157
5.53 6.694570391539157
5.53 6.694570391539157
5.53 6.694570391539157
5.53 6.694570391539157
5.53 6.694570391539157
5.53 6.694570391539157
5.53 6.694570391539157
5.59 6.803289459867738
5.59 6.803289459867738
5.59 6.803289459867738
5.59 6.803289459867738
5.59 6.803289459867738
5.59 6.803289459867738
5.59 6.803289459867738
5.59 6.803289459867738
5.59 6.803289459867738
5.59 6.803289459867738
5.59 6.803289459867738
5.59 6.803289459867738
5.59 6.803289459867738
5.59 6.803289459867738
5.61 6.807445418900775
5.61 6.807445418900775
5.61 6.807445418900775
5.61 6.807445418900775
5.61 6.807445418900775
5.61 6.807445418900775
5.61 6.807445418900775
5.61 6.807445418900775
5.61 6.807445418900775
5.61 6.807445418900775
5.61 6.807445418900775
5.61 6.807445418900775
5.61 6.807445418900775
5.61 6.807445418900775
5.65 6.8214975102852815
5.65 6.8214975102852815
5.65 6.8214975102852815
5.65 6.8214975102852815
5.65 6.8214975102852815
5.65 6.8214975102852815
5.65 6.8214975102852815
5.65 6.8214975102852815
5.65 6.8214975102852815
5.65 6.8214975102852815
5.65 6.8214975102852815
5.65 6.8214975102852815
5.65 6.8214975102852815
5.65 6.8214975102852815
5.65 6.8214975102852815
5.65 6.8214975102852815
5.65 6.8214975102852815
5.65 6.8214975102852815
5.65 6.8214975102852815
5.65 6.8214975102852815
5.65 6.8214975102852815
5.65 6.8214975102852815
5.65 6.8214975102852815
5.65 6.8214975102852815
5.65 6.8214975102852815
5.65 6.8214975102852815
5.65 6.8214975102852815
5.65 6.8214975102852815
5.65 6.8214975102852815
5.65 6.8214975102852815
5.65 6.8214975102852815
5.65 6.8214975102852815
5.65 6.8214975102852815
5.65 6.8214975102852815
5.65 6.8214975102852815
5.65 6.8214975102852815
5.65 6.8214975102852815
5.65 6.8214975102852815
5.65 6.8214975102852815
5.65 6.8214975102852815
5.65 6.8214975102852815
5.65 6.8214975102852815
5.65 6.8214975102852815
5.65 6.8214975102852815
5.65 6.8214975102852815
5.66 6.816824107243117
5.66 6.816824107243117
5.66 6.816824107243117
5.66 6.816824107243117
5.66 6.816824107243117
5.66 6.816824107243117
5.66 6.816824107243117
5.66 6.816824107243117
5.66 6.816824107243117
5.66 6.816824107243117
5.66 6.816824107243117
5.66 6.816824107243117
5.66 6.816824107243117
5.66 6.816824107243117
5.66 6.816824107243117
5.66 6.816824107243117
5.66 6.816824107243117
5.66 6.816824107243117
5.66 6.816824107243117
5.66 6.816824107243117
5.66 6.816824107243117
5.66 6.816824107243117
5.66 6.816824107243117
5.66 6.816824107243117
5.66 6.816824107243117
5.66 6.816824107243117
5.66 6.816824107243117
5.66 6.816824107243117
5.66 6.816824107243117
5.66 6.816824107243117
5.66 6.816824107243117
5.66 6.816824107243117
5.66 6.816824107243117
5.66 6.816824107243117
5.66 6.816824107243117
5.66 6.816824107243117
5.66 6.816824107243117
5.66 6.816824107243117
5.66 6.816824107243117
5.66 6.816824107243117
5.66 6.816824107243117
5.66 6.816824107243117
5.66 6.816824107243117
5.66 6.816824107243117
5.66 6.816824107243117
5.71 6.8080389202320175
5.73 6.8325646278640795
5.73 6.8325646278640795
5.73 6.8325646278640795
5.73 6.8325646278640795
5.73 6.8325646278640795
5.73 6.8325646278640795
5.73 6.8325646278640795
5.73 6.8325646278640795
5.73 6.8325646278640795
5.73 6.8325646278640795
5.73 6.8325646278640795
5.73 6.8325646278640795
5.73 6.8325646278640795
5.73 6.8325646278640795
5.73 6.8325646278640795
5.73 6.8325646278640795
5.73 6.8325646278640795
5.73 6.8325646278640795
5.73 6.8325646278640795
5.73 6.8325646278640795
5.73 6.8325646278640795
5.73 6.8325646278640795
5.73 6.8325646278640795
5.73 6.8325646278640795
5.73 6.8325646278640795
5.73 6.8325646278640795
5.73 6.8325646278640795
5.73 6.8325646278640795
5.73 6.8325646278640795
5.73 6.8325646278640795
5.73 6.8325646278640795
5.73 6.8325646278640795
5.73 6.8325646278640795
5.73 6.8325646278640795
5.73 6.8325646278640795
5.73 6.8325646278640795
5.73 6.8325646278640795
5.73 6.8325646278640795
5.73 6.8325646278640795
5.73 6.8325646278640795
5.73 6.8325646278640795
5.73 6.8325646278640795
5.73 6.8325646278640795
5.73 6.8325646278640795
5.73 6.8325646278640795
5.73 6.8325646278640795
5.73 6.8325646278640795
5.73 6.8325646278640795
5.73 6.8325646278640795
5.73 6.8325646278640795
5.73 6.8325646278640795
5.73 6.8325646278640795
5.73 6.8325646278640795
5.73 6.8325646278640795
5.73 6.8325646278640795
5.73 6.8325646278640795
5.73 6.8325646278640795
5.73 6.8325646278640795
5.73 6.8325646278640795
5.73 6.8325646278640795
5.73 6.8325646278640795
5.73 6.8325646278640795
5.73 6.8325646278640795
5.73 6.8325646278640795
5.73 6.8325646278640795
5.73 6.8325646278640795
5.73 6.8325646278640795
5.73 6.8325646278640795
5.73 6.8325646278640795
5.73 6.8325646278640795
5.73 6.8325646278640795
5.73 6.8325646278640795
5.85 7.1143261355968495
5.85 7.1143261355968495
5.85 7.1143261355968495
5.85 7.1143261355968495
5.85 7.1143261355968495
5.85 7.1143261355968495
5.85 7.1143261355968495
5.85 7.1143261355968495
5.85 7.1143261355968495
5.85 7.1143261355968495
6.15 7.804912982645396
6.15 7.804912982645396
6.15 7.804912982645396
6.15 7.804912982645396
6.15 7.804912982645396
6.15 7.804912982645396
6.15 7.804912982645396
6.15 7.804912982645396
6.15 7.804912982645396
6.15 7.804912982645396
6.15 7.804912982645396
6.15 7.804912982645396
6.15 7.804912982645396
6.15 7.804912982645396
6.15 7.804912982645396
6.15 7.804912982645396
6.15 7.804912982645396
6.15 7.804912982645396
6.15 7.804912982645396
6.15 7.804912982645396
6.15 7.804912982645396
6.15 7.804912982645396
6.15 7.804912982645396
6.15 7.804912982645396
6.15 7.804912982645396
6.15 7.804912982645396
6.15 7.804912982645396
6.15 7.804912982645396
6.15 7.804912982645396
6.15 7.804912982645396
6.15 7.804912982645396
6.15 7.804912982645396
6.15 7.804912982645396
