0.72 1.1813363431112907
0.94 1.2128936932440173
1.34 1.3796500800689804
1.58 1.5965872694879248
1.7 1.5795409127178361
1.72 1.563988684761053
1.81 1.5485085688748352
1.89 1.536722210262855
1.95 1.5067189585991212
1.95 1.5067189585991212
2.01 1.5075232212560663
2.0 1.5175738212786563
2.02 1.5040685563571312
2.03 1.493791866832238
2.04 1.4833758931585885
2.04 1.4833758931585885
2.04 1.4833758931585885
2.05 1.4864709750264078
2.05 1.4864709750264078
2.05 1.4864709750264078
2.06 1.482694789356137
2.06 1.482694789356137
2.05 1.4932508094081114
2.06 1.4894918121916145
2.06 1.4894918121916145
2.1 1.5008415147927023
2.1 1.5008415147927023
2.07 1.5259042690758282
2.14 1.5243478486344122
2.14 1.5309599550080928
2.16 1.5157089883528883
2.16 1.5157089883528883
2.16 1.5157089883528883
2.16 1.5157089883528883
2.15 1.5
2.11 1.4763796834476464
2.11 1.4763796834476464
2.11 1.4763796834476464
2.11 1.4763796834476464
2.1 1.4873201444615791
2.1 1.4873201444615791
2.19 1.5288141572057505
2.19 1.5288141572057505
2.22 1.5346502908322515
2.2 1.550496824904973
2.22 1.5477582354991861
2.22 1.5477582354991861
2.22 1.5477582354991861
2.18 1.526731505834962
2.18 1.526731505834962
2.18 1.526731505834962
2.18 1.526731505834962
2.18 1.526731505834962
2.18 1.526731505834962
2.19 1.508862706367504
2.23 1.5298709260931296
2.23 1.5298709260931296
2.24 1.5250103493604774
2.24 1.5250103493604774
2.24 1.5250103493604774
2.24 1.5250103493604774
2.24 1.5250103493604774
2.24 1.5250103493604774
2.24 1.5250103493604774
2.24 1.5250103493604774
2.24 1.5250103493604774
2.24 1.5250103493604774
2.24 1.5250103493604774
2.24 1.5250103493604774
2.24 1.5250103493604774
2.24 1.5250103493604774
2.24 1.5250103493604774
2.24 1.5250103493604774
2.24 1.5250103493604774
2.24 1.5250103493604774
2.24 1.5250103493604774
2.24 1.5250103493604774
2.21 1.5195360801869424
2.21 1.5195360801869424
2.2 1.5308279927654649
2.22 1.5147757109702589
2.23 1.5099334388968901
2.24 1.5250103493604774
2.24 1.5250103493604774
2.24 1.5250103493604774
2.24 1.5250103493604774
2.24 1.5250103493604774
2.24 1.5250103493604774
2.24 1.5250103493604774
2.3 1.6049166881048922
2.28 1.6210733443859924
2.28 1.6210733443859924
2.28 1.6210733443859924
2.33 1.6271372890987899
2.3 1.5666989036012806
2.3 1.5666989036012806
2.3 1.5666989036012806
2.3 1.5666989036012806
2.28 1.5704338974508367
2.28 1.5704338974508367
2.28 1.5704338974508367
2.28 1.5704338974508367
2.28 1.5704338974508367
2.29 1.5653766449018078
2.29 1.5653766449018078
2.29 1.5653766449018078
2.29 1.5653766449018078
2.29 1.5653766449018078
2.3 1.5602382620431516
2.3 1.5602382620431516
2.3 1.5602382620431516
2.3 1.5602382620431516
2.3 1.5602382620431516
2.3 1.5602382620431516
2.3 1.5602382620431516
2.3 1.5602382620431516
2.3 1.5602382620431516
2.3 1.5602382620431516
2.3 1.5602382620431516
2.3 1.5602382620431516
2.3 1.5602382620431516
2.3 1.5602382620431516
2.3 1.5602382620431516
2.3 1.5602382620431516
2.3 1.5602382620431516
2.3 1.5602382620431516
2.3 1.5602382620431516
2.3 1.5602382620431516
2.31 1.5550179446169778
2.31 1.5550179446169778
2.31 1.5550179446169778
2.31 1.5550179446169778
2.31 1.5550179446169778
2.31 1.5550179446169778
2.31 1.5550179446169778
2.35 1.5978204852330262
2.31 1.5679556270777726
2.32 1.5626964522965427
2.32 1.5626964522965427
2.32 1.5626964522965427
2.32 1.5626964522965427
2.32 1.5626964522965427
2.32 1.5626964522965427
2.32 1.5626964522965427
2.32 1.5626964522965427
2.32 1.5626964522965427
2.32 1.5626964522965427
2.33 1.5702730895476678
2.33 1.5702730895476678
2.33 1.5702730895476678
2.33 1.5702730895476678
2.33 1.5702730895476678
2.33 1.5702730895476678
2.33 1.5702730895476678
2.33 1.5702730895476678
2.33 1.5702730895476678
2.33 1.5702730895476678
2.33 1.5702730895476678
2.37 1.5869098362171774
2.37 1.5869098362171774
2.37 1.5869098362171774
2.37 1.5869098362171774
2.39 1.5820648826547188
2.39 1.5820648826547188
2.39 1.5820648826547188
2.39 1.5820648826547188
2.4 1.5763402186230246
2.37 1.5741279452061032
2.37 1.5741279452061032
2.37 1.5741279452061032
2.37 1.5741279452061032
2.38 1.568503114501855
2.38 1.568503114501855
2.38 1.568503114501855
2.38 1.568503114501855
2.38 1.568503114501855
2.38 1.568503114501855
2.38 1.568503114501855
2.38 1.568503114501855
2.38 1.568503114501855
2.38 1.568503114501855
2.38 1.568503114501855
2.38 1.568503114501855
2.38 1.568503114501855
2.38 1.568503114501855
2.38 1.568503114501855
2.38 1.568503114501855
2.41 1.6273855838073035
2.43 1.6221634139056837
2.43 1.6221634139056837
2.43 1.6221634139056837
2.43 1.6221634139056837
2.43 1.6221634139056837
2.43 1.6221634139056837
2.43 1.6221634139056837
2.43 1.6221634139056837
2.43 1.6221634139056837
2.43 1.6221634139056837
2.43 1.6221634139056837
2.43 1.6221634139056837
2.43 1.6221634139056837
2.43 1.6221634139056837
2.45 1.6291225871739676
2.45 1.6291225871739676
2.45 1.6291225871739676
2.45 1.6291225871739676
2.5 1.7494587907710375
2.5 1.7494587907710375
2.5 1.7494587907710375
2.5 1.7494587907710375
2.5 1.7494587907710375
2.43 1.7071152346114264
2.43 1.7071152346114264
2.44 1.6956271745733251
2.47 1.6964311916133785
2.47 1.6964311916133785
2.48 1.6906158103430293
2.49 1.6847204006252285
2.49 1.6847204006252285
2.49 1.6847204006252285
2.49 1.6847204006252285
2.49 1.6847204006252285
2.49 1.6847204006252285
2.49 1.6847204006252285
2.49 1.6847204006252285
2.49 1.6847204006252285
2.5 1.6787441193290353
2.5 1.6787441193290353
2.5 1.6787441193290353
2.5 1.6787441193290353
2.5 1.6787441193290353
2.5 1.6787441193290353
2.5 1.6787441193290353
2.5 1.6787441193290353
2.5 1.6787441193290353
2.5 1.6787441193290353
2.44 1.6225681103507716
2.44 1.6225681103507716
2.44 1.6225681103507716
2.44 1.6225681103507716
2.44 1.6225681103507716
2.44 1.6225681103507716
2.44 1.6225681103507716
2.44 1.6225681103507716
2.44 1.6225681103507716
2.44 1.6225681103507716
2.47 1.6234083113790398
2.48 1.6173303854678476
2.5 1.6111981864313267
2.5 1.6111981864313267
2.5 1.6111981864313267
2.51 1.6048852188416984
2.51 1.6048852188416984
2.51 1.6048852188416984
2.5 1.6174552903130326
2.5 1.6174552903130326
2.51 1.6048852188416984
2.51 1.6048852188416984
2.55 1.713729467234746
2.55 1.713729467234746
2.55 1.713729467234746
2.55 1.713729467234746
2.55 1.713729467234746
2.55 1.713729467234746
2.55 1.713729467234746
2.55 1.713729467234746
2.55 1.713729467234746
2.57 1.7189085096788803
2.57 1.7189085096788803
2.57 1.7189085096788803
2.57 1.7189085096788803
2.57 1.7189085096788803
2.57 1.7189085096788803
2.57 1.7189085096788803
2.57 1.7189085096788803
2.57 1.7189085096788803
2.57 1.7189085096788803
2.57 1.7189085096788803
2.58 1.7360119163581147
2.58 1.7360119163581147
2.58 1.7360119163581147
2.6 1.7407765595569797
2.6 1.7407765595569797
2.6 1.7407765595569797
2.63 1.7561148578436987
2.63 1.7561148578436987
2.63 1.7561148578436987
2.63 1.7561148578436987
2.63 1.7561148578436987
2.63 1.7561148578436987
2.63 1.7561148578436987
2.63 1.7561148578436987
2.63 1.7561148578436987
2.62 1.756833699148741
2.62 1.756833699148741
2.64 1.7610832295533747
2.65 1.754503584573948
2.65 1.754503584573948
2.65 1.754503584573948
2.65 1.754503584573948
2.66 1.7478413815187845
2.71 1.7995229446391698
2.71 1.7995229446391698
2.71 1.7995229446391698
2.71 1.7995229446391698
2.71 1.7995229446391698
2.71 1.7995229446391698
2.71 1.7995229446391698
2.71 1.7995229446391698
2.71 1.7995229446391698
2.72 1.7926899826064102
2.72 1.7926899826064102
2.72 1.7926899826064102
2.72 1.7926899826064102
2.73 1.785774313565379
2.7 1.8118576883486968
2.71 1.7995229446391698
2.71 1.7995229446391698
2.71 1.7995229446391698
2.71 1.7995229446391698
2.71 1.7995229446391698
2.71 1.7995229446391698
2.71 1.7995229446391698
2.71 1.7995229446391698
2.72 1.7926899826064102
2.72 1.7926899826064102
2.72 1.7926899826064102
2.72 1.7926899826064102
2.73 1.785774313565379
2.73 1.785774313565379
2.73 1.785774313565379
2.74 1.7787749728508109
2.74 1.7787749728508109
2.74 1.7787749728508109
2.75 1.7773831632742865
2.75 1.7773831632742865
2.75 1.7773831632742865
2.75 1.7773831632742865
2.75 1.7773831632742865
2.75 1.7773831632742865
2.75 1.7773831632742865
2.75 1.7773831632742865
2.75 1.7773831632742865
2.75 1.7773831632742865
2.75 1.7773831632742865
2.75 1.7773831632742865
2.75 1.7773831632742865
2.75 1.7773831632742865
2.75 1.7773831632742865
2.75 1.7773831632742865
2.75 1.7773831632742865
2.75 1.7773831632742865
2.75 1.7773831632742865
2.75 1.7773831632742865
2.76 1.7702365304493561
2.76 1.7702365304493561
2.76 1.7702365304493561
2.77 1.7630036353285876
2.77 1.7630036353285876
2.77 1.7630036353285876
2.77 1.7630036353285876
2.77 1.7630036353285876
2.77 1.7630036353285876
2.77 1.7630036353285876
2.77 1.7630036353285876
2.77 1.7630036353285876
2.77 1.7630036353285876
2.77 1.7630036353285876
2.77 1.7630036353285876
2.77 1.7630036353285876
2.77 1.7630036353285876
2.77 1.7630036353285876
2.77 1.7630036353285876
2.77 1.7630036353285876
2.77 1.7630036353285876
2.78 1.8011219847751587
2.78 1.8011219847751587
2.8 1.814643020797559
2.8 1.814643020797559
2.8 1.814643020797559
2.8 1.814643020797559
2.8 1.814643020797559
2.8 1.814643020797559
2.8 1.814643020797559
2.8 1.814643020797559
2.8 1.814643020797559
2.8 1.814643020797559
2.8 1.814643020797559
2.8 1.814643020797559
2.8 1.814643020797559
2.8 1.814643020797559
2.8 1.814643020797559
2.8 1.814643020797559
2.8 1.814643020797559
2.8 1.814643020797559
2.8 1.814643020797559
2.8 1.814643020797559
2.8 1.814643020797559
2.8 1.814643020797559
2.8 1.814643020797559
2.8 1.814643020797559
2.8 1.814643020797559
2.8 1.814643020797559
2.8 1.814643020797559
2.8 1.814643020797559
2.8 1.814643020797559
2.8 1.814643020797559
2.8 1.814643020797559
2.8 1.814643020797559
2.8 1.814643020797559
2.8 1.814643020797559
2.8 1.814643020797559
2.8 1.814643020797559
2.8 1.814643020797559
2.8 1.814643020797559
2.8 1.814643020797559
2.8 1.814643020797559
2.8 1.814643020797559
2.8 1.814643020797559
2.8 1.814643020797559
2.8 1.814643020797559
2.8 1.814643020797559
2.8 1.814643020797559
2.8 1.814643020797559
2.8 1.814643020797559
2.8 1.814643020797559
2.8 1.814643020797559
2.83 1.7981752816214391
2.83 1.7981752816214391
2.83 1.7981752816214391
2.83 1.7981752816214391
2.83 1.7981752816214391
2.83 1.7981752816214391
2.83 1.7981752816214391
2.83 1.7981752816214391
2.83 1.7981752816214391
2.82 1.7830855109595671
2.82 1.7830855109595671
2.82 1.7830855109595671
2.82 1.7830855109595671
2.82 1.7830855109595671
2.84 1.7736568399379253
2.84 1.7736568399379253
2.84 1.7736568399379253
2.84 1.7736568399379253
2.84 1.7736568399379253
2.84 1.7736568399379253
2.84 1.7736568399379253
2.84 1.7736568399379253
2.84 1.7736568399379253
2.84 1.7736568399379253
2.84 1.7736568399379253
2.84 1.7736568399379253
2.84 1.7736568399379253
2.84 1.7736568399379253
2.91 1.8372959929354253
2.91 1.8372959929354253
2.91 1.8372959929354253
2.91 1.8372959929354253
2.93 1.8381754238616306
2.93 1.8381754238616306
2.93 1.8381754238616306
2.93 1.8381754238616306
2.93 1.8381754238616306
2.93 1.8381754238616306
2.93 1.8381754238616306
2.94 1.8302729277075025
2.94 1.8302729277075025
2.94 1.8302729277075025
2.94 1.8302729277075025
2.94 1.8302729277075025
2.94 1.8302729277075025
2.94 1.8302729277075025
2.94 1.8302729277075025
2.94 1.8302729277075025
2.94 1.8302729277075025
2.94 1.8302729277075025
2.94 1.8302729277075025
2.94 1.8302729277075025
2.94 1.8302729277075025
2.94 1.8302729277075025
2.94 1.8302729277075025
2.94 1.8302729277075025
2.94 1.8302729277075025
2.94 1.8302729277075025
2.94 1.8302729277075025
2.94 1.8302729277075025
2.94 1.8302729277075025
2.94 1.8302729277075025
2.94 1.8302729277075025
2.94 1.8302729277075025
2.94 1.8302729277075025
2.94 1.8302729277075025
2.94 1.8302729277075025
2.94 1.8302729277075025
2.94 1.8302729277075025
2.94 1.8302729277075025
2.94 1.8302729277075025
2.94 1.8302729277075025
2.94 1.8302729277075025
2.94 1.8302729277075025
2.94 1.8302729277075025
2.94 1.8302729277075025
2.94 1.8302729277075025
2.94 1.8302729277075025
2.94 1.8302729277075025
2.94 1.8302729277075025
2.94 1.8302729277075025
2.94 1.8302729277075025
2.94 1.8302729277075025
2.94 1.8302729277075025
2.94 1.8302729277075025
2.94 1.8302729277075025
2.94 1.8302729277075025
2.94 1.8302729277075025
2.94 1.8302729277075025
2.94 1.8302729277075025
2.94 1.8302729277075025
2.94 1.8302729277075025
2.94 1.8302729277075025
2.94 1.8302729277075025
2.94 1.8302729277075025
2.94 1.8302729277075025
2.94 1.8302729277075025
2.94 1.8302729277075025
2.97 1.8392741212036048
2.97 1.8392741212036048
2.97 1.8392741212036048
2.97 1.8392741212036048
2.97 1.8392741212036048
2.97 1.8392741212036048
2.97 1.8392741212036048
2.97 1.8392741212036048
2.99 1.8394937819240849
2.99 1.8394937819240849
2.99 1.8394937819240849
2.99 1.8394937819240849
2.99 1.8394937819240849
2.99 1.8394937819240849
2.99 1.8394937819240849
2.99 1.8394937819240849
2.99 1.8394937819240849
2.99 1.8394937819240849
2.99 1.8394937819240849
3.03 1.861111864917683
3.03 1.861111864917683
3.03 1.861111864917683
3.03 1.861111864917683
3.05 1.8606776217607424
3.05 1.8606776217607424
3.05 1.8606776217607424
3.07 1.8491330209838688
3.07 1.8491330209838688
3.07 1.8491330209838688
3.07 1.8491330209838688
3.07 1.8491330209838688
3.07 1.8491330209838688
3.07 1.8491330209838688
3.07 1.8491330209838688
3.07 1.8491330209838688
3.07 1.8491330209838688
3.07 1.8491330209838688
3.07 1.8491330209838688
3.07 1.8491330209838688
3.07 1.8491330209838688
3.07 1.8491330209838688
3.07 1.8491330209838688
3.07 1.8491330209838688
3.11 1.8471654506351618
3.11 1.8471654506351618
3.11 1.8471654506351618
3.11 1.8471654506351618
3.11 1.8471654506351618
3.11 1.8471654506351618
3.11 1.8471654506351618
3.11 1.8471654506351618
3.11 1.8471654506351618
3.11 1.8471654506351618
3.11 1.8471654506351618
3.12 1.8492695800769499
3.12 1.8492695800769499
3.12 1.8492695800769499
3.12 1.8492695800769499
3.16 1.8679649165048382
3.16 1.8679649165048382
3.16 1.8679649165048382
3.16 1.8679649165048382
3.16 1.8679649165048382
3.16 1.8679649165048382
3.16 1.8679649165048382
3.16 1.8679649165048382
3.16 1.8679649165048382
3.16 1.8679649165048382
3.16 1.8679649165048382
3.16 1.8679649165048382
3.16 1.8679649165048382
3.16 1.8679649165048382
3.2 1.864067454452084
3.2 1.864067454452084
3.2 1.864067454452084
3.2 1.864067454452084
3.2 1.864067454452084
3.21 1.8548053887950144
3.28 1.9020456823582792
3.31 1.9368567684302667
3.31 1.9368567684302667
3.31 1.9368567684302667
3.31 1.9368567684302667
3.31 1.9368567684302667
3.31 1.9368567684302667
3.31 1.9368567684302667
3.31 1.9368567684302667
3.31 1.9368567684302667
3.31 1.9368567684302667
3.31 1.9368567684302667
3.32 1.932601742457429
3.32 1.932601742457429
3.32 1.932601742457429
3.32 1.932601742457429
3.32 1.932601742457429
3.32 1.932601742457429
3.32 1.932601742457429
3.32 1.932601742457429
3.35 1.9351871989421319
3.35 1.9351871989421319
3.35 1.9351871989421319
3.35 1.9351871989421319
3.35 1.9351871989421319
3.35 1.9351871989421319
3.35 1.9351871989421319
3.35 1.9351871989421319
3.36 1.9618585292749553
3.36 1.9618585292749553
3.36 1.9618585292749553
3.36 1.9618585292749553
3.36 1.9618585292749553
3.36 1.9618585292749553
3.36 1.9618585292749553
3.36 1.9618585292749553
3.36 1.9618585292749553
3.36 1.9618585292749553
3.36 1.9618585292749553
3.36 1.9618585292749553
3.36 1.9618585292749553
3.36 1.9618585292749553
3.36 1.9618585292749553
3.36 1.9618585292749553
3.36 1.9618585292749553
3.36 1.9618585292749553
3.36 1.9618585292749553
3.37 1.9728203673979545
3.37 1.9728203673979545
3.37 1.9728203673979545
3.37 1.9728203673979545
3.37 1.9728203673979545
3.37 1.9728203673979545
3.37 1.9728203673979545
3.37 1.9728203673979545
3.37 1.9728203673979545
3.37 1.9728203673979545
3.37 1.9728203673979545
3.32 1.916857697989976
3.32 1.916857697989976
3.32 1.916857697989976
3.32 1.916857697989976
3.32 1.916857697989976
3.32 1.916857697989976
3.32 1.916857697989976
3.32 1.916857697989976
3.32 1.916857697989976
3.32 1.916857697989976
3.32 1.916857697989976
3.32 1.916857697989976
3.32 1.916857697989976
3.32 1.916857697989976
3.32 1.916857697989976
3.32 1.916857697989976
3.32 1.916857697989976
3.32 1.916857697989976
3.32 1.916857697989976
3.32 1.916857697989976
3.32 1.916857697989976
3.32 1.916857697989976
3.32 1.916857697989976
3.32 1.916857697989976
3.32 1.916857697989976
3.32 1.916857697989976
3.32 1.916857697989976
3.32 1.916857697989976
3.33 1.907216492030924
3.33 1.907216492030924
3.33 1.907216492030924
3.33 1.907216492030924
3.33 1.907216492030924
3.33 1.907216492030924
3.33 1.907216492030924
3.33 1.907216492030924
3.33 1.907216492030924
3.33 1.907216492030924
3.33 1.907216492030924
3.33 1.907216492030924
3.33 1.907216492030924
3.33 1.907216492030924
3.33 1.907216492030924
3.33 1.907216492030924
3.34 1.9133766228869051
3.34 1.9133766228869051
3.34 1.9133766228869051
3.34 1.9133766228869051
3.34 1.9133766228869051
3.34 1.9133766228869051
3.34 1.9133766228869051
3.34 1.9133766228869051
3.34 1.9133766228869051
3.34 1.9133766228869051
3.34 1.9133766228869051
3.34 1.9133766228869051
3.35 1.9089105253886032
3.35 1.9089105253886032
3.35 1.9089105253886032
3.35 1.9089105253886032
3.35 1.9089105253886032
3.35 1.9089105253886032
3.35 1.9089105253886032
3.35 1.9089105253886032
3.35 1.9089105253886032
3.35 1.9089105253886032
3.35 1.9089105253886032
3.35 1.9089105253886032
3.35 1.9089105253886032
3.35 1.9089105253886032
3.35 1.9089105253886032
3.35 1.9089105253886032
3.35 1.9089105253886032
3.35 1.9089105253886032
3.35 1.9089105253886032
3.35 1.9089105253886032
3.35 1.9089105253886032
3.35 1.9089105253886032
3.35 1.9089105253886032
3.35 1.9089105253886032
3.35 1.9089105253886032
3.35 1.9089105253886032
3.35 1.9089105253886032
3.35 1.9089105253886032
3.35 1.9089105253886032
3.35 1.9089105253886032
3.35 1.9089105253886032
3.35 1.9089105253886032
3.35 1.9089105253886032
3.35 1.9089105253886032
3.36 1.9096776395163373
3.36 1.9096776395163373
3.36 1.9096776395163373
3.36 1.9096776395163373
3.36 1.9096776395163373
3.36 1.9096776395163373
3.36 1.9096776395163373
3.36 1.9096776395163373
3.36 1.9096776395163373
3.36 1.9096776395163373
3.36 1.9096776395163373
3.36 1.9096776395163373
3.36 1.9096776395163373
3.36 1.9096776395163373
3.4 1.9227505550564006
3.4 1.9227505550564006
3.4 1.9227505550564006
3.41 1.917990320279762
3.41 1.917990320279762
3.41 1.917990320279762
3.41 1.917990320279762
3.41 1.917990320279762
3.41 1.917990320279762
3.41 1.917990320279762
3.41 1.917990320279762
3.41 1.917990320279762
3.41 1.917990320279762
3.41 1.917990320279762
3.41 1.917990320279762
3.42 1.9078784028338913
3.42 1.9078784028338913
3.42 1.9078784028338913
3.42 1.9078784028338913
3.42 1.9078784028338913
3.42 1.9078784028338913
3.42 1.9078784028338913
3.42 1.9078784028338913
3.44 1.913904465492023
3.44 1.913904465492023
3.45 1.9036116656864064
3.45 1.9036116656864064
3.45 1.9036116656864064
3.5 1.9042748294987848
3.5 1.9042748294987848
3.5 1.9042748294987848
3.51 1.8936096682678767
3.51 1.8936096682678767
3.51 1.8936096682678767
3.51 1.8936096682678767
3.51 1.8936096682678767
3.51 1.8936096682678767
3.51 1.8936096682678767
3.51 1.8936096682678767
3.51 1.8936096682678767
3.52 1.8828304504257691
3.52 1.8828304504257691
3.52 1.8828304504257691
3.52 1.8828304504257691
3.52 1.8828304504257691
3.52 1.8828304504257691
3.52 1.8828304504257691
3.52 1.8828304504257691
3.52 1.8828304504257691
3.52 1.8828304504257691
3.52 1.8828304504257691
3.52 1.8828304504257691
3.53 1.8773234762137905
3.53 1.8773234762137905
3.53 1.8773234762137905
3.53 1.8773234762137905
3.53 1.8773234762137905
3.53 1.8773234762137905
3.53 1.8773234762137905
3.53 1.8773234762137905
3.53 1.8773234762137905
3.53 1.8773234762137905
3.53 1.8773234762137905
3.53 1.8773234762137905
3.53 1.8773234762137905
3.53 1.8773234762137905
3.56 1.8926759422104529
3.58 1.8758432447269888
3.58 1.8758432447269888
3.58 1.8758432447269888
3.58 1.8758432447269888
3.58 1.8758432447269888
3.58 1.8758432447269888
3.58 1.8758432447269888
3.58 1.8758432447269888
3.58 1.8758432447269888
3.58 1.8758432447269888
3.58 1.8758432447269888
3.59 1.8699916274862525
3.6 1.8694784018408712
3.6 1.8694784018408712
3.6 1.8694784018408712
3.6 1.8694784018408712
3.6 1.8694784018408712
3.6 1.8694784018408712
3.6 1.8694784018408712
3.61 1.8743079530937021
3.61 1.8743079530937021
3.61 1.8743079530937021
3.61 1.8743079530937021
3.61 1.8743079530937021
3.61 1.8743079530937021
3.61 1.8743079530937021
3.61 1.8743079530937021
3.61 1.8743079530937021
3.61 1.8743079530937021
3.61 1.8743079530937021
3.66 1.9239059596077295
3.66 1.9239059596077295
3.66 1.9239059596077295
3.66 1.9239059596077295
3.66 1.9239059596077295
3.66 1.9239059596077295
3.66 1.9239059596077295
3.66 1.9239059596077295
3.66 1.9239059596077295
3.66 1.9239059596077295
3.66 1.9239059596077295
3.66 1.9239059596077295
3.66 1.9239059596077295
3.66 1.9239059596077295
3.66 1.9239059596077295
3.66 1.9239059596077295
3.66 1.9239059596077295
3.66 1.9239059596077295
3.66 1.9239059596077295
3.67 1.959462923735724
3.67 1.959462923735724
3.67 1.959462923735724
3.67 1.959462923735724
3.67 1.959462923735724
3.67 1.959462923735724
3.67 1.959462923735724
3.67 1.959462923735724
3.67 1.959462923735724
3.67 1.959462923735724
3.67 1.959462923735724
3.67 1.959462923735724
3.67 1.959462923735724
3.67 1.959462923735724
3.67 1.959462923735724
3.67 1.959462923735724
3.67 1.959462923735724
3.68 1.9739720506039735
3.68 1.9739720506039735
3.68 1.9739720506039735
3.68 1.9739720506039735
3.68 1.9739720506039735
3.68 1.9739720506039735
3.68 1.9739720506039735
3.68 1.9739720506039735
3.68 1.9739720506039735
3.68 1.9739720506039735
3.68 1.9739720506039735
3.68 1.9739720506039735
3.68 1.9739720506039735
3.68 1.9739720506039735
3.68 1.9739720506039735
3.68 1.9739720506039735
3.68 1.9739720506039735
3.68 1.9739720506039735
3.71 2.0903578544344894
3.71 2.0903578544344894
3.71 2.0903578544344894
3.71 2.0903578544344894
3.71 2.0903578544344894
3.71 2.0903578544344894
3.71 2.0903578544344894
3.71 2.0903578544344894
3.71 2.0903578544344894
3.71 2.0903578544344894
3.71 2.0903578544344894
3.71 2.0903578544344894
3.71 2.0903578544344894
3.72 2.0893186748920134
3.72 2.0893186748920134
3.72 2.0893186748920134
3.72 2.0893186748920134
3.72 2.0893186748920134
3.72 2.0893186748920134
3.72 2.0893186748920134
3.72 2.0893186748920134
3.72 2.0893186748920134
3.72 2.0893186748920134
3.72 2.0893186748920134
3.72 2.0893186748920134
3.72 2.0893186748920134
3.72 2.0893186748920134
3.72 2.0893186748920134
3.72 2.0893186748920134
3.72 2.0893186748920134
3.72 2.0893186748920134
3.72 2.0893186748920134
3.73 2.0930621325964256
3.73 2.0930621325964256
3.73 2.0930621325964256
3.73 2.0930621325964256
3.73 2.0930621325964256
3.73 2.0930621325964256
3.73 2.0930621325964256
3.73 2.0930621325964256
3.73 2.0930621325964256
3.73 2.0930621325964256
3.73 2.0930621325964256
3.73 2.0930621325964256
3.73 2.0930621325964256
3.73 2.0930621325964256
3.73 2.0930621325964256
3.73 2.0930621325964256
3.73 2.0930621325964256
3.73 2.0930621325964256
3.73 2.0930621325964256
3.73 2.0930621325964256
3.73 2.0930621325964256
3.73 2.0930621325964256
3.73 2.0930621325964256
3.73 2.0930621325964256
3.74 2.0919277272797023
3.74 2.0919277272797023
3.74 2.0919277272797023
3.74 2.0919277272797023
3.74 2.0919277272797023
3.74 2.0919277272797023
3.74 2.0919277272797023
3.74 2.0919277272797023
3.74 2.0919277272797023
3.74 2.0919277272797023
3.74 2.0919277272797023
3.74 2.0919277272797023
3.74 2.0919277272797023
3.74 2.0919277272797023
3.74 2.0919277272797023
3.74 2.0919277272797023
3.74 2.0919277272797023
3.74 2.0919277272797023
3.74 2.0919277272797023
3.74 2.0919277272797023
3.74 2.0919277272797023
3.74 2.0919277272797023
3.74 2.0919277272797023
3.74 2.0919277272797023
3.74 2.0919277272797023
3.78 2.1535969441796223
3.78 2.1535969441796223
3.78 2.1535969441796223
3.79 2.1475614547714805
3.79 2.1475614547714805
3.79 2.1475614547714805
3.79 2.1475614547714805
3.79 2.1475614547714805
3.79 2.1475614547714805
3.79 2.1475614547714805
3.79 2.1475614547714805
3.79 2.1475614547714805
3.79 2.1475614547714805
3.79 2.1475614547714805
3.79 2.1475614547714805
3.79 2.1475614547714805
3.79 2.1475614547714805
3.79 2.1475614547714805
3.79 2.1475614547714805
3.79 2.1475614547714805
3.79 2.1475614547714805
3.79 2.1475614547714805
3.79 2.1475614547714805
3.79 2.1475614547714805
3.79 2.1475614547714805
3.79 2.1475614547714805
3.79 2.1475614547714805
3.79 2.1475614547714805
3.79 2.1475614547714805
3.79 2.1475614547714805
3.79 2.1475614547714805
3.79 2.1475614547714805
3.79 2.1475614547714805
3.79 2.1475614547714805
3.79 2.1475614547714805
3.79 2.1475614547714805
3.79 2.1475614547714805
3.79 2.1475614547714805
3.79 2.1475614547714805
3.79 2.1475614547714805
3.79 2.1475614547714805
3.79 2.1475614547714805
3.79 2.1475614547714805
3.79 2.1475614547714805
3.79 2.1475614547714805
3.79 2.1475614547714805
3.79 2.1475614547714805
3.79 2.1475614547714805
3.79 2.1475614547714805
3.79 2.1475614547714805
3.79 2.1475614547714805
3.79 2.1475614547714805
3.79 2.1475614547714805
3.79 2.1475614547714805
3.79 2.1475614547714805
3.79 2.1475614547714805
3.83 2.141721199635868
3.83 2.141721199635868
3.83 2.141721199635868
3.83 2.141721199635868
3.83 2.141721199635868
3.83 2.141721199635868
3.83 2.141721199635868
3.83 2.141721199635868
3.83 2.141721199635868
3.83 2.141721199635868
3.83 2.141721199635868
3.83 2.141721199635868
3.83 2.141721199635868
3.83 2.141721199635868
3.83 2.141721199635868
3.83 2.141721199635868
3.83 2.141721199635868
3.83 2.141721199635868
3.83 2.141721199635868
3.83 2.141721199635868
3.83 2.141721199635868
3.83 2.141721199635868
3.83 2.141721199635868
3.83 2.141721199635868
3.83 2.141721199635868
3.83 2.141721199635868
3.83 2.141721199635868
3.83 2.141721199635868
3.83 2.141721199635868
3.83 2.141721199635868
3.83 2.141721199635868
3.83 2.141721199635868
3.83 2.141721199635868
3.83 2.141721199635868
3.83 2.141721199635868
3.83 2.141721199635868
3.83 2.141721199635868
3.83 2.141721199635868
3.83 2.141721199635868
3.83 2.141721199635868
3.83 2.141721199635868
3.83 2.141721199635868
3.83 2.141721199635868
3.83 2.141721199635868
3.83 2.141721199635868
3.9 2.1950357213908434
3.9 2.1950357213908434
3.9 2.1950357213908434
3.9 2.1950357213908434
3.9 2.1950357213908434
3.9 2.1950357213908434
3.9 2.1950357213908434
3.9 2.1950357213908434
3.9 2.1950357213908434
3.9 2.1950357213908434
3.9 2.1950357213908434
3.9 2.1950357213908434
3.9 2.1950357213908434
3.9 2.1950357213908434
3.9 2.1950357213908434
3.9 2.1950357213908434
3.9 2.1950357213908434
3.9 2.1950357213908434
3.9 2.1950357213908434
3.9 2.1950357213908434
3.9 2.1950357213908434
3.9 2.1950357213908434
3.9 2.1950357213908434
3.9 2.1950357213908434
3.9 2.1950357213908434
3.9 2.1950357213908434
3.9 2.1950357213908434
3.9 2.1950357213908434
3.9 2.1950357213908434
3.9 2.1950357213908434
3.9 2.1950357213908434
3.9 2.1950357213908434
3.9 2.1950357213908434
3.9 2.1950357213908434
3.9 2.1950357213908434
3.9 2.1950357213908434
3.9 2.1950357213908434
3.9 2.1950357213908434
3.9 2.1950357213908434
3.9 2.1950357213908434
3.9 2.1950357213908434
3.9 2.1950357213908434
3.9 2.1950357213908434
3.9 2.1950357213908434
3.9 2.1950357213908434
3.9 2.1950357213908434
3.9 2.1950357213908434
3.91 2.1885607096441224
3.91 2.1885607096441224
3.91 2.1885607096441224
3.91 2.1885607096441224
3.91 2.1885607096441224
3.91 2.1885607096441224
3.91 2.1885607096441224
3.91 2.1885607096441224
3.91 2.1885607096441224
3.91 2.1885607096441224
3.91 2.1885607096441224
3.91 2.1885607096441224
3.91 2.1885607096441224
3.91 2.1885607096441224
3.94 2.1965077884329176
3.94 2.1965077884329176
3.9 2.2133661917969882
3.9 2.2133661917969882
3.9 2.2133661917969882
3.9 2.2133661917969882
3.9 2.2133661917969882
3.9 2.2133661917969882
3.9 2.2133661917969882
3.9 2.2133661917969882
3.9 2.2133661917969882
3.9 2.2133661917969882
3.9 2.2133661917969882
3.9 2.2133661917969882
3.9 2.2133661917969882
3.9 2.2133661917969882
3.9 2.2133661917969882
3.9 2.2133661917969882
3.9 2.2133661917969882
3.9 2.2133661917969882
3.9 2.2133661917969882
3.9 2.2133661917969882
3.9 2.2133661917969882
3.9 2.2133661917969882
3.9 2.2133661917969882
3.9 2.2133661917969882
3.9 2.2133661917969882
3.9 2.2133661917969882
3.9 2.2133661917969882
3.9 2.2133661917969882
3.9 2.2133661917969882
3.9 2.2133661917969882
3.9 2.2133661917969882
3.9 2.2133661917969882
3.9 2.2133661917969882
3.9 2.2133661917969882
3.9 2.2133661917969882
3.9 2.2133661917969882
3.9 2.2133661917969882
3.9 2.2133661917969882
3.9 2.2133661917969882
3.9 2.2133661917969882
3.9 2.2133661917969882
3.9 2.2133661917969882
3.9 2.2133661917969882
3.9 2.2133661917969882
3.9 2.2133661917969882
3.9 2.2133661917969882
3.9 2.2133661917969882
3.9 2.2133661917969882
3.9 2.2133661917969882
3.9 2.2133661917969882
3.9 2.2133661917969882
3.9 2.2133661917969882
3.9 2.2133661917969882
3.9 2.2133661917969882
3.9 2.2133661917969882
3.9 2.2133661917969882
3.9 2.2133661917969882
3.9 2.2133661917969882
3.9 2.2133661917969882
3.97 2.262808659675632
3.99 2.2718968179728476
4.0 2.2652401928522132
4.0 2.2652401928522132
4.0 2.2652401928522132
4.0 2.2652401928522132
4.0 2.2652401928522132
4.0 2.2652401928522132
4.0 2.2652401928522132
4.0 2.2652401928522132
4.0 2.2652401928522132
4.0 2.2652401928522132
4.0 2.2652401928522132
4.0 2.2652401928522132
4.0 2.2652401928522132
4.0 2.2652401928522132
4.0 2.2652401928522132
4.0 2.2652401928522132
4.0 2.2652401928522132
4.0 2.2652401928522132
4.0 2.2652401928522132
4.0 2.2652401928522132
4.0 2.2652401928522132
4.0 2.2652401928522132
4.0 2.2652401928522132
4.0 2.2652401928522132
4.0 2.2652401928522132
4.0 2.2652401928522132
4.0 2.2652401928522132
4.0 2.2652401928522132
4.0 2.2652401928522132
4.0 2.2652401928522132
4.0 2.2652401928522132
4.0 2.2652401928522132
4.0 2.2652401928522132
4.0 2.2652401928522132
4.01 2.258519225268868
4.01 2.258519225268868
4.01 2.258519225268868
4.01 2.258519225268868
4.01 2.258519225268868
4.01 2.258519225268868
4.01 2.258519225268868
4.01 2.258519225268868
4.01 2.258519225268868
4.01 2.258519225268868
4.01 2.258519225268868
4.01 2.258519225268868
4.01 2.258519225268868
4.01 2.258519225268868
4.01 2.258519225268868
4.02 2.2696059374065607
4.02 2.2696059374065607
4.02 2.2696059374065607
4.02 2.2696059374065607
4.02 2.2696059374065607
4.02 2.2696059374065607
4.02 2.2696059374065607
4.02 2.2696059374065607
4.02 2.2696059374065607
4.02 2.2696059374065607
4.02 2.2696059374065607
4.02 2.2696059374065607
4.02 2.2696059374065607
4.02 2.2696059374065607
4.02 2.2696059374065607
4.02 2.2696059374065607
4.02 2.2696059374065607
4.02 2.2696059374065607
4.02 2.2696059374065607
4.02 2.2696059374065607
4.02 2.2696059374065607
4.02 2.2696059374065607
4.02 2.2696059374065607
4.02 2.2696059374065607
4.02 2.2696059374065607
4.02 2.2696059374065607
4.02 2.2696059374065607
4.02 2.2696059374065607
4.02 2.2696059374065607
4.02 2.2696059374065607
4.02 2.2696059374065607
4.02 2.2696059374065607
4.05 2.3022825739915262
4.05 2.3022825739915262
4.05 2.3022825739915262
4.05 2.3022825739915262
4.05 2.3022825739915262
4.05 2.3022825739915262
4.05 2.3022825739915262
4.05 2.3022825739915262
4.05 2.3022825739915262
4.05 2.3022825739915262
4.05 2.3022825739915262
4.05 2.3022825739915262
4.05 2.3022825739915262
4.05 2.3022825739915262
4.05 2.3022825739915262
4.05 2.3022825739915262
4.05 2.3022825739915262
4.05 2.3022825739915262
4.05 2.3022825739915262
4.05 2.3022825739915262
4.05 2.3022825739915262
4.05 2.3022825739915262
4.05 2.3022825739915262
4.05 2.3022825739915262
4.05 2.3022825739915262
4.05 2.3022825739915262
4.05 2.3022825739915262
4.05 2.3022825739915262
4.05 2.3022825739915262
4.05 2.3022825739915262
4.05 2.3022825739915262
4.05 2.3022825739915262
4.05 2.3022825739915262
4.05 2.3022825739915262
4.05 2.3022825739915262
4.05 2.3022825739915262
4.05 2.3022825739915262
4.05 2.3022825739915262
4.05 2.3022825739915262
4.05 2.3022825739915262
4.05 2.3022825739915262
4.05 2.3022825739915262
4.05 2.3022825739915262
4.05 2.3022825739915262
4.05 2.3022825739915262
4.05 2.3022825739915262
4.05 2.3022825739915262
4.05 2.3022825739915262
4.06 2.3086136466929617
4.06 2.3086136466929617
4.06 2.3086136466929617
4.06 2.3086136466929617
4.06 2.3086136466929617
4.06 2.3086136466929617
4.06 2.3086136466929617
4.06 2.3086136466929617
4.06 2.3086136466929617
4.06 2.3086136466929617
4.06 2.3086136466929617
4.06 2.3086136466929617
4.06 2.3086136466929617
4.06 2.3086136466929617
4.06 2.3086136466929617
4.06 2.3086136466929617
4.06 2.3086136466929617
4.06 2.3086136466929617
4.06 2.3086136466929617
4.06 2.3086136466929617
4.06 2.3086136466929617
4.06 2.3086136466929617
4.06 2.3086136466929617
4.06 2.3086136466929617
4.06 2.3086136466929617
4.06 2.3086136466929617
4.06 2.3086136466929617
4.06 2.3086136466929617
4.06 2.3086136466929617
4.1 2.3591643786850813
4.11 2.360855006906684
4.11 2.360855006906684
4.11 2.360855006906684
4.11 2.360855006906684
4.11 2.360855006906684
4.11 2.360855006906684
4.11 2.360855006906684
4.11 2.360855006906684
4.11 2.360855006906684
4.11 2.360855006906684
4.11 2.360855006906684
4.11 2.360855006906684
4.11 2.360855006906684
4.11 2.360855006906684
4.11 2.360855006906684
4.11 2.360855006906684
4.11 2.360855006906684
4.11 2.360855006906684
4.11 2.360855006906684
4.11 2.360855006906684
4.11 2.360855006906684
4.11 2.360855006906684
4.12 2.3582222374517894
4.12 2.3582222374517894
4.12 2.3582222374517894
4.12 2.3582222374517894
4.12 2.3582222374517894
4.12 2.3582222374517894
4.12 2.3582222374517894
4.12 2.3582222374517894
4.12 2.3582222374517894
4.12 2.3582222374517894
4.12 2.3582222374517894
4.12 2.3582222374517894
4.12 2.3582222374517894
4.12 2.3582222374517894
4.12 2.3582222374517894
4.12 2.3582222374517894
4.12 2.3582222374517894
4.12 2.3582222374517894
4.12 2.3582222374517894
4.12 2.3582222374517894
4.12 2.3582222374517894
4.12 2.3582222374517894
4.12 2.3582222374517894
4.13 2.3512515472368833
4.13 2.3512515472368833
4.13 2.3512515472368833
4.13 2.3512515472368833
4.13 2.3512515472368833
4.13 2.3512515472368833
4.13 2.3512515472368833
4.13 2.3512515472368833
4.13 2.3512515472368833
4.13 2.3512515472368833
4.13 2.3512515472368833
4.13 2.3512515472368833
4.13 2.3512515472368833
4.13 2.3512515472368833
4.13 2.3512515472368833
4.13 2.3512515472368833
4.13 2.3512515472368833
4.13 2.3512515472368833
4.13 2.3512515472368833
4.13 2.3512515472368833
4.13 2.3512515472368833
4.13 2.3512515472368833
4.13 2.3512515472368833
4.13 2.3512515472368833
4.13 2.3512515472368833
4.13 2.3512515472368833
4.13 2.3512515472368833
4.16 2.406724585889136
4.16 2.406724585889136
4.16 2.406724585889136
4.16 2.406724585889136
4.16 2.406724585889136
4.18 2.413681541931037
4.18 2.413681541931037
4.18 2.413681541931037
4.18 2.413681541931037
4.18 2.413681541931037
4.18 2.413681541931037
4.18 2.413681541931037
4.18 2.413681541931037
4.18 2.413681541931037
4.21 2.4049402016967845
4.21 2.4049402016967845
4.21 2.4049402016967845
4.21 2.4049402016967845
4.21 2.4049402016967845
4.21 2.4049402016967845
4.21 2.4049402016967845
4.21 2.4049402016967845
4.21 2.4049402016967845
4.21 2.4049402016967845
4.21 2.4049402016967845
4.21 2.4049402016967845
4.21 2.4049402016967845
4.21 2.4049402016967845
4.21 2.4049402016967845
4.21 2.4049402016967845
4.21 2.4049402016967845
4.21 2.4049402016967845
4.21 2.4049402016967845
4.21 2.4049402016967845
4.21 2.4049402016967845
4.21 2.4049402016967845
4.21 2.4049402016967845
4.21 2.4049402016967845
4.21 2.4049402016967845
4.21 2.4049402016967845
4.21 2.4049402016967845
4.21 2.4049402016967845
4.21 2.4049402016967845
4.21 2.4049402016967845
4.21 2.4049402016967845
4.21 2.4049402016967845
4.23 2.3946700074215745
4.23 2.3946700074215745
4.24 2.3915676782386814
4.24 2.3915676782386814
4.24 2.3915676782386814
4.24 2.3915676782386814
4.24 2.3915676782386814
4.24 2.3915676782386814
4.24 2.3915676782386814
4.24 2.3915676782386814
4.24 2.3915676782386814
4.24 2.3915676782386814
4.24 2.3915676782386814
4.24 2.3915676782386814
4.24 2.3915676782386814
4.24 2.3915676782386814
4.24 2.3915676782386814
4.24 2.3915676782386814
4.24 2.3915676782386814
4.24 2.3915676782386814
4.24 2.3915676782386814
4.24 2.3915676782386814
4.24 2.3915676782386814
4.24 2.3915676782386814
4.24 2.3915676782386814
4.27 2.3819820284457203
4.27 2.3819820284457203
4.27 2.3819820284457203
4.27 2.3819820284457203
4.27 2.3819820284457203
4.27 2.3819820284457203
4.27 2.3819820284457203
4.27 2.3819820284457203
4.27 2.3819820284457203
4.27 2.3819820284457203
4.27 2.3819820284457203
4.27 2.3819820284457203
4.27 2.3819820284457203
4.27 2.3819820284457203
4.27 2.3819820284457203
4.27 2.3819820284457203
4.27 2.3819820284457203
4.27 2.3819820284457203
4.27 2.3819820284457203
4.27 2.3819820284457203
4.27 2.3819820284457203
4.27 2.3819820284457203
4.27 2.3819820284457203
4.28 2.387171099562378
4.28 2.387171099562378
4.28 2.387171099562378
4.28 2.387171099562378
4.28 2.387171099562378
4.28 2.387171099562378
4.28 2.387171099562378
4.28 2.387171099562378
4.28 2.387171099562378
4.28 2.387171099562378
4.28 2.387171099562378
4.28 2.387171099562378
4.28 2.387171099562378
4.28 2.387171099562378
4.28 2.387171099562378
4.28 2.387171099562378
4.28 2.387171099562378
4.28 2.387171099562378
4.28 2.387171099562378
4.28 2.387171099562378
4.28 2.387171099562378
4.28 2.387171099562378
4.28 2.387171099562378
4.28 2.387171099562378
4.28 2.387171099562378
4.28 2.387171099562378
4.28 2.387171099562378
4.28 2.387171099562378
4.28 2.387171099562378
4.28 2.387171099562378
4.28 2.387171099562378
4.28 2.387171099562378
4.28 2.387171099562378
4.28 2.387171099562378
4.28 2.387171099562378
4.28 2.387171099562378
4.28 2.387171099562378
4.28 2.387171099562378
4.28 2.387171099562378
4.28 2.387171099562378
4.28 2.387171099562378
4.28 2.387171099562378
4.28 2.387171099562378
4.28 2.387171099562378
4.28 2.387171099562378
4.28 2.387171099562378
4.28 2.387171099562378
4.28 2.387171099562378
4.28 2.387171099562378
4.28 2.387171099562378
4.28 2.387171099562378
4.28 2.387171099562378
4.28 2.387171099562378
4.28 2.387171099562378
4.28 2.387171099562378
4.28 2.387171099562378
4.28 2.387171099562378
4.28 2.387171099562378
4.28 2.387171099562378
4.3 2.3762290812261018
4.3 2.3762290812261018
4.3 2.3762290812261018
4.3 2.3762290812261018
4.3 2.3762290812261018
4.3 2.3762290812261018
4.3 2.3762290812261018
4.3 2.3762290812261018
4.3 2.3762290812261018
4.3 2.3762290812261018
4.3 2.3762290812261018
4.3 2.3762290812261018
4.3 2.3762290812261018
4.3 2.3762290812261018
4.3 2.3762290812261018
4.3 2.3762290812261018
4.3 2.3762290812261018
4.3 2.3762290812261018
4.3 2.3762290812261018
4.31 2.364275360400724
4.31 2.364275360400724
4.31 2.364275360400724
4.31 2.364275360400724
4.31 2.364275360400724
4.31 2.364275360400724
4.31 2.364275360400724
4.31 2.364275360400724
4.31 2.364275360400724
4.31 2.364275360400724
4.31 2.364275360400724
4.31 2.364275360400724
4.31 2.364275360400724
4.31 2.364275360400724
4.31 2.364275360400724
4.31 2.364275360400724
4.31 2.364275360400724
4.31 2.364275360400724
4.31 2.364275360400724
4.31 2.364275360400724
4.31 2.364275360400724
4.31 2.364275360400724
4.31 2.364275360400724
4.31 2.364275360400724
4.31 2.364275360400724
4.31 2.364275360400724
4.31 2.364275360400724
4.31 2.364275360400724
4.31 2.364275360400724
4.31 2.364275360400724
4.31 2.364275360400724
4.31 2.364275360400724
4.31 2.364275360400724
4.31 2.364275360400724
4.31 2.364275360400724
4.31 2.364275360400724
4.31 2.364275360400724
4.31 2.364275360400724
4.31 2.364275360400724
4.31 2.364275360400724
4.31 2.364275360400724
4.31 2.364275360400724
4.31 2.364275360400724
4.31 2.364275360400724
4.31 2.364275360400724
4.31 2.364275360400724
4.31 2.364275360400724
4.31 2.364275360400724
4.32 2.390553800847718
4.32 2.390553800847718
4.32 2.390553800847718
4.32 2.390553800847718
4.32 2.390553800847718
4.32 2.390553800847718
4.32 2.390553800847718
4.32 2.390553800847718
4.32 2.390553800847718
4.38 2.4568189994298733
4.38 2.4568189994298733
4.38 2.4568189994298733
4.38 2.4568189994298733
4.38 2.4568189994298733
4.43 2.4587711474546707
4.43 2.4587711474546707
4.43 2.4587711474546707
4.43 2.4587711474546707
4.43 2.4587711474546707
4.43 2.4587711474546707
4.43 2.4587711474546707
4.43 2.4587711474546707
4.43 2.4587711474546707
4.43 2.4587711474546707
4.43 2.4587711474546707
4.43 2.4587711474546707
4.43 2.4587711474546707
4.43 2.4587711474546707
4.43 2.4587711474546707
4.43 2.4587711474546707
4.43 2.4587711474546707
4.43 2.4587711474546707
4.43 2.4587711474546707
4.43 2.4587711474546707
4.43 2.4587711474546707
4.43 2.4587711474546707
4.43 2.4587711474546707
4.43 2.4587711474546707
4.43 2.4587711474546707
4.43 2.4587711474546707
4.43 2.4587711474546707
4.43 2.4587711474546707
4.43 2.4587711474546707
4.43 2.4587711474546707
4.43 2.4587711474546707
4.43 2.4587711474546707
4.43 2.4587711474546707
4.43 2.4587711474546707
4.43 2.4587711474546707
4.43 2.4587711474546707
4.44 2.4876259421952547
4.44 2.4876259421952547
4.44 2.4876259421952547
4.44 2.4876259421952547
4.44 2.4876259421952547
4.44 2.4876259421952547
4.44 2.4876259421952547
4.44 2.4876259421952547
4.46 2.475822483478363
4.46 2.475822483478363
4.46 2.475822483478363
4.46 2.475822483478363
4.46 2.475822483478363
4.46 2.475822483478363
4.46 2.475822483478363
4.46 2.475822483478363
4.46 2.475822483478363
4.46 2.475822483478363
4.46 2.475822483478363
4.46 2.475822483478363
4.46 2.475822483478363
4.46 2.475822483478363
4.46 2.475822483478363
4.46 2.475822483478363
4.46 2.475822483478363
4.46 2.475822483478363
4.46 2.475822483478363
4.46 2.475822483478363
4.46 2.475822483478363
4.46 2.475822483478363
4.46 2.475822483478363
4.46 2.475822483478363
4.46 2.475822483478363
4.46 2.475822483478363
4.47 2.4962800606931386
4.48 2.496381219269042
4.48 2.496381219269042
4.48 2.496381219269042
4.48 2.496381219269042
4.48 2.496381219269042
4.48 2.496381219269042
4.48 2.496381219269042
4.48 2.496381219269042
4.5 2.484294099279949
4.5 2.484294099279949
4.5 2.484294099279949
4.5 2.484294099279949
4.51 2.4761284541017097
4.51 2.4761284541017097
4.52 2.4637984962863806
4.52 2.4637984962863806
4.52 2.4637984962863806
4.52 2.4637984962863806
4.52 2.4637984962863806
4.52 2.4637984962863806
4.52 2.4637984962863806
4.52 2.4637984962863806
4.52 2.4637984962863806
4.52 2.4637984962863806
4.52 2.4637984962863806
4.52 2.4637984962863806
4.52 2.4637984962863806
4.52 2.4637984962863806
4.52 2.4637984962863806
4.52 2.4637984962863806
4.52 2.4637984962863806
4.52 2.4637984962863806
4.52 2.4637984962863806
4.52 2.4637984962863806
4.52 2.4637984962863806
4.52 2.4637984962863806
4.52 2.4637984962863806
4.52 2.4637984962863806
4.52 2.4637984962863806
4.52 2.4637984962863806
4.52 2.4637984962863806
4.52 2.4637984962863806
4.52 2.4637984962863806
4.52 2.4637984962863806
4.52 2.4637984962863806
4.52 2.4637984962863806
4.52 2.4637984962863806
4.52 2.4637984962863806
4.52 2.4637984962863806
4.52 2.4637984962863806
4.52 2.4637984962863806
4.52 2.4637984962863806
4.52 2.4637984962863806
4.57 2.5236457514452937
4.57 2.5236457514452937
4.57 2.5236457514452937
4.57 2.5236457514452937
4.57 2.5236457514452937
4.57 2.5236457514452937
4.57 2.5236457514452937
4.57 2.5236457514452937
4.57 2.5236457514452937
4.57 2.5236457514452937
4.57 2.5236457514452937
4.57 2.5236457514452937
4.57 2.5236457514452937
4.57 2.5236457514452937
4.57 2.5236457514452937
4.57 2.5236457514452937
4.57 2.5236457514452937
4.57 2.5236457514452937
4.57 2.5236457514452937
4.57 2.5236457514452937
4.57 2.5236457514452937
4.57 2.5236457514452937
4.57 2.5236457514452937
4.57 2.5236457514452937
4.57 2.5236457514452937
4.57 2.5236457514452937
4.57 2.5236457514452937
4.57 2.5236457514452937
4.57 2.5236457514452937
4.57 2.5236457514452937
4.57 2.5236457514452937
4.57 2.5236457514452937
4.57 2.5236457514452937
4.57 2.5236457514452937
4.57 2.5236457514452937
4.57 2.5236457514452937
4.57 2.5236457514452937
4.57 2.5236457514452937
4.57 2.5236457514452937
4.57 2.5236457514452937
4.57 2.5236457514452937
4.57 2.5236457514452937
4.57 2.5236457514452937
4.57 2.5236457514452937
4.57 2.5236457514452937
4.57 2.5236457514452937
4.57 2.5236457514452937
4.57 2.5236457514452937
4.57 2.5236457514452937
4.57 2.5236457514452937
4.57 2.5236457514452937
4.57 2.5236457514452937
4.57 2.5236457514452937
4.57 2.5236457514452937
4.57 2.5236457514452937
4.57 2.5236457514452937
4.57 2.5236457514452937
4.57 2.5236457514452937
4.57 2.5236457514452937
4.57 2.5236457514452937
4.57 2.5236457514452937
4.57 2.5236457514452937
4.57 2.5236457514452937
4.57 2.5236457514452937
4.57 2.5236457514452937
4.57 2.5236457514452937
4.57 2.5236457514452937
4.57 2.5236457514452937
4.57 2.5236457514452937
4.57 2.5236457514452937
4.57 2.5236457514452937
4.57 2.5236457514452937
4.57 2.5236457514452937
4.57 2.5236457514452937
4.57 2.5236457514452937
4.57 2.5236457514452937
4.57 2.5236457514452937
4.57 2.5236457514452937
4.57 2.5236457514452937
4.57 2.5236457514452937
4.57 2.5236457514452937
4.57 2.5236457514452937
4.57 2.5236457514452937
4.57 2.5236457514452937
4.57 2.5236457514452937
4.57 2.5236457514452937
4.57 2.5236457514452937
4.57 2.5236457514452937
4.58 2.5193393394044215
4.58 2.5193393394044215
4.58 2.5193393394044215
4.58 2.5193393394044215
4.58 2.5193393394044215
4.59 2.5189985183309513
4.59 2.5189985183309513
4.59 2.5189985183309513
4.59 2.5189985183309513
4.59 2.5189985183309513
4.59 2.5189985183309513
4.59 2.5189985183309513
4.59 2.5189985183309513
4.59 2.5189985183309513
4.59 2.5189985183309513
4.59 2.5189985183309513
4.59 2.5189985183309513
4.59 2.5189985183309513
4.59 2.5189985183309513
4.59 2.5189985183309513
4.59 2.5189985183309513
4.59 2.5189985183309513
4.59 2.5189985183309513
4.59 2.5189985183309513
4.59 2.5189985183309513
4.59 2.5189985183309513
4.59 2.5189985183309513
4.59 2.5189985183309513
4.59 2.5189985183309513
4.59 2.5189985183309513
4.59 2.5189985183309513
4.59 2.5189985183309513
4.59 2.5189985183309513
4.59 2.5189985183309513
4.59 2.5189985183309513
4.59 2.5189985183309513
4.59 2.5189985183309513
4.59 2.5189985183309513
4.59 2.5189985183309513
4.59 2.5189985183309513
4.59 2.5189985183309513
4.59 2.5189985183309513
4.59 2.5189985183309513
4.59 2.5189985183309513
4.59 2.5189985183309513
4.59 2.5189985183309513
4.59 2.5189985183309513
4.59 2.5189985183309513
4.59 2.5189985183309513
4.59 2.5189985183309513
4.59 2.5189985183309513
4.59 2.5189985183309513
4.59 2.5189985183309513
4.59 2.5189985183309513
4.59 2.5189985183309513
4.61 2.530201413310646
4.61 2.530201413310646
4.61 2.530201413310646
4.61 2.530201413310646
4.61 2.530201413310646
4.61 2.530201413310646
4.61 2.530201413310646
4.61 2.530201413310646
4.61 2.530201413310646
4.62 2.537715508089905
4.62 2.537715508089905
4.62 2.537715508089905
4.62 2.537715508089905
4.62 2.537715508089905
4.62 2.537715508089905
4.62 2.537715508089905
4.62 2.537715508089905
4.62 2.537715508089905
4.62 2.537715508089905
4.62 2.537715508089905
4.62 2.537715508089905
4.62 2.537715508089905
4.62 2.537715508089905
4.62 2.537715508089905
4.62 2.537715508089905
4.62 2.537715508089905
4.62 2.537715508089905
4.62 2.537715508089905
4.62 2.537715508089905
4.62 2.537715508089905
4.62 2.537715508089905
4.62 2.537715508089905
4.62 2.537715508089905
4.66 2.6139485979504786
4.66 2.6139485979504786
4.66 2.6139485979504786
4.66 2.6139485979504786
4.66 2.6139485979504786
4.66 2.6139485979504786
4.66 2.6139485979504786
4.66 2.6139485979504786
4.66 2.6139485979504786
4.66 2.6139485979504786
4.66 2.6139485979504786
4.67 2.6055690163551413
4.67 2.6055690163551413
4.67 2.6055690163551413
4.67 2.6055690163551413
4.67 2.6055690163551413
4.67 2.6055690163551413
4.67 2.6055690163551413
4.67 2.6055690163551413
4.67 2.6055690163551413
4.67 2.6055690163551413
4.67 2.6055690163551413
4.67 2.6055690163551413
4.67 2.6055690163551413
4.67 2.6055690163551413
4.67 2.6055690163551413
4.67 2.6055690163551413
4.67 2.6055690163551413
4.67 2.6055690163551413
4.67 2.6055690163551413
4.67 2.6055690163551413
4.67 2.6055690163551413
4.67 2.6055690163551413
4.67 2.6055690163551413
4.67 2.6055690163551413
4.67 2.6055690163551413
4.67 2.6055690163551413
4.67 2.6055690163551413
4.67 2.6055690163551413
4.67 2.6055690163551413
4.68 2.5971235059293005
4.68 2.5971235059293005
4.68 2.5971235059293005
4.69 2.6041730302952533
4.69 2.6041730302952533
4.69 2.6041730302952533
4.69 2.6041730302952533
4.69 2.6041730302952533
4.69 2.6041730302952533
4.69 2.6041730302952533
4.69 2.6041730302952533
4.69 2.6041730302952533
4.69 2.6041730302952533
4.69 2.6041730302952533
4.69 2.6041730302952533
4.69 2.6041730302952533
4.69 2.6041730302952533
4.69 2.6041730302952533
4.69 2.6041730302952533
4.69 2.6041730302952533
4.69 2.6041730302952533
4.69 2.6041730302952533
4.69 2.6041730302952533
4.69 2.6041730302952533
4.69 2.6041730302952533
4.69 2.6041730302952533
4.69 2.6041730302952533
4.69 2.6041730302952533
4.69 2.6041730302952533
4.69 2.6041730302952533
4.69 2.6041730302952533
4.69 2.6041730302952533
4.69 2.6041730302952533
4.69 2.6041730302952533
4.69 2.6041730302952533
4.69 2.6041730302952533
4.69 2.6041730302952533
4.69 2.6041730302952533
4.69 2.6041730302952533
4.69 2.6041730302952533
4.69 2.6041730302952533
4.69 2.6041730302952533
4.69 2.6041730302952533
4.69 2.6041730302952533
4.69 2.6041730302952533
4.73 2.624111201142131
4.73 2.624111201142131
4.73 2.624111201142131
4.73 2.624111201142131
4.73 2.624111201142131
4.73 2.624111201142131
4.73 2.624111201142131
4.73 2.624111201142131
4.73 2.624111201142131
4.73 2.624111201142131
4.73 2.624111201142131
4.73 2.624111201142131
4.73 2.624111201142131
4.73 2.624111201142131
4.73 2.624111201142131
4.73 2.624111201142131
4.73 2.624111201142131
4.73 2.624111201142131
4.73 2.624111201142131
4.73 2.624111201142131
4.73 2.624111201142131
4.73 2.624111201142131
4.73 2.624111201142131
4.73 2.624111201142131
4.73 2.624111201142131
4.73 2.624111201142131
4.73 2.624111201142131
4.73 2.624111201142131
4.73 2.624111201142131
4.73 2.624111201142131
4.73 2.624111201142131
4.73 2.624111201142131
4.73 2.624111201142131
4.73 2.624111201142131
4.73 2.624111201142131
4.73 2.624111201142131
4.73 2.624111201142131
4.73 2.624111201142131
4.73 2.624111201142131
4.73 2.624111201142131
4.73 2.624111201142131
4.73 2.624111201142131
4.73 2.624111201142131
4.73 2.624111201142131
4.73 2.624111201142131
4.73 2.624111201142131
4.73 2.624111201142131
4.73 2.624111201142131
4.73 2.624111201142131
4.73 2.624111201142131
4.73 2.624111201142131
4.73 2.624111201142131
4.73 2.624111201142131
4.73 2.624111201142131
4.73 2.624111201142131
4.76 2.621280433511666
4.76 2.621280433511666
4.76 2.621280433511666
4.76 2.621280433511666
4.76 2.621280433511666
4.76 2.621280433511666
4.76 2.621280433511666
4.76 2.621280433511666
4.76 2.621280433511666
4.76 2.621280433511666
4.76 2.621280433511666
4.76 2.621280433511666
4.76 2.621280433511666
4.76 2.621280433511666
4.76 2.621280433511666
4.76 2.621280433511666
4.76 2.621280433511666
4.76 2.621280433511666
4.76 2.621280433511666
4.76 2.621280433511666
4.76 2.621280433511666
4.76 2.621280433511666
4.76 2.621280433511666
4.76 2.621280433511666
4.76 2.621280433511666
4.76 2.621280433511666
4.76 2.621280433511666
4.76 2.621280433511666
4.76 2.621280433511666
4.76 2.621280433511666
4.76 2.621280433511666
4.76 2.621280433511666
4.76 2.621280433511666
4.76 2.621280433511666
4.76 2.621280433511666
4.76 2.621280433511666
4.76 2.621280433511666
4.76 2.621280433511666
4.78 2.668862732106745
4.78 2.668862732106745
4.78 2.668862732106745
4.78 2.668862732106745
4.78 2.668862732106745
4.78 2.668862732106745
4.78 2.668862732106745
4.78 2.668862732106745
4.78 2.668862732106745
4.78 2.668862732106745
4.78 2.668862732106745
4.78 2.668862732106745
4.78 2.668862732106745
4.78 2.668862732106745
4.78 2.668862732106745
4.78 2.668862732106745
4.78 2.668862732106745
4.78 2.668862732106745
4.78 2.668862732106745
4.78 2.668862732106745
4.78 2.668862732106745
4.78 2.668862732106745
4.78 2.668862732106745
4.78 2.668862732106745
4.78 2.668862732106745
4.78 2.668862732106745
4.78 2.668862732106745
4.78 2.668862732106745
4.78 2.668862732106745
4.78 2.668862732106745
4.78 2.668862732106745
4.78 2.668862732106745
4.78 2.668862732106745
4.78 2.668862732106745
4.78 2.668862732106745
4.78 2.668862732106745
4.78 2.668862732106745
4.78 2.668862732106745
4.78 2.668862732106745
4.78 2.668862732106745
4.78 2.668862732106745
4.78 2.668862732106745
4.78 2.668862732106745
4.78 2.668862732106745
4.78 2.668862732106745
4.78 2.668862732106745
4.78 2.668862732106745
4.78 2.668862732106745
4.78 2.668862732106745
4.78 2.668862732106745
4.78 2.668862732106745
4.78 2.668862732106745
4.78 2.668862732106745
4.78 2.668862732106745
4.78 2.668862732106745
4.78 2.668862732106745
4.78 2.668862732106745
4.85 2.713136766016617
4.85 2.713136766016617
4.85 2.713136766016617
4.85 2.713136766016617
4.85 2.713136766016617
4.85 2.713136766016617
4.85 2.713136766016617
4.85 2.713136766016617
4.85 2.713136766016617
4.85 2.713136766016617
4.85 2.713136766016617
4.85 2.713136766016617
4.85 2.713136766016617
4.85 2.713136766016617
4.85 2.713136766016617
4.85 2.713136766016617
4.85 2.713136766016617
4.85 2.713136766016617
4.87 2.721611970353545
4.87 2.721611970353545
4.87 2.721611970353545
4.87 2.721611970353545
4.87 2.721611970353545
4.87 2.721611970353545
4.87 2.721611970353545
4.87 2.721611970353545
4.87 2.721611970353545
4.87 2.721611970353545
4.87 2.721611970353545
4.87 2.721611970353545
4.87 2.721611970353545
4.87 2.721611970353545
4.9 2.706147136286628
4.9 2.706147136286628
4.9 2.706147136286628
4.9 2.706147136286628
4.9 2.706147136286628
4.9 2.706147136286628
4.9 2.706147136286628
4.9 2.706147136286628
4.9 2.706147136286628
4.9 2.706147136286628
4.9 2.706147136286628
4.9 2.706147136286628
4.9 2.706147136286628
4.9 2.706147136286628
4.9 2.706147136286628
4.9 2.706147136286628
4.9 2.706147136286628
4.9 2.706147136286628
4.9 2.706147136286628
4.9 2.706147136286628
4.9 2.706147136286628
4.9 2.706147136286628
4.9 2.706147136286628
4.9 2.706147136286628
4.9 2.706147136286628
4.9 2.706147136286628
4.9 2.706147136286628
4.9 2.706147136286628
4.9 2.706147136286628
4.9 2.706147136286628
4.91 2.7046350040348344
4.91 2.7046350040348344
4.91 2.7046350040348344
4.91 2.7046350040348344
4.91 2.7046350040348344
4.91 2.7046350040348344
4.91 2.7046350040348344
4.91 2.7046350040348344
4.91 2.7046350040348344
4.91 2.7046350040348344
4.91 2.7046350040348344
4.91 2.7046350040348344
4.91 2.7046350040348344
4.91 2.7046350040348344
4.91 2.7046350040348344
4.91 2.7046350040348344
4.91 2.7046350040348344
4.91 2.7046350040348344
4.91 2.7046350040348344
4.91 2.7046350040348344
4.91 2.7046350040348344
4.91 2.7046350040348344
4.91 2.7046350040348344
4.91 2.7046350040348344
4.91 2.7046350040348344
4.91 2.7046350040348344
4.91 2.7046350040348344
4.91 2.7046350040348344
4.91 2.7046350040348344
4.91 2.7046350040348344
4.91 2.7046350040348344
4.91 2.7046350040348344
4.91 2.7046350040348344
4.91 2.7046350040348344
4.91 2.7046350040348344
4.91 2.7046350040348344
4.91 2.7046350040348344
4.91 2.7046350040348344
4.91 2.7046350040348344
4.91 2.7046350040348344
4.91 2.7046350040348344
4.91 2.7046350040348344
4.91 2.7046350040348344
4.91 2.7046350040348344
4.91 2.7046350040348344
4.91 2.7046350040348344
4.91 2.7046350040348344
4.91 2.7046350040348344
4.91 2.7046350040348344
4.91 2.7046350040348344
4.91 2.7046350040348344
4.91 2.7046350040348344
4.91 2.7046350040348344
4.91 2.7046350040348344
4.91 2.7046350040348344
4.91 2.7046350040348344
4.92 2.7105480455197073
4.92 2.7105480455197073
4.92 2.7105480455197073
4.92 2.7105480455197073
4.92 2.7105480455197073
4.92 2.7105480455197073
4.92 2.7105480455197073
4.92 2.7105480455197073
4.93 2.708963796082341
4.93 2.708963796082341
4.95 2.7094112074229506
4.95 2.7094112074229506
4.95 2.7094112074229506
4.95 2.7094112074229506
4.95 2.7094112074229506
4.95 2.7094112074229506
4.95 2.7094112074229506
4.95 2.7094112074229506
4.98 2.7153882472555075
4.98 2.7153882472555075
4.98 2.7153882472555075
4.98 2.7153882472555075
4.98 2.7153882472555075
4.98 2.7153882472555075
4.98 2.7153882472555075
4.99 2.7210180804139092
4.99 2.7210180804139092
4.99 2.7210180804139092
4.99 2.7210180804139092
4.99 2.7210180804139092
4.99 2.7210180804139092
4.99 2.7210180804139092
4.99 2.7210180804139092
4.99 2.7210180804139092
4.99 2.7210180804139092
4.99 2.7210180804139092
4.99 2.7210180804139092
4.99 2.7210180804139092
4.99 2.7210180804139092
4.99 2.7210180804139092
4.99 2.7210180804139092
4.99 2.7210180804139092
4.99 2.7210180804139092
5.0 2.7228921047557897
5.0 2.7228921047557897
5.0 2.7228921047557897
5.0 2.7228921047557897
5.0 2.7228921047557897
5.0 2.7228921047557897
5.0 2.7228921047557897
5.0 2.7228921047557897
5.0 2.7228921047557897
5.0 2.7228921047557897
5.0 2.7228921047557897
5.0 2.7228921047557897
5.0 2.7228921047557897
5.0 2.7228921047557897
5.0 2.7228921047557897
5.0 2.7228921047557897
5.0 2.7228921047557897
5.0 2.7228921047557897
5.0 2.7228921047557897
5.0 2.7228921047557897
5.0 2.7228921047557897
5.0 2.7228921047557897
5.0 2.7228921047557897
5.0 2.7228921047557897
5.0 2.7228921047557897
5.0 2.7228921047557897
5.0 2.7228921047557897
5.0 2.7228921047557897
5.0 2.7228921047557897
5.0 2.7228921047557897
5.0 2.7228921047557897
5.0 2.7228921047557897
5.0 2.7228921047557897
5.0 2.7228921047557897
5.0 2.7228921047557897
5.0 2.7228921047557897
5.0 2.7228921047557897
5.0 2.7228921047557897
5.0 2.7228921047557897
5.0 2.7228921047557897
5.0 2.7228921047557897
5.0 2.7228921047557897
5.0 2.7228921047557897
5.0 2.7228921047557897
5.0 2.7228921047557897
5.0 2.7228921047557897
5.0 2.7228921047557897
5.0 2.7228921047557897
5.0 2.7228921047557897
5.01 2.7135834893246527
5.01 2.7135834893246527
5.01 2.7135834893246527
5.01 2.7135834893246527
5.01 2.7135834893246527
5.01 2.7135834893246527
5.01 2.7135834893246527
5.01 2.7135834893246527
5.06 2.831354032360782
5.06 2.831354032360782
5.06 2.831354032360782
5.06 2.831354032360782
5.06 2.831354032360782
5.06 2.831354032360782
5.06 2.831354032360782
5.06 2.831354032360782
5.06 2.831354032360782
5.07 2.8329054935443114
5.07 2.8329054935443114
5.07 2.8329054935443114
5.07 2.8329054935443114
5.07 2.8329054935443114
5.07 2.8329054935443114
5.07 2.8329054935443114
5.07 2.8329054935443114
5.07 2.8329054935443114
5.07 2.8329054935443114
5.07 2.8329054935443114
5.09 2.8251932981155763
5.09 2.8251932981155763
5.09 2.8251932981155763
5.09 2.8251932981155763
5.09 2.8251932981155763
5.09 2.8251932981155763
5.09 2.8251932981155763
5.09 2.8251932981155763
5.09 2.8251932981155763
5.09 2.8251932981155763
5.09 2.8251932981155763
5.09 2.8251932981155763
5.09 2.8251932981155763
5.09 2.8251932981155763
5.09 2.8251932981155763
5.09 2.8251932981155763
5.1 2.823065172768238
5.1 2.823065172768238
5.1 2.823065172768238
5.1 2.823065172768238
5.1 2.823065172768238
5.1 2.823065172768238
5.1 2.823065172768238
5.1 2.823065172768238
5.1 2.823065172768238
5.1 2.823065172768238
5.1 2.823065172768238
5.1 2.823065172768238
5.1 2.823065172768238
5.1 2.823065172768238
5.1 2.823065172768238
5.1 2.823065172768238
5.1 2.823065172768238
5.12 2.8789728808178903
5.12 2.8789728808178903
5.12 2.8789728808178903
5.12 2.8789728808178903
5.12 2.8789728808178903
5.12 2.8789728808178903
5.12 2.8789728808178903
5.12 2.8789728808178903
