1.17 1.6333333333333322
1.9 1.7609685122142593
1.99 1.7378437818460577
2.02 1.675612356028914
2.07 1.6468825769380835
2.05 1.5978204852330253
2.11 1.5820648826547208
2.1 1.5537507567629423
2.1 1.5537507567629423
2.1 1.5537507567629423
2.09 1.5640855591570548
2.12 1.552319867068952
2.12 1.5457991297367677
2.12 1.5457991297367677
2.13 1.5417096636100744
2.18 1.5851584377365167
2.13 1.5417096636100747
2.14 1.537543626711256
2.18 1.559461186409971
2.2 1.5569978883230453
2.26 1.6429832437958523
2.27 1.6382732964738804
2.28 1.633487933314117
2.26 1.6244346335842141
2.26 1.6244346335842141
2.26 1.6244346335842141
2.26 1.6244346335842141
2.27 1.6505585219383878
2.27 1.6505585219383878
2.28 1.6519348924485149
2.28 1.6519348924485149
2.2 1.5634719199411424
2.19 1.6186726074475377
2.22 1.592786770716563
2.25 1.5978204852330262
2.25 1.5787413475374117
2.26 1.5739033379377905
2.21 1.5327732837552779
2.24 1.5250103493604774
2.26 1.5349135467379253
2.26 1.5349135467379253
2.26 1.5349135467379253
2.31 1.5935159018010872
2.31 1.5935159018010872
2.29 1.597314665748155
2.29 1.597314665748155
2.28 1.589612747454135
2.29 1.5846167047617854
2.31 1.574384599990381
2.31 1.5998421639321025
2.31 1.5998421639321025
2.31 1.5998421639321025
2.27 1.5881823674638986
2.28 1.5832456116050548
2.3 1.5666989036012808
2.29 1.5653766449018074
2.29 1.5653766449018074
2.28 1.5379377507729375
2.28 1.5379377507729375
2.28 1.5379377507729375
2.27 1.496494219666401
2.28 1.504739985593
2.32 1.4966629547095762
2.32 1.4966629547095762
2.33 1.4910846164230034
2.34 1.4854173307406398
2.34 1.4854173307406398
2.34 1.4854173307406398
2.34 1.4854173307406398
2.35 1.4796600756234317
2.35 1.4796600756234317
2.36 1.4738117967098836
2.36 1.4738117967098836
2.37 1.488372441713607
2.37 1.488372441713607
2.37 1.488372441713607
2.35 1.4659433478105144
2.35 1.4659433478105144
2.35 1.4659433478105144
2.35 1.4659433478105144
2.31 1.4750107001837542
2.34 1.4579631564811801
2.34 1.4579631564811801
2.34 1.4579631564811801
2.35 1.4590366269521402
2.36 1.460040126748979
2.36 1.460040126748979
2.36 1.460040126748979
2.36 1.460040126748979
2.36 1.460040126748979
2.36 1.460040126748979
2.36 1.460040126748979
2.36 1.460040126748979
2.36 1.460040126748979
2.36 1.460040126748979
2.36 1.460040126748979
2.36 1.460040126748979
2.36 1.460040126748979
2.36 1.460040126748979
2.36 1.460040126748979
2.37 1.4540434739863948
2.37 1.4540434739863948
2.37 1.4540434739863948
2.36 1.4669421228934683
2.41 1.470896105622472
2.42 1.4645990936261382
2.42 1.4645990936261382
2.43 1.458205622113575
2.43 1.458205622113575
2.43 1.458205622113575
2.43 1.458205622113575
2.43 1.458205622113575
2.42 1.471479706028094
2.44 1.4517144166380482
2.44 1.4517144166380482
2.44 1.4517144166380482
2.44 1.4517144166380482
2.44 1.4517144166380482
2.44 1.4517144166380482
2.44 1.4517144166380482
2.44 1.4517144166380482
2.48 1.4666666666666672
2.51 1.4872861869930085
2.51 1.4872861869930085
2.51 1.4872861869930085
2.51 1.4872861869930085
2.52 1.5074227118904737
2.52 1.5074227118904737
2.52 1.5074227118904737
2.52 1.5074227118904737
2.52 1.5074227118904737
2.52 1.5074227118904737
2.52 1.5074227118904737
2.52 1.5074227118904737
2.5 1.5275252316519468
2.51 1.5142087976327052
2.51 1.5142087976327052
2.51 1.5142087976327052
2.51 1.5142087976327052
2.51 1.5142087976327052
2.51 1.5142087976327052
2.54 1.5137084036607344
2.54 1.5137084036607344
2.61 1.6011044168121418
2.61 1.6011044168121418
2.61 1.6011044168121418
2.61 1.6011044168121418
2.61 1.6011044168121418
2.61 1.6011044168121418
2.61 1.6011044168121418
2.62 1.5940546104227737
2.62 1.5940546104227737
2.63 1.5869098362171763
2.63 1.5869098362171763
2.63 1.5869098362171763
2.63 1.5869098362171763
2.63 1.5869098362171763
2.63 1.5869098362171763
2.63 1.5869098362171763
2.63 1.5869098362171763
2.63 1.5869098362171763
2.63 1.5869098362171763
2.63 1.5869098362171763
2.63 1.5869098362171763
2.63 1.5869098362171763
2.63 1.5869098362171763
2.63 1.5869098362171763
2.63 1.5869098362171763
2.63 1.5869098362171763
2.63 1.5869098362171763
2.77 2.0736684908878296
2.77 2.0736684908878296
2.77 2.0736684908878296
2.75 2.0907443940405823
2.76 2.0798212821433886
2.76 2.0798212821433886
2.76 2.0798212821433886
2.76 2.0798212821433886
2.74 2.077391526784384
2.74 2.077391526784384
2.64 1.623812697563263
2.64 1.623812697563263
2.64 1.623812697563263
2.64 1.623812697563263
2.64 1.623812697563263
2.64 1.623812697563263
2.64 1.623812697563263
2.64 1.623812697563263
2.64 1.623812697563263
2.64 1.623812697563263
2.64 1.623812697563263
2.64 1.623812697563263
2.64 1.623812697563263
2.64 1.623812697563263
2.66 1.6281612607199227
2.66 1.6281612607199227
2.66 1.6281612607199227
2.66 1.6281612607199227
2.68 1.6198266524040106
2.68 1.6198266524040106
2.68 1.6198266524040106
2.69 1.6124202274528159
2.69 1.6124202274528159
2.69 1.6124202274528159
2.69 1.6124202274528159
2.69 1.6124202274528159
2.69 1.6124202274528159
2.69 1.6124202274528159
2.69 1.6124202274528159
2.75 1.6598344812210961
2.75 1.6598344812210961
2.75 1.6598344812210961
2.78 1.654989395431252
2.78 1.654989395431252
2.78 1.654989395431252
2.78 1.654989395431252
2.78 1.654989395431252
2.81 1.6495790708878162
2.81 1.6495790708878162
2.81 1.6495790708878162
2.83 1.6517820190278854
2.83 1.6517820190278854
2.83 1.6517820190278854
2.83 1.6517820190278854
2.83 1.6517820190278854
2.83 1.6517820190278854
2.83 1.6517820190278854
2.82 1.6598649087053783
2.82 1.6598649087053783
2.82 1.6598649087053783
2.82 1.6598649087053783
2.82 1.6598649087053783
2.84 1.649732148445972
2.84 1.649732148445972
2.85 1.6414763002993513
2.85 1.6414763002993513
2.85 1.6414763002993513
2.85 1.6414763002993513
2.85 1.6414763002993513
2.87 1.6308577404841205
2.87 1.6308577404841205
2.87 1.6308577404841205
2.87 1.6308577404841205
2.87 1.6308577404841205
2.87 1.6308577404841205
2.87 1.6308577404841205
2.87 1.6308577404841205
2.87 1.6308577404841205
2.88 1.6223190783317532
2.88 1.6223190783317532
2.88 1.6223190783317532
2.88 1.6223190783317532
2.88 1.6223190783317532
2.88 1.6223190783317532
2.88 1.6223190783317532
2.88 1.6223190783317532
2.88 1.6223190783317532
2.88 1.6223190783317532
2.88 1.6223190783317532
2.88 1.6223190783317532
2.88 1.6223190783317532
2.88 1.6223190783317532
2.88 1.6223190783317532
2.88 1.6223190783317532
2.88 1.6223190783317532
2.88 1.6223190783317532
2.88 1.6223190783317532
2.88 1.6223190783317532
2.88 1.6223190783317532
2.88 1.6223190783317532
2.89 1.6199201875837637
2.89 1.6199201875837637
2.89 1.6199201875837637
2.89 1.6199201875837637
2.89 1.6199201875837637
2.89 1.6199201875837637
2.89 1.6199201875837637
2.89 1.6199201875837637
2.89 1.6199201875837637
2.89 1.6199201875837637
2.89 1.6199201875837637
2.89 1.6199201875837637
2.89 1.6199201875837637
2.89 1.6199201875837637
2.89 1.6199201875837637
2.89 1.6199201875837637
2.89 1.6199201875837637
2.89 1.6199201875837637
2.89 1.6199201875837637
2.86 1.6454405937239869
2.87 1.6308577404841205
2.87 1.6308577404841205
2.87 1.6308577404841205
2.87 1.6308577404841205
2.87 1.6308577404841205
2.87 1.6308577404841205
2.87 1.6308577404841205
2.87 1.6308577404841205
2.89 1.6199201875837637
2.89 1.6199201875837637
2.89 1.6199201875837637
2.89 1.6199201875837637
2.89 1.6199201875837637
2.89 1.6199201875837637
2.89 1.6199201875837637
2.89 1.6199201875837637
2.9 1.617455290313033
2.9 1.617455290313033
2.9 1.617455290313033
2.91 1.6086571349351546
2.92 1.5997474548165151
2.92 1.5997474548165151
2.92 1.5997474548165151
2.92 1.5997474548165151
2.92 1.5997474548165151
2.92 1.5997474548165151
2.92 1.5997474548165151
2.92 1.5997474548165151
2.92 1.5997474548165151
2.92 1.5997474548165151
2.92 1.5997474548165151
2.92 1.5997474548165151
2.92 1.5997474548165151
2.92 1.5997474548165151
2.92 1.5997474548165151
2.92 1.5997474548165151
2.92 1.5997474548165151
2.92 1.5997474548165151
2.92 1.5997474548165151
2.92 1.5997474548165151
2.92 1.5997474548165151
2.92 1.5997474548165151
2.92 1.5997474548165151
2.94 1.5879597481095555
2.94 1.5879597481095555
2.95 1.5851265762160014
2.95 1.5851265762160014
2.95 1.5851265762160014
2.95 1.5851265762160014
2.95 1.5851265762160014
2.95 1.5851265762160014
2.95 1.5851265762160014
2.95 1.5851265762160014
2.95 1.5851265762160014
2.95 1.5851265762160014
2.95 1.5851265762160014
2.95 1.5851265762160014
2.95 1.5851265762160014
2.95 1.5851265762160014
2.95 1.5851265762160014
2.95 1.5851265762160014
2.95 1.5851265762160014
2.95 1.5851265762160014
2.95 1.5851265762160014
2.95 1.5851265762160014
2.95 1.5851265762160014
2.95 1.5851265762160014
2.95 1.5851265762160014
2.95 1.5851265762160014
2.95 1.5851265762160014
2.95 1.5851265762160014
2.95 1.5851265762160014
2.98 1.576212055671585
2.98 1.576212055671585
2.98 1.576212055671585
2.98 1.576212055671585
2.98 1.576212055671585
2.98 1.576212055671585
2.98 1.576212055671585
2.98 1.576212055671585
2.98 1.576212055671585
2.98 1.576212055671585
2.98 1.576212055671585
2.98 1.576212055671585
2.98 1.576212055671585
2.98 1.576212055671585
2.98 1.576212055671585
2.98 1.576212055671585
2.98 1.576212055671585
2.96 1.5885957206402033
2.96 1.5885957206402033
2.96 1.5885957206402033
2.97 1.5792531158875083
2.98 1.576212055671585
2.98 1.576212055671585
2.98 1.576212055671585
2.98 1.576212055671585
2.98 1.576212055671585
2.98 1.576212055671585
2.98 1.576212055671585
2.98 1.576212055671585
2.95 1.5464197817585437
2.95 1.5464197817585437
2.95 1.5464197817585437
2.96 1.536886528674191
2.97 1.527227632811901
2.97 1.527227632811901
2.97 1.527227632811901
2.97 1.527227632811901
2.97 1.527227632811901
2.97 1.527227632811901
2.97 1.527227632811901
2.97 1.527227632811901
2.97 1.527227632811901
2.97 1.527227632811901
2.97 1.527227632811901
2.97 1.527227632811901
2.97 1.527227632811901
2.97 1.527227632811901
2.97 1.527227632811901
2.97 1.527227632811901
3.01 1.5274921679774096
3.01 1.5274921679774096
3.01 1.5274921679774096
3.01 1.5274921679774096
3.01 1.5274921679774096
3.01 1.5274921679774096
3.01 1.5274921679774096
3.01 1.5274921679774096
3.01 1.5274921679774096
3.01 1.5274921679774096
3.01 1.5274921679774096
3.02 1.5174406949288874
3.02 1.5174406949288874
3.02 1.5174406949288874
3.02 1.5174406949288874
3.02 1.5174406949288874
3.02 1.5174406949288874
3.02 1.5174406949288874
3.02 1.5174406949288874
3.02 1.5174406949288874
3.04 1.5036655549057782
3.04 1.5036655549057782
3.04 1.5036655549057782
3.04 1.5036655549057782
3.04 1.5036655549057782
3.04 1.5036655549057782
3.04 1.5036655549057782
3.04 1.5036655549057782
3.04 1.5036655549057782
3.04 1.5036655549057782
3.04 1.5036655549057782
3.04 1.5036655549057782
3.04 1.5036655549057782
3.04 1.5036655549057782
3.04 1.5036655549057782
3.06 1.489491812191615
3.06 1.489491812191615
3.11 1.5034976057530165
3.11 1.5034976057530165
3.11 1.5034976057530165
3.11 1.5034976057530165
3.11 1.5034976057530165
3.11 1.5034976057530165
3.11 1.5034976057530165
3.11 1.5034976057530165
3.11 1.5034976057530165
3.11 1.5034976057530165
3.11 1.5034976057530165
3.11 1.5034976057530165
3.11 1.5034976057530165
3.11 1.5034976057530165
3.11 1.5034976057530165
3.11 1.5034976057530165
3.11 1.5034976057530165
3.11 1.5034976057530165
3.11 1.5034976057530165
3.11 1.5034976057530165
3.11 1.5034976057530165
3.11 1.5034976057530165
3.11 1.5034976057530165
3.11 1.5034976057530165
3.11 1.5034976057530165
3.11 1.5034976057530165
3.11 1.5034976057530165
3.11 1.5034976057530165
3.11 1.5034976057530165
3.11 1.5034976057530165
3.11 1.5034976057530165
3.11 1.5034976057530165
3.11 1.5034976057530165
3.11 1.5034976057530165
3.11 1.5034976057530165
3.11 1.5034976057530165
3.11 1.5034976057530165
3.12 1.499360132883627
3.12 1.499360132883627
3.12 1.499360132883627
3.12 1.499360132883627
3.12 1.499360132883627
3.12 1.499360132883627
3.12 1.499360132883627
3.12 1.499360132883627
3.12 1.499360132883627
3.12 1.499360132883627
3.12 1.499360132883627
3.12 1.499360132883627
3.12 1.499360132883627
3.12 1.499360132883627
3.12 1.499360132883627
3.12 1.499360132883627
3.12 1.499360132883627
3.12 1.499360132883627
3.12 1.499360132883627
3.16 1.52235861661297
3.16 1.52235861661297
3.16 1.52235861661297
3.16 1.52235861661297
3.16 1.52235861661297
3.16 1.52235861661297
3.16 1.52235861661297
3.16 1.52235861661297
3.16 1.52235861661297
3.16 1.52235861661297
3.14 1.537543626711256
3.14 1.537543626711256
3.14 1.537543626711256
3.14 1.537543626711256
3.14 1.537543626711256
3.14 1.537543626711256
3.14 1.537543626711256
3.14 1.537543626711256
3.14 1.537543626711256
3.14 1.537543626711256
3.14 1.537543626711256
3.14 1.537543626711256
3.14 1.537543626711256
3.14 1.537543626711256
3.14 1.537543626711256
3.14 1.537543626711256
3.14 1.537543626711256
3.14 1.537543626711256
3.14 1.537543626711256
3.14 1.537543626711256
3.14 1.537543626711256
3.14 1.537543626711256
3.14 1.537543626711256
3.14 1.537543626711256
3.14 1.537543626711256
3.14 1.537543626711256
3.14 1.537543626711256
3.14 1.537543626711256
3.14 1.537543626711256
3.14 1.537543626711256
3.14 1.537543626711256
3.14 1.537543626711256
3.14 1.537543626711256
3.14 1.537543626711256
3.14 1.537543626711256
3.15 1.5266984249707207
3.15 1.5266984249707207
3.15 1.5266984249707207
3.15 1.5266984249707207
3.15 1.5266984249707207
3.15 1.5266984249707207
3.15 1.5266984249707207
3.15 1.5266984249707207
3.15 1.5266984249707207
3.15 1.5266984249707207
3.15 1.5266984249707207
3.15 1.5266984249707207
3.15 1.5266984249707207
3.15 1.5266984249707207
3.15 1.5266984249707207
3.15 1.5266984249707207
3.15 1.5266984249707207
3.15 1.5266984249707207
3.15 1.5266984249707207
3.15 1.5266984249707207
3.15 1.5266984249707207
3.15 1.5266984249707207
3.15 1.5266984249707207
3.15 1.5266984249707207
3.15 1.5266984249707207
3.15 1.5266984249707207
3.15 1.5266984249707207
3.15 1.5266984249707207
3.15 1.5266984249707207
3.15 1.5266984249707207
3.15 1.5266984249707207
3.15 1.5266984249707207
3.15 1.5266984249707207
3.15 1.5266984249707207
3.15 1.5266984249707207
3.15 1.5266984249707207
3.15 1.5266984249707207
3.15 1.5266984249707207
3.15 1.5266984249707207
3.15 1.5266984249707207
3.15 1.5266984249707207
3.15 1.5266984249707207
3.15 1.5266984249707207
3.15 1.5266984249707207
3.15 1.5266984249707207
3.15 1.5266984249707207
3.15 1.5266984249707207
3.15 1.5266984249707207
3.15 1.5266984249707207
3.15 1.5266984249707207
3.15 1.5266984249707207
3.15 1.5266984249707207
3.15 1.5266984249707207
3.15 1.5266984249707207
3.17 1.5112707877608804
3.17 1.5112707877608804
3.17 1.5112707877608804
3.17 1.5112707877608804
3.17 1.5112707877608804
3.17 1.5112707877608804
3.17 1.5112707877608804
3.17 1.5112707877608804
3.17 1.5112707877608804
3.17 1.5112707877608804
3.17 1.5112707877608804
3.17 1.5112707877608804
3.17 1.5112707877608804
3.17 1.5112707877608804
3.17 1.5112707877608804
3.17 1.5112707877608804
3.17 1.5112707877608804
3.17 1.5112707877608804
3.17 1.5112707877608804
3.17 1.5112707877608804
3.17 1.5112707877608804
3.17 1.5112707877608804
3.18 1.5000336696557888
3.18 1.5000336696557888
3.18 1.5000336696557888
3.18 1.5000336696557888
3.18 1.5000336696557888
3.18 1.5000336696557888
3.18 1.5000336696557888
3.18 1.5000336696557888
3.18 1.5000336696557888
3.18 1.5000336696557888
3.19 1.5221927299362286
3.19 1.5221927299362286
3.19 1.5221927299362286
3.19 1.5221927299362286
3.19 1.5221927299362286
3.19 1.5221927299362286
3.19 1.5221927299362286
3.19 1.5221927299362286
3.19 1.5221927299362286
3.19 1.5221927299362286
3.19 1.5221927299362286
3.19 1.5221927299362286
3.19 1.5221927299362286
3.19 1.5221927299362286
3.19 1.5221927299362286
3.19 1.5221927299362286
3.19 1.5221927299362286
3.19 1.5221927299362286
3.19 1.5221927299362286
3.19 1.5221927299362286
3.19 1.5221927299362286
3.19 1.5221927299362286
3.19 1.5221927299362286
3.19 1.5221927299362286
3.19 1.5221927299362286
3.19 1.5221927299362286
3.19 1.5221927299362286
3.19 1.5221927299362286
3.19 1.5221927299362286
3.19 1.5221927299362286
3.19 1.5221927299362286
3.19 1.5221927299362286
3.19 1.5221927299362286
3.19 1.5221927299362286
3.19 1.5221927299362286
3.19 1.5221927299362286
3.19 1.5221927299362286
3.19 1.5221927299362286
3.19 1.5221927299362286
3.19 1.5221927299362286
3.21 1.5061825449081059
3.21 1.5061825449081059
3.21 1.5061825449081059
3.21 1.5061825449081059
3.21 1.5061825449081059
3.21 1.5061825449081059
3.21 1.5061825449081059
3.21 1.5061825449081059
3.21 1.5061825449081059
3.21 1.5061825449081059
3.21 1.5061825449081059
3.21 1.5061825449081059
3.21 1.5061825449081059
3.21 1.5061825449081059
3.21 1.5061825449081059
3.26 1.5480192622715125
3.26 1.5480192622715125
3.26 1.5480192622715125
3.26 1.5480192622715125
3.26 1.5480192622715125
3.26 1.5480192622715125
3.26 1.5480192622715125
3.26 1.5480192622715125
3.26 1.5480192622715125
3.26 1.5480192622715125
3.26 1.5480192622715125
3.26 1.5480192622715125
3.26 1.5480192622715125
3.26 1.5480192622715125
3.26 1.5480192622715125
3.26 1.5480192622715125
3.26 1.5480192622715125
3.26 1.5480192622715125
3.26 1.5480192622715125
3.26 1.5480192622715125
3.26 1.5480192622715125
3.26 1.5480192622715125
3.26 1.5480192622715125
3.26 1.5480192622715125
3.26 1.5480192622715125
3.26 1.5480192622715125
3.26 1.5480192622715125
3.26 1.5480192622715125
3.26 1.5480192622715125
3.26 1.5480192622715125
3.26 1.5480192622715125
3.26 1.5480192622715125
3.26 1.5480192622715125
3.26 1.5480192622715125
3.26 1.5480192622715125
3.26 1.5480192622715125
3.26 1.5480192622715125
3.26 1.5480192622715125
3.26 1.5480192622715125
3.26 1.5480192622715125
3.26 1.5480192622715125
3.26 1.5480192622715125
3.26 1.5480192622715125
3.26 1.5480192622715125
3.26 1.5480192622715125
3.26 1.5480192622715125
3.26 1.5480192622715125
3.26 1.5480192622715125
3.26 1.5480192622715125
3.26 1.5480192622715125
3.26 1.5480192622715125
3.26 1.5480192622715125
3.26 1.5480192622715125
3.26 1.5480192622715125
3.26 1.5480192622715125
3.26 1.5480192622715125
3.26 1.5480192622715125
3.26 1.5480192622715125
3.2 1.5175738212786558
3.2 1.5175738212786558
3.2 1.5175738212786558
3.2 1.5175738212786558
3.2 1.5175738212786558
3.23 1.5032288480790172
3.23 1.5032288480790172
3.23 1.5032288480790172
3.23 1.5032288480790172
3.23 1.5032288480790172
3.23 1.5032288480790172
3.23 1.5032288480790172
3.23 1.5032288480790172
3.23 1.5032288480790172
3.23 1.5032288480790172
3.23 1.5032288480790172
3.23 1.5032288480790172
3.23 1.5032288480790172
3.23 1.5032288480790172
3.23 1.5032288480790172
3.23 1.5032288480790172
3.23 1.5032288480790172
3.23 1.5032288480790172
3.23 1.5032288480790172
3.23 1.5032288480790172
3.23 1.5032288480790172
3.23 1.5032288480790172
3.23 1.5032288480790172
3.23 1.5032288480790172
3.23 1.5032288480790172
3.23 1.5032288480790172
3.23 1.5032288480790172
3.23 1.5032288480790172
3.23 1.5032288480790172
3.23 1.5032288480790172
3.23 1.5032288480790172
3.23 1.5032288480790172
3.23 1.5032288480790172
3.18 1.4590712418826197
3.18 1.4590712418826197
3.18 1.4590712418826197
3.18 1.4590712418826197
3.18 1.4590712418826197
3.18 1.4590712418826197
3.18 1.4590712418826197
3.18 1.4590712418826197
3.18 1.4590712418826197
3.18 1.4590712418826197
3.18 1.4590712418826197
3.18 1.4590712418826197
3.18 1.4590712418826197
3.18 1.4590712418826197
3.18 1.4590712418826197
3.18 1.4590712418826197
3.18 1.4590712418826197
3.18 1.4590712418826197
3.18 1.4590712418826197
3.18 1.4590712418826197
3.18 1.4590712418826197
3.18 1.4590712418826197
3.18 1.4590712418826197
3.18 1.4590712418826197
3.18 1.4590712418826197
3.18 1.4590712418826197
3.18 1.4590712418826197
3.18 1.4590712418826197
3.18 1.4590712418826197
3.18 1.4590712418826197
3.18 1.4590712418826197
3.18 1.4590712418826197
3.18 1.4590712418826197
3.18 1.4590712418826197
3.18 1.4590712418826197
3.18 1.4590712418826197
3.18 1.4590712418826197
3.18 1.4590712418826197
3.18 1.4590712418826197
3.18 1.4590712418826197
3.18 1.4590712418826197
3.18 1.4590712418826197
3.18 1.4590712418826197
3.18 1.4590712418826197
3.18 1.4590712418826197
3.18 1.4590712418826197
3.18 1.4590712418826197
3.18 1.4590712418826197
3.18 1.4590712418826197
3.18 1.4590712418826197
3.18 1.4590712418826197
3.18 1.4590712418826197
3.18 1.4590712418826197
3.18 1.4590712418826197
3.18 1.4590712418826197
3.18 1.4590712418826197
3.18 1.4590712418826197
3.18 1.4590712418826197
3.18 1.4590712418826197
3.18 1.4590712418826197
3.18 1.4590712418826197
3.18 1.4590712418826197
3.18 1.4590712418826197
3.18 1.4590712418826197
3.18 1.4590712418826197
3.18 1.4590712418826197
3.18 1.4590712418826197
3.18 1.4590712418826197
3.18 1.4590712418826197
3.18 1.4590712418826197
3.18 1.4590712418826197
3.18 1.4590712418826197
3.18 1.4590712418826197
3.18 1.4590712418826197
3.18 1.4590712418826197
3.18 1.4590712418826197
3.18 1.4590712418826197
3.18 1.4590712418826197
3.18 1.4590712418826197
3.18 1.4590712418826197
3.18 1.4590712418826197
3.18 1.4590712418826197
3.18 1.4590712418826197
3.18 1.4590712418826197
3.18 1.4590712418826197
3.18 1.4590712418826197
3.18 1.4590712418826197
3.18 1.4590712418826197
3.18 1.4590712418826197
3.18 1.4590712418826197
3.18 1.4590712418826197
3.18 1.4590712418826197
3.18 1.4590712418826197
3.18 1.4590712418826197
3.18 1.4590712418826197
3.18 1.4590712418826197
3.18 1.4590712418826197
3.18 1.4590712418826197
3.18 1.4590712418826197
3.18 1.4590712418826197
3.18 1.4590712418826197
3.18 1.4590712418826197
3.18 1.4590712418826197
3.18 1.4590712418826197
3.18 1.4590712418826197
3.18 1.4590712418826197
3.18 1.4590712418826197
3.18 1.4590712418826197
3.18 1.4590712418826197
3.18 1.4590712418826197
3.18 1.4590712418826197
3.18 1.4590712418826197
3.18 1.4590712418826197
3.18 1.4590712418826197
3.18 1.4590712418826197
3.18 1.4590712418826197
3.18 1.4590712418826197
3.18 1.4590712418826197
3.18 1.4590712418826197
3.18 1.4590712418826197
3.18 1.4590712418826197
3.18 1.4590712418826197
3.18 1.4590712418826197
3.18 1.4590712418826197
3.18 1.4590712418826197
3.18 1.4590712418826197
3.18 1.4590712418826197
3.18 1.4590712418826197
3.18 1.4590712418826197
3.18 1.4590712418826197
3.18 1.4590712418826197
3.18 1.4590712418826197
3.18 1.4590712418826197
3.18 1.4590712418826197
3.18 1.4590712418826197
3.18 1.4590712418826197
3.18 1.4590712418826197
3.18 1.4590712418826197
3.18 1.4590712418826197
3.18 1.4590712418826197
3.18 1.4590712418826197
3.18 1.4590712418826197
3.18 1.4590712418826197
3.18 1.4590712418826197
3.18 1.4590712418826197
3.18 1.4590712418826197
3.18 1.4590712418826197
3.18 1.4590712418826197
3.18 1.4590712418826197
3.18 1.4590712418826197
3.18 1.4590712418826197
3.18 1.4590712418826197
3.18 1.4590712418826197
3.18 1.4590712418826197
3.18 1.4590712418826197
3.18 1.4590712418826197
3.18 1.4590712418826197
3.18 1.4590712418826197
3.18 1.4590712418826197
3.18 1.4590712418826197
3.18 1.4590712418826197
3.18 1.4590712418826197
3.18 1.4590712418826197
3.18 1.4590712418826197
3.18 1.4590712418826197
3.18 1.4590712418826197
3.18 1.4590712418826197
3.18 1.4590712418826197
3.18 1.4590712418826197
3.18 1.4590712418826197
3.18 1.4590712418826197
3.18 1.4590712418826197
3.18 1.4590712418826197
3.18 1.4590712418826197
3.22 1.4810588622790637
3.22 1.4810588622790637
3.22 1.4810588622790637
3.22 1.4810588622790637
3.22 1.4810588622790637
3.22 1.4810588622790637
3.22 1.4810588622790637
3.22 1.4810588622790637
3.22 1.4810588622790637
3.22 1.4810588622790637
3.22 1.4810588622790637
3.22 1.4810588622790637
3.22 1.4810588622790637
3.22 1.4810588622790637
3.22 1.4810588622790637
3.22 1.4810588622790637
3.22 1.4810588622790637
3.22 1.4810588622790637
3.22 1.4810588622790637
3.22 1.4810588622790637
3.22 1.4810588622790637
3.22 1.4810588622790637
3.22 1.4810588622790637
3.22 1.4810588622790637
3.22 1.4810588622790637
3.22 1.4810588622790637
3.22 1.4810588622790637
3.22 1.4810588622790637
3.22 1.4810588622790637
3.22 1.4810588622790637
3.22 1.4810588622790637
3.22 1.4810588622790637
3.22 1.4810588622790637
3.22 1.4810588622790637
3.22 1.4810588622790637
3.22 1.4810588622790637
3.22 1.4810588622790637
3.22 1.4810588622790637
3.22 1.4810588622790637
3.22 1.4810588622790637
3.22 1.4810588622790637
3.22 1.4810588622790637
3.22 1.4810588622790637
3.22 1.4810588622790637
3.22 1.4810588622790637
3.22 1.4810588622790637
3.22 1.4810588622790637
3.22 1.4810588622790637
3.22 1.4810588622790637
3.22 1.4810588622790637
3.22 1.4810588622790637
3.22 1.4810588622790637
3.22 1.4810588622790637
3.22 1.4810588622790637
3.25 1.4864709750264078
3.25 1.4864709750264078
3.25 1.4864709750264078
3.25 1.4864709750264078
3.25 1.4864709750264078
3.25 1.4864709750264078
3.25 1.4864709750264078
3.25 1.4864709750264078
3.25 1.4864709750264078
3.25 1.4864709750264078
3.25 1.4864709750264078
3.25 1.4864709750264078
3.25 1.4864709750264078
3.25 1.4864709750264078
3.25 1.4864709750264078
3.25 1.4864709750264078
3.25 1.4864709750264078
3.25 1.4864709750264078
3.25 1.4864709750264078
3.25 1.4864709750264078
3.25 1.4864709750264078
3.25 1.4864709750264078
3.25 1.4864709750264078
3.25 1.4864709750264078
3.25 1.4864709750264078
3.25 1.4864709750264078
3.25 1.4864709750264078
3.25 1.4864709750264078
3.25 1.4864709750264078
3.25 1.4864709750264078
3.25 1.4864709750264078
3.25 1.4864709750264078
3.25 1.4864709750264078
3.25 1.4864709750264078
3.25 1.4864709750264078
3.25 1.4864709750264078
3.25 1.4864709750264078
3.25 1.4864709750264078
3.25 1.4864709750264078
3.25 1.4864709750264078
3.25 1.4864709750264078
3.25 1.4864709750264078
3.25 1.4864709750264078
3.25 1.4864709750264078
3.25 1.4864709750264078
3.25 1.4864709750264078
3.25 1.4864709750264078
3.25 1.4864709750264078
3.25 1.4864709750264078
3.25 1.4864709750264078
3.25 1.4864709750264078
3.25 1.4864709750264078
3.25 1.4864709750264078
3.25 1.4864709750264078
3.25 1.4864709750264078
3.25 1.4864709750264078
3.25 1.4864709750264078
3.25 1.4864709750264078
3.25 1.4864709750264078
3.25 1.4864709750264078
3.25 1.4864709750264078
3.25 1.4864709750264078
3.25 1.4864709750264078
3.25 1.4864709750264078
3.25 1.4864709750264078
3.25 1.4864709750264078
3.25 1.4864709750264078
3.25 1.4864709750264078
3.25 1.4864709750264078
3.25 1.4864709750264078
3.25 1.4864709750264078
3.25 1.4864709750264078
3.25 1.4864709750264078
3.25 1.4864709750264078
3.25 1.4864709750264078
3.25 1.4864709750264078
3.25 1.4864709750264078
3.25 1.4864709750264078
3.25 1.4864709750264078
3.25 1.4864709750264078
3.25 1.4864709750264078
3.25 1.4864709750264078
3.25 1.4864709750264078
3.25 1.4864709750264078
3.25 1.4864709750264078
3.25 1.4864709750264078
3.25 1.4864709750264078
3.25 1.4864709750264078
3.25 1.4864709750264078
3.25 1.4864709750264078
3.25 1.4864709750264078
3.25 1.4864709750264078
3.25 1.4864709750264078
3.25 1.4864709750264078
3.25 1.4864709750264078
3.25 1.4864709750264078
3.25 1.4864709750264078
3.25 1.4864709750264078
3.25 1.4864709750264078
3.25 1.4864709750264078
3.25 1.4864709750264078
3.25 1.4864709750264078
3.25 1.4864709750264078
3.25 1.4864709750264078
3.25 1.4864709750264078
3.25 1.4864709750264078
3.25 1.4864709750264078
3.25 1.4864709750264078
3.25 1.4864709750264078
3.25 1.4864709750264078
3.25 1.4864709750264078
3.25 1.4864709750264078
3.25 1.4864709750264078
3.25 1.4864709750264078
3.25 1.4864709750264078
3.25 1.4864709750264078
3.25 1.4864709750264078
3.25 1.4864709750264078
3.25 1.4864709750264078
3.25 1.4864709750264078
3.25 1.4864709750264078
3.25 1.4864709750264078
3.25 1.4864709750264078
3.25 1.4864709750264078
3.25 1.4864709750264078
3.25 1.4864709750264078
3.25 1.4864709750264078
3.25 1.4864709750264078
3.25 1.4864709750264078
3.25 1.4864709750264078
3.25 1.4864709750264078
3.25 1.4864709750264078
3.25 1.4864709750264078
3.25 1.4864709750264078
3.25 1.4864709750264078
3.25 1.4864709750264078
3.25 1.4864709750264078
3.25 1.4864709750264078
3.25 1.4864709750264078
3.25 1.4864709750264078
3.25 1.4864709750264078
3.25 1.4864709750264078
3.25 1.4864709750264078
3.25 1.4864709750264078
3.25 1.4864709750264078
3.25 1.4864709750264078
3.25 1.4864709750264078
3.25 1.4864709750264078
3.25 1.4864709750264078
3.25 1.4864709750264078
3.25 1.4864709750264078
3.25 1.4864709750264078
3.25 1.4864709750264078
3.25 1.4864709750264078
3.25 1.4864709750264078
3.25 1.4864709750264078
3.25 1.4864709750264078
3.25 1.4864709750264078
3.25 1.4864709750264078
3.25 1.4864709750264078
3.25 1.4864709750264078
3.25 1.4864709750264078
3.25 1.4864709750264078
3.25 1.4864709750264078
3.25 1.4864709750264078
3.25 1.4864709750264078
3.25 1.4864709750264078
3.25 1.4864709750264078
3.25 1.4864709750264078
3.25 1.4864709750264078
3.25 1.4864709750264078
3.25 1.4864709750264078
3.25 1.4864709750264078
3.25 1.4864709750264078
3.25 1.4864709750264078
3.25 1.4864709750264078
3.25 1.4864709750264078
3.25 1.4864709750264078
3.25 1.4864709750264078
3.25 1.4864709750264078
3.25 1.4864709750264078
3.25 1.4864709750264078
3.25 1.4864709750264078
3.25 1.4864709750264078
3.25 1.4864709750264078
3.25 1.4864709750264078
3.25 1.4864709750264078
3.25 1.4864709750264078
3.25 1.4864709750264078
3.25 1.4864709750264078
3.25 1.4864709750264078
3.25 1.4864709750264078
3.25 1.4864709750264078
3.25 1.4864709750264078
3.25 1.4864709750264078
3.25 1.4864709750264078
3.25 1.4864709750264078
3.25 1.4864709750264078
3.25 1.4864709750264078
3.25 1.4864709750264078
3.25 1.4864709750264078
3.25 1.4864709750264078
3.25 1.4864709750264078
3.25 1.4864709750264078
3.25 1.4864709750264078
3.25 1.4864709750264078
3.25 1.4864709750264078
3.25 1.4864709750264078
3.25 1.4864709750264078
3.25 1.4864709750264078
3.25 1.4864709750264078
3.25 1.4864709750264078
3.25 1.4864709750264078
3.25 1.4864709750264078
3.25 1.4864709750264078
3.25 1.4864709750264078
3.28 1.4912539635616673
3.28 1.4912539635616673
3.28 1.4912539635616673
3.28 1.4912539635616673
3.28 1.4912539635616673
3.28 1.4912539635616673
3.28 1.4912539635616673
3.28 1.4912539635616673
3.28 1.4912539635616673
3.28 1.4912539635616673
3.28 1.4912539635616673
3.28 1.4912539635616673
3.28 1.4912539635616673
3.28 1.4912539635616673
3.28 1.4912539635616673
3.28 1.4912539635616673
3.28 1.4912539635616673
3.28 1.4912539635616673
3.28 1.4912539635616673
3.28 1.4912539635616673
3.28 1.4912539635616673
3.28 1.4912539635616673
3.28 1.4912539635616673
3.28 1.4912539635616673
3.28 1.4912539635616673
3.28 1.4912539635616673
3.28 1.4912539635616673
3.28 1.4912539635616673
3.28 1.4912539635616673
3.28 1.4912539635616673
3.28 1.4912539635616673
3.28 1.4912539635616673
3.28 1.4912539635616673
3.28 1.4912539635616673
3.28 1.4912539635616673
3.28 1.4912539635616673
3.28 1.4912539635616673
3.28 1.4912539635616673
3.28 1.4912539635616673
3.28 1.4912539635616673
3.28 1.4912539635616673
3.28 1.4912539635616673
3.28 1.4912539635616673
3.28 1.4912539635616673
3.28 1.4912539635616673
3.28 1.4912539635616673
3.28 1.4912539635616673
3.28 1.4912539635616673
3.28 1.4912539635616673
3.28 1.4912539635616673
3.28 1.4912539635616673
3.28 1.4912539635616673
3.28 1.4912539635616673
3.28 1.4912539635616673
3.28 1.4912539635616673
3.28 1.4912539635616673
3.28 1.4912539635616673
3.28 1.4912539635616673
3.28 1.4912539635616673
3.28 1.4912539635616673
3.28 1.4912539635616673
3.28 1.4912539635616673
3.28 1.4912539635616673
3.28 1.4912539635616673
3.28 1.4912539635616673
3.28 1.4912539635616673
3.28 1.4912539635616673
3.28 1.4912539635616673
3.28 1.4912539635616673
3.28 1.4912539635616673
3.28 1.4912539635616673
3.28 1.4912539635616673
3.28 1.4912539635616673
3.28 1.4912539635616673
3.28 1.4912539635616673
3.28 1.4912539635616673
3.28 1.4912539635616673
3.28 1.4912539635616673
3.28 1.4912539635616673
3.28 1.4912539635616673
3.28 1.4912539635616673
3.28 1.4912539635616673
3.28 1.4912539635616673
3.28 1.4912539635616673
3.28 1.4912539635616673
3.28 1.4912539635616673
3.28 1.4912539635616673
3.28 1.4912539635616673
3.28 1.4912539635616673
3.28 1.4912539635616673
3.28 1.4912539635616673
3.28 1.4912539635616673
3.28 1.4912539635616673
3.28 1.4912539635616673
3.28 1.4912539635616673
3.28 1.4912539635616673
3.28 1.4912539635616673
3.28 1.4912539635616673
3.28 1.4912539635616673
3.28 1.4912539635616673
3.28 1.4912539635616673
3.28 1.4912539635616673
3.28 1.4912539635616673
3.28 1.4912539635616673
3.28 1.4912539635616673
3.28 1.4912539635616673
3.28 1.4912539635616673
3.28 1.4912539635616673
3.28 1.4912539635616673
3.28 1.4912539635616673
3.28 1.4912539635616673
3.28 1.4912539635616673
3.28 1.4912539635616673
3.28 1.4912539635616673
3.28 1.4912539635616673
3.28 1.4912539635616673
3.28 1.4912539635616673
3.28 1.4912539635616673
3.28 1.4912539635616673
3.28 1.4912539635616673
3.28 1.4912539635616673
3.28 1.4912539635616673
3.28 1.4912539635616673
3.28 1.4912539635616673
3.28 1.4912539635616673
3.28 1.4912539635616673
3.28 1.4912539635616673
3.28 1.4912539635616673
3.28 1.4912539635616673
3.28 1.4912539635616673
3.28 1.4912539635616673
3.28 1.4912539635616673
3.28 1.4912539635616673
3.28 1.4912539635616673
3.28 1.4912539635616673
3.28 1.4912539635616673
3.28 1.4912539635616673
3.28 1.4912539635616673
3.28 1.4912539635616673
3.28 1.4912539635616673
3.28 1.4912539635616673
3.28 1.4912539635616673
3.28 1.4912539635616673
3.28 1.4912539635616673
3.28 1.4912539635616673
3.28 1.4912539635616673
3.28 1.4912539635616673
3.28 1.4912539635616673
3.28 1.4912539635616673
3.28 1.4912539635616673
3.28 1.4912539635616673
3.28 1.4912539635616673
3.28 1.4912539635616673
3.28 1.4912539635616673
3.28 1.4912539635616673
3.28 1.4912539635616673
3.28 1.4912539635616673
3.28 1.4912539635616673
3.28 1.4912539635616673
3.28 1.4912539635616673
3.28 1.4912539635616673
3.28 1.4912539635616673
3.28 1.4912539635616673
3.28 1.4912539635616673
3.28 1.4912539635616673
3.28 1.4912539635616673
3.28 1.4912539635616673
3.28 1.4912539635616673
3.28 1.4912539635616673
3.3 1.487320144461579
3.3 1.487320144461579
3.3 1.487320144461579
3.3 1.487320144461579
3.3 1.487320144461579
3.3 1.487320144461579
3.3 1.487320144461579
3.3 1.487320144461579
3.3 1.487320144461579
3.3 1.487320144461579
3.3 1.487320144461579
3.3 1.487320144461579
3.3 1.487320144461579
3.3 1.487320144461579
3.3 1.487320144461579
3.3 1.487320144461579
3.3 1.487320144461579
3.3 1.487320144461579
3.3 1.487320144461579
3.3 1.487320144461579
3.3 1.487320144461579
3.3 1.487320144461579
3.3 1.487320144461579
3.3 1.487320144461579
3.3 1.487320144461579
3.3 1.487320144461579
3.3 1.487320144461579
3.3 1.487320144461579
3.3 1.487320144461579
3.3 1.487320144461579
3.3 1.487320144461579
3.3 1.487320144461579
3.3 1.487320144461579
3.3 1.487320144461579
3.3 1.487320144461579
3.3 1.487320144461579
3.3 1.487320144461579
3.3 1.487320144461579
3.3 1.487320144461579
3.3 1.487320144461579
3.3 1.487320144461579
3.3 1.487320144461579
3.3 1.487320144461579
3.3 1.487320144461579
3.3 1.487320144461579
3.3 1.487320144461579
3.3 1.487320144461579
3.3 1.487320144461579
3.3 1.487320144461579
3.3 1.487320144461579
3.3 1.487320144461579
3.3 1.487320144461579
3.3 1.487320144461579
3.3 1.487320144461579
3.3 1.487320144461579
3.3 1.487320144461579
3.3 1.487320144461579
3.3 1.487320144461579
3.3 1.487320144461579
3.3 1.487320144461579
3.3 1.487320144461579
3.3 1.487320144461579
3.3 1.487320144461579
3.3 1.487320144461579
3.3 1.487320144461579
3.38 1.6254292362389091
3.38 1.6254292362389091
3.38 1.6254292362389091
3.38 1.6254292362389091
3.38 1.6254292362389091
3.38 1.6254292362389091
3.38 1.6254292362389091
3.38 1.6254292362389091
3.38 1.6254292362389091
3.38 1.6254292362389091
3.38 1.6254292362389091
3.38 1.6254292362389091
3.38 1.6254292362389091
3.38 1.6254292362389091
3.38 1.6254292362389091
3.38 1.6254292362389091
3.38 1.6254292362389091
3.38 1.6254292362389091
3.38 1.6254292362389091
3.38 1.6254292362389091
3.38 1.6254292362389091
3.38 1.6254292362389091
3.38 1.6254292362389091
3.38 1.6254292362389091
3.38 1.6254292362389091
3.38 1.6254292362389091
3.38 1.6254292362389091
3.38 1.6254292362389091
3.38 1.6254292362389091
3.38 1.6254292362389091
3.38 1.6254292362389091
3.38 1.6254292362389091
3.38 1.6254292362389091
3.38 1.6254292362389091
3.38 1.6254292362389091
3.38 1.6254292362389091
3.38 1.6254292362389091
3.38 1.6254292362389091
3.38 1.6254292362389091
3.38 1.6254292362389091
3.38 1.6254292362389091
3.38 1.6254292362389091
3.38 1.6254292362389091
3.38 1.6254292362389091
3.38 1.6254292362389091
3.38 1.6254292362389091
3.38 1.6254292362389091
3.38 1.6254292362389091
3.38 1.6254292362389091
3.38 1.6254292362389091
3.38 1.6254292362389091
3.38 1.6254292362389091
3.38 1.6254292362389091
3.38 1.6254292362389091
3.38 1.6254292362389091
3.38 1.6254292362389091
3.38 1.6254292362389091
3.38 1.6254292362389091
3.38 1.6254292362389091
3.38 1.6254292362389091
3.38 1.6254292362389091
3.38 1.6254292362389091
3.38 1.6254292362389091
3.38 1.6254292362389091
3.38 1.6254292362389091
3.38 1.6254292362389091
3.38 1.6254292362389091
3.38 1.6254292362389091
3.38 1.6254292362389091
3.38 1.6254292362389091
3.38 1.6254292362389091
3.38 1.6254292362389091
3.38 1.6254292362389091
3.38 1.6254292362389091
3.38 1.6254292362389091
3.38 1.6254292362389091
3.38 1.6254292362389091
3.38 1.6254292362389091
3.38 1.6254292362389091
3.38 1.6254292362389091
3.38 1.6254292362389091
3.38 1.6254292362389091
3.38 1.6254292362389091
3.38 1.6254292362389091
3.38 1.6254292362389091
3.38 1.6254292362389091
3.38 1.6254292362389091
3.38 1.6254292362389091
3.38 1.6254292362389091
3.38 1.6254292362389091
3.38 1.6254292362389091
3.38 1.6254292362389091
3.38 1.6254292362389091
3.38 1.6254292362389091
3.38 1.6254292362389091
3.38 1.6254292362389091
3.38 1.6254292362389091
3.38 1.6254292362389091
3.38 1.6254292362389091
3.38 1.6254292362389091
3.38 1.6254292362389091
3.38 1.6254292362389091
3.38 1.6254292362389091
3.38 1.6254292362389091
3.38 1.6254292362389091
3.38 1.6254292362389091
3.38 1.6254292362389091
3.38 1.6254292362389091
3.38 1.6254292362389091
3.38 1.6254292362389091
3.38 1.6254292362389091
3.38 1.6254292362389091
3.38 1.6254292362389091
3.38 1.6254292362389091
3.38 1.6254292362389091
3.38 1.6254292362389091
3.38 1.6254292362389091
3.38 1.6254292362389091
3.38 1.6254292362389091
3.38 1.6254292362389091
3.38 1.6254292362389091
3.38 1.6254292362389091
3.38 1.6254292362389091
3.38 1.6254292362389091
3.38 1.6254292362389091
3.38 1.6254292362389091
3.38 1.6254292362389091
3.38 1.6254292362389091
3.38 1.6254292362389091
3.38 1.6254292362389091
3.38 1.6254292362389091
3.38 1.6254292362389091
3.38 1.6254292362389091
3.38 1.6254292362389091
3.38 1.6254292362389091
3.38 1.6254292362389091
3.38 1.6254292362389091
3.38 1.6254292362389091
3.38 1.6254292362389091
3.38 1.6254292362389091
3.38 1.6254292362389091
3.38 1.6254292362389091
3.38 1.6254292362389091
3.38 1.6254292362389091
3.38 1.6254292362389091
3.38 1.6254292362389091
3.38 1.6254292362389091
3.38 1.6254292362389091
3.38 1.6254292362389091
3.38 1.6254292362389091
3.38 1.6254292362389091
3.38 1.6254292362389091
3.38 1.6254292362389091
3.38 1.6254292362389091
3.38 1.6254292362389091
3.38 1.6254292362389091
3.38 1.6254292362389091
3.38 1.6254292362389091
3.38 1.6254292362389091
3.38 1.6254292362389091
3.38 1.6254292362389091
3.38 1.6254292362389091
3.38 1.6254292362389091
3.38 1.6254292362389091
3.38 1.6254292362389091
3.38 1.6254292362389091
3.38 1.6254292362389091
3.38 1.6254292362389091
3.38 1.6254292362389091
3.38 1.6254292362389091
3.38 1.6254292362389091
3.38 1.6254292362389091
3.38 1.6254292362389091
3.38 1.6254292362389091
3.38 1.6254292362389091
3.38 1.6254292362389091
3.38 1.6254292362389091
3.38 1.6254292362389091
3.38 1.6254292362389091
3.38 1.6254292362389091
3.38 1.6254292362389091
3.38 1.6254292362389091
3.38 1.6254292362389091
3.38 1.6254292362389091
3.38 1.6254292362389091
3.38 1.6254292362389091
3.38 1.6254292362389091
3.38 1.6254292362389091
3.38 1.6254292362389091
3.38 1.6254292362389091
3.38 1.6254292362389091
3.38 1.6254292362389091
3.38 1.6254292362389091
3.38 1.6254292362389091
3.38 1.6254292362389091
3.38 1.6254292362389091
3.38 1.6254292362389091
3.38 1.6254292362389091
3.38 1.6254292362389091
3.38 1.6254292362389091
3.38 1.6254292362389091
3.38 1.6254292362389091
3.38 1.6254292362389091
3.38 1.6254292362389091
3.38 1.6254292362389091
3.38 1.6254292362389091
3.38 1.6254292362389091
3.38 1.6254292362389091
3.38 1.6254292362389091
3.38 1.6254292362389091
3.38 1.6254292362389091
3.38 1.6254292362389091
3.38 1.6254292362389091
3.38 1.6254292362389091
3.38 1.6254292362389091
3.38 1.6254292362389091
3.38 1.6254292362389091
3.38 1.6254292362389091
3.38 1.6254292362389091
3.38 1.6254292362389091
3.38 1.6254292362389091
3.38 1.6254292362389091
3.38 1.6254292362389091
3.38 1.6254292362389091
3.38 1.6254292362389091
3.38 1.6254292362389091
3.38 1.6254292362389091
3.38 1.6254292362389091
3.38 1.6254292362389091
3.38 1.6254292362389091
3.38 1.6254292362389091
3.38 1.6254292362389091
3.38 1.6254292362389091
3.38 1.6254292362389091
3.38 1.6254292362389091
3.38 1.6254292362389091
3.38 1.6254292362389091
3.38 1.6254292362389091
3.38 1.6254292362389091
3.38 1.6254292362389091
3.38 1.6254292362389091
3.38 1.6254292362389091
3.38 1.6254292362389091
3.38 1.6254292362389091
3.38 1.6254292362389091
3.38 1.6254292362389091
3.38 1.6254292362389091
3.38 1.6254292362389091
3.38 1.6254292362389091
3.38 1.6254292362389091
3.38 1.6254292362389091
3.38 1.6254292362389091
3.38 1.6254292362389091
3.38 1.6254292362389091
3.38 1.6254292362389091
3.38 1.6254292362389091
3.38 1.6254292362389091
3.38 1.6254292362389091
3.38 1.6254292362389091
3.38 1.6254292362389091
3.38 1.6254292362389091
3.38 1.6254292362389091
3.38 1.6254292362389091
3.38 1.6254292362389091
3.38 1.6254292362389091
3.38 1.6254292362389091
3.38 1.6254292362389091
3.38 1.6254292362389091
3.38 1.6254292362389091
3.38 1.6254292362389091
3.38 1.6254292362389091
3.38 1.6254292362389091
3.38 1.6254292362389091
3.38 1.6254292362389091
3.38 1.6254292362389091
3.38 1.6254292362389091
3.38 1.6254292362389091
3.38 1.6254292362389091
3.38 1.6254292362389091
3.38 1.6254292362389091
3.38 1.6254292362389091
3.38 1.6254292362389091
3.38 1.6254292362389091
3.38 1.6254292362389091
3.38 1.6254292362389091
3.38 1.6254292362389091
3.38 1.6254292362389091
3.38 1.6254292362389091
3.38 1.6254292362389091
3.38 1.6254292362389091
3.38 1.6254292362389091
3.38 1.6254292362389091
3.38 1.6254292362389091
3.38 1.6254292362389091
3.38 1.6254292362389091
3.38 1.6254292362389091
3.38 1.6254292362389091
3.38 1.6254292362389091
3.38 1.6254292362389091
3.38 1.6254292362389091
3.38 1.6254292362389091
3.38 1.6254292362389091
3.38 1.6254292362389091
3.38 1.6254292362389091
3.38 1.6254292362389091
3.38 1.6254292362389091
3.38 1.6254292362389091
3.38 1.6254292362389091
3.38 1.6254292362389091
3.38 1.6254292362389091
3.38 1.6254292362389091
3.38 1.6254292362389091
3.38 1.6254292362389091
3.38 1.6254292362389091
3.38 1.6254292362389091
3.38 1.6254292362389091
3.38 1.6254292362389091
3.38 1.6254292362389091
3.38 1.6254292362389091
3.38 1.6254292362389091
3.38 1.6254292362389091
3.38 1.6254292362389091
3.38 1.6254292362389091
3.38 1.6254292362389091
3.38 1.6254292362389091
3.38 1.6254292362389091
3.38 1.6254292362389091
3.38 1.6254292362389091
3.38 1.6254292362389091
3.38 1.6254292362389091
3.38 1.6254292362389091
3.38 1.6254292362389091
3.38 1.6254292362389091
3.38 1.6254292362389091
3.38 1.6254292362389091
3.38 1.6254292362389091
3.38 1.6254292362389091
3.38 1.6254292362389091
3.38 1.6254292362389091
3.38 1.6254292362389091
3.38 1.6254292362389091
3.38 1.6254292362389091
3.38 1.6254292362389091
3.38 1.6254292362389091
3.38 1.6254292362389091
3.38 1.6254292362389091
3.38 1.6254292362389091
3.38 1.6254292362389091
3.38 1.6254292362389091
3.38 1.6254292362389091
3.38 1.6254292362389091
3.38 1.6254292362389091
3.38 1.6254292362389091
3.38 1.6254292362389091
3.38 1.6254292362389091
3.38 1.6254292362389091
3.38 1.6254292362389091
3.38 1.6254292362389091
3.38 1.6254292362389091
3.38 1.6254292362389091
3.38 1.6254292362389091
3.38 1.6254292362389091
3.39 1.6199201875837625
3.39 1.6199201875837625
3.39 1.6199201875837625
3.39 1.6199201875837625
3.39 1.6199201875837625
3.39 1.6199201875837625
3.39 1.6199201875837625
3.39 1.6199201875837625
3.39 1.6199201875837625
3.39 1.6199201875837625
3.39 1.6199201875837625
3.39 1.6199201875837625
3.39 1.6199201875837625
3.39 1.6199201875837625
3.39 1.6199201875837625
3.39 1.6199201875837625
3.39 1.6199201875837625
3.39 1.6199201875837625
3.39 1.6199201875837625
3.39 1.6199201875837625
3.39 1.6199201875837625
3.39 1.6199201875837625
3.39 1.6199201875837625
3.39 1.6199201875837625
3.39 1.6199201875837625
3.39 1.6199201875837625
3.39 1.6199201875837625
3.39 1.6199201875837625
3.39 1.6199201875837625
3.39 1.6199201875837625
3.39 1.6199201875837625
3.39 1.6199201875837625
3.39 1.6199201875837625
3.39 1.6199201875837625
3.39 1.6199201875837625
3.39 1.6199201875837625
3.39 1.6199201875837625
3.39 1.6199201875837625
3.39 1.6199201875837625
3.39 1.6199201875837625
3.39 1.6199201875837625
3.39 1.6199201875837625
3.39 1.6199201875837625
3.39 1.6199201875837625
3.39 1.6199201875837625
3.39 1.6199201875837625
3.39 1.6199201875837625
3.39 1.6199201875837625
3.39 1.6199201875837625
3.39 1.6199201875837625
3.39 1.6199201875837625
3.39 1.6199201875837625
3.39 1.6199201875837625
3.39 1.6199201875837625
3.39 1.6199201875837625
3.39 1.6199201875837625
3.39 1.6199201875837625
3.39 1.6199201875837625
3.39 1.6199201875837625
3.39 1.6199201875837625
3.39 1.6199201875837625
3.39 1.6199201875837625
3.39 1.6199201875837625
3.39 1.6199201875837625
3.39 1.6199201875837625
3.39 1.6199201875837625
3.39 1.6199201875837625
3.39 1.6199201875837625
3.39 1.6199201875837625
3.39 1.6199201875837625
3.39 1.6199201875837625
3.39 1.6199201875837625
3.39 1.6199201875837625
3.39 1.6199201875837625
3.39 1.6199201875837625
3.39 1.6199201875837625
3.39 1.6199201875837625
3.39 1.6199201875837625
3.39 1.6199201875837625
3.39 1.6199201875837625
3.39 1.6199201875837625
3.39 1.6199201875837625
3.39 1.6199201875837625
3.39 1.6199201875837625
3.39 1.6199201875837625
3.39 1.6199201875837625
3.39 1.6199201875837625
3.39 1.6199201875837625
3.39 1.6199201875837625
3.39 1.6199201875837625
3.39 1.6199201875837625
3.39 1.6199201875837625
3.39 1.6199201875837625
3.39 1.6199201875837625
3.39 1.6199201875837625
3.39 1.6199201875837625
3.39 1.6199201875837625
3.39 1.6199201875837625
3.39 1.6199201875837625
3.39 1.6199201875837625
3.39 1.6199201875837625
3.39 1.6199201875837625
3.39 1.6199201875837625
3.39 1.6199201875837625
3.39 1.6199201875837625
3.39 1.6199201875837625
3.39 1.6199201875837625
3.39 1.6199201875837625
3.39 1.6199201875837625
3.39 1.6199201875837625
3.39 1.6199201875837625
3.39 1.6199201875837625
3.39 1.6199201875837625
3.39 1.6199201875837625
3.39 1.6199201875837625
3.39 1.6199201875837625
3.39 1.6199201875837625
3.39 1.6199201875837625
3.39 1.6199201875837625
3.39 1.6199201875837625
3.39 1.6199201875837625
3.39 1.6199201875837625
3.39 1.6199201875837625
3.39 1.6199201875837625
3.39 1.6199201875837625
3.39 1.6199201875837625
3.39 1.6199201875837625
3.39 1.6199201875837625
3.39 1.6199201875837625
3.39 1.6199201875837625
3.39 1.6199201875837625
3.39 1.6199201875837625
3.39 1.6199201875837625
3.39 1.6199201875837625
3.39 1.6199201875837625
3.39 1.6199201875837625
3.39 1.6199201875837625
3.39 1.6199201875837625
3.39 1.6199201875837625
3.39 1.6199201875837625
3.39 1.6199201875837625
3.39 1.6199201875837625
3.39 1.6199201875837625
3.39 1.6199201875837625
3.39 1.6199201875837625
3.39 1.6199201875837625
3.39 1.6199201875837625
3.39 1.6199201875837625
3.39 1.6199201875837625
3.39 1.6199201875837625
3.39 1.6199201875837625
3.39 1.6199201875837625
3.39 1.6199201875837625
3.39 1.6199201875837625
3.39 1.6199201875837625
3.39 1.6199201875837625
3.39 1.6199201875837625
3.39 1.6199201875837625
3.39 1.6199201875837625
3.39 1.6199201875837625
3.39 1.6199201875837625
3.39 1.6199201875837625
3.39 1.6199201875837625
3.39 1.6199201875837625
3.39 1.6199201875837625
3.39 1.6199201875837625
3.39 1.6199201875837625
3.39 1.6199201875837625
3.39 1.6199201875837625
3.39 1.6199201875837625
3.39 1.6199201875837625
3.39 1.6199201875837625
3.39 1.6199201875837625
3.39 1.6199201875837625
3.39 1.6199201875837625
3.39 1.6199201875837625
3.39 1.6199201875837625
3.39 1.6199201875837625
3.39 1.6199201875837625
3.39 1.6199201875837625
3.39 1.6199201875837625
3.39 1.6199201875837625
3.39 1.6199201875837625
3.39 1.6199201875837625
3.39 1.6199201875837625
3.39 1.6199201875837625
3.39 1.6199201875837625
3.39 1.6199201875837625
3.39 1.6199201875837625
3.39 1.6199201875837625
3.39 1.6199201875837625
3.39 1.6199201875837625
3.39 1.6199201875837625
3.39 1.6199201875837625
3.39 1.6199201875837625
3.39 1.6199201875837625
3.39 1.6199201875837625
3.39 1.6199201875837625
3.39 1.6199201875837625
3.39 1.6199201875837625
3.39 1.6199201875837625
3.39 1.6199201875837625
3.39 1.6199201875837625
3.39 1.6199201875837625
3.39 1.6199201875837625
3.39 1.6199201875837625
3.39 1.6199201875837625
3.39 1.6199201875837625
3.39 1.6199201875837625
3.39 1.6199201875837625
3.39 1.6199201875837625
3.39 1.6199201875837625
3.39 1.6199201875837625
3.39 1.6199201875837625
3.39 1.6199201875837625
3.39 1.6199201875837625
3.39 1.6199201875837625
3.39 1.6199201875837625
3.39 1.6199201875837625
3.39 1.6199201875837625
3.39 1.6199201875837625
3.39 1.6199201875837625
3.39 1.6199201875837625
3.39 1.6199201875837625
3.39 1.6199201875837625
3.39 1.6199201875837625
3.39 1.6199201875837625
3.39 1.6199201875837625
3.39 1.6199201875837625
3.39 1.6199201875837625
3.39 1.6199201875837625
3.39 1.6199201875837625
3.39 1.6199201875837625
3.39 1.6199201875837625
3.39 1.6199201875837625
3.39 1.6199201875837625
3.39 1.6199201875837625
3.39 1.6199201875837625
3.39 1.6199201875837625
3.39 1.6199201875837625
3.39 1.6199201875837625
3.39 1.6199201875837625
3.39 1.6199201875837625
3.39 1.6199201875837625
3.39 1.6199201875837625
3.39 1.6199201875837625
3.39 1.6199201875837625
3.39 1.6199201875837625
3.39 1.6199201875837625
3.39 1.6199201875837625
3.39 1.6199201875837625
3.39 1.6199201875837625
3.39 1.6199201875837625
3.39 1.6199201875837625
3.39 1.6199201875837625
3.39 1.6199201875837625
3.39 1.6199201875837625
3.39 1.6199201875837625
3.39 1.6199201875837625
3.39 1.6199201875837625
3.39 1.6199201875837625
3.39 1.6199201875837625
3.39 1.6199201875837625
3.39 1.6199201875837625
3.39 1.6199201875837625
3.39 1.6199201875837625
3.39 1.6199201875837625
3.39 1.6199201875837625
3.39 1.6199201875837625
3.39 1.6199201875837625
3.39 1.6199201875837625
3.39 1.6199201875837625
3.39 1.6199201875837625
3.39 1.6199201875837625
3.39 1.6199201875837625
3.39 1.6199201875837625
3.39 1.6199201875837625
3.39 1.6199201875837625
3.39 1.6199201875837625
3.39 1.6199201875837625
3.39 1.6199201875837625
3.39 1.6199201875837625
3.39 1.6199201875837625
3.39 1.6199201875837625
3.39 1.6199201875837625
3.39 1.6199201875837625
3.39 1.6199201875837625
3.39 1.6199201875837625
3.39 1.6199201875837625
3.39 1.6199201875837625
3.39 1.6199201875837625
3.39 1.6199201875837625
3.39 1.6199201875837625
3.39 1.6199201875837625
3.39 1.6199201875837625
3.39 1.6199201875837625
3.39 1.6199201875837625
3.39 1.6199201875837625
3.39 1.6199201875837625
3.39 1.6199201875837625
3.39 1.6199201875837625
3.39 1.6199201875837625
3.39 1.6199201875837625
3.39 1.6199201875837625
3.39 1.6199201875837625
3.39 1.6199201875837625
3.39 1.6199201875837625
3.39 1.6199201875837625
3.39 1.6199201875837625
3.39 1.6199201875837625
3.39 1.6199201875837625
3.39 1.6199201875837625
3.39 1.6199201875837625
3.39 1.6199201875837625
3.39 1.6199201875837625
3.39 1.6199201875837625
3.39 1.6199201875837625
3.39 1.6199201875837625
3.39 1.6199201875837625
3.39 1.6199201875837625
3.39 1.6199201875837625
3.41 1.6149240842775856
3.41 1.6149240842775856
3.41 1.6149240842775856
3.41 1.6149240842775856
3.41 1.6149240842775856
3.41 1.6149240842775856
3.41 1.6149240842775856
3.41 1.6149240842775856
3.41 1.6149240842775856
3.41 1.6149240842775856
3.41 1.6149240842775856
3.41 1.6149240842775856
3.41 1.6149240842775856
3.41 1.6149240842775856
3.41 1.6149240842775856
3.41 1.6149240842775856
3.41 1.6149240842775856
3.41 1.6149240842775856
3.41 1.6149240842775856
3.41 1.6149240842775856
3.41 1.6149240842775856
3.41 1.6149240842775856
3.41 1.6149240842775856
3.41 1.6149240842775856
3.41 1.6149240842775856
3.41 1.6149240842775856
3.41 1.6149240842775856
3.41 1.6149240842775856
3.41 1.6149240842775856
3.41 1.6149240842775856
3.41 1.6149240842775856
3.41 1.6149240842775856
3.41 1.6149240842775856
3.41 1.6149240842775856
3.41 1.6149240842775856
3.41 1.6149240842775856
3.41 1.6149240842775856
3.41 1.6149240842775856
3.41 1.6149240842775856
3.41 1.6149240842775856
3.41 1.6149240842775856
3.41 1.6149240842775856
3.41 1.6149240842775856
3.41 1.6149240842775856
3.41 1.6149240842775856
3.41 1.6149240842775856
3.41 1.6149240842775856
3.41 1.6149240842775856
3.41 1.6149240842775856
3.41 1.6149240842775856
3.41 1.6149240842775856
3.41 1.6149240842775856
3.41 1.6149240842775856
3.41 1.6149240842775856
3.41 1.6149240842775856
3.41 1.6149240842775856
3.41 1.6149240842775856
3.41 1.6149240842775856
3.41 1.6149240842775856
3.41 1.6149240842775856
3.41 1.6149240842775856
3.41 1.6149240842775856
3.41 1.6149240842775856
3.41 1.6149240842775856
3.41 1.6149240842775856
3.41 1.6149240842775856
3.41 1.6149240842775856
3.41 1.6149240842775856
3.41 1.6149240842775856
3.41 1.6149240842775856
3.41 1.6149240842775856
3.41 1.6149240842775856
3.41 1.6149240842775856
3.41 1.6149240842775856
3.41 1.6149240842775856
3.41 1.6149240842775856
3.41 1.6149240842775856
3.41 1.6149240842775856
3.41 1.6149240842775856
3.41 1.6149240842775856
3.41 1.6149240842775856
3.41 1.6149240842775856
3.41 1.6149240842775856
3.41 1.6149240842775856
3.41 1.6149240842775856
3.41 1.6149240842775856
3.41 1.6149240842775856
3.41 1.6149240842775856
3.41 1.6149240842775856
3.41 1.6149240842775856
3.41 1.6149240842775856
3.41 1.6149240842775856
3.41 1.6149240842775856
3.41 1.6149240842775856
3.41 1.6149240842775856
3.41 1.6149240842775856
3.41 1.6149240842775856
3.41 1.6149240842775856
3.41 1.6149240842775856
3.41 1.6149240842775856
3.41 1.6149240842775856
3.41 1.6149240842775856
3.41 1.6149240842775856
3.41 1.6149240842775856
3.41 1.6149240842775856
3.41 1.6149240842775856
3.41 1.6149240842775856
3.41 1.6149240842775856
3.41 1.6149240842775856
3.41 1.6149240842775856
3.41 1.6149240842775856
3.41 1.6149240842775856
3.41 1.6149240842775856
3.41 1.6149240842775856
3.41 1.6149240842775856
3.41 1.6149240842775856
3.41 1.6149240842775856
3.41 1.6149240842775856
3.41 1.6149240842775856
3.41 1.6149240842775856
3.41 1.6149240842775856
3.41 1.6149240842775856
3.41 1.6149240842775856
3.41 1.6149240842775856
3.41 1.6149240842775856
3.41 1.6149240842775856
3.41 1.6149240842775856
3.41 1.6149240842775856
3.41 1.6149240842775856
3.42 1.6091907747358454
3.42 1.6091907747358454
3.42 1.6091907747358454
3.42 1.6091907747358454
3.42 1.6091907747358454
3.42 1.6091907747358454
3.42 1.6091907747358454
3.42 1.6091907747358454
3.42 1.6091907747358454
3.42 1.6091907747358454
3.42 1.6091907747358454
3.42 1.6091907747358454
3.42 1.6091907747358454
3.42 1.6091907747358454
3.42 1.6091907747358454
3.42 1.6091907747358454
3.44 1.6037834056134928
3.44 1.6037834056134928
3.44 1.6037834056134928
3.44 1.6037834056134928
3.44 1.6037834056134928
3.44 1.6037834056134928
3.44 1.6037834056134928
3.44 1.6037834056134928
3.44 1.6037834056134928
3.44 1.6037834056134928
3.44 1.6037834056134928
3.44 1.6037834056134928
3.44 1.6037834056134928
3.44 1.6037834056134928
3.44 1.6037834056134928
3.44 1.6037834056134928
3.44 1.6037834056134928
3.44 1.6037834056134928
3.44 1.6037834056134928
3.44 1.6037834056134928
3.44 1.6037834056134928
3.44 1.6037834056134928
3.44 1.6037834056134928
3.44 1.6037834056134928
3.44 1.6037834056134928
3.44 1.6037834056134928
3.44 1.6037834056134928
3.44 1.6037834056134928
3.44 1.6037834056134928
3.44 1.6037834056134928
3.44 1.6037834056134928
3.44 1.6037834056134928
3.44 1.6037834056134928
3.44 1.6037834056134928
3.44 1.6037834056134928
3.44 1.6037834056134928
3.44 1.6037834056134928
3.44 1.6037834056134928
3.44 1.6037834056134928
3.44 1.6037834056134928
3.44 1.6037834056134928
3.44 1.6037834056134928
3.44 1.6037834056134928
3.44 1.6037834056134928
3.44 1.6037834056134928
3.44 1.6037834056134928
3.44 1.6037834056134928
3.44 1.6037834056134928
3.44 1.6037834056134928
3.44 1.6037834056134928
3.44 1.6037834056134928
3.44 1.6037834056134928
3.44 1.6037834056134928
3.44 1.6037834056134928
3.44 1.6037834056134928
3.44 1.6037834056134928
3.44 1.6037834056134928
3.44 1.6037834056134928
3.44 1.6037834056134928
3.44 1.6037834056134928
3.44 1.6037834056134928
3.44 1.6037834056134928
3.44 1.6037834056134928
3.44 1.6037834056134928
3.44 1.6037834056134928
3.44 1.6037834056134928
3.44 1.6037834056134928
3.44 1.6037834056134928
3.44 1.6037834056134928
3.44 1.6037834056134928
3.44 1.6037834056134928
3.44 1.6037834056134928
3.44 1.6037834056134928
3.44 1.6037834056134928
3.44 1.6037834056134928
3.44 1.6037834056134928
3.44 1.6037834056134928
3.44 1.6037834056134928
3.44 1.6037834056134928
3.44 1.6037834056134928
3.44 1.6037834056134928
3.44 1.6037834056134928
3.44 1.6037834056134928
3.44 1.6037834056134928
3.44 1.6037834056134928
3.44 1.6037834056134928
3.44 1.6037834056134928
3.44 1.6037834056134928
3.44 1.6037834056134928
3.44 1.6037834056134928
3.44 1.6037834056134928
3.44 1.6037834056134928
3.44 1.6037834056134928
3.44 1.6037834056134928
3.44 1.6037834056134928
3.44 1.6037834056134928
3.44 1.6037834056134928
3.44 1.6037834056134928
3.44 1.6037834056134928
3.44 1.6037834056134928
3.44 1.6037834056134928
3.44 1.6037834056134928
3.44 1.6037834056134928
3.44 1.6037834056134928
3.44 1.6037834056134928
3.45 1.5978204852330256
3.45 1.5978204852330256
3.45 1.5978204852330256
3.45 1.5978204852330256
3.45 1.5978204852330256
3.45 1.5978204852330256
3.45 1.5978204852330256
3.45 1.5978204852330256
3.45 1.5978204852330256
3.45 1.5978204852330256
3.45 1.5978204852330256
3.45 1.5978204852330256
3.46 1.591771771874779
3.46 1.591771771874779
3.46 1.591771771874779
3.46 1.591771771874779
3.46 1.591771771874779
3.46 1.591771771874779
3.46 1.591771771874779
3.46 1.591771771874779
3.46 1.591771771874779
3.46 1.591771771874779
3.46 1.591771771874779
3.46 1.591771771874779
3.46 1.591771771874779
3.46 1.591771771874779
3.46 1.591771771874779
3.46 1.591771771874779
3.46 1.591771771874779
3.46 1.591771771874779
3.46 1.591771771874779
3.46 1.591771771874779
3.46 1.591771771874779
3.46 1.591771771874779
3.46 1.591771771874779
3.46 1.591771771874779
3.46 1.591771771874779
3.46 1.591771771874779
3.46 1.591771771874779
3.46 1.591771771874779
3.46 1.591771771874779
3.46 1.591771771874779
3.46 1.591771771874779
3.46 1.591771771874779
3.46 1.591771771874779
3.46 1.591771771874779
3.46 1.591771771874779
3.46 1.591771771874779
3.46 1.591771771874779
3.46 1.591771771874779
3.46 1.591771771874779
3.46 1.591771771874779
3.46 1.591771771874779
3.46 1.591771771874779
3.46 1.591771771874779
3.46 1.591771771874779
3.46 1.591771771874779
3.46 1.591771771874779
3.46 1.591771771874779
3.46 1.591771771874779
3.46 1.591771771874779
3.46 1.591771771874779
3.46 1.591771771874779
3.46 1.591771771874779
3.46 1.591771771874779
3.46 1.591771771874779
3.46 1.591771771874779
3.46 1.591771771874779
3.46 1.591771771874779
3.46 1.591771771874779
3.46 1.591771771874779
3.46 1.591771771874779
3.46 1.591771771874779
3.46 1.591771771874779
3.46 1.591771771874779
3.46 1.591771771874779
3.46 1.591771771874779
3.46 1.591771771874779
3.46 1.591771771874779
3.46 1.591771771874779
3.46 1.591771771874779
3.46 1.591771771874779
3.46 1.591771771874779
3.46 1.591771771874779
3.46 1.591771771874779
3.46 1.591771771874779
3.46 1.591771771874779
3.46 1.591771771874779
3.46 1.591771771874779
3.46 1.591771771874779
3.46 1.591771771874779
3.46 1.591771771874779
3.46 1.591771771874779
3.46 1.591771771874779
3.46 1.591771771874779
3.46 1.591771771874779
3.46 1.591771771874779
3.46 1.591771771874779
3.46 1.591771771874779
3.46 1.591771771874779
3.46 1.591771771874779
3.46 1.591771771874779
3.46 1.591771771874779
3.46 1.591771771874779
