1.13 1.474736751033379
1.13 1.474736751033379
1.13 1.474736751033379
1.13 1.474736751033379
1.13 1.474736751033379
1.13 1.474736751033379
1.13 1.474736751033379
1.13 1.474736751033379
1.13 1.474736751033379
1.13 1.474736751033379
1.13 1.474736751033379
1.13 1.474736751033379
1.13 1.474736751033379
1.13 1.474736751033379
1.13 1.474736751033379
1.13 1.474736751033379
1.13 1.474736751033379
1.13 1.474736751033379
1.13 1.474736751033379
1.13 1.474736751033379
1.13 1.474736751033379
1.13 1.474736751033379
1.13 1.474736751033379
1.13 1.474736751033379
1.13 1.474736751033379
1.13 1.474736751033379
1.13 1.474736751033379
1.13 1.474736751033379
1.13 1.474736751033379
1.13 1.474736751033379
1.13 1.474736751033379
1.13 1.474736751033379
1.13 1.474736751033379
1.13 1.474736751033379
1.14 1.4703809717281435
1.14 1.4703809717281435
1.14 1.4703809717281435
1.17 1.4774739567685415
1.17 1.4774739567685415
1.17 1.4774739567685415
1.17 1.4774739567685415
1.17 1.4774739567685415
1.17 1.4774739567685415
1.17 1.4774739567685415
1.17 1.4774739567685415
1.17 1.4774739567685415
1.16 1.482013372531987
1.16 1.482013372531987
1.16 1.482013372531987
1.16 1.482013372531987
1.16 1.482013372531987
1.16 1.482013372531987
1.17 1.4774739567685415
1.17 1.4774739567685415
1.13 1.4540434739863959
1.09 1.4290987482757211
1.09 1.4290987482757211
1.09 1.4290987482757211
1.09 1.4290987482757211
1.09 1.4290987482757211
1.1 1.43899516007076
1.11 1.4347420843081347
1.11 1.4347420843081347
1.11 1.4347420843081347
1.11 1.4347420843081347
1.11 1.4347420843081347
1.11 1.4347420843081347
1.11 1.4347420843081347
1.11 1.4347420843081347
1.11 1.4347420843081347
1.11 1.4347420843081347
1.11 1.4347420843081347
1.11 1.4347420843081347
1.11 1.4347420843081347
1.11 1.4347420843081347
1.11 1.4347420843081347
1.11 1.4347420843081347
1.11 1.4347420843081347
1.11 1.4347420843081347
1.11 1.4347420843081347
1.11 1.4347420843081347
1.11 1.4347420843081347
1.11 1.4347420843081347
1.11 1.4347420843081347
1.11 1.4347420843081347
1.11 1.4347420843081347
1.11 1.4347420843081347
1.11 1.4347420843081347
1.11 1.4347420843081347
1.11 1.4347420843081347
1.11 1.4347420843081347
1.11 1.4347420843081347
1.11 1.4347420843081347
1.11 1.4347420843081347
1.11 1.4347420843081347
1.11 1.4347420843081347
1.11 1.4347420843081347
1.11 1.4347420843081347
1.11 1.4347420843081347
1.11 1.4347420843081347
1.11 1.4347420843081347
1.11 1.4347420843081347
1.11 1.4347420843081347
1.11 1.4347420843081347
1.11 1.4347420843081347
1.24 1.7985403733993504
1.24 1.7985403733993504
1.24 1.7985403733993504
1.24 1.7985403733993504
1.24 1.7985403733993504
1.24 1.7985403733993504
1.24 1.7985403733993504
1.24 1.7985403733993504
1.24 1.7985403733993504
1.26 1.806945075272214
1.26 1.806945075272214
1.35 2.0069324297987157
1.35 2.0069324297987157
1.36 2.012687032528677
1.36 2.012687032528677
1.36 2.012687032528677
1.36 2.012687032528677
1.36 2.012687032528677
1.36 2.012687032528677
1.38 2.0089697847303722
1.38 2.0089697847303722
1.38 2.0089697847303722
1.38 2.0089697847303722
1.38 2.0089697847303722
1.38 2.0089697847303722
1.38 2.0089697847303722
1.36 1.9823463294028547
1.36 1.9823463294028547
1.36 1.9823463294028547
1.36 1.9823463294028547
1.36 1.9823463294028547
1.36 1.9823463294028547
1.36 1.9823463294028547
1.36 1.9823463294028547
1.36 1.9823463294028547
1.36 1.9823463294028547
1.36 1.9823463294028547
1.36 1.9823463294028547
1.36 1.9823463294028547
1.36 1.9823463294028547
1.36 1.9823463294028547
1.37 1.9931954953863111
1.37 1.9931954953863111
1.37 1.9931954953863111
1.37 1.9931954953863111
1.37 1.9931954953863111
1.37 1.9931954953863111
1.37 1.9931954953863111
1.39 1.9893402794581792
1.39 1.9893402794581792
1.39 1.9893402794581792
1.39 1.9893402794581792
1.39 1.9893402794581792
1.39 1.9893402794581792
1.39 1.9893402794581792
1.39 1.9893402794581792
1.41 1.9852740695715365
1.41 1.9852740695715365
1.41 1.9852740695715365
1.41 1.9852740695715365
1.41 1.9852740695715365
1.41 1.9852740695715365
1.42 1.9806131078098728
1.42 1.9806131078098728
1.42 1.9806131078098728
1.42 1.9806131078098728
1.42 1.9806131078098728
1.42 1.9806131078098728
1.43 1.9911673648258392
1.43 1.9911673648258392
1.43 1.9911673648258392
1.51 2.071914159136011
1.51 2.071914159136011
1.51 2.071914159136011
1.51 2.071914159136011
1.52 2.0669599009954767
1.52 2.0669599009954767
1.52 2.0669599009954767
1.52 2.0669599009954767
1.44 1.8819718865642447
1.44 1.8819718865642447
1.44 1.8819718865642447
1.44 1.8819718865642447
1.44 1.8819718865642447
1.44 1.8819718865642447
1.46 1.887866627715105
1.47 1.882696325631262
1.47 1.882696325631262
1.47 1.882696325631262
1.47 1.882696325631262
1.47 1.882696325631262
1.47 1.882696325631262
1.47 1.882696325631262
1.47 1.882696325631262
1.47 1.882696325631262
1.52 2.062067218138441
1.52 2.062067218138441
1.52 2.062067218138441
1.52 2.062067218138441
1.52 2.062067218138441
1.52 2.062067218138441
1.52 2.062067218138441
1.52 2.062067218138441
1.52 2.062067218138441
1.52 2.062067218138441
1.52 2.062067218138441
1.52 2.062067218138441
1.52 2.062067218138441
1.52 2.062067218138441
1.52 2.062067218138441
1.52 2.062067218138441
1.52 2.062067218138441
1.52 2.062067218138441
1.52 2.062067218138441
1.52 2.062067218138441
1.52 2.062067218138441
1.52 2.062067218138441
1.52 2.062067218138441
1.52 2.062067218138441
1.52 2.062067218138441
1.52 2.062067218138441
1.52 2.062067218138441
1.52 2.062067218138441
1.52 2.062067218138441
1.52 2.062067218138441
1.52 2.062067218138441
1.52 2.062067218138441
1.52 2.062067218138441
1.54 2.0568682677087198
1.54 2.0568682677087198
1.54 2.0568682677087198
1.54 2.0568682677087198
1.54 2.0568682677087198
1.54 2.0568682677087198
1.54 2.0568682677087198
1.54 2.0568682677087198
1.54 2.0568682677087198
1.54 2.0568682677087198
1.54 2.0568682677087198
1.54 2.0568682677087198
1.54 2.0568682677087198
1.54 2.0568682677087198
1.54 2.0568682677087198
1.54 2.0568682677087198
1.54 2.0568682677087198
1.54 2.0568682677087198
1.54 2.0568682677087198
1.54 2.0568682677087198
1.54 2.0568682677087198
1.54 2.0568682677087198
1.54 2.0568682677087198
1.54 2.0568682677087198
1.54 2.0568682677087198
1.54 2.0568682677087198
1.54 2.0568682677087198
1.54 2.0568682677087198
1.54 2.0568682677087198
1.55 2.056647266742156
1.55 2.056647266742156
1.55 2.056647266742156
1.55 2.056647266742156
1.55 2.056647266742156
1.55 2.056647266742156
1.55 2.056647266742156
1.55 2.056647266742156
1.55 2.056647266742156
1.55 2.056647266742156
1.55 2.056647266742156
1.55 2.056647266742156
1.55 2.056647266742156
1.55 2.056647266742156
1.55 2.056647266742156
1.55 2.056647266742156
1.55 2.056647266742156
1.55 2.056647266742156
1.55 2.056647266742156
1.55 2.056647266742156
1.55 2.056647266742156
1.55 2.056647266742156
1.55 2.056647266742156
1.55 2.056647266742156
1.55 2.056647266742156
1.55 2.056647266742156
1.55 2.056647266742156
1.55 2.056647266742156
1.55 2.056647266742156
1.55 2.056647266742156
1.61 2.0980751158905604
1.62 2.107130750570548
1.62 2.107130750570548
1.64 2.120224878486605
1.65 2.129043983300553
1.68 2.196783691185499
1.68 2.196783691185499
1.68 2.196783691185499
1.68 2.196783691185499
1.68 2.196783691185499
1.68 2.196783691185499
1.68 2.196783691185499
1.68 2.196783691185499
1.68 2.196783691185499
1.68 2.196783691185499
1.68 2.196783691185499
1.68 2.196783691185499
1.68 2.196783691185499
1.68 2.196783691185499
1.68 2.196783691185499
1.68 2.196783691185499
1.68 2.196783691185499
1.68 2.196783691185499
1.68 2.196783691185499
1.72 2.2744962812309306
1.72 2.2744962812309306
1.72 2.2744962812309306
1.72 2.2744962812309306
1.72 2.2744962812309306
1.72 2.2744962812309306
1.72 2.2744962812309306
1.72 2.2744962812309306
1.72 2.2744962812309306
1.72 2.2744962812309306
1.72 2.2744962812309306
1.72 2.2744962812309306
1.72 2.2744962812309306
1.72 2.2744962812309306
1.72 2.2744962812309306
1.72 2.2744962812309306
1.72 2.2744962812309306
1.72 2.2744962812309306
1.7 2.2270150335361363
1.7 2.2270150335361363
1.7 2.2270150335361363
1.7 2.2270150335361363
1.7 2.2270150335361363
1.7 2.2270150335361363
1.7 2.2270150335361363
1.7 2.2270150335361363
1.7 2.2270150335361363
1.7 2.2270150335361363
1.7 2.2270150335361363
1.7 2.2270150335361363
1.7 2.2270150335361363
1.7 2.2270150335361363
1.7 2.2270150335361363
1.7 2.2270150335361363
1.7 2.2270150335361363
1.7 2.2270150335361363
1.7 2.2270150335361363
1.72 2.229644171457215
1.72 2.229644171457215
1.72 2.229644171457215
1.72 2.229644171457215
1.73 2.2376710475786465
1.73 2.2376710475786465
1.73 2.2376710475786465
1.73 2.2376710475786465
1.73 2.2376710475786465
1.73 2.2376710475786465
1.73 2.2376710475786465
1.73 2.2376710475786465
1.74 2.236609988894855
1.74 2.236609988894855
1.74 2.236609988894855
1.74 2.236609988894855
1.74 2.236609988894855
1.74 2.236609988894855
1.75 2.2309802166923687
1.75 2.2309802166923687
1.75 2.2309802166923687
1.75 2.2309802166923687
1.75 2.2309802166923687
1.75 2.2309802166923687
1.75 2.2309802166923687
1.75 2.2309802166923687
1.75 2.2309802166923687
1.75 2.2309802166923687
1.75 2.2309802166923687
1.75 2.2309802166923687
1.75 2.2309802166923687
1.75 2.2309802166923687
1.75 2.2309802166923687
1.75 2.2309802166923687
1.75 2.2309802166923687
1.75 2.2309802166923687
1.75 2.2309802166923687
1.75 2.2309802166923687
1.75 2.2309802166923687
1.75 2.2309802166923687
1.75 2.2309802166923687
1.75 2.2309802166923687
1.75 2.2309802166923687
1.75 2.2309802166923687
1.75 2.2309802166923687
1.75 2.2309802166923687
1.75 2.2309802166923687
1.75 2.2309802166923687
1.75 2.2309802166923687
1.75 2.2309802166923687
1.75 2.2309802166923687
1.75 2.2309802166923687
1.75 2.2309802166923687
1.75 2.2309802166923687
1.75 2.2309802166923687
1.75 2.2309802166923687
1.77 2.2601287171711744
1.77 2.2601287171711744
1.77 2.2601287171711744
1.77 2.2601287171711744
1.77 2.2601287171711744
1.77 2.2601287171711744
1.77 2.2601287171711744
1.77 2.2601287171711744
1.77 2.2601287171711744
1.77 2.2601287171711744
1.77 2.2601287171711744
1.78 2.289986987744779
1.78 2.289986987744779
1.78 2.289986987744779
1.78 2.289986987744779
1.78 2.289986987744779
1.78 2.289986987744779
1.78 2.289986987744779
1.78 2.289986987744779
1.78 2.289986987744779
1.78 2.289986987744779
1.78 2.289986987744779
1.78 2.289986987744779
1.78 2.289986987744779
1.78 2.289986987744779
1.78 2.289986987744779
1.78 2.289986987744779
1.78 2.289986987744779
1.78 2.289986987744779
1.78 2.289986987744779
1.78 2.289986987744779
1.78 2.289986987744779
1.78 2.289986987744779
1.78 2.289986987744779
1.78 2.289986987744779
1.78 2.289986987744779
1.78 2.289986987744779
1.8 2.291838836507762
1.8 2.291838836507762
1.8 2.291838836507762
1.8 2.291838836507762
1.8 2.291838836507762
1.8 2.291838836507762
1.8 2.291838836507762
1.8 2.291838836507762
1.8 2.291838836507762
1.8 2.291838836507762
1.8 2.291838836507762
1.8 2.291838836507762
1.8 2.291838836507762
1.8 2.291838836507762
1.81 2.325506353029335
1.88 2.400673306227302
1.88 2.400673306227302
1.88 2.400673306227302
1.88 2.400673306227302
1.89 2.411651012493434
1.89 2.411651012493434
1.89 2.411651012493434
1.89 2.411651012493434
1.89 2.411651012493434
1.89 2.411651012493434
1.89 2.411651012493434
1.89 2.411651012493434
1.89 2.411651012493434
1.89 2.411651012493434
1.89 2.411651012493434
1.89 2.411651012493434
1.89 2.411651012493434
1.89 2.411651012493434
1.89 2.411651012493434
1.89 2.411651012493434
1.89 2.411651012493434
1.89 2.411651012493434
1.89 2.411651012493434
1.89 2.411651012493434
1.89 2.411651012493434
1.89 2.411651012493434
1.9 2.414183677412063
1.92 2.4149366848675746
1.92 2.4149366848675746
1.92 2.4149366848675746
1.92 2.4149366848675746
1.92 2.4149366848675746
1.96 2.415940329720019
1.96 2.415940329720019
1.96 2.415940329720019
1.96 2.415940329720019
1.96 2.415940329720019
1.97 2.409807402505793
1.97 2.409807402505793
1.97 2.409807402505793
1.97 2.409807402505793
1.97 2.409807402505793
2.0 2.416274785363585
2.0 2.416274785363585
2.0 2.416274785363585
2.0 2.416274785363585
2.0 2.416274785363585
2.0 2.416274785363585
2.0 2.416274785363585
2.05 2.4469110603725945
2.05 2.4469110603725945
2.05 2.4469110603725945
2.05 2.4469110603725945
2.05 2.4469110603725945
2.09 2.4622195784546226
2.09 2.4622195784546226
2.09 2.4622195784546226
2.09 2.4622195784546226
2.09 2.4622195784546226
2.09 2.4622195784546226
2.09 2.4622195784546226
2.09 2.4622195784546226
2.11 2.453177695985516
2.11 2.453177695985516
2.11 2.453177695985516
2.11 2.453177695985516
2.11 2.453177695985516
2.11 2.453177695985516
2.11 2.453177695985516
2.12 2.4465188626811245
2.12 2.4465188626811245
2.12 2.4465188626811245
2.12 2.4465188626811245
2.12 2.4465188626811245
2.13 2.439800455493495
2.13 2.439800455493495
2.13 2.439800455493495
2.13 2.439800455493495
2.13 2.439800455493495
2.13 2.439800455493495
2.16 2.431776172581546
2.16 2.431776172581546
2.16 2.431776172581546
2.16 2.431776172581546
2.16 2.431776172581546
2.16 2.431776172581546
2.16 2.431776172581546
2.16 2.431776172581546
2.22 2.45188033389013
2.22 2.45188033389013
2.22 2.45188033389013
2.24 2.4908722256359206
2.24 2.4908722256359206
2.24 2.4908722256359206
2.24 2.4908722256359206
2.24 2.4908722256359206
2.24 2.4908722256359206
2.24 2.4908722256359206
2.23 2.493851023877114
2.23 2.493851023877114
2.23 2.493851023877114
2.23 2.493851023877114
2.23 2.493851023877114
2.23 2.493851023877114
2.28 2.558724429685757
2.28 2.558724429685757
2.28 2.558724429685757
2.28 2.558724429685757
2.28 2.558724429685757
2.28 2.558724429685757
2.28 2.558724429685757
2.28 2.558724429685757
2.28 2.558724429685757
2.28 2.558724429685757
2.28 2.558724429685757
2.28 2.558724429685757
2.28 2.558724429685757
2.28 2.558724429685757
2.28 2.558724429685757
2.28 2.558724429685757
2.28 2.558724429685757
2.28 2.558724429685757
2.28 2.558724429685757
2.28 2.558724429685757
2.28 2.558724429685757
2.28 2.558724429685757
2.28 2.558724429685757
2.28 2.558724429685757
2.28 2.558724429685757
2.28 2.558724429685757
2.28 2.558724429685757
2.28 2.558724429685757
2.28 2.558724429685757
2.28 2.558724429685757
2.28 2.558724429685757
2.28 2.558724429685757
2.28 2.558724429685757
2.28 2.558724429685757
2.31 2.6080489243722376
2.31 2.6080489243722376
2.41 2.9579374468358757
2.41 2.9579374468358757
2.41 2.9579374468358757
2.42 2.965048929025481
2.42 2.965048929025481
2.43 2.9924315304859457
2.43 2.9924315304859457
2.43 2.9924315304859457
2.43 2.9924315304859457
2.43 2.9924315304859457
2.43 2.9924315304859457
2.43 2.9924315304859457
2.43 2.9924315304859457
2.43 2.9924315304859457
2.43 2.9924315304859457
2.43 2.9924315304859457
2.44 2.9993938781633265
2.44 2.9993938781633265
2.44 2.9993938781633265
2.45 2.9995790950522956
2.45 2.9995790950522956
2.45 2.9995790950522956
2.45 2.9995790950522956
2.45 2.9995790950522956
2.45 2.9995790950522956
2.45 2.9995790950522956
2.45 2.9995790950522956
2.45 2.9995790950522956
2.45 2.9995790950522956
2.45 2.9995790950522956
2.45 2.9995790950522956
2.45 2.9995790950522956
2.45 2.9995790950522956
2.45 2.9995790950522956
2.47 3.0032137668326127
2.47 3.0032137668326127
2.47 3.0032137668326127
2.47 3.0032137668326127
2.47 3.0032137668326127
2.47 3.0032137668326127
2.46 2.9997306276370623
2.49 3.0500703750781377
2.49 3.0500703750781377
2.49 3.0500703750781377
2.49 3.0500703750781377
2.49 3.0500703750781377
2.49 3.0500703750781377
2.49 3.0500703750781377
2.49 3.0500703750781377
2.49 3.0500703750781377
2.49 3.0500703750781377
2.49 3.0500703750781377
2.49 3.0500703750781377
2.49 3.0500703750781377
2.49 3.0500703750781377
2.49 3.0500703750781377
2.49 3.0500703750781377
2.49 3.0500703750781377
2.49 3.0500703750781377
2.49 3.0500703750781377
2.49 3.0500703750781377
2.49 3.0500703750781377
2.49 3.0500703750781377
2.49 3.0500703750781377
2.49 3.0500703750781377
2.49 3.0500703750781377
2.49 3.0500703750781377
2.49 3.0500703750781377
2.49 3.0500703750781377
2.49 3.0500703750781377
2.49 3.0500703750781377
2.49 3.0500703750781377
2.49 3.0500703750781377
2.52 3.050020698720955
2.52 3.050020698720955
2.52 3.050020698720955
2.52 3.050020698720955
2.52 3.050020698720955
2.52 3.050020698720955
2.52 3.050020698720955
2.52 3.050020698720955
2.52 3.050020698720955
2.52 3.050020698720955
2.52 3.050020698720955
2.52 3.050020698720955
2.52 3.050020698720955
2.52 3.050020698720955
2.53 3.043306946681056
2.53 3.043306946681056
2.53 3.043306946681056
2.53 3.043306946681056
2.53 3.043306946681056
2.53 3.043306946681056
2.53 3.043306946681056
2.53 3.043306946681056
2.53 3.043306946681056
2.53 3.043306946681056
2.53 3.043306946681056
2.53 3.043306946681056
2.53 3.043306946681056
2.53 3.043306946681056
2.53 3.043306946681056
2.53 3.043306946681056
2.53 3.043306946681056
2.53 3.043306946681056
2.53 3.043306946681056
2.53 3.043306946681056
2.53 3.043306946681056
2.53 3.043306946681056
2.53 3.043306946681056
2.53 3.043306946681056
2.53 3.043306946681056
2.53 3.043306946681056
2.53 3.043306946681056
2.53 3.043306946681056
2.53 3.043306946681056
2.48 3.026749431520904
2.48 3.026749431520904
2.48 3.026749431520904
2.48 3.026749431520904
2.48 3.026749431520904
2.48 3.026749431520904
2.48 3.026749431520904
2.48 3.026749431520904
2.48 3.026749431520904
2.48 3.026749431520904
2.48 3.026749431520904
2.48 3.026749431520904
2.48 3.026749431520904
2.48 3.026749431520904
2.48 3.026749431520904
2.48 3.026749431520904
2.48 3.026749431520904
2.52 3.0334165822742123
2.52 3.0334165822742123
2.52 3.0334165822742123
2.52 3.0334165822742123
2.52 3.0334165822742123
2.52 3.0334165822742123
2.52 3.0334165822742123
2.52 3.0334165822742123
2.48 3.026749431520904
2.48 3.026749431520904
2.48 3.026749431520904
2.48 3.026749431520904
2.48 3.026749431520904
2.48 3.026749431520904
2.48 3.026749431520904
2.48 3.026749431520904
2.48 3.026749431520904
2.48 3.026749431520904
2.48 3.026749431520904
2.48 3.026749431520904
2.48 3.026749431520904
2.48 3.026749431520904
2.48 3.026749431520904
2.48 3.026749431520904
2.5 3.0301515113634467
2.5 3.0301515113634467
2.53 3.0399860446250653
2.53 3.0399860446250653
2.59 3.1272507046440916
2.59 3.1272507046440916
2.59 3.1272507046440916
2.59 3.1272507046440916
2.59 3.1272507046440916
2.59 3.1272507046440916
2.59 3.1272507046440916
2.59 3.1272507046440916
2.6 3.130172486937388
2.6 3.130172486937388
2.6 3.130172486937388
2.6 3.130172486937388
2.6 3.130172486937388
2.6 3.130172486937388
2.6 3.130172486937388
2.6 3.130172486937388
2.6 3.130172486937388
2.6 3.130172486937388
2.6 3.130172486937388
2.6 3.130172486937388
2.6 3.130172486937388
2.6 3.130172486937388
2.6 3.130172486937388
2.6 3.130172486937388
2.6 3.130172486937388
2.6 3.130172486937388
2.6 3.130172486937388
2.6 3.130172486937388
2.6 3.130172486937388
2.6 3.130172486937388
2.6 3.130172486937388
2.6 3.130172486937388
2.6 3.130172486937388
2.6 3.130172486937388
2.6 3.130172486937388
2.6 3.130172486937388
2.61 3.123372303369315
2.61 3.123372303369315
2.61 3.123372303369315
2.61 3.123372303369315
2.61 3.123372303369315
2.61 3.123372303369315
2.61 3.123372303369315
2.61 3.123372303369315
2.61 3.123372303369315
2.61 3.123372303369315
2.61 3.123372303369315
2.61 3.123372303369315
2.61 3.123372303369315
2.61 3.123372303369315
2.64 3.141510927736989
2.64 3.141510927736989
2.64 3.141510927736989
2.64 3.141510927736989
2.64 3.141510927736989
2.64 3.141510927736989
2.64 3.141510927736989
2.62 3.1519754908548223
2.62 3.1519754908548223
2.66 3.1820836830065558
2.53 2.83718098816342
2.53 2.83718098816342
2.53 2.83718098816342
2.53 2.83718098816342
2.53 2.83718098816342
2.54 2.8334937565992386
2.55 2.84045450908509
2.55 2.84045450908509
2.55 2.84045450908509
2.55 2.84045450908509
2.55 2.84045450908509
2.55 2.84045450908509
2.55 2.84045450908509
2.55 2.84045450908509
2.55 2.84045450908509
2.59 2.846564471943204
2.59 2.846564471943204
2.59 2.846564471943204
2.59 2.846564471943204
2.6 2.8497740473960596
2.6 2.8497740473960596
2.6 2.8497740473960596
2.6 2.8497740473960596
2.63 2.8378929443579026
2.63 2.8378929443579026
2.63 2.8378929443579026
2.63 2.8378929443579026
2.63 2.8378929443579026
2.63 2.8378929443579026
2.63 2.8378929443579026
2.63 2.8378929443579026
2.63 2.8378929443579026
2.63 2.8378929443579026
2.6 2.8391206491810204
2.6 2.8391206491810204
2.6 2.8391206491810204
2.6 2.8391206491810204
2.6 2.8391206491810204
2.6 2.8391206491810204
2.6 2.8391206491810204
2.6 2.8391206491810204
2.6 2.8391206491810204
2.64 2.858692220600395
2.64 2.858692220600395
2.64 2.858692220600395
2.64 2.858692220600395
2.68 2.8775691200045985
2.68 2.8775691200045985
2.68 2.8775691200045985
2.7 2.872720879675791
2.7 2.872720879675791
2.67 2.8851938295967976
2.67 2.8851938295967976
2.67 2.8851938295967976
2.67 2.8851938295967976
2.67 2.8851938295967976
2.67 2.8851938295967976
2.67 2.8851938295967976
2.67 2.8851938295967976
2.67 2.8851938295967976
2.67 2.8851938295967976
2.67 2.8851938295967976
2.67 2.8851938295967976
2.67 2.8851938295967976
2.67 2.8851938295967976
2.67 2.8851938295967976
2.75 2.868762447432338
2.76 2.867864443213183
2.76 2.867864443213183
2.76 2.867864443213183
2.76 2.867864443213183
2.76 2.867864443213183
2.76 2.867864443213183
2.76 2.867864443213183
2.82 2.893322161687691
2.82 2.893322161687691
2.82 2.893322161687691
2.82 2.893322161687691
2.83 2.8851938295967976
2.88 2.9069057449633644
2.88 2.9069057449633644
2.88 2.9069057449633644
2.88 2.9069057449633644
2.88 2.9069057449633644
2.88 2.9069057449633644
2.88 2.9069057449633644
2.88 2.9069057449633644
2.88 2.9069057449633644
2.88 2.9069057449633644
2.89 2.9020891116782073
2.89 2.9020891116782073
2.89 2.9020891116782073
2.89 2.9020891116782073
2.89 2.9020891116782073
2.89 2.9020891116782073
2.89 2.9020891116782073
2.89 2.9020891116782073
2.89 2.9020891116782073
2.89 2.9020891116782073
2.89 2.9020891116782073
2.89 2.9020891116782073
2.89 2.9020891116782073
2.9 2.8972296067000616
2.9 2.8972296067000616
2.9 2.8972296067000616
2.92 2.890877326551876
2.92 2.890877326551876
2.92 2.890877326551876
2.92 2.890877326551876
2.92 2.890877326551876
2.92 2.890877326551876
2.92 2.890877326551876
2.92 2.890877326551876
2.92 2.890877326551876
2.92 2.890877326551876
2.92 2.890877326551876
2.92 2.890877326551876
2.92 2.890877326551876
2.92 2.890877326551876
2.92 2.890877326551876
2.93 2.885893940945135
2.95 2.872281323269014
2.95 2.872281323269014
2.95 2.872281323269014
2.95 2.872281323269014
2.95 2.872281323269014
2.98 2.856783527187897
2.98 2.856783527187897
2.98 2.856783527187897
2.93 2.829337646013907
2.93 2.829337646013907
2.93 2.829337646013907
2.93 2.829337646013907
2.93 2.829337646013907
2.93 2.829337646013907
2.93 2.829337646013907
2.93 2.829337646013907
2.93 2.829337646013907
2.93 2.829337646013907
2.94 2.8206310634252754
2.94 2.8206310634252754
2.94 2.8206310634252754
2.94 2.8206310634252754
2.94 2.8206310634252754
2.94 2.8206310634252754
2.94 2.8206310634252754
2.94 2.8206310634252754
2.95 2.8118615998241547
2.95 2.8118615998241547
2.95 2.8118615998241547
2.95 2.8118615998241547
2.95 2.8118615998241547
2.95 2.8118615998241547
2.95 2.8118615998241547
2.95 2.8118615998241547
2.95 2.8118615998241547
2.95 2.8118615998241547
2.95 2.8118615998241547
2.95 2.8118615998241547
2.95 2.8118615998241547
2.96 2.8030286650281853
2.96 2.8030286650281853
2.96 2.8030286650281853
2.99 2.7870370929673256
2.99 2.7870370929673256
2.99 2.7870370929673256
2.99 2.7870370929673256
2.99 2.7870370929673256
2.99 2.7870370929673256
2.99 2.7870370929673256
2.99 2.7870370929673256
2.99 2.7870370929673256
2.99 2.7870370929673256
2.99 2.7870370929673256
2.99 2.7870370929673256
2.99 2.7870370929673256
2.99 2.7870370929673256
3.0 2.7924863111535205
3.0 2.7924863111535205
3.0 2.7924863111535205
3.0 2.7924863111535205
3.0 2.7924863111535205
3.0 2.7924863111535205
3.0 2.7924863111535205
3.04 2.7813229901896643
3.04 2.7813229901896643
3.04 2.7813229901896643
3.04 2.7813229901896643
3.02 2.781540885367263
3.02 2.781540885367263
3.02 2.781540885367263
3.02 2.781540885367263
3.04 2.7667579393487776
3.04 2.7667579393487776
3.04 2.7667579393487776
3.04 2.7667579393487776
3.04 2.7667579393487776
3.04 2.7667579393487776
3.04 2.7667579393487776
3.04 2.7667579393487776
3.04 2.7667579393487776
3.04 2.7667579393487776
3.04 2.7667579393487776
3.04 2.7667579393487776
3.0 2.781613513300102
3.0 2.781613513300102
3.0 2.781613513300102
3.0 2.781613513300102
3.0 2.781613513300102
3.0 2.781613513300102
3.0 2.781613513300102
3.03 2.7832652867748084
3.14 2.9916381783061587
3.17 3.035330677740454
3.17 3.035330677740454
3.17 3.035330677740454
3.17 3.035330677740454
3.17 3.035330677740454
3.17 3.035330677740454
3.17 3.035330677740454
3.17 3.035330677740454
3.17 3.035330677740454
3.17 3.035330677740454
3.17 3.035330677740454
3.17 3.035330677740454
3.17 3.035330677740454
3.17 3.035330677740454
3.17 3.035330677740454
3.17 3.035330677740454
3.17 3.035330677740454
3.17 3.035330677740454
3.17 3.035330677740454
3.17 3.035330677740454
3.17 3.035330677740454
3.17 3.035330677740454
3.17 3.035330677740454
3.2 3.0384738327527585
3.2 3.0384738327527585
3.2 3.0384738327527585
3.2 3.0384738327527585
3.2 3.0384738327527585
3.2 3.0384738327527585
3.2 3.0384738327527585
3.2 3.0384738327527585
3.2 3.0384738327527585
3.2 3.0384738327527585
3.2 3.0384738327527585
3.24 3.165853165045128
3.24 3.165853165045128
3.24 3.165853165045128
3.24 3.165853165045128
3.24 3.165853165045128
3.24 3.165853165045128
3.24 3.165853165045128
3.24 3.165853165045128
3.24 3.165853165045128
3.24 3.165853165045128
3.24 3.165853165045128
3.24 3.165853165045128
3.24 3.165853165045128
3.24 3.165853165045128
3.24 3.165853165045128
3.24 3.165853165045128
3.24 3.165853165045128
3.22 3.2085114078876917
3.22 3.2085114078876917
3.24 3.219636719578872
3.24 3.219636719578872
3.24 3.219636719578872
3.24 3.219636719578872
3.24 3.219636719578872
3.24 3.219636719578872
3.24 3.219636719578872
3.24 3.219636719578872
3.25 3.22043663518041
3.25 3.22043663518041
3.25 3.22043663518041
3.25 3.22043663518041
3.25 3.22043663518041
3.27 3.225075365183132
3.27 3.225075365183132
3.27 3.225075365183132
3.27 3.225075365183132
3.27 3.225075365183132
3.27 3.225075365183132
3.27 3.225075365183132
3.27 3.225075365183132
3.27 3.225075365183132
3.27 3.225075365183132
3.27 3.225075365183132
3.27 3.225075365183132
3.27 3.225075365183132
3.27 3.225075365183132
3.27 3.225075365183132
3.27 3.225075365183132
3.27 3.225075365183132
3.27 3.225075365183132
3.27 3.225075365183132
3.27 3.225075365183132
3.27 3.225075365183132
3.27 3.225075365183132
3.27 3.225075365183132
3.27 3.225075365183132
3.27 3.225075365183132
3.27 3.225075365183132
3.27 3.225075365183132
3.27 3.225075365183132
3.27 3.225075365183132
3.27 3.225075365183132
3.27 3.225075365183132
3.29 3.235831587182197
3.31 3.233958077725319
3.31 3.233958077725319
3.31 3.233958077725319
3.31 3.233958077725319
3.31 3.233958077725319
3.31 3.233958077725319
3.31 3.233958077725319
3.31 3.233958077725319
3.32 3.2251536648067107
3.32 3.2251536648067107
3.32 3.2251536648067107
3.32 3.2251536648067107
3.32 3.2251536648067107
3.32 3.2251536648067107
3.32 3.2251536648067107
3.32 3.2251536648067107
3.32 3.2251536648067107
3.32 3.2251536648067107
3.35 3.346564648934031
3.35 3.346564648934031
3.35 3.346564648934031
3.35 3.346564648934031
3.35 3.346564648934031
3.35 3.346564648934031
3.35 3.346564648934031
3.35 3.346564648934031
3.35 3.346564648934031
3.35 3.346564648934031
3.4 3.3933982252531916
3.4 3.3933982252531916
3.4 3.3933982252531916
3.4 3.3933982252531916
3.4 3.3933982252531916
3.4 3.3933982252531916
3.4 3.3933982252531916
3.41 3.3936809966569794
3.41 3.3936809966569794
3.41 3.3936809966569794
3.41 3.3936809966569794
3.41 3.3936809966569794
3.41 3.3936809966569794
3.41 3.3936809966569794
3.42 3.411744421846396
3.42 3.411744421846396
3.42 3.411744421846396
3.42 3.411744421846396
3.42 3.411744421846396
3.42 3.411744421846396
3.42 3.411744421846396
3.42 3.411744421846396
3.42 3.411744421846396
3.42 3.411744421846396
3.42 3.411744421846396
3.42 3.411744421846396
3.42 3.411744421846396
3.42 3.411744421846396
3.42 3.411744421846396
3.42 3.411744421846396
3.42 3.411744421846396
3.43 3.4119664640079845
3.43 3.4119664640079845
3.43 3.4119664640079845
3.43 3.4119664640079845
3.43 3.4119664640079845
3.43 3.4119664640079845
3.43 3.4119664640079845
3.43 3.4119664640079845
3.43 3.4119664640079845
3.43 3.4119664640079845
3.43 3.4119664640079845
3.43 3.4119664640079845
3.43 3.4119664640079845
3.44 3.418074358938425
3.44 3.418074358938425
3.44 3.418074358938425
3.46 3.409493578912631
3.46 3.409493578912631
3.46 3.409493578912631
3.46 3.409493578912631
3.46 3.409493578912631
3.44 3.400297075553871
3.44 3.400297075553871
3.44 3.400297075553871
3.44 3.400297075553871
3.45 3.4063962414163385
3.45 3.4063962414163385
3.45 3.4063962414163385
3.45 3.4063962414163385
3.45 3.4063962414163385
3.45 3.4063962414163385
3.45 3.4063962414163385
3.46 3.4065296776109912
3.46 3.4065296776109912
3.46 3.4065296776109912
3.46 3.4065296776109912
3.46 3.4065296776109912
3.46 3.4065296776109912
3.46 3.4065296776109912
3.46 3.4065296776109912
3.46 3.4065296776109912
3.46 3.4065296776109912
3.46 3.4065296776109912
3.46 3.4065296776109912
3.47 3.4125585058069774
3.47 3.4125585058069774
3.47 3.4125585058069774
3.48 3.4185471543427104
3.48 3.4185471543427104
3.48 3.4185471543427104
3.5 3.415650255319866
3.5 3.415650255319866
3.5 3.415650255319866
3.51 3.409715767650087
3.51 3.409715767650087
3.51 3.409715767650087
3.51 3.409715767650087
3.55 3.4152805761959617
3.55 3.4152805761959617
3.55 3.4152805761959617
3.55 3.4152805761959617
3.55 3.4152805761959617
3.55 3.4152805761959617
3.55 3.4152805761959617
3.55 3.4152805761959617
3.55 3.4152805761959617
3.55 3.4152805761959617
3.55 3.4152805761959617
3.55 3.4152805761959617
3.55 3.4152805761959617
3.55 3.4152805761959617
3.55 3.4152805761959617
3.55 3.4152805761959617
3.55 3.4152805761959617
3.55 3.4152805761959617
3.55 3.4152805761959617
3.55 3.4152805761959617
3.55 3.4152805761959617
3.55 3.4152805761959617
3.55 3.4152805761959617
3.55 3.4152805761959617
3.55 3.4152805761959617
3.55 3.4152805761959617
3.55 3.4152805761959617
3.55 3.4152805761959617
3.55 3.4152805761959617
3.55 3.4152805761959617
3.55 3.4152805761959617
3.55 3.4152805761959617
3.55 3.4152805761959617
3.55 3.4152805761959617
3.55 3.4152805761959617
3.55 3.4152805761959617
3.55 3.4152805761959617
3.55 3.4152805761959617
3.55 3.4152805761959617
3.55 3.4152805761959617
3.55 3.4152805761959617
3.55 3.4152805761959617
3.55 3.4152805761959617
3.55 3.4152805761959617
3.55 3.4152805761959617
3.55 3.4152805761959617
3.55 3.4152805761959617
3.55 3.4152805761959617
3.55 3.4152805761959617
3.55 3.4152805761959617
3.55 3.4152805761959617
3.55 3.4152805761959617
3.55 3.4152805761959617
3.55 3.4152805761959617
3.55 3.4152805761959617
3.58 3.40581795749508
3.55 3.3885576920458704
3.55 3.3885576920458704
3.55 3.3885576920458704
3.55 3.3885576920458704
3.55 3.3885576920458704
3.55 3.3885576920458704
3.55 3.3885576920458704
3.55 3.3885576920458704
3.55 3.3885576920458704
3.55 3.3885576920458704
3.55 3.3885576920458704
3.55 3.3885576920458704
3.55 3.3885576920458704
3.55 3.3885576920458704
3.55 3.3885576920458704
3.55 3.3885576920458704
3.55 3.3885576920458704
3.55 3.3885576920458704
3.55 3.3885576920458704
3.55 3.3885576920458704
3.55 3.3885576920458704
3.55 3.3885576920458704
3.55 3.3885576920458704
3.55 3.3885576920458704
3.55 3.3885576920458704
3.55 3.3885576920458704
3.55 3.3885576920458704
3.55 3.3885576920458704
3.57 3.37326086878689
3.54 3.391671320077219
3.54 3.391671320077219
3.54 3.391671320077219
3.54 3.391671320077219
3.54 3.391671320077219
3.54 3.391671320077219
3.54 3.391671320077219
3.54 3.391671320077219
3.54 3.391671320077219
3.54 3.391671320077219
3.54 3.391671320077219
3.54 3.391671320077219
3.54 3.391671320077219
3.54 3.391671320077219
3.54 3.391671320077219
3.54 3.391671320077219
3.54 3.391671320077219
3.54 3.391671320077219
3.54 3.391671320077219
3.54 3.391671320077219
3.54 3.391671320077219
3.54 3.391671320077219
3.54 3.391671320077219
3.54 3.391671320077219
3.54 3.391671320077219
3.54 3.391671320077219
3.54 3.391671320077219
3.54 3.391671320077219
3.54 3.391671320077219
3.54 3.391671320077219
3.54 3.391671320077219
3.54 3.391671320077219
3.54 3.391671320077219
3.54 3.391671320077219
3.54 3.391671320077219
3.54 3.391671320077219
3.54 3.391671320077219
3.54 3.391671320077219
3.54 3.391671320077219
3.54 3.391671320077219
3.54 3.391671320077219
3.54 3.391671320077219
3.54 3.391671320077219
3.54 3.391671320077219
3.54 3.391671320077219
3.54 3.391671320077219
3.54 3.391671320077219
3.54 3.391671320077219
3.54 3.391671320077219
3.54 3.391671320077219
3.54 3.391671320077219
3.54 3.391671320077219
3.54 3.391671320077219
3.54 3.391671320077219
3.54 3.391671320077219
3.55 3.3885576920458704
3.55 3.3885576920458704
3.55 3.3885576920458704
3.55 3.3885576920458704
3.55 3.3885576920458704
3.55 3.3885576920458704
3.55 3.3885576920458704
3.61 3.378168172548578
3.61 3.378168172548578
3.61 3.378168172548578
3.63 3.362463623024287
3.63 3.362463623024287
3.63 3.362463623024287
3.63 3.362463623024287
3.63 3.362463623024287
3.66 3.343076669201832
3.66 3.343076669201832
3.72 3.348691889938125
3.73 3.3540417349216094
3.73 3.3540417349216094
3.73 3.3540417349216094
3.73 3.3540417349216094
3.73 3.3540417349216094
3.73 3.3540417349216094
3.73 3.3540417349216094
3.73 3.3540417349216094
3.73 3.3540417349216094
3.73 3.3540417349216094
3.73 3.3540417349216094
3.73 3.3540417349216094
3.73 3.3540417349216094
3.73 3.3540417349216094
3.73 3.3540417349216094
3.73 3.3540417349216094
3.75 3.3556073980877157
3.78 3.3350904459741844
3.79 3.343303271867027
3.79 3.343303271867027
3.79 3.343303271867027
3.79 3.343303271867027
3.79 3.343303271867027
3.79 3.343303271867027
3.79 3.343303271867027
3.79 3.343303271867027
3.79 3.343303271867027
3.79 3.343303271867027
3.79 3.343303271867027
3.79 3.343303271867027
3.79 3.343303271867027
3.79 3.343303271867027
3.79 3.343303271867027
3.79 3.343303271867027
3.79 3.343303271867027
3.79 3.343303271867027
3.79 3.343303271867027
3.79 3.343303271867027
3.79 3.343303271867027
3.79 3.343303271867027
3.79 3.343303271867027
3.79 3.343303271867027
3.79 3.343303271867027
3.79 3.343303271867027
3.79 3.343303271867027
3.8 3.351465833381453
3.8 3.351465833381453
3.8 3.351465833381453
3.8 3.351465833381453
3.8 3.351465833381453
3.8 3.351465833381453
3.8 3.351465833381453
3.8 3.351465833381453
3.8 3.351465833381453
3.8 3.351465833381453
3.8 3.351465833381453
3.8 3.351465833381453
3.8 3.351465833381453
3.8 3.351465833381453
3.8 3.351465833381453
3.8 3.351465833381453
3.8 3.351465833381453
3.8 3.351465833381453
3.8 3.351465833381453
3.8 3.351465833381453
3.86 3.372557103169852
3.86 3.372557103169852
3.86 3.372557103169852
3.86 3.372557103169852
3.86 3.372557103169852
3.86 3.372557103169852
3.86 3.372557103169852
3.86 3.372557103169852
3.86 3.372557103169852
3.86 3.372557103169852
3.86 3.372557103169852
3.86 3.372557103169852
3.86 3.372557103169852
3.86 3.372557103169852
3.86 3.372557103169852
3.87 3.3804398733557934
3.87 3.3804398733557934
3.87 3.3804398733557934
3.87 3.3804398733557934
3.91 3.417409379732968
3.94 3.3958382134190637
3.94 3.3958382134190637
3.94 3.3958382134190637
3.94 3.3958382134190637
3.94 3.3958382134190637
3.94 3.3958382134190637
3.94 3.3958382134190637
3.94 3.3958382134190637
3.97 3.3828294892789605
3.97 3.3828294892789605
3.97 3.3828294892789605
3.97 3.3828294892789605
3.97 3.3828294892789605
3.97 3.3828294892789605
3.98 3.3903606673251527
3.98 3.3903606673251527
3.98 3.3903606673251527
3.98 3.3903606673251527
3.98 3.3903606673251527
4.03 3.382829489278961
4.03 3.382829489278961
4.02 3.381410858493744
4.02 3.381410858493744
4.03 3.400698086385717
4.03 3.400698086385717
4.03 3.400698086385717
4.03 3.400698086385717
4.03 3.400698086385717
4.03 3.400698086385717
4.03 3.400698086385717
4.03 3.400698086385717
4.03 3.400698086385717
4.03 3.400698086385717
4.03 3.400698086385717
4.03 3.400698086385717
4.03 3.400698086385717
4.03 3.400698086385717
4.03 3.400698086385717
4.03 3.400698086385717
4.03 3.400698086385717
4.03 3.400698086385717
4.03 3.400698086385717
4.03 3.400698086385717
4.03 3.400698086385717
4.03 3.400698086385717
4.03 3.400698086385717
4.03 3.400698086385717
4.03 3.400698086385717
4.03 3.400698086385717
4.03 3.400698086385717
4.03 3.400698086385717
4.03 3.400698086385717
4.03 3.400698086385717
4.03 3.400698086385717
4.03 3.400698086385717
4.03 3.400698086385717
4.03 3.400698086385717
4.03 3.400698086385717
4.03 3.400698086385717
4.03 3.400698086385717
4.03 3.400698086385717
4.03 3.400698086385717
4.03 3.400698086385717
4.03 3.400698086385717
4.03 3.400698086385717
4.03 3.400698086385717
4.03 3.400698086385717
4.03 3.400698086385717
4.05 3.418236889734741
4.05 3.418236889734741
4.05 3.418236889734741
4.05 3.418236889734741
4.05 3.418236889734741
4.05 3.418236889734741
3.98 3.38738002508479
3.98 3.38738002508479
3.98 3.38738002508479
3.93 3.3792444317173818
3.93 3.3792444317173818
3.93 3.3792444317173818
3.93 3.3792444317173818
3.93 3.3792444317173818
3.93 3.3792444317173818
3.96 3.375251580597102
3.96 3.375251580597102
3.96 3.375251580597102
3.99 3.3889153832380465
3.99 3.3889153832380465
3.99 3.3889153832380465
3.99 3.3889153832380465
4.0 3.3904202534419676
4.0 3.3904202534419676
4.0 3.3904202534419676
4.01 3.3859334687122042
4.01 3.3859334687122042
4.01 3.3859334687122042
4.01 3.3859334687122042
4.01 3.3859334687122042
4.01 3.3859334687122042
4.01 3.3859334687122042
4.01 3.3859334687122042
4.01 3.3859334687122042
4.02 3.3903606673251536
4.02 3.3903606673251536
4.02 3.3903606673251536
4.02 3.3903606673251536
4.02 3.3903606673251536
4.02 3.3903606673251536
4.02 3.3903606673251536
4.02 3.3903606673251536
4.02 3.3903606673251536
4.02 3.3903606673251536
4.02 3.3903606673251536
4.02 3.3903606673251536
4.02 3.3903606673251536
4.02 3.3903606673251536
4.02 3.3903606673251536
4.02 3.3903606673251536
4.02 3.3903606673251536
4.02 3.3903606673251536
4.02 3.3903606673251536
4.02 3.3903606673251536
4.02 3.3903606673251536
4.02 3.3903606673251536
4.02 3.3903606673251536
4.02 3.3903606673251536
4.02 3.3903606673251536
4.02 3.3903606673251536
4.02 3.3903606673251536
4.02 3.3903606673251536
4.02 3.3903606673251536
4.02 3.3903606673251536
4.02 3.3903606673251536
4.02 3.3903606673251536
4.07 3.4119664640079854
4.07 3.4119664640079854
4.07 3.4119664640079854
4.07 3.4119664640079854
4.07 3.4119664640079854
4.07 3.4119664640079854
4.07 3.4119664640079854
4.07 3.4119664640079854
4.07 3.4119664640079854
4.07 3.4119664640079854
4.07 3.4119664640079854
4.07 3.4119664640079854
4.07 3.4119664640079854
4.1 3.4067668846078396
4.1 3.4067668846078396
4.1 3.4067668846078396
4.1 3.4067668846078396
4.1 3.4067668846078396
4.1 3.4067668846078396
4.1 3.4067668846078396
4.1 3.4067668846078396
4.11 3.407937852138798
4.11 3.407937852138798
4.11 3.407937852138798
4.11 3.407937852138798
4.11 3.407937852138798
4.11 3.407937852138798
4.11 3.407937852138798
4.11 3.407937852138798
4.11 3.407937852138798
4.11 3.407937852138798
4.11 3.407937852138798
4.11 3.407937852138798
4.18 3.517287752134183
4.18 3.517287752134183
4.18 3.517287752134183
4.18 3.517287752134183
4.18 3.517287752134183
4.18 3.517287752134183
4.19 3.515320006411188
4.19 3.515320006411188
4.19 3.515320006411188
4.19 3.515320006411188
4.19 3.515320006411188
4.19 3.515320006411188
4.19 3.515320006411188
4.19 3.515320006411188
4.19 3.515320006411188
4.19 3.515320006411188
4.19 3.515320006411188
4.22 3.5178620688357776
4.22 3.5178620688357776
4.22 3.5178620688357776
4.22 3.5178620688357776
4.22 3.5178620688357776
4.22 3.5178620688357776
4.22 3.5178620688357776
4.22 3.5178620688357776
4.22 3.5178620688357776
4.22 3.5178620688357776
4.22 3.5178620688357776
4.22 3.5178620688357776
4.22 3.5178620688357776
4.22 3.5178620688357776
4.22 3.5178620688357776
4.22 3.5178620688357776
4.22 3.5178620688357776
4.28 3.5987652203375413
4.28 3.5987652203375413
4.28 3.5987652203375413
4.28 3.5987652203375413
4.28 3.5987652203375413
4.28 3.5987652203375413
4.28 3.5987652203375413
4.28 3.5987652203375413
4.28 3.5987652203375413
4.28 3.5987652203375413
4.28 3.5987652203375413
4.28 3.5987652203375413
4.28 3.5987652203375413
4.28 3.5987652203375413
4.28 3.5987652203375413
4.28 3.5987652203375413
4.28 3.5987652203375413
4.28 3.5987652203375413
4.28 3.5987652203375413
4.28 3.5987652203375413
4.28 3.5987652203375413
4.28 3.5987652203375413
4.28 3.5987652203375413
4.28 3.5987652203375413
4.28 3.5987652203375413
4.28 3.5987652203375413
4.28 3.5987652203375413
4.28 3.5987652203375413
4.28 3.5987652203375413
4.28 3.5987652203375413
4.28 3.5987652203375413
4.28 3.5987652203375413
4.28 3.5987652203375413
4.28 3.5987652203375413
4.28 3.5987652203375413
4.28 3.5987652203375413
4.28 3.5987652203375413
4.28 3.5987652203375413
4.28 3.5987652203375413
4.28 3.5987652203375413
4.28 3.5987652203375413
4.28 3.5987652203375413
4.28 3.5987652203375413
4.28 3.5987652203375413
4.28 3.5987652203375413
4.28 3.5987652203375413
4.28 3.5987652203375413
4.28 3.5987652203375413
4.28 3.5987652203375413
4.28 3.5987652203375413
4.28 3.5987652203375413
4.28 3.5987652203375413
4.28 3.5987652203375413
4.28 3.5987652203375413
4.29 3.596561208328384
4.29 3.596561208328384
4.29 3.596561208328384
4.29 3.596561208328384
4.29 3.596561208328384
4.29 3.596561208328384
4.29 3.596561208328384
4.29 3.596561208328384
4.29 3.596561208328384
4.29 3.596561208328384
4.29 3.596561208328384
4.29 3.596561208328384
4.29 3.596561208328384
4.29 3.596561208328384
4.29 3.596561208328384
4.3 3.574601764921203
4.3 3.574601764921203
4.3 3.574601764921203
4.3 3.574601764921203
4.3 3.574601764921203
4.3 3.574601764921203
4.3 3.574601764921203
4.3 3.574601764921203
4.31 3.5892516312913014
4.31 3.5892516312913014
4.31 3.5892516312913014
4.31 3.5892516312913014
4.31 3.5892516312913014
4.31 3.5892516312913014
4.31 3.5892516312913014
4.31 3.5892516312913014
4.31 3.5892516312913014
4.31 3.5892516312913014
4.31 3.5892516312913014
4.31 3.5892516312913014
4.32 3.589772227657995
4.32 3.589772227657995
4.32 3.589772227657995
4.32 3.589772227657995
4.32 3.589772227657995
4.32 3.589772227657995
4.32 3.589772227657995
4.25 3.605201068938423
4.25 3.605201068938423
4.25 3.605201068938423
4.25 3.605201068938423
4.25 3.605201068938423
4.25 3.605201068938423
4.25 3.605201068938423
4.25 3.605201068938423
4.29 3.624537588061783
4.29 3.624537588061783
4.29 3.624537588061783
4.29 3.624537588061783
4.29 3.624537588061783
4.29 3.624537588061783
4.29 3.624537588061783
4.29 3.624537588061783
4.29 3.624537588061783
4.29 3.624537588061783
4.29 3.624537588061783
4.29 3.624537588061783
4.29 3.624537588061783
4.29 3.624537588061783
4.29 3.624537588061783
4.29 3.624537588061783
4.29 3.624537588061783
4.29 3.624537588061783
4.29 3.624537588061783
4.29 3.624537588061783
4.3 3.6223213718846266
4.3 3.6223213718846266
4.3 3.6223213718846266
4.3 3.6223213718846266
4.3 3.6223213718846266
4.3 3.6223213718846266
4.3 3.6223213718846266
4.3 3.6223213718846266
4.3 3.6223213718846266
4.3 3.6223213718846266
4.3 3.6223213718846266
4.33 3.623868684489581
4.33 3.623868684489581
4.33 3.623868684489581
4.33 3.623868684489581
4.33 3.623868684489581
4.33 3.623868684489581
4.33 3.623868684489581
4.33 3.623868684489581
4.34 3.6271144999792324
4.34 3.6271144999792324
4.34 3.6271144999792324
4.34 3.6271144999792324
4.34 3.6271144999792324
4.34 3.6271144999792324
4.34 3.6271144999792324
4.34 3.6271144999792324
4.34 3.6271144999792324
4.34 3.6271144999792324
4.4 3.7036700335169868
4.4 3.7036700335169868
4.4 3.7036700335169868
4.4 3.7036700335169868
4.4 3.7036700335169868
4.4 3.7036700335169868
4.4 3.7036700335169868
4.4 3.7036700335169868
4.4 3.7036700335169868
4.4 3.7036700335169868
4.4 3.7036700335169868
4.4 3.7036700335169868
4.4 3.7036700335169868
4.4 3.7036700335169868
4.45 3.731858474911352
4.45 3.731858474911352
4.45 3.731858474911352
4.49 3.812512626241719
4.49 3.812512626241719
4.49 3.812512626241719
4.49 3.812512626241719
4.49 3.812512626241719
4.55 3.804237403504443
4.55 3.804237403504443
4.55 3.804237403504443
4.55 3.804237403504443
4.55 3.804237403504443
4.55 3.804237403504443
4.57 3.8277429591883725
4.57 3.8277429591883725
4.57 3.8277429591883725
4.57 3.8277429591883725
4.57 3.8277429591883725
4.57 3.8277429591883725
4.57 3.8277429591883725
4.57 3.8277429591883725
4.57 3.8277429591883725
4.57 3.8277429591883725
4.57 3.8277429591883725
4.57 3.8277429591883725
4.57 3.8277429591883725
4.57 3.8277429591883725
4.67 4.141572921321833
4.67 4.141572921321833
4.67 4.141572921321833
4.67 4.141572921321833
4.67 4.141572921321833
4.67 4.141572921321833
4.67 4.141572921321833
4.67 4.141572921321833
4.72 4.1513780114486565
4.72 4.1513780114486565
4.73 4.150830512005271
4.73 4.150830512005271
4.71 4.149467533079493
4.71 4.149467533079493
4.71 4.149467533079493
4.71 4.149467533079493
4.71 4.149467533079493
4.71 4.149467533079493
4.71 4.149467533079493
4.71 4.149467533079493
4.71 4.149467533079493
4.72 4.139194280645607
4.72 4.139194280645607
4.72 4.139194280645607
4.72 4.139194280645607
4.72 4.139194280645607
4.72 4.139194280645607
4.72 4.139194280645607
4.72 4.139194280645607
4.72 4.139194280645607
4.72 4.139194280645607
4.72 4.139194280645607
4.73 4.145960672629433
4.73 4.145960672629433
4.73 4.145960672629433
4.73 4.145960672629433
4.73 4.145960672629433
4.73 4.145960672629433
4.73 4.145960672629433
4.73 4.145960672629433
4.73 4.145960672629433
4.73 4.145960672629433
4.74 4.155123404310696
4.74 4.155123404310696
4.74 4.155123404310696
4.74 4.155123404310696
4.74 4.155123404310696
4.74 4.155123404310696
4.74 4.155123404310696
4.74 4.155123404310696
4.74 4.155123404310696
4.74 4.155123404310696
4.74 4.155123404310696
4.74 4.155123404310696
4.74 4.155123404310696
4.74 4.155123404310696
4.74 4.155123404310696
4.74 4.155123404310696
4.74 4.155123404310696
4.74 4.155123404310696
4.74 4.155123404310696
4.74 4.155123404310696
4.74 4.155123404310696
4.74 4.155123404310696
4.74 4.155123404310696
4.74 4.155123404310696
4.74 4.155123404310696
4.74 4.155123404310696
4.74 4.155123404310696
4.74 4.155123404310696
4.74 4.155123404310696
4.74 4.155123404310696
4.74 4.155123404310696
4.74 4.155123404310696
4.76 4.156338715161641
4.76 4.156338715161641
4.76 4.156338715161641
4.76 4.156338715161641
4.76 4.156338715161641
4.76 4.156338715161641
4.76 4.156338715161641
4.76 4.156338715161641
4.76 4.156338715161641
4.76 4.156338715161641
4.76 4.156338715161641
4.76 4.156338715161641
4.76 4.156338715161641
4.76 4.156338715161641
4.78 4.205768045016849
4.82 4.198075557185504
4.82 4.198075557185504
4.82 4.198075557185504
4.82 4.198075557185504
4.82 4.198075557185504
4.82 4.198075557185504
4.82 4.198075557185504
4.82 4.198075557185504
4.82 4.198075557185504
4.82 4.198075557185504
4.82 4.198075557185504
4.82 4.198075557185504
4.82 4.198075557185504
4.82 4.198075557185504
4.82 4.198075557185504
4.82 4.198075557185504
4.82 4.198075557185504
4.82 4.198075557185504
4.82 4.198075557185504
4.82 4.198075557185504
4.82 4.198075557185504
4.82 4.198075557185504
4.82 4.198075557185504
4.82 4.198075557185504
4.82 4.198075557185504
4.82 4.198075557185504
4.82 4.198075557185504
4.82 4.198075557185504
4.82 4.198075557185504
4.82 4.198075557185504
4.84 4.184434842304865
4.84 4.184434842304865
4.84 4.184434842304865
4.84 4.184434842304865
4.84 4.184434842304865
4.84 4.184434842304865
4.83 4.187656223529416
4.83 4.187656223529416
4.83 4.187656223529416
4.79 4.038439042376385
4.79 4.038439042376385
4.79 4.038439042376385
4.79 4.038439042376385
4.79 4.038439042376385
4.79 4.038439042376385
4.79 4.038439042376385
4.79 4.038439042376385
4.79 4.038439042376385
4.79 4.038439042376385
4.79 4.038439042376385
4.79 4.038439042376385
4.79 4.038439042376385
4.8 4.027681991198191
4.8 4.027681991198191
4.8 4.027681991198191
4.8 4.027681991198191
4.8 4.027681991198191
4.81 4.029424602379679
4.81 4.029424602379679
4.82 4.023617147479983
4.82 4.023617147479983
4.82 4.023617147479983
4.82 4.023617147479983
4.82 4.023617147479983
4.82 4.023617147479983
4.82 4.023617147479983
4.82 4.023617147479983
4.82 4.023617147479983
4.82 4.023617147479983
4.82 4.023617147479983
4.82 4.023617147479983
4.82 4.023617147479983
4.82 4.023617147479983
4.82 4.023617147479983
4.82 4.023617147479983
4.82 4.023617147479983
4.82 4.023617147479983
4.82 4.023617147479983
4.82 4.023617147479983
4.82 4.023617147479983
4.82 4.023617147479983
4.82 4.023617147479983
4.82 4.023617147479983
4.82 4.023617147479983
4.82 4.023617147479983
4.82 4.023617147479983
4.82 4.023617147479983
4.85 4.051125295719223
4.85 4.051125295719223
4.85 4.051125295719223
4.85 4.051125295719223
4.85 4.051125295719223
4.85 4.051125295719223
4.85 4.051125295719223
4.85 4.051125295719223
4.85 4.051125295719223
4.85 4.051125295719223
4.85 4.051125295719223
4.85 4.051125295719223
4.88 4.05338117994089
4.88 4.05338117994089
4.88 4.05338117994089
4.88 4.05338117994089
4.88 4.05338117994089
4.88 4.05338117994089
4.88 4.05338117994089
4.88 4.05338117994089
4.88 4.05338117994089
4.88 4.05338117994089
4.88 4.05338117994089
4.88 4.05338117994089
4.91 4.027920234332032
4.91 4.027920234332032
4.91 4.027920234332032
4.91 4.027920234332032
4.91 4.027920234332032
4.91 4.027920234332032
4.91 4.027920234332032
4.91 4.027920234332032
4.91 4.027920234332032
4.91 4.027920234332032
4.91 4.027920234332032
4.91 4.027920234332032
4.91 4.027920234332032
4.91 4.027920234332032
4.91 4.027920234332032
4.94 4.077085510830778
4.94 4.077085510830778
4.94 4.077085510830778
4.94 4.077085510830778
4.94 4.077085510830778
5.0 4.062640828949872
5.0 4.062640828949872
5.0 4.062640828949872
5.0 4.062640828949872
5.0 4.062640828949872
5.0 4.062640828949872
5.04 4.042501475796661
5.04 4.042501475796661
5.04 4.042501475796661
5.04 4.042501475796661
5.06 4.062193267363598
5.08 4.056868474350853
5.08 4.056868474350853
5.08 4.056868474350853
5.08 4.056868474350853
5.08 4.056868474350853
5.08 4.056868474350853
5.08 4.056868474350853
5.08 4.056868474350853
5.08 4.056868474350853
5.08 4.056868474350853
5.08 4.056868474350853
5.08 4.056868474350853
5.08 4.056868474350853
5.08 4.056868474350853
5.08 4.056868474350853
5.08 4.056868474350853
5.08 4.056868474350853
5.08 4.056868474350853
5.08 4.056868474350853
5.08 4.056868474350853
5.13 4.123485335627049
5.13 4.123485335627049
5.13 4.123485335627049
5.14 4.126827724864109
5.14 4.126827724864109
5.14 4.126827724864109
5.14 4.126827724864109
5.14 4.126827724864109
5.14 4.126827724864109
5.14 4.126827724864109
5.14 4.126827724864109
5.14 4.126827724864109
5.14 4.126827724864109
5.14 4.126827724864109
5.14 4.126827724864109
5.14 4.126827724864109
5.14 4.126827724864109
5.14 4.126827724864109
5.14 4.126827724864109
5.14 4.126827724864109
5.14 4.126827724864109
5.14 4.126827724864109
5.14 4.126827724864109
5.14 4.126827724864109
5.14 4.126827724864109
5.14 4.126827724864109
5.17 4.165890836861482
5.17 4.165890836861482
5.17 4.165890836861482
5.17 4.165890836861482
5.17 4.165890836861482
5.17 4.165890836861482
5.17 4.165890836861482
5.17 4.165890836861482
5.17 4.165890836861482
5.17 4.165890836861482
5.17 4.165890836861482
5.17 4.165890836861482
5.17 4.165890836861482
5.17 4.165890836861482
5.17 4.165890836861482
5.18 4.154539928825096
5.19 4.143133543051147
5.19 4.143133543051147
5.19 4.143133543051147
5.19 4.143133543051147
5.19 4.143133543051147
5.19 4.143133543051147
5.19 4.143133543051147
5.19 4.143133543051147
5.19 4.143133543051147
5.19 4.143133543051147
5.19 4.143133543051147
5.22 4.152594418437755
5.22 4.152594418437755
5.22 4.152594418437755
5.22 4.152594418437755
5.22 4.152594418437755
5.19 4.150441135127881
5.19 4.150441135127881
5.19 4.150441135127881
5.19 4.150441135127881
5.19 4.150441135127881
5.19 4.150441135127881
5.19 4.150441135127881
5.19 4.150441135127881
5.19 4.150441135127881
5.19 4.150441135127881
5.19 4.150441135127881
5.19 4.150441135127881
5.19 4.150441135127881
5.19 4.150441135127881
5.19 4.150441135127881
5.19 4.150441135127881
5.19 4.150441135127881
5.19 4.150441135127881
5.19 4.150441135127881
5.19 4.150441135127881
5.19 4.150441135127881
5.22 4.152594418437755
5.23 4.141085106416657
5.23 4.141085106416657
5.23 4.141085106416657
5.23 4.141085106416657
5.23 4.141085106416657
5.23 4.141085106416657
5.23 4.141085106416657
5.23 4.141085106416657
5.23 4.141085106416657
5.23 4.141085106416657
5.23 4.141085106416657
5.24 4.158768271418056
5.24 4.158768271418056
5.24 4.158768271418056
5.24 4.158768271418056
5.24 4.158768271418056
5.24 4.158768271418056
5.24 4.158768271418056
5.24 4.158768271418056
5.24 4.158768271418056
5.24 4.158768271418056
5.24 4.158768271418056
5.24 4.158768271418056
5.24 4.158768271418056
5.24 4.158768271418056
5.24 4.158768271418056
5.24 4.158768271418056
5.24 4.158768271418056
5.24 4.158768271418056
5.24 4.158768271418056
5.24 4.158768271418056
5.24 4.158768271418056
5.24 4.158768271418056
5.24 4.158768271418056
5.24 4.158768271418056
5.26 4.16726056373496
5.26 4.16726056373496
5.26 4.16726056373496
5.32 4.220871660659392
5.32 4.220871660659392
5.37 4.193922972467411
5.37 4.193922972467411
5.37 4.193922972467411
5.37 4.193922972467411
5.37 4.193922972467411
5.37 4.193922972467411
5.37 4.193922972467411
5.39 4.1872702710993375
5.39 4.1872702710993375
5.41 4.204603057208477
5.41 4.204603057208477
5.42 4.197594308624641
5.42 4.197594308624641
5.42 4.197594308624641
5.42 4.197594308624641
5.42 4.197594308624641
5.42 4.197594308624641
5.42 4.197594308624641
5.42 4.197594308624641
5.42 4.197594308624641
5.42 4.197594308624641
5.43 4.2145850653091905
5.43 4.2145850653091905
5.43 4.2145850653091905
5.43 4.2145850653091905
5.43 4.2145850653091905
5.43 4.2145850653091905
5.43 4.2145850653091905
5.43 4.2145850653091905
5.43 4.2145850653091905
5.43 4.2145850653091905
5.43 4.2145850653091905
5.43 4.2145850653091905
5.44 4.233870164005571
5.44 4.233870164005571
5.44 4.233870164005571
5.44 4.233870164005571
5.44 4.233870164005571
5.44 4.233870164005571
5.44 4.233870164005571
5.44 4.233870164005571
5.44 4.233870164005571
5.44 4.233870164005571
5.44 4.233870164005571
5.44 4.233870164005571
5.44 4.233870164005571
5.47 4.212667285291547
5.47 4.212667285291547
5.47 4.212667285291547
5.47 4.212667285291547
5.47 4.212667285291547
5.47 4.212667285291547
5.47 4.212667285291547
5.47 4.212667285291547
5.47 4.212667285291547
5.47 4.212667285291547
5.47 4.212667285291547
5.47 4.212667285291547
5.47 4.212667285291547
5.47 4.212667285291547
5.47 4.212667285291547
5.48 4.229478082279757
5.48 4.229478082279757
5.48 4.229478082279757
5.48 4.229478082279757
5.48 4.229478082279757
5.48 4.229478082279757
5.48 4.229478082279757
5.48 4.229478082279757
5.48 4.229478082279757
5.48 4.229478082279757
5.48 4.229478082279757
5.48 4.229478082279757
5.48 4.229478082279757
5.48 4.229478082279757
5.48 4.229478082279757
5.48 4.229478082279757
5.48 4.229478082279757
5.49 4.224734765447867
5.5 4.222355128158079
5.5 4.222355128158079
5.5 4.222355128158079
5.5 4.222355128158079
5.5 4.222355128158079
5.5 4.222355128158079
5.5 4.222355128158079
5.56 4.257660950296157
5.56 4.257660950296157
5.56 4.257660950296157
5.56 4.257660950296157
5.56 4.257660950296157
5.59 4.271339770416705
5.59 4.271339770416705
5.59 4.271339770416705
5.59 4.271339770416705
5.59 4.271339770416705
5.59 4.271339770416705
5.6 4.259273898379176
5.6 4.259273898379176
5.6 4.259273898379176
5.6 4.259273898379176
5.6 4.259273898379176
5.6 4.259273898379176
5.6 4.259273898379176
5.6 4.259273898379176
5.6 4.259273898379176
5.6 4.259273898379176
5.6 4.259273898379176
5.6 4.259273898379176
5.62 4.28947502144446
5.62 4.28947502144446
5.62 4.28947502144446
5.62 4.28947502144446
5.62 4.28947502144446
5.62 4.28947502144446
5.63 4.286825012391884
5.68 4.320213238283778
5.68 4.320213238283778
5.68 4.320213238283778
5.7 4.340320706858405
5.77 4.480834608404866
5.77 4.480834608404866
5.77 4.480834608404866
5.77 4.480834608404866
5.77 4.480834608404866
5.77 4.480834608404866
5.78 4.477959492014326
5.78 4.477959492014326
5.78 4.477959492014326
5.78 4.477959492014326
5.78 4.477959492014326
5.78 4.477959492014326
5.78 4.477959492014326
5.78 4.477959492014326
5.78 4.477959492014326
5.78 4.477959492014326
5.84 4.534313619501853
5.84 4.534313619501853
5.84 4.534313619501853
5.84 4.534313619501853
5.84 4.534313619501853
5.84 4.534313619501853
5.84 4.534313619501853
5.84 4.534313619501853
5.85 4.526855889292727
5.85 4.526855889292727
5.85 4.526855889292727
5.85 4.526855889292727
5.85 4.526855889292727
5.85 4.526855889292727
5.85 4.526855889292727
5.85 4.526855889292727
5.85 4.526855889292727
5.85 4.526855889292727
5.85 4.526855889292727
5.85 4.526855889292727
5.85 4.526855889292727
5.85 4.526855889292727
5.85 4.526855889292727
5.85 4.526855889292727
5.87 4.518547634724319
5.87 4.518547634724319
5.87 4.518547634724319
5.87 4.518547634724319
5.87 4.518547634724319
5.87 4.518547634724319
5.87 4.518547634724319
5.91 4.4836290315914065
5.91 4.4836290315914065
5.8 4.417595671307133
5.8 4.417595671307133
5.8 4.417595671307133
5.8 4.417595671307133
5.8 4.417595671307133
5.8 4.417595671307133
5.8 4.417595671307133
5.81 4.416898221488684
5.81 4.416898221488684
5.81 4.416898221488684
5.81 4.416898221488684
5.81 4.416898221488684
5.81 4.416898221488684
5.81 4.416898221488684
5.81 4.416898221488684
5.81 4.416898221488684
5.81 4.416898221488684
5.81 4.416898221488684
5.81 4.416898221488684
5.81 4.416898221488684
5.81 4.416898221488684
5.81 4.416898221488684
5.81 4.416898221488684
5.82 4.423034289176642
5.82 4.423034289176642
5.82 4.423034289176642
5.82 4.423034289176642
5.82 4.423034289176642
5.84 4.460194315647395
5.84 4.460194315647395
5.84 4.460194315647395
5.84 4.460194315647395
5.84 4.460194315647395
5.85 4.454880424428875
5.85 4.454880424428875
5.85 4.454880424428875
5.85 4.454880424428875
5.85 4.454880424428875
5.85 4.454880424428875
5.85 4.454880424428875
5.85 4.454880424428875
5.85 4.454880424428875
5.85 4.454880424428875
5.88 4.438764046739394
5.88 4.438764046739394
5.88 4.438764046739394
5.88 4.438764046739394
5.88 4.438764046739394
5.88 4.438764046739394
5.88 4.438764046739394
5.88 4.438764046739394
5.88 4.438764046739394
5.88 4.438764046739394
5.88 4.438764046739394
5.88 4.438764046739394
5.95 4.463940823618485
5.95 4.463940823618485
5.95 4.463940823618485
5.95 4.463940823618485
5.95 4.463940823618485
5.95 4.463940823618485
5.95 4.463940823618485
5.95 4.463940823618485
5.95 4.463940823618485
5.95 4.463940823618485
5.95 4.463940823618485
5.95 4.463940823618485
5.95 4.463940823618485
5.95 4.463940823618485
5.95 4.463940823618485
5.95 4.463940823618485
5.95 4.463940823618485
5.95 4.463940823618485
