0.97 1.2748935388311982
0.98 1.2711245319627713
0.99 1.2752104203470165
0.99 1.2752104203470165
0.99 1.2752104203470165
0.99 1.2752104203470165
0.99 1.2752104203470165
0.99 1.2752104203470165
0.99 1.2752104203470165
0.99 1.2752104203470165
0.99 1.2752104203470165
0.99 1.2752104203470165
0.99 1.2752104203470165
0.99 1.2752104203470165
0.99 1.2752104203470165
0.99 1.2752104203470165
0.99 1.2752104203470165
0.99 1.2752104203470165
0.99 1.2752104203470165
1.02 1.2869194287761831
1.02 1.2869194287761831
1.02 1.2869194287761831
1.02 1.2869194287761831
1.04 1.2864484035317914
1.04 1.2864484035317914
1.04 1.2864484035317914
1.04 1.2864484035317914
1.04 1.2864484035317914
1.04 1.2864484035317914
1.04 1.2864484035317914
1.04 1.2864484035317914
1.04 1.2864484035317914
1.04 1.2864484035317914
1.04 1.2864484035317914
1.04 1.2864484035317914
1.04 1.2864484035317914
1.04 1.2864484035317914
1.05 1.2821619998812142
1.05 1.2821619998812142
1.05 1.2821619998812142
1.05 1.2821619998812142
1.05 1.2821619998812142
1.07 1.2968882727202045
1.07 1.2968882727202045
1.07 1.2968882727202045
1.07 1.2968882727202045
1.07 1.2968882727202045
1.07 1.2968882727202045
1.07 1.2968882727202045
1.07 1.2968882727202045
1.07 1.2968882727202045
1.07 1.2968882727202045
1.07 1.2968882727202045
1.09 1.3111410713919804
1.09 1.3111410713919804
1.09 1.3111410713919804
1.09 1.3111410713919804
1.09 1.3111410713919804
1.09 1.3111410713919804
1.09 1.3111410713919804
1.09 1.3111410713919804
1.09 1.3111410713919804
1.09 1.3111410713919804
1.09 1.3111410713919804
1.11 1.3249356759686668
1.11 1.3249356759686668
1.11 1.3249356759686668
1.11 1.3249356759686668
1.11 1.3249356759686668
1.11 1.3249356759686668
1.11 1.3249356759686668
1.11 1.3249356759686668
1.11 1.3249356759686668
1.11 1.3249356759686668
1.12 1.342995295463228
1.12 1.342995295463228
1.12 1.342995295463228
1.12 1.342995295463228
1.12 1.342995295463228
1.12 1.342995295463228
1.12 1.342995295463228
1.12 1.342995295463228
1.12 1.342995295463228
1.12 1.342995295463228
1.12 1.342995295463228
1.13 1.3458128106137652
1.13 1.3458128106137652
1.13 1.3458128106137652
1.13 1.3458128106137652
1.13 1.3458128106137652
1.13 1.3458128106137652
1.13 1.3458128106137652
1.13 1.3458128106137652
1.13 1.3458128106137652
1.13 1.3458128106137652
1.13 1.3458128106137652
1.14 1.3485495387956117
1.14 1.3485495387956117
1.14 1.3485495387956117
1.14 1.3485495387956117
1.14 1.3485495387956117
1.14 1.3485495387956117
1.14 1.3485495387956117
1.14 1.3485495387956117
1.14 1.3485495387956117
1.14 1.3485495387956117
1.14 1.3485495387956117
1.14 1.3485495387956117
1.14 1.3485495387956117
1.14 1.3485495387956117
1.14 1.3485495387956117
1.14 1.3485495387956117
1.14 1.3485495387956117
1.14 1.3485495387956117
1.14 1.3485495387956117
1.14 1.3485495387956117
1.14 1.3485495387956117
1.14 1.3485495387956117
1.14 1.3485495387956117
1.14 1.3485495387956117
1.14 1.3485495387956117
1.16 1.4193468408199077
1.16 1.4193468408199077
1.16 1.4193468408199077
1.16 1.4193468408199077
1.16 1.4193468408199077
1.16 1.4193468408199077
1.16 1.4193468408199077
1.16 1.4193468408199077
1.16 1.4193468408199077
1.16 1.4193468408199077
1.16 1.4193468408199077
1.16 1.4193468408199077
1.16 1.4193468408199077
1.16 1.4193468408199077
1.17 1.4217289232878143
1.17 1.4217289232878143
1.17 1.4217289232878143
1.17 1.4217289232878143
1.17 1.4217289232878143
1.17 1.4217289232878143
1.17 1.4217289232878143
1.18 1.4169251101158349
1.18 1.4169251101158349
1.18 1.4169251101158349
1.18 1.4169251101158349
1.2 1.4142135623730938
1.2 1.4142135623730938
1.2 1.4142135623730938
1.2 1.4142135623730938
1.2 1.4142135623730938
1.2 1.4142135623730938
1.2 1.4142135623730938
1.2 1.4142135623730938
1.2 1.4142135623730938
1.2 1.4142135623730938
1.2 1.4142135623730938
1.2 1.4142135623730938
1.2 1.4142135623730938
1.21 1.423433038875245
1.21 1.423433038875245
1.21 1.423433038875245
1.21 1.423433038875245
1.21 1.423433038875245
1.21 1.423433038875245
1.21 1.423433038875245
1.21 1.423433038875245
1.21 1.423433038875245
1.21 1.423433038875245
1.21 1.423433038875245
1.21 1.423433038875245
1.25 1.4659433478105144
1.25 1.4659433478105144
1.25 1.4659433478105144
1.25 1.4659433478105144
1.25 1.4659433478105144
1.3 1.4940961255298242
1.3 1.4940961255298242
1.3 1.4940961255298242
1.3 1.4940961255298242
1.31 1.5021533365354716
1.31 1.5021533365354716
1.31 1.5021533365354716
1.31 1.5021533365354716
1.36 1.5732614261944897
1.36 1.5732614261944897
1.36 1.5732614261944897
1.36 1.5732614261944897
1.36 1.5732614261944897
1.36 1.5732614261944897
1.36 1.5732614261944897
1.36 1.5732614261944897
1.36 1.5732614261944897
1.36 1.5732614261944897
1.36 1.5732614261944897
1.36 1.5732614261944897
1.36 1.5732614261944897
1.36 1.5732614261944897
1.36 1.5732614261944897
1.36 1.5732614261944897
1.36 1.5732614261944897
1.36 1.5732614261944897
1.37 1.5676979197781593
1.37 1.5676979197781593
1.37 1.5676979197781593
1.37 1.5676979197781593
1.37 1.5676979197781593
1.37 1.5676979197781593
1.37 1.5676979197781593
1.37 1.5676979197781593
1.37 1.5676979197781593
1.39 1.5756672468282347
1.39 1.5756672468282347
1.39 1.5756672468282347
1.39 1.5756672468282347
1.39 1.5756672468282347
1.39 1.5756672468282347
1.39 1.5756672468282347
1.39 1.5756672468282347
1.39 1.5756672468282347
1.39 1.5756672468282347
1.4 1.5827351342061333
1.43 1.6221634139056849
1.43 1.6221634139056849
1.43 1.6221634139056849
1.43 1.6221634139056849
1.43 1.6221634139056849
1.46 1.6601083085026698
1.46 1.6601083085026698
1.46 1.6601083085026698
1.46 1.6601083085026698
1.47 1.66032125405497
1.48 1.6665454501374208
1.48 1.6665454501374208
1.48 1.6665454501374208
1.52 1.7722895082378896
1.52 1.7722895082378896
1.52 1.7722895082378896
1.52 1.7722895082378896
1.52 1.7722895082378896
1.52 1.7722895082378896
1.52 1.7722895082378896
1.52 1.7722895082378896
1.57 1.799298404232814
1.57 1.799298404232814
1.57 1.799298404232814
1.57 1.799298404232814
1.57 1.799298404232814
1.57 1.799298404232814
1.59 1.815171750785165
1.59 1.815171750785165
1.59 1.815171750785165
1.59 1.815171750785165
1.59 1.815171750785165
1.59 1.815171750785165
1.59 1.815171750785165
1.59 1.815171750785165
1.59 1.815171750785165
1.59 1.815171750785165
1.59 1.815171750785165
1.59 1.815171750785165
1.59 1.815171750785165
1.59 1.815171750785165
1.59 1.815171750785165
1.59 1.815171750785165
1.61 1.8196181195542378
1.61 1.8196181195542378
1.61 1.8196181195542378
1.61 1.8196181195542378
1.61 1.8196181195542378
1.61 1.8196181195542378
1.61 1.8196181195542378
1.61 1.8196181195542378
1.61 1.8196181195542378
1.61 1.8196181195542378
1.61 1.8196181195542378
1.61 1.8196181195542378
1.61 1.8196181195542378
1.61 1.8196181195542378
1.61 1.8196181195542378
1.61 1.8196181195542378
1.61 1.8196181195542378
1.61 1.8196181195542378
1.61 1.8196181195542378
1.61 1.8196181195542378
1.61 1.8196181195542378
1.61 1.8196181195542378
1.61 1.8196181195542378
1.63 1.8127215991319787
1.64 1.8230842996516545
1.64 1.8230842996516545
1.65 1.8222807332315938
1.65 1.8222807332315938
1.65 1.8222807332315938
1.65 1.8222807332315938
1.66 1.8379830843024145
1.66 1.8379830843024145
1.66 1.8379830843024145
1.7 1.8882946183412588
1.71 1.8818377005770535
1.71 1.8818377005770535
1.71 1.8818377005770535
1.71 1.8818377005770535
1.71 1.8818377005770535
1.71 1.8818377005770535
1.71 1.8818377005770535
1.71 1.8818377005770535
1.71 1.8818377005770535
1.71 1.8818377005770535
1.71 1.8818377005770535
1.71 1.8818377005770535
1.71 1.8818377005770535
1.74 1.8782110551470967
1.74 1.8782110551470967
1.79 1.897872280191475
1.88 1.9862151205371759
1.88 1.9862151205371759
1.88 1.9862151205371759
1.88 1.9862151205371759
1.88 1.9862151205371759
1.88 1.9862151205371759
1.88 1.9862151205371759
1.91 2.0105529668037185
1.91 2.0105529668037185
1.91 2.0105529668037185
1.91 2.0105529668037185
1.91 2.0105529668037185
1.91 2.0105529668037185
1.92 2.0185002933721443
1.92 2.0185002933721443
1.92 2.0185002933721443
1.92 2.0185002933721443
1.92 2.0185002933721443
1.92 2.0185002933721443
1.92 2.0185002933721443
1.92 2.0185002933721443
1.92 2.0185002933721443
1.92 2.0185002933721443
1.92 2.0185002933721443
1.92 2.0185002933721443
1.92 2.0185002933721443
1.92 2.0185002933721443
1.92 2.0185002933721443
1.92 2.0185002933721443
1.92 2.0185002933721443
1.92 2.0185002933721443
1.92 2.0185002933721443
1.92 2.0185002933721443
1.92 2.0185002933721443
1.94 2.0192007619777974
1.94 2.0192007619777974
1.94 2.0192007619777974
1.94 2.0192007619777974
1.94 2.0192007619777974
1.95 2.0119591939151746
1.95 2.0119591939151746
1.95 2.0119591939151746
1.95 2.0119591939151746
1.95 2.0119591939151746
1.95 2.0119591939151746
2.03 2.0911308621959277
2.03 2.0911308621959277
2.03 2.0911308621959277
2.03 2.0911308621959277
2.03 2.0911308621959277
2.03 2.0911308621959277
2.03 2.0911308621959277
2.03 2.0911308621959277
2.03 2.0911308621959277
2.03 2.0911308621959277
2.03 2.0911308621959277
2.03 2.0911308621959277
2.05 2.1290439833005514
2.05 2.1290439833005514
2.05 2.1290439833005514
2.05 2.1290439833005514
2.05 2.1290439833005514
2.05 2.1290439833005514
2.05 2.1290439833005514
2.05 2.1290439833005514
2.05 2.1290439833005514
2.05 2.1290439833005514
2.05 2.1290439833005514
2.05 2.1290439833005514
2.05 2.1290439833005514
2.05 2.1290439833005514
2.05 2.1290439833005514
2.05 2.1290439833005514
2.05 2.1290439833005514
2.05 2.1290439833005514
2.05 2.1290439833005514
2.05 2.1290439833005514
2.07 2.1284745806337546
2.07 2.1284745806337546
2.07 2.1284745806337546
2.07 2.1284745806337546
2.07 2.1284745806337546
2.07 2.1284745806337546
2.07 2.1284745806337546
2.07 2.1284745806337546
2.07 2.1284745806337546
2.07 2.1284745806337546
2.07 2.1284745806337546
2.07 2.1284745806337546
2.07 2.1284745806337546
2.07 2.1284745806337546
2.1 2.1485254515973553
2.11 2.1409664578730254
2.11 2.1409664578730254
2.11 2.1409664578730254
2.11 2.1409664578730254
2.11 2.1409664578730254
2.11 2.1409664578730254
2.11 2.1409664578730254
2.11 2.1409664578730254
2.11 2.1409664578730254
2.11 2.1409664578730254
2.11 2.1409664578730254
2.12 2.1521893949927344
2.12 2.1521893949927344
2.12 2.1521893949927344
2.12 2.1521893949927344
2.12 2.1521893949927344
2.12 2.1521893949927344
2.12 2.1521893949927344
2.12 2.1521893949927344
2.12 2.1521893949927344
2.12 2.1521893949927344
2.12 2.1521893949927344
2.12 2.1521893949927344
2.12 2.1521893949927344
2.12 2.1521893949927344
2.12 2.1521893949927344
2.12 2.1521893949927344
2.12 2.1521893949927344
2.12 2.1521893949927344
2.12 2.1521893949927344
2.12 2.1521893949927344
2.12 2.1521893949927344
2.12 2.1521893949927344
2.12 2.1521893949927344
2.12 2.1521893949927344
2.12 2.1521893949927344
2.14 2.141556122603989
2.14 2.141556122603989
2.14 2.141556122603989
2.14 2.141556122603989
2.16 2.168274461735446
2.16 2.168274461735446
2.16 2.168274461735446
2.16 2.168274461735446
2.16 2.168274461735446
2.16 2.168274461735446
2.16 2.168274461735446
2.16 2.168274461735446
2.16 2.168274461735446
2.17 2.1698345140083415
2.17 2.1698345140083415
2.17 2.1698345140083415
2.17 2.1698345140083415
2.17 2.1698345140083415
2.17 2.1698345140083415
2.17 2.1698345140083415
2.21 2.2215428254374308
2.21 2.2215428254374308
2.21 2.2215428254374308
2.21 2.2215428254374308
2.21 2.2215428254374308
2.21 2.2215428254374308
2.21 2.2215428254374308
2.21 2.2215428254374308
2.21 2.2215428254374308
2.21 2.2215428254374308
2.21 2.2215428254374308
2.21 2.2215428254374308
2.21 2.2215428254374308
2.21 2.2215428254374308
2.21 2.2215428254374308
2.21 2.2215428254374308
2.21 2.2215428254374308
2.21 2.2215428254374308
2.21 2.2215428254374308
2.21 2.2215428254374308
2.21 2.2215428254374308
2.21 2.2215428254374308
2.21 2.2215428254374308
2.21 2.2215428254374308
2.21 2.2215428254374308
2.21 2.2215428254374308
2.21 2.2215428254374308
2.21 2.2215428254374308
2.21 2.2215428254374308
2.21 2.2215428254374308
2.21 2.2215428254374308
2.21 2.2215428254374308
2.21 2.2215428254374308
2.21 2.2215428254374308
2.21 2.2215428254374308
2.21 2.2215428254374308
2.21 2.2215428254374308
2.21 2.2215428254374308
2.21 2.2215428254374308
2.22 2.231908183912176
2.22 2.231908183912176
2.22 2.231908183912176
2.22 2.231908183912176
2.23 2.2286246154899385
2.23 2.2286246154899385
2.23 2.2286246154899385
2.23 2.2286246154899385
2.23 2.2286246154899385
2.23 2.2286246154899385
2.23 2.2286246154899385
2.23 2.2286246154899385
2.23 2.2286246154899385
2.23 2.2286246154899385
2.23 2.2286246154899385
2.23 2.2286246154899385
2.23 2.2286246154899385
2.23 2.2286246154899385
2.23 2.2286246154899385
2.23 2.2286246154899385
2.23 2.2286246154899385
2.23 2.2286246154899385
2.23 2.2286246154899385
2.23 2.2286246154899385
2.23 2.2286246154899385
2.23 2.2286246154899385
2.23 2.2286246154899385
2.23 2.2286246154899385
2.23 2.2286246154899385
2.23 2.2286246154899385
2.23 2.2286246154899385
2.23 2.2286246154899385
2.23 2.2286246154899385
2.23 2.2286246154899385
2.23 2.2286246154899385
2.23 2.2286246154899385
2.23 2.2286246154899385
2.23 2.2286246154899385
2.23 2.2286246154899385
2.23 2.2286246154899385
2.23 2.2286246154899385
2.23 2.2286246154899385
2.23 2.2286246154899385
2.23 2.2286246154899385
2.23 2.2286246154899385
2.23 2.2286246154899385
2.23 2.2286246154899385
2.23 2.2286246154899385
2.23 2.2286246154899385
2.23 2.2286246154899385
2.23 2.2286246154899385
2.23 2.2286246154899385
2.23 2.2286246154899385
2.23 2.2286246154899385
2.23 2.2286246154899385
2.23 2.2286246154899385
2.23 2.2286246154899385
2.23 2.2286246154899385
2.23 2.2286246154899385
2.23 2.2286246154899385
2.23 2.2286246154899385
2.23 2.2286246154899385
2.23 2.2286246154899385
2.23 2.2286246154899385
2.23 2.2286246154899385
2.23 2.2286246154899385
2.23 2.2286246154899385
2.23 2.2286246154899385
2.23 2.2286246154899385
2.23 2.2286246154899385
2.23 2.2286246154899385
2.23 2.2286246154899385
2.31 2.460578071194742
2.31 2.460578071194742
2.31 2.460578071194742
2.33 2.449716536889749
2.33 2.449716536889749
2.33 2.449716536889749
2.33 2.449716536889749
2.33 2.449716536889749
2.33 2.449716536889749
2.33 2.449716536889749
2.33 2.449716536889749
2.33 2.449716536889749
2.33 2.449716536889749
2.33 2.449716536889749
2.33 2.449716536889749
2.33 2.449716536889749
2.33 2.449716536889749
2.33 2.449716536889749
2.33 2.449716536889749
2.33 2.449716536889749
2.33 2.449716536889749
2.33 2.449716536889749
2.33 2.449716536889749
2.33 2.449716536889749
2.33 2.449716536889749
2.33 2.449716536889749
2.33 2.449716536889749
2.33 2.449716536889749
2.35 2.446911060372595
2.35 2.446911060372595
2.35 2.446911060372595
2.35 2.446911060372595
2.35 2.446911060372595
2.35 2.446911060372595
2.35 2.446911060372595
2.35 2.446911060372595
2.39 2.440793876482557
2.39 2.440793876482557
2.39 2.440793876482557
2.39 2.440793876482557
2.39 2.440793876482557
2.39 2.440793876482557
2.39 2.440793876482557
2.39 2.440793876482557
2.39 2.440793876482557
2.39 2.440793876482557
2.49 2.6986528625829727
2.49 2.6986528625829727
2.49 2.6986528625829727
2.49 2.6986528625829727
2.5 2.721036641436569
2.5 2.721036641436569
2.5 2.721036641436569
2.5 2.721036641436569
2.5 2.721036641436569
2.5 2.721036641436569
2.5 2.721036641436569
2.5 2.721036641436569
2.5 2.721036641436569
2.5 2.721036641436569
2.5 2.721036641436569
2.5 2.721036641436569
2.51 2.7173033275174445
2.51 2.7173033275174445
2.51 2.7173033275174445
2.51 2.7173033275174445
2.51 2.7173033275174445
2.51 2.7173033275174445
2.53 2.7208695876743723
2.53 2.7208695876743723
2.53 2.7208695876743723
2.53 2.7208695876743723
2.53 2.7208695876743723
2.57 2.742317091494532
2.57 2.742317091494532
2.57 2.742317091494532
2.57 2.742317091494532
2.57 2.742317091494532
2.57 2.742317091494532
2.57 2.742317091494532
2.59 2.7673967638350745
2.67 2.807115777786693
2.67 2.807115777786693
2.67 2.807115777786693
2.67 2.807115777786693
2.69 2.7949991416850546
2.69 2.7949991416850546
2.69 2.7949991416850546
2.69 2.7949991416850546
2.69 2.7949991416850546
2.69 2.7949991416850546
2.69 2.7949991416850546
2.69 2.7949991416850546
2.69 2.7949991416850546
2.69 2.7949991416850546
2.69 2.7949991416850546
2.69 2.7949991416850546
2.69 2.7949991416850546
2.69 2.7949991416850546
2.69 2.7949991416850546
2.69 2.7949991416850546
2.75 2.8010640113998817
2.75 2.8010640113998817
2.75 2.8010640113998817
2.75 2.8010640113998817
2.75 2.8010640113998817
2.75 2.8010640113998817
2.75 2.8010640113998817
2.75 2.8010640113998817
2.75 2.8010640113998817
2.75 2.8010640113998817
2.75 2.8010640113998817
2.75 2.8010640113998817
2.75 2.8010640113998817
2.75 2.8010640113998817
2.75 2.8010640113998817
2.75 2.8010640113998817
2.75 2.8010640113998817
2.75 2.8010640113998817
2.75 2.8010640113998817
2.75 2.8010640113998817
2.75 2.8010640113998817
2.77 2.7883415294487306
2.77 2.7883415294487306
2.77 2.7883415294487306
2.77 2.7883415294487306
2.77 2.7883415294487306
2.77 2.7883415294487306
2.77 2.7883415294487306
2.77 2.7883415294487306
2.77 2.7883415294487306
2.77 2.7883415294487306
2.77 2.7883415294487306
2.77 2.7883415294487306
2.77 2.7883415294487306
2.77 2.7883415294487306
2.77 2.7883415294487306
2.78 2.780087928265739
2.79 2.771773308322177
2.79 2.771773308322177
2.79 2.771773308322177
2.82 2.7684368196226607
2.82 2.7684368196226607
2.82 2.7684368196226607
2.82 2.7684368196226607
2.82 2.7684368196226607
2.82 2.7684368196226607
2.82 2.7684368196226607
2.82 2.7684368196226607
2.82 2.7684368196226607
2.82 2.7684368196226607
2.83 2.7635981523142523
2.83 2.7635981523142523
2.83 2.7635981523142523
2.83 2.7635981523142523
2.83 2.7635981523142523
2.83 2.7635981523142523
2.83 2.7635981523142523
2.83 2.7635981523142523
2.83 2.7635981523142523
2.83 2.7635981523142523
2.83 2.7635981523142523
2.91 2.79644435133278
2.91 2.79644435133278
2.91 2.79644435133278
2.91 2.79644435133278
2.91 2.79644435133278
2.91 2.79644435133278
2.91 2.79644435133278
2.91 2.79644435133278
2.91 2.79644435133278
2.91 2.79644435133278
2.91 2.79644435133278
2.91 2.79644435133278
2.91 2.79644435133278
2.91 2.79644435133278
2.91 2.79644435133278
2.91 2.79644435133278
2.91 2.79644435133278
2.92 2.7949449317861657
2.92 2.7949449317861657
2.92 2.7949449317861657
3.08 3.3715386290642924
3.08 3.3715386290642924
3.08 3.3715386290642924
3.08 3.3715386290642924
3.08 3.3715386290642924
3.11 3.4197731627768055
3.12 3.417956149868551
3.15 3.421190648669765
3.15 3.421190648669765
3.15 3.421190648669765
3.19 3.4073450074801634
3.19 3.4073450074801634
3.19 3.4073450074801634
3.19 3.4073450074801634
3.19 3.4073450074801634
3.2 3.399346342395191
3.2 3.399346342395191
3.2 3.399346342395191
3.2 3.399346342395191
3.2 3.399346342395191
3.2 3.399346342395191
3.2 3.399346342395191
3.2 3.399346342395191
3.21 3.400222809098714
3.27 3.466593822078486
3.27 3.466593822078486
3.27 3.466593822078486
3.27 3.466593822078486
3.27 3.466593822078486
3.27 3.466593822078486
3.27 3.466593822078486
3.27 3.466593822078486
3.27 3.466593822078486
3.27 3.466593822078486
3.27 3.466593822078486
3.27 3.466593822078486
3.27 3.466593822078486
3.27 3.466593822078486
3.27 3.466593822078486
3.27 3.466593822078486
3.27 3.466593822078486
3.27 3.466593822078486
3.27 3.466593822078486
3.27 3.466593822078486
3.27 3.466593822078486
3.27 3.466593822078486
3.29 3.4707871782008817
3.29 3.4707871782008817
3.29 3.4707871782008817
3.29 3.4707871782008817
3.29 3.4707871782008817
3.29 3.4707871782008817
3.33 3.4671765359313813
3.33 3.4671765359313813
3.33 3.4671765359313813
3.33 3.4671765359313813
3.33 3.4671765359313813
3.34 3.4589074003275084
3.34 3.4589074003275084
3.34 3.4589074003275084
3.34 3.4589074003275084
3.34 3.4589074003275084
3.34 3.4589074003275084
3.34 3.4589074003275084
3.34 3.4589074003275084
3.34 3.4589074003275084
3.34 3.4589074003275084
3.38 3.4780117389919263
3.39 3.4754405287224914
3.39 3.4754405287224914
3.39 3.4754405287224914
3.39 3.4754405287224914
3.39 3.4754405287224914
3.39 3.4754405287224914
3.39 3.4754405287224914
3.39 3.4754405287224914
3.39 3.4754405287224914
3.39 3.4754405287224914
3.39 3.4754405287224914
3.39 3.4754405287224914
3.39 3.4754405287224914
3.39 3.4754405287224914
3.39 3.4754405287224914
3.39 3.4754405287224914
3.39 3.4754405287224914
3.39 3.4754405287224914
3.39 3.4754405287224914
3.39 3.4754405287224914
3.39 3.4754405287224914
3.39 3.4754405287224914
3.39 3.4754405287224914
3.39 3.4754405287224914
3.39 3.4754405287224914
3.39 3.4754405287224914
3.39 3.4754405287224914
3.39 3.4754405287224914
3.39 3.4754405287224914
3.39 3.4754405287224914
3.39 3.4754405287224914
3.39 3.4754405287224914
3.39 3.4754405287224914
3.39 3.4754405287224914
3.4 3.475745687015676
3.42 3.45879058678497
3.42 3.45879058678497
3.42 3.45879058678497
3.42 3.45879058678497
3.42 3.45879058678497
3.42 3.45879058678497
3.42 3.45879058678497
3.42 3.45879058678497
3.42 3.45879058678497
3.48 3.4858443899736993
3.51 3.5032308320500745
3.51 3.5032308320500745
3.51 3.5032308320500745
3.51 3.5032308320500745
3.51 3.5032308320500745
3.51 3.5032308320500745
3.52 3.4945267450281703
3.52 3.4945267450281703
3.52 3.4945267450281703
3.52 3.4945267450281703
3.52 3.4945267450281703
3.52 3.4945267450281703
3.52 3.4945267450281703
3.52 3.4945267450281703
3.53 3.494454481204773
3.53 3.494454481204773
3.53 3.494454481204773
3.53 3.494454481204773
3.53 3.494454481204773
3.54 3.488567185837334
3.54 3.488567185837334
3.54 3.488567185837334
3.54 3.488567185837334
3.54 3.488567185837334
3.54 3.488567185837334
3.54 3.488567185837334
3.54 3.488567185837334
3.54 3.488567185837334
3.54 3.488567185837334
3.54 3.488567185837334
3.54 3.488567185837334
3.54 3.488567185837334
3.54 3.488567185837334
3.54 3.488567185837334
3.54 3.488567185837334
3.54 3.488567185837334
3.57 3.496766182828605
3.57 3.496766182828605
3.57 3.496766182828605
3.57 3.496766182828605
3.57 3.496766182828605
3.57 3.496766182828605
3.58 3.487872205980678
3.58 3.487872205980678
3.58 3.487872205980678
3.58 3.487872205980678
3.58 3.487872205980678
3.58 3.487872205980678
3.58 3.487872205980678
3.58 3.487872205980678
3.58 3.487872205980678
3.58 3.487872205980678
3.58 3.487872205980678
3.58 3.487872205980678
3.58 3.487872205980678
3.58 3.487872205980678
3.58 3.487872205980678
3.62 3.480914775855287
3.62 3.480914775855287
3.62 3.480914775855287
3.62 3.480914775855287
3.62 3.480914775855287
3.62 3.480914775855287
3.62 3.480914775855287
3.62 3.480914775855287
3.62 3.480914775855287
3.62 3.480914775855287
3.62 3.480914775855287
3.62 3.480914775855287
3.62 3.480914775855287
3.62 3.480914775855287
3.62 3.480914775855287
3.62 3.480914775855287
3.62 3.480914775855287
3.62 3.480914775855287
3.62 3.480914775855287
3.62 3.480914775855287
3.62 3.480914775855287
3.62 3.480914775855287
3.62 3.480914775855287
3.62 3.480914775855287
3.62 3.480914775855287
3.62 3.480914775855287
3.62 3.480914775855287
3.62 3.480914775855287
3.62 3.480914775855287
3.62 3.480914775855287
3.62 3.480914775855287
3.62 3.480914775855287
3.62 3.480914775855287
3.62 3.480914775855287
3.62 3.480914775855287
3.62 3.480914775855287
3.62 3.480914775855287
3.62 3.480914775855287
3.62 3.480914775855287
3.62 3.480914775855287
3.62 3.480914775855287
3.62 3.480914775855287
3.62 3.480914775855287
3.62 3.480914775855287
3.62 3.480914775855287
3.62 3.480914775855287
3.62 3.480914775855287
3.63 3.471834725852651
3.66 3.487988045573064
3.66 3.487988045573064
3.66 3.487988045573064
3.66 3.487988045573064
3.66 3.487988045573064
3.66 3.487988045573064
3.66 3.487988045573064
3.66 3.487988045573064
3.66 3.487988045573064
3.66 3.487988045573064
3.66 3.487988045573064
3.69 3.46904056249598
3.69 3.46904056249598
3.71 3.4707871782008812
3.71 3.4707871782008812
3.71 3.4707871782008812
3.71 3.4707871782008812
3.71 3.4707871782008812
3.71 3.4707871782008812
3.71 3.4707871782008812
3.71 3.4707871782008812
3.71 3.4707871782008812
3.71 3.4707871782008812
3.71 3.4707871782008812
3.71 3.4707871782008812
3.77 3.492719700905143
3.77 3.492719700905143
3.77 3.492719700905143
3.77 3.492719700905143
3.85 3.5201440512305937
3.9 3.514759643778697
3.9 3.514759643778697
3.9 3.514759643778697
3.9 3.514759643778697
3.9 3.514759643778697
3.9 3.514759643778697
3.92 3.5037642095842636
3.92 3.5037642095842636
3.93 3.5226682953681467
3.93 3.5226682953681467
3.93 3.5226682953681467
3.93 3.5226682953681467
3.93 3.5226682953681467
3.93 3.5226682953681467
3.93 3.5226682953681467
3.93 3.5226682953681467
3.93 3.5226682953681467
3.93 3.5226682953681467
3.93 3.5226682953681467
3.94 3.5185511251368817
3.94 3.5185511251368817
3.94 3.5185511251368817
3.94 3.5185511251368817
3.94 3.5185511251368817
3.94 3.5185511251368817
3.94 3.5185511251368817
3.99 3.511870203073046
3.99 3.511870203073046
3.99 3.511870203073046
3.99 3.511870203073046
3.99 3.511870203073046
3.99 3.511870203073046
3.99 3.511870203073046
3.99 3.511870203073046
3.99 3.511870203073046
3.99 3.511870203073046
3.99 3.511870203073046
3.99 3.511870203073046
3.99 3.511870203073046
3.99 3.511870203073046
3.99 3.511870203073046
3.99 3.511870203073046
4.02 3.507509980402945
4.02 3.507509980402945
4.02 3.507509980402945
4.02 3.507509980402945
4.02 3.507509980402945
4.03 3.500230872616285
4.03 3.500230872616285
4.03 3.500230872616285
4.03 3.500230872616285
4.03 3.500230872616285
4.03 3.500230872616285
4.03 3.500230872616285
4.03 3.500230872616285
4.03 3.500230872616285
4.03 3.500230872616285
4.03 3.500230872616285
4.03 3.500230872616285
4.03 3.500230872616285
4.03 3.500230872616285
4.03 3.500230872616285
4.03 3.500230872616285
4.03 3.500230872616285
4.04 3.490014616044181
4.04 3.490014616044181
4.04 3.490014616044181
4.04 3.490014616044181
4.04 3.490014616044181
4.04 3.490014616044181
4.04 3.490014616044181
4.04 3.490014616044181
4.04 3.490014616044181
4.04 3.490014616044181
4.04 3.490014616044181
4.04 3.490014616044181
4.07 3.5083018425132444
4.07 3.5083018425132444
4.07 3.5083018425132444
4.07 3.5083018425132444
4.07 3.5083018425132444
4.07 3.5083018425132444
4.07 3.5083018425132444
4.07 3.5083018425132444
4.07 3.5083018425132444
4.07 3.5083018425132444
4.08 3.5124022686716416
4.08 3.5124022686716416
4.08 3.5124022686716416
4.08 3.5124022686716416
4.08 3.5124022686716416
4.08 3.5124022686716416
4.08 3.5124022686716416
4.08 3.5124022686716416
4.08 3.5124022686716416
4.08 3.5124022686716416
4.08 3.5124022686716416
4.08 3.5124022686716416
4.08 3.5124022686716416
4.08 3.5124022686716416
4.08 3.5124022686716416
4.08 3.5124022686716416
4.08 3.5124022686716416
4.08 3.5124022686716416
4.08 3.5124022686716416
4.08 3.5124022686716416
4.08 3.5124022686716416
4.08 3.5124022686716416
4.08 3.5124022686716416
4.08 3.5124022686716416
4.08 3.5124022686716416
4.15 3.5600902269805488
4.15 3.5600902269805488
4.15 3.5600902269805488
4.2 3.6125482765639347
4.2 3.6125482765639347
4.2 3.6125482765639347
4.2 3.6125482765639347
4.2 3.6125482765639347
4.2 3.6125482765639347
4.2 3.6125482765639347
4.2 3.6125482765639347
4.22 3.6001683462321763
4.22 3.6001683462321763
4.22 3.6001683462321763
4.22 3.6001683462321763
4.24 3.5988774905405148
4.24 3.5988774905405148
4.24 3.5988774905405148
4.24 3.5988774905405148
4.24 3.5988774905405148
4.25 3.5883509619688296
4.31 3.650639905163439
4.31 3.650639905163439
4.31 3.650639905163439
4.31 3.650639905163439
4.31 3.650639905163439
4.31 3.650639905163439
4.31 3.650639905163439
4.31 3.650639905163439
4.31 3.650639905163439
4.31 3.650639905163439
4.31 3.650639905163439
4.31 3.650639905163439
4.31 3.650639905163439
4.31 3.650639905163439
4.31 3.650639905163439
4.31 3.650639905163439
4.31 3.650639905163439
4.38 3.746459608211408
4.4 3.7605071654517737
4.4 3.7605071654517737
4.41 3.763447269928908
4.41 3.763447269928908
4.41 3.763447269928908
4.41 3.763447269928908
4.43 3.7879527265510937
4.43 3.7879527265510937
4.43 3.7879527265510937
4.43 3.7879527265510937
4.43 3.7879527265510937
4.43 3.7879527265510937
4.43 3.7879527265510937
4.43 3.7879527265510937
4.43 3.7879527265510937
4.43 3.7879527265510937
4.43 3.7879527265510937
4.43 3.7879527265510937
4.43 3.7879527265510937
4.43 3.7879527265510937
4.43 3.7879527265510937
4.43 3.7879527265510937
4.43 3.7879527265510937
4.43 3.7879527265510937
4.45 3.790938158452618
4.45 3.790938158452618
4.45 3.790938158452618
4.45 3.790938158452618
4.45 3.790938158452618
4.45 3.790938158452618
4.45 3.790938158452618
4.45 3.790938158452618
4.45 3.790938158452618
4.45 3.790938158452618
4.45 3.790938158452618
4.45 3.790938158452618
4.45 3.790938158452618
4.45 3.790938158452618
4.45 3.790938158452618
4.45 3.790938158452618
4.45 3.790938158452618
4.45 3.790938158452618
4.45 3.790938158452618
4.45 3.790938158452618
4.45 3.790938158452618
4.46 3.780385315191182
4.46 3.780385315191182
4.46 3.780385315191182
4.46 3.780385315191182
4.46 3.780385315191182
4.46 3.780385315191182
4.46 3.780385315191182
4.46 3.780385315191182
4.46 3.780385315191182
4.46 3.780385315191182
4.46 3.780385315191182
4.46 3.780385315191182
4.46 3.780385315191182
4.47 3.7697761367503135
4.47 3.7697761367503135
4.47 3.7697761367503135
4.49 3.761836538369808
4.49 3.761836538369808
4.49 3.761836538369808
4.49 3.761836538369808
4.49 3.761836538369808
4.49 3.761836538369808
4.49 3.761836538369808
4.49 3.761836538369808
4.49 3.761836538369808
4.49 3.761836538369808
4.49 3.761836538369808
4.49 3.761836538369808
4.49 3.761836538369808
4.5 3.77257514601409
4.5 3.77257514601409
4.5 3.77257514601409
4.5 3.77257514601409
4.5 3.77257514601409
4.5 3.77257514601409
4.5 3.77257514601409
4.5 3.77257514601409
4.5 3.77257514601409
4.5 3.77257514601409
4.51 3.7779129506416975
4.54 3.8176093846989394
4.54 3.8176093846989394
4.54 3.8176093846989394
4.54 3.8176093846989394
4.54 3.8176093846989394
4.57 3.817172786344375
4.57 3.817172786344375
4.57 3.817172786344375
4.57 3.817172786344375
4.57 3.817172786344375
4.57 3.817172786344375
4.57 3.817172786344375
4.6 3.863844320012509
4.6 3.863844320012509
4.65 3.8622100754188224
4.65 3.8622100754188224
4.65 3.8622100754188224
4.65 3.8622100754188224
4.65 3.8622100754188224
4.65 3.8622100754188224
4.65 3.8622100754188224
4.66 3.8539498301001904
4.66 3.8539498301001904
4.66 3.8539498301001904
4.68 3.8921833087729696
4.68 3.8921833087729696
4.68 3.8921833087729696
4.68 3.8921833087729696
4.68 3.8921833087729696
4.68 3.8921833087729696
4.68 3.8921833087729696
4.68 3.8921833087729696
4.68 3.8921833087729696
4.68 3.8921833087729696
4.68 3.8921833087729696
4.68 3.8921833087729696
4.68 3.8921833087729696
4.68 3.8921833087729696
4.68 3.8921833087729696
4.68 3.8921833087729696
4.68 3.8921833087729696
4.68 3.8921833087729696
4.68 3.8921833087729696
4.68 3.8921833087729696
4.68 3.8921833087729696
4.68 3.8921833087729696
4.68 3.8921833087729696
4.68 3.8921833087729696
4.68 3.8921833087729696
4.68 3.8921833087729696
4.68 3.8921833087729696
4.68 3.8921833087729696
4.68 3.8921833087729696
4.68 3.8921833087729696
4.68 3.8921833087729696
4.68 3.8921833087729696
4.68 3.8921833087729696
4.68 3.8921833087729696
4.68 3.8921833087729696
4.68 3.8921833087729696
4.68 3.8921833087729696
4.68 3.8921833087729696
4.68 3.8921833087729696
4.68 3.8921833087729696
4.68 3.8921833087729696
4.68 3.8921833087729696
4.68 3.8921833087729696
4.68 3.8921833087729696
4.68 3.8921833087729696
4.68 3.8921833087729696
4.68 3.8921833087729696
4.68 3.8921833087729696
4.68 3.8921833087729696
4.68 3.8921833087729696
4.68 3.8921833087729696
4.68 3.8921833087729696
4.7 3.888600277890763
4.7 3.888600277890763
4.7 3.888600277890763
4.7 3.888600277890763
4.77 3.974298743810096
4.77 3.974298743810096
4.77 3.974298743810096
4.77 3.974298743810096
4.77 3.974298743810096
4.77 3.974298743810096
4.77 3.974298743810096
4.77 3.974298743810096
4.77 3.974298743810096
4.77 3.974298743810096
4.77 3.974298743810096
4.77 3.974298743810096
4.77 3.974298743810096
4.77 3.974298743810096
4.77 3.974298743810096
4.77 3.974298743810096
4.77 3.974298743810096
4.77 3.974298743810096
4.77 3.974298743810096
4.77 3.974298743810096
4.77 3.974298743810096
4.77 3.974298743810096
4.77 3.974298743810096
4.77 3.974298743810096
4.79 3.970331894632406
4.79 3.970331894632406
4.79 3.970331894632406
4.79 3.970331894632406
4.79 3.970331894632406
4.79 3.970331894632406
4.79 3.970331894632406
4.79 3.970331894632406
4.79 3.970331894632406
4.79 3.970331894632406
4.79 3.970331894632406
4.79 3.970331894632406
4.79 3.970331894632406
4.79 3.970331894632406
4.79 3.970331894632406
4.8 3.9772077916777016
4.8 3.9772077916777016
4.8 3.9772077916777016
4.8 3.9772077916777016
4.8 3.9772077916777016
4.8 3.9772077916777016
4.86 4.010138666082773
4.86 4.010138666082773
4.86 4.010138666082773
4.86 4.010138666082773
4.94 4.052234699595528
4.94 4.052234699595528
4.94 4.052234699595528
4.94 4.052234699595528
4.94 4.052234699595528
4.94 4.052234699595528
4.96 4.047495796442809
4.96 4.047495796442809
4.96 4.047495796442809
4.96 4.047495796442809
4.96 4.047495796442809
4.96 4.047495796442809
4.96 4.047495796442809
4.96 4.047495796442809
4.96 4.047495796442809
4.96 4.047495796442809
4.98 4.032644569289764
4.98 4.032644569289764
4.98 4.032644569289764
4.98 4.032644569289764
4.98 4.032644569289764
4.98 4.032644569289764
4.98 4.032644569289764
5.0 4.057665149398908
5.0 4.057665149398908
5.0 4.057665149398908
5.0 4.057665149398908
5.0 4.057665149398908
5.0 4.057665149398908
5.0 4.057665149398908
5.0 4.057665149398908
5.0 4.057665149398908
5.0 4.057665149398908
5.0 4.057665149398908
5.0 4.057665149398908
5.0 4.057665149398908
5.0 4.057665149398908
5.0 4.057665149398908
5.0 4.057665149398908
5.0 4.057665149398908
5.0 4.057665149398908
5.0 4.057665149398908
5.0 4.057665149398908
5.0 4.057665149398908
5.0 4.057665149398908
5.0 4.057665149398908
5.0 4.057665149398908
5.0 4.057665149398908
5.0 4.057665149398908
5.0 4.057665149398908
5.0 4.057665149398908
5.0 4.057665149398908
5.0 4.057665149398908
5.0 4.057665149398908
5.0 4.057665149398908
5.0 4.057665149398908
5.0 4.057665149398908
5.0 4.057665149398908
5.0 4.057665149398908
5.0 4.057665149398908
5.0 4.057665149398908
5.06 4.175009828815624
5.06 4.175009828815624
5.06 4.175009828815624
5.06 4.175009828815624
5.06 4.175009828815624
5.06 4.175009828815624
5.06 4.175009828815624
5.08 4.169829102909944
5.08 4.169829102909944
5.08 4.169829102909944
5.08 4.169829102909944
5.08 4.169829102909944
5.08 4.169829102909944
5.08 4.169829102909944
5.08 4.169829102909944
5.08 4.169829102909944
5.08 4.169829102909944
5.12 4.188198908959568
5.12 4.188198908959568
5.12 4.188198908959568
5.21 4.447891340145055
5.21 4.447891340145055
5.21 4.447891340145055
5.21 4.447891340145055
5.21 4.447891340145055
5.21 4.447891340145055
5.23 4.474066687843704
5.23 4.474066687843704
5.23 4.474066687843704
5.23 4.474066687843704
5.23 4.474066687843704
5.23 4.474066687843704
5.23 4.474066687843704
5.23 4.474066687843704
5.23 4.474066687843704
5.23 4.474066687843704
5.23 4.474066687843704
5.23 4.474066687843704
5.23 4.474066687843704
5.23 4.474066687843704
5.23 4.474066687843704
5.23 4.474066687843704
5.23 4.474066687843704
5.23 4.474066687843704
5.23 4.474066687843704
5.23 4.474066687843704
5.23 4.474066687843704
5.23 4.474066687843704
5.23 4.474066687843704
5.23 4.474066687843704
5.23 4.474066687843704
5.24 4.472406985329515
5.24 4.472406985329515
5.24 4.472406985329515
5.25 4.475240527365851
5.25 4.475240527365851
5.25 4.475240527365851
5.25 4.475240527365851
5.25 4.475240527365851
5.25 4.475240527365851
5.25 4.475240527365851
5.25 4.475240527365851
5.25 4.475240527365851
5.25 4.475240527365851
5.25 4.475240527365851
5.25 4.475240527365851
5.25 4.475240527365851
5.25 4.475240527365851
5.25 4.475240527365851
5.25 4.475240527365851
5.25 4.475240527365851
5.25 4.475240527365851
5.47 4.839765834555772
5.47 4.839765834555772
5.47 4.839765834555772
5.47 4.839765834555772
5.47 4.839765834555772
5.47 4.839765834555772
5.47 4.839765834555772
5.47 4.839765834555772
5.49 4.8419359180335535
5.49 4.8419359180335535
5.49 4.8419359180335535
5.49 4.8419359180335535
5.49 4.8419359180335535
5.49 4.8419359180335535
5.49 4.8419359180335535
5.49 4.8419359180335535
5.49 4.8419359180335535
5.49 4.8419359180335535
5.49 4.8419359180335535
5.49 4.8419359180335535
5.49 4.8419359180335535
5.49 4.8419359180335535
5.49 4.8419359180335535
5.49 4.8419359180335535
5.49 4.8419359180335535
5.49 4.8419359180335535
5.49 4.8419359180335535
5.49 4.8419359180335535
5.49 4.8419359180335535
5.5 4.83777225632216
5.5 4.83777225632216
5.5 4.83777225632216
5.5 4.83777225632216
5.5 4.83777225632216
5.5 4.83777225632216
5.5 4.83777225632216
5.5 4.83777225632216
5.5 4.83777225632216
5.5 4.83777225632216
5.5 4.83777225632216
5.51 4.837761816577928
5.51 4.837761816577928
5.51 4.837761816577928
5.51 4.837761816577928
5.51 4.837761816577928
5.51 4.837761816577928
5.51 4.837761816577928
5.51 4.837761816577928
5.51 4.837761816577928
5.51 4.837761816577928
5.51 4.837761816577928
5.56 4.847825712772082
5.56 4.847825712772082
5.56 4.847825712772082
5.62 4.902648222742439
5.64 4.916515149180487
5.64 4.916515149180487
5.65 4.91004947618513
5.66 4.913843565464673
5.66 4.913843565464673
5.66 4.913843565464673
5.66 4.913843565464673
5.66 4.913843565464673
5.66 4.913843565464673
5.66 4.913843565464673
5.66 4.913843565464673
5.66 4.913843565464673
5.66 4.913843565464673
5.66 4.913843565464673
5.66 4.913843565464673
5.66 4.913843565464673
5.66 4.913843565464673
5.66 4.913843565464673
5.66 4.913843565464673
5.66 4.913843565464673
5.66 4.913843565464673
5.66 4.913843565464673
5.66 4.913843565464673
5.66 4.913843565464673
5.66 4.913843565464673
5.66 4.913843565464673
5.66 4.913843565464673
5.66 4.913843565464673
5.66 4.913843565464673
5.66 4.913843565464673
5.66 4.913843565464673
5.67 4.913504375954625
5.67 4.913504375954625
5.67 4.913504375954625
5.67 4.913504375954625
5.67 4.913504375954625
5.67 4.913504375954625
5.67 4.913504375954625
5.67 4.913504375954625
5.67 4.913504375954625
5.67 4.913504375954625
5.68 4.915200089436025
5.68 4.915200089436025
5.68 4.915200089436025
5.68 4.915200089436025
5.68 4.915200089436025
5.68 4.915200089436025
5.68 4.915200089436025
5.68 4.915200089436025
5.68 4.915200089436025
5.68 4.915200089436025
5.68 4.915200089436025
5.69 4.908650373050467
5.69 4.908650373050467
5.69 4.908650373050467
5.69 4.908650373050467
5.69 4.908650373050467
5.69 4.908650373050467
5.69 4.908650373050467
5.74 4.967815608413006
5.74 4.967815608413006
5.74 4.967815608413006
5.74 4.967815608413006
5.74 4.967815608413006
5.74 4.967815608413006
5.74 4.967815608413006
5.74 4.967815608413006
5.74 4.967815608413006
5.74 4.967815608413006
5.74 4.967815608413006
5.74 4.967815608413006
5.74 4.967815608413006
5.74 4.967815608413006
5.74 4.967815608413006
5.74 4.967815608413006
5.74 4.967815608413006
5.74 4.967815608413006
5.74 4.967815608413006
5.74 4.967815608413006
5.74 4.967815608413006
5.74 4.967815608413006
5.74 4.967815608413006
5.74 4.967815608413006
5.74 4.967815608413006
5.74 4.967815608413006
5.74 4.967815608413006
5.74 4.967815608413006
5.74 4.967815608413006
5.74 4.967815608413006
5.74 4.967815608413006
5.74 4.967815608413006
5.74 4.967815608413006
5.74 4.967815608413006
5.74 4.967815608413006
5.74 4.967815608413006
5.74 4.967815608413006
5.74 4.967815608413006
5.74 4.967815608413006
5.74 4.967815608413006
5.74 4.967815608413006
5.74 4.967815608413006
5.74 4.967815608413006
5.74 4.967815608413006
5.74 4.967815608413006
5.74 4.967815608413006
5.74 4.967815608413006
5.74 4.967815608413006
5.74 4.967815608413006
5.74 4.967815608413006
5.74 4.967815608413006
5.74 4.967815608413006
5.74 4.967815608413006
5.74 4.967815608413006
5.74 4.967815608413006
5.74 4.967815608413006
5.74 4.967815608413006
5.74 4.967815608413006
5.74 4.967815608413006
5.75 4.963248773116091
5.75 4.963248773116091
5.75 4.963248773116091
5.75 4.963248773116091
5.75 4.963248773116091
5.76 4.968832149438433
5.76 4.968832149438433
5.76 4.968832149438433
5.76 4.968832149438433
5.76 4.968832149438433
5.79 4.9732516850881705
5.79 4.9732516850881705
5.79 4.9732516850881705
5.79 4.9732516850881705
5.79 4.9732516850881705
5.79 4.9732516850881705
5.79 4.9732516850881705
5.79 4.9732516850881705
5.79 4.9732516850881705
5.79 4.9732516850881705
5.79 4.9732516850881705
5.79 4.9732516850881705
5.79 4.9732516850881705
5.79 4.9732516850881705
5.79 4.9732516850881705
5.79 4.9732516850881705
5.79 4.9732516850881705
5.79 4.9732516850881705
5.79 4.9732516850881705
5.84 5.020604012114942
5.84 5.020604012114942
5.84 5.020604012114942
5.84 5.020604012114942
5.84 5.020604012114942
5.84 5.020604012114942
5.84 5.020604012114942
5.84 5.020604012114942
5.84 5.020604012114942
5.84 5.020604012114942
5.84 5.020604012114942
5.84 5.020604012114942
5.84 5.020604012114942
5.84 5.020604012114942
5.84 5.020604012114942
5.84 5.020604012114942
5.84 5.020604012114942
5.84 5.020604012114942
5.84 5.020604012114942
5.84 5.020604012114942
5.84 5.020604012114942
5.84 5.020604012114942
5.84 5.020604012114942
5.84 5.020604012114942
5.86 5.033263094031284
5.86 5.033263094031284
5.86 5.033263094031284
5.86 5.033263094031284
5.86 5.033263094031284
5.86 5.033263094031284
5.86 5.033263094031284
5.86 5.033263094031284
5.86 5.033263094031284
5.86 5.033263094031284
5.86 5.033263094031284
5.86 5.033263094031284
5.86 5.033263094031284
5.88 5.0136782602167145
5.88 5.0136782602167145
5.88 5.0136782602167145
5.88 5.0136782602167145
5.88 5.0136782602167145
5.88 5.0136782602167145
5.88 5.0136782602167145
5.88 5.0136782602167145
5.88 5.0136782602167145
5.88 5.0136782602167145
5.88 5.0136782602167145
6.03 5.236729259120938
6.03 5.236729259120938
6.03 5.236729259120938
6.03 5.236729259120938
6.03 5.236729259120938
6.03 5.236729259120938
6.03 5.236729259120938
6.03 5.236729259120938
6.03 5.236729259120938
6.03 5.236729259120938
6.03 5.236729259120938
6.03 5.236729259120938
6.03 5.236729259120938
6.03 5.236729259120938
6.03 5.236729259120938
6.03 5.236729259120938
6.03 5.236729259120938
6.03 5.236729259120938
6.03 5.236729259120938
6.03 5.236729259120938
6.03 5.236729259120938
6.03 5.236729259120938
6.03 5.236729259120938
6.04 5.229906231656472
6.04 5.229906231656472
6.04 5.229906231656472
6.04 5.229906231656472
6.04 5.229906231656472
6.04 5.229906231656472
6.04 5.229906231656472
6.04 5.229906231656472
6.04 5.229906231656472
6.04 5.229906231656472
6.04 5.229906231656472
6.04 5.229906231656472
6.04 5.229906231656472
6.04 5.229906231656472
6.04 5.229906231656472
6.05 5.22885351591619
6.05 5.22885351591619
6.05 5.22885351591619
6.05 5.22885351591619
6.05 5.22885351591619
6.05 5.22885351591619
6.09 5.305029060555025
6.09 5.305029060555025
6.09 5.305029060555025
6.09 5.305029060555025
6.09 5.305029060555025
6.09 5.305029060555025
6.09 5.305029060555025
6.09 5.305029060555025
6.09 5.305029060555025
6.09 5.305029060555025
6.09 5.305029060555025
6.09 5.305029060555025
6.09 5.305029060555025
6.09 5.305029060555025
6.09 5.305029060555025
6.09 5.305029060555025
6.09 5.305029060555025
6.09 5.305029060555025
6.09 5.305029060555025
6.09 5.305029060555025
6.09 5.305029060555025
6.09 5.305029060555025
6.09 5.305029060555025
6.09 5.305029060555025
6.09 5.305029060555025
6.09 5.305029060555025
6.09 5.305029060555025
6.09 5.305029060555025
6.09 5.305029060555025
6.09 5.305029060555025
6.09 5.305029060555025
6.09 5.305029060555025
6.09 5.305029060555025
6.09 5.305029060555025
6.09 5.305029060555025
6.09 5.305029060555025
6.09 5.305029060555025
6.09 5.305029060555025
6.09 5.305029060555025
6.09 5.305029060555025
6.09 5.305029060555025
6.09 5.305029060555025
6.09 5.305029060555025
6.09 5.305029060555025
6.09 5.305029060555025
6.1 5.3019912401956235
6.1 5.3019912401956235
6.1 5.3019912401956235
6.1 5.3019912401956235
6.1 5.3019912401956235
6.1 5.3019912401956235
6.1 5.3019912401956235
6.1 5.3019912401956235
6.1 5.3019912401956235
6.1 5.3019912401956235
6.11 5.314160613897837
6.11 5.314160613897837
6.11 5.314160613897837
6.11 5.314160613897837
6.11 5.314160613897837
6.11 5.314160613897837
6.11 5.314160613897837
6.11 5.314160613897837
6.11 5.314160613897837
6.11 5.314160613897837
6.11 5.314160613897837
6.11 5.314160613897837
6.11 5.314160613897837
6.11 5.314160613897837
6.11 5.314160613897837
6.11 5.314160613897837
6.11 5.314160613897837
6.11 5.314160613897837
6.11 5.314160613897837
6.11 5.314160613897837
6.11 5.314160613897837
6.11 5.314160613897837
6.11 5.314160613897837
6.21 5.3414616090740665
6.21 5.3414616090740665
6.21 5.3414616090740665
6.21 5.3414616090740665
6.21 5.3414616090740665
6.21 5.3414616090740665
6.21 5.3414616090740665
6.21 5.3414616090740665
6.21 5.3414616090740665
6.21 5.3414616090740665
6.21 5.3414616090740665
6.21 5.3414616090740665
6.21 5.3414616090740665
6.21 5.3414616090740665
6.21 5.3414616090740665
6.21 5.3414616090740665
6.21 5.3414616090740665
6.21 5.3414616090740665
6.21 5.3414616090740665
6.27 5.3159850422755115
6.27 5.3159850422755115
6.27 5.3159850422755115
6.42 5.4886107973556
6.42 5.4886107973556
6.43 5.48506696367142
6.43 5.48506696367142
6.43 5.48506696367142
6.43 5.48506696367142
6.43 5.48506696367142
6.43 5.48506696367142
6.43 5.48506696367142
6.43 5.48506696367142
6.43 5.48506696367142
6.43 5.48506696367142
6.44 5.492547752007334
6.44 5.492547752007334
6.44 5.492547752007334
6.44 5.492547752007334
6.44 5.492547752007334
6.45 5.5055068849839826
6.45 5.5055068849839826
6.71 6.281759709707547
6.71 6.281759709707547
6.71 6.281759709707547
6.71 6.281759709707547
6.71 6.281759709707547
6.71 6.281759709707547
6.71 6.281759709707547
6.71 6.281759709707547
6.71 6.281759709707547
6.71 6.281759709707547
6.71 6.281759709707547
6.81 6.3495724822282895
6.81 6.3495724822282895
6.81 6.3495724822282895
6.81 6.3495724822282895
6.81 6.3495724822282895
6.81 6.3495724822282895
6.81 6.3495724822282895
6.81 6.3495724822282895
6.81 6.3495724822282895
6.81 6.3495724822282895
6.82 6.355431940593427
6.82 6.355431940593427
6.82 6.355431940593427
6.82 6.355431940593427
6.82 6.355431940593427
6.82 6.355431940593427
6.82 6.355431940593427
6.82 6.355431940593427
6.83 6.34537133458219
6.83 6.34537133458219
6.83 6.34537133458219
6.83 6.34537133458219
6.83 6.34537133458219
6.83 6.34537133458219
6.85 6.358601904649967
6.85 6.358601904649967
6.85 6.358601904649967
6.85 6.358601904649967
6.85 6.358601904649967
6.85 6.358601904649967
6.85 6.358601904649967
6.85 6.358601904649967
6.85 6.358601904649967
6.95 6.700482418935567
6.96 6.690744398500112
6.96 6.690744398500112
6.96 6.690744398500112
6.98 6.726969690144382
6.98 6.726969690144382
6.98 6.726969690144382
7.05 6.700482418935566
7.05 6.700482418935566
7.05 6.700482418935566
7.05 6.700482418935566
7.05 6.700482418935566
7.05 6.700482418935566
7.05 6.700482418935566
7.05 6.700482418935566
7.05 6.700482418935566
7.05 6.700482418935566
7.05 6.700482418935566
7.05 6.700482418935566
7.05 6.700482418935566
7.05 6.700482418935566
7.05 6.700482418935566
7.05 6.700482418935566
7.05 6.700482418935566
7.05 6.700482418935566
7.05 6.700482418935566
7.05 6.700482418935566
7.05 6.700482418935566
7.05 6.700482418935566
7.07 6.685209061953127
7.1 6.668939006674711
7.1 6.668939006674711
7.1 6.668939006674711
7.1 6.668939006674711
7.1 6.668939006674711
7.12 6.671634512674316
7.17 6.674321362997564
7.17 6.674321362997564
7.17 6.674321362997564
7.17 6.674321362997564
7.17 6.674321362997564
7.17 6.674321362997564
7.19 6.670748750244523
7.19 6.670748750244523
7.19 6.670748750244523
7.19 6.670748750244523
7.19 6.670748750244523
7.19 6.670748750244523
7.19 6.670748750244523
7.19 6.670748750244523
7.19 6.670748750244523
7.19 6.670748750244523
7.19 6.670748750244523
7.2 6.665151342936065
7.2 6.665151342936065
7.2 6.665151342936065
7.2 6.665151342936065
7.2 6.665151342936065
7.2 6.665151342936065
7.2 6.665151342936065
7.2 6.665151342936065
7.2 6.665151342936065
7.2 6.665151342936065
7.2 6.665151342936065
7.2 6.665151342936065
7.2 6.665151342936065
7.24 6.663817573018084
7.24 6.663817573018084
7.31 6.729544388498208
7.31 6.729544388498208
7.31 6.729544388498208
7.31 6.729544388498208
7.31 6.729544388498208
7.31 6.729544388498208
7.32 6.73282326300855
7.32 6.73282326300855
7.32 6.73282326300855
7.32 6.73282326300855
7.32 6.73282326300855
7.32 6.73282326300855
7.32 6.73282326300855
7.32 6.73282326300855
7.32 6.73282326300855
7.55 7.297951836652595
7.6 7.311261550139309
7.66 7.330881132702822
7.66 7.330881132702822
7.66 7.330881132702822
7.66 7.330881132702822
7.66 7.330881132702822
7.66 7.330881132702822
7.66 7.330881132702822
7.66 7.330881132702822
7.66 7.330881132702822
7.67 7.322381629447671
7.67 7.322381629447671
7.67 7.322381629447671
7.67 7.322381629447671
7.67 7.322381629447671
7.67 7.322381629447671
7.67 7.322381629447671
7.67 7.322381629447671
7.67 7.322381629447671
7.67 7.322381629447671
7.67 7.322381629447671
7.67 7.322381629447671
7.67 7.322381629447671
7.67 7.322381629447671
7.67 7.322381629447671
7.67 7.322381629447671
7.67 7.322381629447671
7.69 7.337044515485934
7.85 7.473015428591031
7.85 7.473015428591031
7.85 7.473015428591031
7.9 7.49747432220486
7.9 7.49747432220486
7.9 7.49747432220486
7.9 7.49747432220486
7.9 7.49747432220486
7.91 7.49288551449529
7.91 7.49288551449529
7.91 7.49288551449529
7.91 7.49288551449529
7.91 7.49288551449529
7.91 7.49288551449529
7.91 7.49288551449529
7.91 7.49288551449529
7.91 7.49288551449529
7.91 7.49288551449529
7.91 7.49288551449529
7.91 7.49288551449529
7.91 7.49288551449529
7.91 7.49288551449529
7.91 7.49288551449529
7.93 7.490404636343862
7.93 7.490404636343862
7.93 7.490404636343862
7.93 7.490404636343862
7.93 7.490404636343862
7.93 7.490404636343862
7.93 7.490404636343862
7.93 7.490404636343862
7.93 7.490404636343862
7.93 7.490404636343862
7.93 7.490404636343862
7.93 7.490404636343862
7.93 7.490404636343862
7.93 7.490404636343862
7.93 7.490404636343862
7.93 7.490404636343862
7.93 7.490404636343862
7.93 7.490404636343862
7.93 7.490404636343862
7.93 7.490404636343862
7.93 7.490404636343862
7.93 7.490404636343862
7.93 7.490404636343862
7.93 7.490404636343862
7.93 7.490404636343862
7.93 7.490404636343862
7.93 7.490404636343862
7.93 7.490404636343862
7.93 7.490404636343862
7.93 7.490404636343862
7.96 7.47645462350797
7.96 7.47645462350797
7.96 7.47645462350797
7.96 7.47645462350797
7.96 7.47645462350797
8.02 7.435894381479959
8.06 7.435677032341636
8.06 7.435677032341636
8.06 7.435677032341636
8.11 7.472366601436431
8.11 7.472366601436431
8.11 7.472366601436431
8.11 7.472366601436431
8.11 7.472366601436431
8.11 7.472366601436431
8.11 7.472366601436431
8.11 7.472366601436431
8.11 7.472366601436431
8.11 7.472366601436431
8.12 7.478291815972983
8.12 7.478291815972983
8.12 7.478291815972983
8.12 7.478291815972983
8.12 7.478291815972983
8.12 7.478291815972983
8.12 7.478291815972983
8.12 7.478291815972983
8.12 7.478291815972983
8.12 7.478291815972983
8.12 7.478291815972983
8.12 7.478291815972983
8.12 7.478291815972983
8.12 7.478291815972983
8.12 7.478291815972983
8.12 7.478291815972983
8.12 7.478291815972983
8.12 7.478291815972983
8.12 7.478291815972983
8.12 7.478291815972983
8.12 7.478291815972983
8.12 7.478291815972983
8.12 7.478291815972983
8.12 7.478291815972983
8.12 7.478291815972983
8.12 7.478291815972983
8.12 7.478291815972983
8.12 7.478291815972983
8.16 7.455890492107768
8.35 7.984043430176811
8.35 7.984043430176811
8.35 7.984043430176811
8.35 7.984043430176811
8.35 7.984043430176811
8.35 7.984043430176811
8.35 7.984043430176811
8.35 7.984043430176811
8.35 7.984043430176811
8.35 7.984043430176811
8.39 8.017524996575133
8.39 8.017524996575133
8.39 8.017524996575133
8.39 8.017524996575133
8.39 8.017524996575133
8.39 8.017524996575133
8.39 8.017524996575133
8.39 8.017524996575133
8.39 8.017524996575133
8.39 8.017524996575133
8.39 8.017524996575133
8.4 8.013876853447542
8.4 8.013876853447542
8.4 8.013876853447542
8.4 8.013876853447542
8.4 8.013876853447542
8.4 8.013876853447542
8.4 8.013876853447542
8.44 8.016800540682729
8.44 8.016800540682729
8.45 8.013089039789582
8.45 8.013089039789582
8.45 8.013089039789582
8.45 8.013089039789582
8.45 8.013089039789582
8.45 8.013089039789582
8.45 8.013089039789582
8.45 8.013089039789582
8.45 8.013089039789582
8.45 8.013089039789582
8.45 8.013089039789582
8.45 8.013089039789582
8.45 8.013089039789582
8.45 8.013089039789582
8.45 8.013089039789582
8.45 8.013089039789582
8.45 8.013089039789582
8.47 8.016970636207807
8.47 8.016970636207807
8.47 8.016970636207807
8.47 8.016970636207807
8.47 8.016970636207807
8.47 8.016970636207807
8.47 8.016970636207807
8.47 8.016970636207807
8.47 8.016970636207807
8.47 8.016970636207807
8.47 8.016970636207807
8.47 8.016970636207807
8.47 8.016970636207807
8.47 8.016970636207807
8.47 8.016970636207807
8.47 8.016970636207807
8.47 8.016970636207807
8.47 8.016970636207807
8.47 8.016970636207807
8.47 8.016970636207807
8.47 8.016970636207807
8.47 8.016970636207807
8.47 8.016970636207807
8.47 8.016970636207807
8.47 8.016970636207807
8.52 8.009438876170488
8.52 8.009438876170488
8.52 8.009438876170488
8.52 8.009438876170488
8.52 8.009438876170488
8.52 8.009438876170488
8.52 8.009438876170488
8.52 8.009438876170488
8.52 8.009438876170488
8.52 8.009438876170488
8.52 8.009438876170488
8.52 8.009438876170488
8.52 8.009438876170488
8.52 8.009438876170488
8.52 8.009438876170488
8.52 8.009438876170488
8.52 8.009438876170488
8.52 8.009438876170488
8.52 8.009438876170488
8.57 8.009155115027157
8.57 8.009155115027157
8.57 8.009155115027157
8.57 8.009155115027157
8.57 8.009155115027157
8.57 8.009155115027157
8.57 8.009155115027157
8.57 8.009155115027157
8.57 8.009155115027157
8.57 8.009155115027157
8.57 8.009155115027157
8.57 8.009155115027157
8.57 8.009155115027157
8.57 8.009155115027157
8.57 8.009155115027157
8.57 8.009155115027157
8.57 8.009155115027157
8.62 8.058849204759358
8.62 8.058849204759358
8.62 8.058849204759358
8.62 8.058849204759358
8.62 8.058849204759358
8.62 8.058849204759358
8.63 8.05743899960299
8.63 8.05743899960299
8.63 8.05743899960299
8.63 8.05743899960299
8.63 8.05743899960299
8.63 8.05743899960299
8.63 8.05743899960299
8.63 8.05743899960299
8.63 8.05743899960299
8.63 8.05743899960299
8.63 8.05743899960299
8.63 8.05743899960299
8.63 8.05743899960299
8.63 8.05743899960299
8.63 8.05743899960299
8.63 8.05743899960299
8.63 8.05743899960299
8.63 8.05743899960299
8.63 8.05743899960299
8.63 8.05743899960299
8.63 8.05743899960299
8.63 8.05743899960299
8.63 8.05743899960299
8.63 8.05743899960299
8.63 8.05743899960299
8.63 8.05743899960299
8.63 8.05743899960299
8.63 8.05743899960299
8.63 8.05743899960299
8.63 8.05743899960299
8.65 8.04579694529066
8.65 8.04579694529066
8.65 8.04579694529066
8.65 8.04579694529066
8.65 8.04579694529066
8.65 8.04579694529066
8.65 8.04579694529066
8.65 8.04579694529066
8.65 8.04579694529066
8.65 8.04579694529066
8.65 8.04579694529066
8.65 8.04579694529066
8.65 8.04579694529066
8.65 8.04579694529066
8.65 8.04579694529066
8.65 8.04579694529066
8.65 8.04579694529066
8.65 8.04579694529066
8.65 8.04579694529066
8.65 8.04579694529066
8.65 8.04579694529066
8.65 8.04579694529066
8.67 8.031572798410135
8.67 8.031572798410135
8.67 8.031572798410135
8.67 8.031572798410135
8.69 8.029862194875257
8.69 8.029862194875257
8.69 8.029862194875257
8.69 8.029862194875257
8.69 8.029862194875257
8.69 8.029862194875257
8.69 8.029862194875257
8.69 8.029862194875257
8.69 8.029862194875257
8.69 8.029862194875257
8.69 8.029862194875257
8.77 8.052673814054282
8.77 8.052673814054282
8.82 8.07587753620608
8.85 8.048307432327157
8.85 8.048307432327157
8.85 8.048307432327157
8.85 8.048307432327157
8.92 8.141029642272754
8.92 8.141029642272754
8.92 8.141029642272754
8.92 8.141029642272754
8.92 8.141029642272754
8.92 8.141029642272754
8.92 8.141029642272754
8.92 8.141029642272754
8.94 8.151123117755496
8.94 8.151123117755496
8.94 8.151123117755496
8.94 8.151123117755496
8.94 8.151123117755496
8.94 8.151123117755496
9.02 8.121526452532915
9.02 8.121526452532915
9.02 8.121526452532915
9.02 8.121526452532915
9.02 8.121526452532915
9.02 8.121526452532915
9.02 8.121526452532915
9.02 8.121526452532915
9.02 8.121526452532915
9.02 8.121526452532915
9.44 9.234673352057015
9.44 9.234673352057015
9.44 9.234673352057015
9.44 9.234673352057015
9.44 9.234673352057015
9.44 9.234673352057015
9.44 9.234673352057015
9.44 9.234673352057015
9.44 9.234673352057015
9.44 9.234673352057015
9.44 9.234673352057015
9.44 9.234673352057015
9.44 9.234673352057015
9.44 9.234673352057015
9.44 9.234673352057015
9.44 9.234673352057015
9.45 9.23145150936173
9.45 9.23145150936173
9.45 9.23145150936173
9.45 9.23145150936173
9.45 9.23145150936173
9.59 9.525187238012274
9.59 9.525187238012274
9.59 9.525187238012274
9.59 9.525187238012274
9.59 9.525187238012274
9.59 9.525187238012274
9.59 9.525187238012274
9.59 9.525187238012274
9.59 9.525187238012274
9.59 9.525187238012274
9.59 9.525187238012274
9.59 9.525187238012274
9.59 9.525187238012274
9.59 9.525187238012274
9.59 9.525187238012274
9.59 9.525187238012274
9.59 9.525187238012274
9.59 9.525187238012274
9.59 9.525187238012274
9.59 9.525187238012274
9.9 10.092001032921312
9.9 10.092001032921312
9.9 10.092001032921312
9.9 10.092001032921312
9.9 10.092001032921312
9.9 10.092001032921312
9.9 10.092001032921312
9.9 10.092001032921312
9.93 10.105758934209918
9.93 10.105758934209918
9.93 10.105758934209918
9.93 10.105758934209918
9.93 10.105758934209918
9.93 10.105758934209918
9.93 10.105758934209918
9.93 10.105758934209918
9.93 10.105758934209918
9.93 10.105758934209918
9.93 10.105758934209918
9.93 10.105758934209918
9.93 10.105758934209918
9.93 10.105758934209918
10.01 10.097999601881348
10.01 10.097999601881348
10.01 10.097999601881348
10.01 10.097999601881348
10.01 10.097999601881348
10.01 10.097999601881348
10.01 10.097999601881348
10.01 10.097999601881348
10.01 10.097999601881348
10.01 10.097999601881348
10.01 10.097999601881348
10.01 10.097999601881348
10.01 10.097999601881348
10.01 10.097999601881348
10.01 10.097999601881348
10.01 10.097999601881348
10.01 10.097999601881348
10.02 10.090479561337895
10.03 10.084947278799309
10.03 10.084947278799309
10.03 10.084947278799309
10.03 10.084947278799309
10.03 10.084947278799309
10.03 10.084947278799309
10.03 10.084947278799309
10.03 10.084947278799309
10.03 10.084947278799309
10.03 10.084947278799309
10.03 10.084947278799309
10.04 10.078399744708548
10.04 10.078399744708548
10.04 10.078399744708548
10.04 10.078399744708548
10.04 10.078399744708548
10.04 10.078399744708548
10.04 10.078399744708548
10.04 10.078399744708548
10.04 10.078399744708548
10.04 10.078399744708548
10.04 10.078399744708548
10.04 10.078399744708548
10.04 10.078399744708548
10.04 10.078399744708548
10.04 10.078399744708548
10.04 10.078399744708548
10.04 10.078399744708548
10.04 10.078399744708548
10.04 10.078399744708548
10.04 10.078399744708548
10.04 10.078399744708548
10.04 10.078399744708548
10.04 10.078399744708548
10.04 10.078399744708548
10.04 10.078399744708548
10.04 10.078399744708548
