0.99 1.2431224941064878
0.99 1.2431224941064878
0.99 1.2431224941064878
0.99 1.2431224941064878
0.99 1.2431224941064878
0.99 1.2431224941064878
1.02 1.255130883754175
1.03 1.2508986668581414
1.03 1.2508986668581414
1.03 1.2508986668581414
1.03 1.2508986668581414
1.03 1.2508986668581414
1.04 1.2626731304432808
1.04 1.2626731304432808
1.04 1.2626731304432808
1.04 1.2626731304432808
1.04 1.2626731304432808
1.04 1.2626731304432808
1.04 1.2626731304432808
1.04 1.2626731304432808
1.04 1.2626731304432808
1.04 1.2626731304432808
1.04 1.2626731304432808
1.04 1.2626731304432808
1.04 1.2626731304432808
1.04 1.2626731304432808
1.04 1.2626731304432808
1.04 1.2626731304432808
1.04 1.2626731304432808
1.04 1.2626731304432808
1.04 1.2626731304432808
1.04 1.2626731304432808
1.04 1.2626731304432808
1.08 1.4119261147579065
1.08 1.4119261147579065
1.08 1.4119261147579065
1.08 1.4119261147579065
1.08 1.4119261147579065
1.08 1.4119261147579065
1.08 1.4119261147579065
1.08 1.4119261147579065
1.08 1.4119261147579065
1.08 1.4119261147579065
1.08 1.4119261147579065
1.08 1.4119261147579065
1.08 1.4119261147579065
1.08 1.4119261147579065
1.08 1.4119261147579065
1.08 1.4119261147579065
1.08 1.4119261147579065
1.08 1.4119261147579065
1.08 1.4119261147579065
1.08 1.4119261147579065
1.08 1.4119261147579065
1.08 1.4119261147579065
1.08 1.4119261147579065
1.08 1.4119261147579065
1.08 1.4119261147579065
1.08 1.4119261147579065
1.08 1.4119261147579065
1.08 1.4119261147579065
1.08 1.4119261147579065
1.08 1.4119261147579065
1.08 1.4119261147579065
1.08 1.4119261147579065
1.08 1.4119261147579065
1.08 1.4119261147579065
1.08 1.4119261147579065
1.09 1.4077347661108506
1.09 1.4077347661108506
1.09 1.4077347661108506
1.09 1.4077347661108506
1.09 1.4077347661108506
1.09 1.4077347661108506
1.1 1.4106377954311984
1.1 1.4106377954311984
1.1 1.4106377954311984
1.1 1.4106377954311984
1.1 1.4106377954311984
1.1 1.4106377954311984
1.1 1.4106377954311984
1.1 1.4106377954311984
1.1 1.4106377954311984
1.1 1.4106377954311984
1.1 1.4106377954311984
1.1 1.4106377954311984
1.1 1.4106377954311984
1.1 1.4106377954311984
1.1 1.4106377954311984
1.1 1.4106377954311984
1.1 1.4106377954311984
1.1 1.4106377954311984
1.1 1.4106377954311984
1.1 1.4106377954311984
1.11 1.420591710549097
1.11 1.420591710549097
1.11 1.420591710549097
1.11 1.420591710549097
1.11 1.420591710549097
1.11 1.420591710549097
1.11 1.420591710549097
1.11 1.420591710549097
1.11 1.420591710549097
1.11 1.420591710549097
1.13 1.4188841824589935
1.14 1.414356405013969
1.14 1.414356405013969
1.14 1.414356405013969
1.14 1.414356405013969
1.14 1.414356405013969
1.14 1.414356405013969
1.14 1.414356405013969
1.14 1.414356405013969
1.14 1.414356405013969
1.14 1.414356405013969
1.14 1.414356405013969
1.15 1.4168894655461857
1.16 1.4122122483335966
1.16 1.4122122483335966
1.16 1.4122122483335966
1.16 1.4122122483335966
1.16 1.4122122483335966
1.16 1.4122122483335966
1.16 1.4122122483335966
1.16 1.4122122483335966
1.16 1.4122122483335966
1.17 1.4074477222650539
1.17 1.4074477222650539
1.17 1.4074477222650539
1.17 1.4074477222650539
1.2 1.4354811251305462
1.2 1.4354811251305462
1.25 1.5134080878613145
1.25 1.5134080878613145
1.25 1.5134080878613145
1.25 1.5134080878613145
1.25 1.5134080878613145
1.25 1.5134080878613145
1.25 1.5134080878613145
1.25 1.5134080878613145
1.25 1.5134080878613145
1.25 1.5134080878613145
1.25 1.5134080878613145
1.25 1.5134080878613145
1.25 1.5134080878613145
1.25 1.5134080878613145
1.25 1.5134080878613145
1.25 1.5134080878613145
1.25 1.5134080878613145
1.25 1.5134080878613145
1.28 1.5379377507729377
1.28 1.5379377507729377
1.28 1.5379377507729377
1.28 1.5379377507729377
1.28 1.5379377507729377
1.28 1.5379377507729377
1.28 1.5379377507729377
1.29 1.5327732837552779
1.29 1.5327732837552779
1.29 1.5327732837552779
1.29 1.5327732837552779
1.29 1.5327732837552779
1.3 1.5537507567629418
1.3 1.5537507567629418
1.3 1.5537507567629418
1.3 1.5537507567629418
1.3 1.5537507567629418
1.3 1.5537507567629418
1.3 1.5537507567629418
1.3 1.5537507567629418
1.3 1.5537507567629418
1.3 1.5537507567629418
1.3 1.5537507567629418
1.3 1.5537507567629418
1.3 1.5537507567629418
1.3 1.5537507567629418
1.3 1.5537507567629418
1.3 1.5537507567629418
1.3 1.5537507567629418
1.3 1.5537507567629418
1.3 1.5537507567629418
1.3 1.5537507567629418
1.3 1.5537507567629418
1.3 1.5537507567629418
1.3 1.5537507567629418
1.3 1.5537507567629418
1.3 1.5537507567629418
1.3 1.5537507567629418
1.32 1.562696452296543
1.32 1.562696452296543
1.32 1.562696452296543
1.32 1.562696452296543
1.32 1.562696452296543
1.32 1.562696452296543
1.32 1.562696452296543
1.32 1.562696452296543
1.32 1.562696452296543
1.32 1.562696452296543
1.32 1.562696452296543
1.33 1.5894538799108449
1.33 1.5894538799108449
1.33 1.5894538799108449
1.33 1.5894538799108449
1.33 1.5894538799108449
1.33 1.5894538799108449
1.33 1.5894538799108449
1.33 1.5894538799108449
1.33 1.5894538799108449
1.33 1.5894538799108449
1.33 1.5894538799108449
1.33 1.5894538799108449
1.38 1.7161149451742757
1.38 1.7161149451742757
1.38 1.7161149451742757
1.38 1.7161149451742757
1.38 1.7161149451742757
1.38 1.7161149451742757
1.38 1.7161149451742757
1.38 1.7161149451742757
1.38 1.7161149451742757
1.38 1.7161149451742757
1.38 1.7161149451742757
1.38 1.7161149451742757
1.38 1.7161149451742757
1.38 1.7161149451742757
1.38 1.7161149451742757
1.38 1.7161149451742757
1.38 1.7161149451742757
1.38 1.7161149451742757
1.39 1.7167916988888707
1.39 1.7167916988888707
1.39 1.7167916988888707
1.39 1.7167916988888707
1.39 1.7167916988888707
1.39 1.7167916988888707
1.39 1.7167916988888707
1.39 1.7167916988888707
1.39 1.7167916988888707
1.39 1.7167916988888707
1.39 1.7167916988888707
1.39 1.7167916988888707
1.39 1.7167916988888707
1.39 1.7167916988888707
1.39 1.7167916988888707
1.39 1.7167916988888707
1.39 1.7167916988888707
1.39 1.7167916988888707
1.39 1.7167916988888707
1.39 1.7167916988888707
1.39 1.7167916988888707
1.39 1.7167916988888707
1.39 1.7167916988888707
1.39 1.7167916988888707
1.39 1.7167916988888707
1.39 1.7167916988888707
1.39 1.7167916988888707
1.39 1.7167916988888707
1.39 1.7167916988888707
1.39 1.7167916988888707
1.39 1.7167916988888707
1.39 1.7167916988888707
1.39 1.7167916988888707
1.39 1.7167916988888707
1.41 1.7120783046379968
1.41 1.7120783046379968
1.41 1.7120783046379968
1.41 1.7120783046379968
1.41 1.7120783046379968
1.41 1.7120783046379968
1.41 1.7120783046379968
1.41 1.7120783046379968
1.41 1.7120783046379968
1.41 1.7120783046379968
1.41 1.7120783046379968
1.41 1.7120783046379968
1.41 1.7120783046379968
1.41 1.7120783046379968
1.41 1.7120783046379968
1.41 1.7120783046379968
1.41 1.7120783046379968
1.41 1.7120783046379968
1.41 1.7120783046379968
1.41 1.7120783046379968
1.41 1.7120783046379968
1.41 1.7120783046379968
1.41 1.7120783046379968
1.41 1.7120783046379968
1.41 1.7120783046379968
1.41 1.7120783046379968
1.41 1.7120783046379968
1.41 1.7120783046379968
1.41 1.7120783046379968
1.41 1.7120783046379968
1.41 1.7120783046379968
1.41 1.7120783046379968
1.41 1.7120783046379968
1.41 1.7120783046379968
1.41 1.7120783046379968
1.41 1.7120783046379968
1.41 1.7120783046379968
1.41 1.7120783046379968
1.42 1.7066714015085833
1.42 1.7066714015085833
1.43 1.7071152346114267
1.43 1.7071152346114267
1.43 1.7071152346114267
1.43 1.7071152346114267
1.43 1.7071152346114267
1.43 1.7071152346114267
1.43 1.7071152346114267
1.43 1.7071152346114267
1.44 1.7074997966487604
1.44 1.7074997966487604
1.44 1.7074997966487604
1.44 1.7074997966487604
1.47 1.7948016969328757
1.47 1.7948016969328757
1.47 1.7948016969328757
1.5 1.7950549357115013
1.5 1.7950549357115013
1.5 1.7950549357115013
1.5 1.7950549357115013
1.5 1.7950549357115013
1.5 1.7950549357115013
1.5 1.7950549357115013
1.5 1.7950549357115013
1.5 1.7950549357115013
1.5 1.7950549357115013
1.5 1.7950549357115013
1.5 1.7950549357115013
1.5 1.7950549357115013
1.5 1.7950549357115013
1.5 1.7950549357115013
1.5 1.7950549357115013
1.5 1.7950549357115013
1.52 1.822862661537693
1.52 1.822862661537693
1.52 1.822862661537693
1.52 1.822862661537693
1.52 1.822862661537693
1.54 1.8280640529856114
1.54 1.8280640529856114
1.54 1.8280640529856114
1.54 1.8280640529856114
1.55 1.8222807332315913
1.55 1.8222807332315913
1.55 1.8222807332315913
1.61 1.9221988671436903
1.61 1.9221988671436903
1.61 1.9221988671436903
1.61 1.9221988671436903
1.61 1.9221988671436903
1.62 1.9373000059699876
1.62 1.9373000059699876
1.62 1.9373000059699876
1.62 1.9373000059699876
1.62 1.9373000059699876
1.62 1.9373000059699876
1.62 1.9373000059699876
1.62 1.9373000059699876
1.62 1.9373000059699876
1.62 1.9373000059699876
1.62 1.9373000059699876
1.62 1.9373000059699876
1.63 1.93142539084585
1.63 1.93142539084585
1.63 1.93142539084585
1.63 1.93142539084585
1.63 1.93142539084585
1.63 1.93142539084585
1.63 1.93142539084585
1.63 1.93142539084585
1.63 1.93142539084585
1.63 1.93142539084585
1.63 1.93142539084585
1.63 1.93142539084585
1.63 1.93142539084585
1.63 1.93142539084585
1.63 1.93142539084585
1.63 1.93142539084585
1.63 1.93142539084585
1.63 1.93142539084585
1.63 1.93142539084585
1.63 1.93142539084585
1.63 1.93142539084585
1.63 1.93142539084585
1.63 1.93142539084585
1.63 1.93142539084585
1.63 1.93142539084585
1.63 1.93142539084585
1.65 1.9247195781581952
1.65 1.9247195781581952
1.65 1.9247195781581952
1.65 1.9247195781581952
1.65 1.9247195781581952
1.65 1.9247195781581952
1.65 1.9247195781581952
1.65 1.9247195781581952
1.65 1.9247195781581952
1.65 1.9247195781581952
1.65 1.9247195781581952
1.67 1.9697459201376686
1.67 1.9697459201376686
1.67 1.9697459201376686
1.69 1.9933981949516164
1.69 1.9933981949516164
1.69 1.9933981949516164
1.69 1.9933981949516164
1.69 1.9933981949516164
1.69 1.9933981949516164
1.69 1.9933981949516164
1.69 1.9933981949516164
1.69 1.9933981949516164
1.69 1.9933981949516164
1.69 1.9933981949516164
1.69 1.9933981949516164
1.69 1.9933981949516164
1.69 1.9933981949516164
1.69 1.9933981949516164
1.69 1.9933981949516164
1.7 1.9924098397912429
1.7 1.9924098397912429
1.7 1.9924098397912429
1.7 1.9924098397912429
1.7 1.9924098397912429
1.7 1.9924098397912429
1.7 1.9924098397912429
1.7 1.9924098397912429
1.7 1.9924098397912429
1.7 1.9924098397912429
1.7 1.9924098397912429
1.71 1.9913702708325125
1.71 1.9913702708325125
1.71 1.9913702708325125
1.72 1.9851977485908285
1.72 1.9851977485908285
1.72 1.9851977485908285
1.72 1.9851977485908285
1.72 1.9851977485908285
1.73 1.9840525815775776
1.73 1.9840525815775776
1.73 1.9840525815775776
1.73 1.9840525815775776
1.73 1.9840525815775776
1.73 1.9840525815775776
1.73 1.9840525815775776
1.73 1.9840525815775776
1.73 1.9840525815775776
1.73 1.9840525815775776
1.73 1.9840525815775776
1.73 1.9840525815775776
1.73 1.9840525815775776
1.73 1.9840525815775776
1.73 1.9840525815775776
1.73 1.9840525815775776
1.73 1.9840525815775776
1.73 1.9840525815775776
1.73 1.9840525815775776
1.79 2.080671026181678
1.79 2.080671026181678
1.79 2.080671026181678
1.79 2.080671026181678
1.79 2.080671026181678
1.79 2.080671026181678
1.79 2.080671026181678
1.79 2.080671026181678
1.79 2.080671026181678
1.79 2.080671026181678
1.79 2.080671026181678
1.79 2.080671026181678
1.81 2.072888971186995
1.81 2.072888971186995
1.81 2.072888971186995
1.81 2.072888971186995
1.81 2.072888971186995
1.81 2.072888971186995
1.81 2.072888971186995
1.85 2.114762923408254
1.85 2.114762923408254
1.85 2.114762923408254
1.85 2.114762923408254
1.85 2.114762923408254
1.85 2.114762923408254
1.85 2.114762923408254
1.85 2.114762923408254
1.85 2.114762923408254
1.85 2.114762923408254
1.85 2.114762923408254
1.87 2.116099900259623
1.87 2.116099900259623
1.87 2.116099900259623
1.87 2.116099900259623
1.87 2.116099900259623
1.87 2.116099900259623
1.87 2.116099900259623
1.87 2.116099900259623
1.87 2.116099900259623
1.87 2.116099900259623
1.87 2.116099900259623
1.87 2.116099900259623
1.87 2.116099900259623
1.87 2.116099900259623
1.87 2.116099900259623
1.87 2.116099900259623
1.87 2.116099900259623
1.87 2.116099900259623
1.87 2.116099900259623
1.87 2.116099900259623
1.87 2.116099900259623
1.87 2.116099900259623
1.87 2.116099900259623
1.87 2.116099900259623
1.87 2.116099900259623
1.87 2.116099900259623
1.88 2.109526252527096
1.88 2.109526252527096
1.88 2.109526252527096
1.88 2.109526252527096
1.88 2.109526252527096
1.88 2.109526252527096
1.88 2.109526252527096
1.89 2.112468994452995
1.89 2.112468994452995
1.89 2.112468994452995
1.89 2.112468994452995
1.89 2.112468994452995
1.89 2.112468994452995
1.89 2.112468994452995
1.89 2.112468994452995
1.89 2.112468994452995
1.89 2.112468994452995
1.89 2.112468994452995
1.89 2.112468994452995
1.89 2.112468994452995
1.89 2.112468994452995
1.89 2.112468994452995
1.89 2.112468994452995
1.89 2.112468994452995
1.89 2.112468994452995
1.89 2.112468994452995
1.89 2.112468994452995
1.89 2.112468994452995
1.89 2.112468994452995
1.89 2.112468994452995
1.89 2.112468994452995
1.89 2.112468994452995
1.89 2.112468994452995
1.89 2.112468994452995
1.89 2.112468994452995
1.89 2.112468994452995
1.89 2.112468994452995
1.9 2.1343747458109497
1.9 2.1343747458109497
1.91 2.1324572064577856
1.91 2.1324572064577856
1.91 2.1324572064577856
1.91 2.1324572064577856
1.91 2.1324572064577856
1.91 2.1324572064577856
1.91 2.1324572064577856
1.91 2.1324572064577856
1.91 2.1324572064577856
1.91 2.1324572064577856
1.91 2.1324572064577856
1.91 2.1324572064577856
1.91 2.1324572064577856
1.91 2.1324572064577856
1.91 2.1324572064577856
1.91 2.1324572064577856
1.91 2.1324572064577856
1.91 2.1324572064577856
1.91 2.1324572064577856
1.91 2.1324572064577856
1.91 2.1324572064577856
1.91 2.1324572064577856
1.91 2.1324572064577856
1.91 2.1324572064577856
1.91 2.1324572064577856
1.91 2.1324572064577856
1.93 2.1332149588370273
1.93 2.1332149588370273
1.93 2.1332149588370273
1.93 2.1332149588370273
1.93 2.1332149588370273
1.93 2.1332149588370273
1.93 2.1332149588370273
1.93 2.1332149588370273
1.93 2.1332149588370273
1.93 2.1332149588370273
1.93 2.1332149588370273
1.93 2.1332149588370273
1.93 2.1332149588370273
1.94 2.1358886211645505
1.94 2.1358886211645505
1.94 2.1358886211645505
1.94 2.1358886211645505
1.94 2.1358886211645505
1.94 2.1358886211645505
1.94 2.1358886211645505
1.94 2.1358886211645505
1.94 2.1358886211645505
1.94 2.1358886211645505
1.94 2.1358886211645505
1.94 2.1358886211645505
1.94 2.1358886211645505
1.96 2.145796925257477
1.96 2.145796925257477
1.96 2.145796925257477
1.96 2.145796925257477
1.96 2.145796925257477
1.96 2.145796925257477
1.96 2.145796925257477
1.96 2.145796925257477
1.96 2.145796925257477
1.96 2.145796925257477
1.96 2.145796925257477
1.96 2.145796925257477
1.96 2.145796925257477
1.96 2.145796925257477
1.97 2.167039594945281
1.97 2.167039594945281
1.97 2.167039594945281
1.97 2.167039594945281
1.97 2.167039594945281
1.97 2.167039594945281
1.97 2.167039594945281
2.02 2.1787773422428245
2.02 2.1787773422428245
2.02 2.1787773422428245
2.02 2.1787773422428245
2.02 2.1787773422428245
2.02 2.1787773422428245
2.02 2.1787773422428245
2.02 2.1787773422428245
2.02 2.1787773422428245
2.02 2.1787773422428245
2.02 2.1787773422428245
2.02 2.1787773422428245
2.03 2.176342033427799
2.03 2.176342033427799
2.03 2.176342033427799
2.03 2.176342033427799
2.03 2.176342033427799
2.05 2.240017135576593
2.05 2.240017135576593
2.08 2.232360710869626
2.08 2.232360710869626
2.08 2.232360710869626
2.08 2.232360710869626
2.08 2.232360710869626
2.08 2.232360710869626
2.08 2.232360710869626
2.08 2.232360710869626
2.08 2.232360710869626
2.08 2.232360710869626
2.08 2.232360710869626
2.09 2.2251773280828986
2.09 2.2251773280828986
2.09 2.2251773280828986
2.09 2.2251773280828986
2.09 2.2251773280828986
2.09 2.2251773280828986
2.09 2.2251773280828986
2.09 2.2251773280828986
2.09 2.2251773280828986
2.09 2.2251773280828986
2.09 2.2251773280828986
2.09 2.2251773280828986
2.09 2.2251773280828986
2.09 2.2251773280828986
2.09 2.2251773280828986
2.09 2.2251773280828986
2.09 2.2251773280828986
2.09 2.2251773280828986
2.09 2.2251773280828986
2.09 2.2251773280828986
2.1 2.217925138320029
2.1 2.217925138320029
2.1 2.217925138320029
2.1 2.217925138320029
2.1 2.217925138320029
2.1 2.217925138320029
2.1 2.217925138320029
2.1 2.217925138320029
2.1 2.217925138320029
2.1 2.217925138320029
2.1 2.217925138320029
2.1 2.217925138320029
2.1 2.217925138320029
2.1 2.217925138320029
2.1 2.217925138320029
2.1 2.217925138320029
2.1 2.217925138320029
2.1 2.217925138320029
2.1 2.217925138320029
2.1 2.217925138320029
2.1 2.217925138320029
2.1 2.217925138320029
2.1 2.217925138320029
2.1 2.217925138320029
2.1 2.217925138320029
2.1 2.217925138320029
2.1 2.217925138320029
2.1 2.217925138320029
2.1 2.217925138320029
2.1 2.217925138320029
2.1 2.217925138320029
2.1 2.217925138320029
2.1 2.217925138320029
2.1 2.217925138320029
2.1 2.217925138320029
2.1 2.217925138320029
2.11 2.215168096774981
2.12 2.2214746217207826
2.12 2.2214746217207826
2.15 2.2264480023280817
2.15 2.2264480023280817
2.15 2.2264480023280817
2.15 2.2264480023280817
2.15 2.2264480023280817
2.15 2.2264480023280817
2.15 2.2264480023280817
2.15 2.2264480023280817
2.15 2.2264480023280817
2.15 2.2264480023280817
2.15 2.2264480023280817
2.15 2.2264480023280817
2.15 2.2264480023280817
2.15 2.2264480023280817
2.15 2.2264480023280817
2.15 2.2264480023280817
2.15 2.2264480023280817
2.15 2.2264480023280817
2.15 2.2264480023280817
2.15 2.2264480023280817
2.15 2.2264480023280817
2.15 2.2264480023280817
2.15 2.2264480023280817
2.21 2.430010184124645
2.21 2.430010184124645
2.21 2.430010184124645
2.21 2.430010184124645
2.21 2.430010184124645
2.21 2.430010184124645
2.21 2.430010184124645
2.21 2.430010184124645
2.21 2.430010184124645
2.21 2.430010184124645
2.21 2.430010184124645
2.21 2.430010184124645
2.21 2.430010184124645
2.21 2.430010184124645
2.21 2.430010184124645
2.21 2.430010184124645
2.21 2.430010184124645
2.21 2.430010184124645
2.21 2.430010184124645
2.21 2.430010184124645
2.21 2.430010184124645
2.21 2.430010184124645
2.21 2.430010184124645
2.21 2.430010184124645
2.21 2.430010184124645
2.21 2.430010184124645
2.21 2.430010184124645
2.21 2.430010184124645
2.21 2.430010184124645
2.21 2.430010184124645
2.21 2.430010184124645
2.21 2.430010184124645
2.21 2.430010184124645
2.21 2.430010184124645
2.21 2.430010184124645
2.21 2.430010184124645
2.21 2.430010184124645
2.21 2.430010184124645
2.21 2.430010184124645
2.22 2.4394899284709313
2.22 2.4394899284709313
2.22 2.4394899284709313
2.22 2.4394899284709313
2.22 2.4394899284709313
2.22 2.4394899284709313
2.22 2.4394899284709313
2.23 2.461234805474025
2.23 2.461234805474025
2.23 2.461234805474025
2.23 2.461234805474025
2.23 2.461234805474025
2.23 2.461234805474025
2.23 2.461234805474025
2.23 2.461234805474025
2.23 2.461234805474025
2.23 2.461234805474025
2.23 2.461234805474025
2.23 2.461234805474025
2.23 2.461234805474025
2.23 2.461234805474025
2.26 2.464372397413043
2.26 2.464372397413043
2.26 2.464372397413043
2.26 2.464372397413043
2.26 2.464372397413043
2.26 2.464372397413043
2.26 2.464372397413043
2.27 2.465335431108471
2.27 2.465335431108471
2.27 2.465335431108471
2.27 2.465335431108471
2.27 2.465335431108471
2.27 2.465335431108471
2.27 2.465335431108471
2.27 2.465335431108471
2.27 2.465335431108471
2.27 2.465335431108471
2.27 2.465335431108471
2.29 2.4548241517798415
2.29 2.4548241517798415
2.29 2.4548241517798415
2.29 2.4548241517798415
2.29 2.4548241517798415
2.29 2.4548241517798415
2.29 2.4548241517798415
2.29 2.4548241517798415
2.29 2.4548241517798415
2.29 2.4548241517798415
2.32 2.4572301068438405
2.32 2.4572301068438405
2.32 2.4572301068438405
2.32 2.4572301068438405
2.32 2.4572301068438405
2.32 2.4572301068438405
2.36 2.5005857899558843
2.36 2.5005857899558843
2.39 2.489959636198746
2.39 2.489959636198746
2.39 2.489959636198746
2.39 2.489959636198746
2.41 2.4948229224017915
2.41 2.4948229224017915
2.41 2.4948229224017915
2.41 2.4948229224017915
2.42 2.5032504122166084
2.42 2.5032504122166084
2.42 2.5032504122166084
2.42 2.5032504122166084
2.42 2.5032504122166084
2.42 2.5032504122166084
2.42 2.5032504122166084
2.42 2.5032504122166084
2.43 2.495470644462429
2.43 2.495470644462429
2.43 2.495470644462429
2.43 2.495470644462429
2.43 2.495470644462429
2.43 2.495470644462429
2.43 2.495470644462429
2.43 2.495470644462429
2.43 2.495470644462429
2.43 2.495470644462429
2.47 2.488174049581359
2.47 2.488174049581359
2.47 2.488174049581359
2.47 2.488174049581359
2.47 2.488174049581359
2.48 2.484212778993202
2.48 2.484212778993202
2.48 2.484212778993202
2.48 2.484212778993202
2.48 2.484212778993202
2.48 2.484212778993202
2.48 2.484212778993202
2.48 2.484212778993202
2.5 2.4802248187442912
2.51 2.492392465487768
2.51 2.492392465487768
2.51 2.492392465487768
2.51 2.492392465487768
2.53 2.4881740495813593
2.53 2.4881740495813593
2.53 2.4881740495813593
2.53 2.4881740495813593
2.53 2.4881740495813593
2.53 2.4881740495813593
2.53 2.4881740495813593
2.53 2.4881740495813593
2.53 2.4881740495813593
2.53 2.4881740495813593
2.53 2.4881740495813593
2.53 2.4881740495813593
2.53 2.4881740495813593
2.53 2.4881740495813593
2.53 2.4881740495813593
2.53 2.4881740495813593
2.53 2.4881740495813593
2.53 2.4881740495813593
2.53 2.4881740495813593
2.53 2.4881740495813593
2.53 2.4881740495813593
2.53 2.4881740495813593
2.53 2.4881740495813593
2.53 2.4881740495813593
2.53 2.4881740495813593
2.53 2.4881740495813593
2.53 2.4881740495813593
2.53 2.4881740495813593
2.53 2.4881740495813593
2.53 2.4881740495813593
2.53 2.4881740495813593
2.53 2.4881740495813593
2.53 2.4881740495813593
2.53 2.4881740495813593
2.53 2.4881740495813593
2.53 2.4881740495813593
2.53 2.4881740495813593
2.54 2.4920884917083193
2.54 2.4920884917083193
2.54 2.4920884917083193
2.55 2.487849259781216
2.55 2.487849259781216
2.55 2.487849259781216
2.55 2.487849259781216
2.55 2.487849259781216
2.55 2.487849259781216
2.57 2.475149214969398
2.57 2.475149214969398
2.57 2.475149214969398
2.57 2.475149214969398
2.57 2.475149214969398
2.57 2.475149214969398
2.57 2.475149214969398
2.57 2.475149214969398
2.57 2.475149214969398
2.57 2.475149214969398
2.57 2.475149214969398
2.57 2.475149214969398
2.57 2.475149214969398
2.57 2.475149214969398
2.57 2.475149214969398
2.57 2.475149214969398
2.57 2.475149214969398
2.57 2.475149214969398
2.57 2.475149214969398
2.57 2.475149214969398
2.57 2.475149214969398
2.57 2.475149214969398
2.57 2.475149214969398
2.57 2.475149214969398
2.57 2.475149214969398
2.57 2.475149214969398
2.57 2.475149214969398
2.57 2.475149214969398
2.57 2.475149214969398
2.57 2.475149214969398
2.57 2.475149214969398
2.57 2.475149214969398
2.57 2.475149214969398
2.57 2.475149214969398
2.57 2.475149214969398
2.57 2.475149214969398
2.57 2.475149214969398
2.57 2.475149214969398
2.57 2.475149214969398
2.57 2.475149214969398
2.57 2.475149214969398
2.57 2.475149214969398
2.57 2.475149214969398
2.57 2.475149214969398
2.57 2.475149214969398
2.57 2.475149214969398
2.57 2.475149214969398
2.57 2.475149214969398
2.58 2.466666666666666
2.58 2.466666666666666
2.58 2.466666666666666
2.61 2.489959636198746
2.61 2.489959636198746
2.66 2.5275052578150707
2.68 2.5539828274341008
2.68 2.5539828274341008
2.69 2.5492918406665175
2.69 2.5492918406665175
2.69 2.5492918406665175
2.69 2.5492918406665175
2.69 2.5492918406665175
2.71 2.567453637715427
2.71 2.567453637715427
2.71 2.567453637715427
2.71 2.567453637715427
2.71 2.567453637715427
2.71 2.567453637715427
2.71 2.567453637715427
2.71 2.567453637715427
2.71 2.567453637715427
2.71 2.567453637715427
2.71 2.567453637715427
2.71 2.567453637715427
2.71 2.567453637715427
2.71 2.567453637715427
2.71 2.567453637715427
2.71 2.567453637715427
2.71 2.567453637715427
2.71 2.567453637715427
2.71 2.567453637715427
2.71 2.567453637715427
2.71 2.567453637715427
2.71 2.567453637715427
2.71 2.567453637715427
2.71 2.567453637715427
2.71 2.567453637715427
2.71 2.567453637715427
2.71 2.567453637715427
2.71 2.567453637715427
2.71 2.567453637715427
2.73 2.569655874456989
2.73 2.569655874456989
2.73 2.569655874456989
2.73 2.569655874456989
2.73 2.569655874456989
2.73 2.569655874456989
2.73 2.569655874456989
2.74 2.56873195144683
2.74 2.56873195144683
2.74 2.56873195144683
2.74 2.56873195144683
2.74 2.56873195144683
2.74 2.56873195144683
2.74 2.56873195144683
2.74 2.56873195144683
2.79 2.5635163665590595
2.79 2.5635163665590595
2.82 2.6184273173341333
2.84 2.604269997949949
2.84 2.604269997949949
2.84 2.604269997949949
2.84 2.604269997949949
2.84 2.604269997949949
2.84 2.604269997949949
2.84 2.604269997949949
2.84 2.604269997949949
2.84 2.604269997949949
2.84 2.604269997949949
2.84 2.604269997949949
2.86 2.6362661075655844
2.86 2.6362661075655844
2.86 2.6362661075655844
2.86 2.6362661075655844
2.86 2.6362661075655844
2.86 2.6362661075655844
2.86 2.6362661075655844
2.86 2.6362661075655844
2.87 2.6348672172474354
2.87 2.6348672172474354
2.87 2.6348672172474354
2.87 2.6348672172474354
2.87 2.6348672172474354
2.87 2.6348672172474354
2.87 2.6348672172474354
2.87 2.6348672172474354
2.87 2.6348672172474354
2.87 2.6348672172474354
2.87 2.6348672172474354
2.89 2.6357871191303994
2.89 2.6357871191303994
2.89 2.6357871191303994
2.89 2.6357871191303994
2.93 2.7423170914945327
2.93 2.7423170914945327
2.93 2.7423170914945327
2.93 2.7423170914945327
2.93 2.7423170914945327
2.93 2.7423170914945327
2.93 2.7423170914945327
2.93 2.7423170914945327
2.93 2.7423170914945327
2.93 2.7423170914945327
2.93 2.7423170914945327
2.93 2.7423170914945327
2.93 2.7423170914945327
2.93 2.7423170914945327
2.93 2.7423170914945327
2.93 2.7423170914945327
2.93 2.7423170914945327
2.93 2.7423170914945327
2.93 2.7423170914945327
2.93 2.7423170914945327
2.93 2.7423170914945327
2.93 2.7423170914945327
2.93 2.7423170914945327
2.93 2.7423170914945327
2.93 2.7423170914945327
2.93 2.7423170914945327
2.93 2.7423170914945327
2.93 2.7423170914945327
2.93 2.7423170914945327
2.93 2.7423170914945327
2.93 2.7423170914945327
2.95 2.7279881216602093
2.95 2.7279881216602093
2.96 2.7447654496764162
2.96 2.7447654496764162
2.96 2.7447654496764162
2.96 2.7447654496764162
2.96 2.7447654496764162
2.96 2.7447654496764162
2.96 2.7447654496764162
2.96 2.7447654496764162
2.96 2.7447654496764162
2.96 2.7447654496764162
2.96 2.7447654496764162
2.96 2.7447654496764162
2.96 2.7447654496764162
2.96 2.7447654496764162
2.96 2.7447654496764162
2.96 2.7447654496764162
2.96 2.7447654496764162
2.96 2.7447654496764162
2.96 2.7447654496764162
2.96 2.7447654496764162
2.96 2.7447654496764162
2.96 2.7447654496764162
2.96 2.7447654496764162
2.97 2.7832652867748098
2.98 2.7742684903530264
2.98 2.7742684903530264
2.98 2.7742684903530264
2.98 2.7742684903530264
2.98 2.7742684903530264
2.98 2.7742684903530264
2.98 2.7742684903530264
2.98 2.7742684903530264
2.98 2.7742684903530264
2.98 2.7742684903530264
2.98 2.7742684903530264
2.98 2.7742684903530264
2.98 2.7742684903530264
2.98 2.7742684903530264
2.99 2.787037092967325
2.99 2.787037092967325
3.03 2.801352487206091
3.04 2.7958121640349263
3.04 2.7958121640349263
3.04 2.7958121640349263
3.04 2.7958121640349263
3.04 2.7958121640349263
3.04 2.7958121640349263
3.09 2.7855870026791383
3.09 2.7855870026791383
3.09 2.7855870026791383
3.09 2.7855870026791383
3.09 2.7855870026791383
3.09 2.7855870026791383
3.09 2.7855870026791383
3.09 2.7855870026791383
3.09 2.7855870026791383
3.09 2.7855870026791383
3.09 2.7855870026791383
3.09 2.7855870026791383
3.09 2.7855870026791383
3.09 2.7855870026791383
3.09 2.7855870026791383
3.09 2.7855870026791383
3.09 2.7855870026791383
3.09 2.7855870026791383
3.09 2.7855870026791383
3.12 2.8007214077877176
3.12 2.8007214077877176
3.12 2.8007214077877176
3.12 2.8007214077877176
3.12 2.8007214077877176
3.12 2.8007214077877176
3.12 2.8007214077877176
3.12 2.8007214077877176
3.12 2.8007214077877176
3.12 2.8007214077877176
3.12 2.8007214077877176
3.12 2.8007214077877176
3.12 2.8007214077877176
3.12 2.8007214077877176
3.12 2.8007214077877176
3.12 2.8007214077877176
3.12 2.8007214077877176
3.14 2.8141776702255257
3.19 2.942873604235334
3.19 2.942873604235334
3.19 2.942873604235334
3.19 2.942873604235334
3.19 2.942873604235334
3.19 2.942873604235334
3.19 2.942873604235334
3.19 2.942873604235334
3.19 2.942873604235334
3.19 2.942873604235334
3.19 2.942873604235334
3.19 2.942873604235334
3.19 2.942873604235334
3.19 2.942873604235334
3.19 2.942873604235334
3.19 2.942873604235334
3.19 2.942873604235334
3.19 2.942873604235334
3.19 2.942873604235334
3.19 2.942873604235334
3.2 2.9814239699997214
3.21 2.979034485306684
3.21 2.979034485306684
3.21 2.979034485306684
3.22 2.969814468918551
3.22 2.969814468918551
3.22 2.969814468918551
3.22 2.969814468918551
3.22 2.969814468918551
3.23 2.9707496588156883
3.23 2.9707496588156883
3.23 2.9707496588156883
3.25 2.962305272123811
3.25 2.962305272123811
3.25 2.962305272123811
3.25 2.962305272123811
3.25 2.962305272123811
3.25 2.962305272123811
3.25 2.962305272123811
3.25 2.962305272123811
3.25 2.962305272123811
3.25 2.962305272123811
3.25 2.962305272123811
3.28 2.944194767382558
3.28 2.944194767382558
3.28 2.944194767382558
3.28 2.944194767382558
3.28 2.944194767382558
3.28 2.944194767382558
3.28 2.944194767382558
3.28 2.944194767382558
3.28 2.944194767382558
3.28 2.944194767382558
3.28 2.944194767382558
3.28 2.944194767382558
3.28 2.944194767382558
3.28 2.944194767382558
3.31 2.936000853218711
3.31 2.936000853218711
3.31 2.936000853218711
3.31 2.936000853218711
3.31 2.936000853218711
3.31 2.936000853218711
3.31 2.936000853218711
3.31 2.936000853218711
3.31 2.936000853218711
3.31 2.936000853218711
3.31 2.936000853218711
3.32 2.9331955890523824
3.32 2.9331955890523824
3.32 2.9331955890523824
3.32 2.9331955890523824
3.32 2.9331955890523824
3.32 2.9331955890523824
3.32 2.9331955890523824
3.32 2.9331955890523824
3.32 2.9331955890523824
3.32 2.9331955890523824
3.32 2.9331955890523824
3.32 2.9331955890523824
3.32 2.9331955890523824
3.32 2.9331955890523824
3.32 2.9331955890523824
3.32 2.9331955890523824
3.32 2.9331955890523824
3.36 2.9559732369860483
3.36 2.9559732369860483
3.36 2.9559732369860483
3.36 2.9559732369860483
3.36 2.9559732369860483
3.36 2.9559732369860483
3.36 2.9559732369860483
3.36 2.9559732369860483
3.36 2.9559732369860483
3.36 2.9559732369860483
3.36 2.9559732369860483
3.36 2.9559732369860483
3.36 2.9559732369860483
3.36 2.9559732369860483
3.36 2.9559732369860483
3.36 2.9559732369860483
3.36 2.9559732369860483
3.36 2.9559732369860483
3.36 2.9559732369860483
3.39 2.977677896711741
3.39 2.977677896711741
3.39 2.977677896711741
3.39 2.977677896711741
3.39 2.977677896711741
3.39 2.977677896711741
3.39 2.977677896711741
3.39 2.977677896711741
3.39 2.977677896711741
3.39 2.977677896711741
3.39 2.977677896711741
3.41 2.968164415931166
3.41 2.968164415931166
3.41 2.968164415931166
3.41 2.968164415931166
3.41 2.968164415931166
3.41 2.968164415931166
3.41 2.968164415931166
3.41 2.968164415931166
3.41 2.968164415931166
3.41 2.968164415931166
3.41 2.968164415931166
3.41 2.968164415931166
3.41 2.968164415931166
3.41 2.968164415931166
3.41 2.968164415931166
3.41 2.968164415931166
3.41 2.968164415931166
3.41 2.968164415931166
3.41 2.968164415931166
3.42 2.968453666762742
3.42 2.968453666762742
3.42 2.968453666762742
3.43 2.958483777651359
3.47 2.9386143920995393
3.47 2.9386143920995393
3.47 2.9386143920995393
3.47 2.9386143920995393
3.47 2.9386143920995393
3.49 2.9421870515765396
3.49 2.9421870515765396
3.49 2.9421870515765396
3.49 2.9421870515765396
3.49 2.9421870515765396
3.49 2.9421870515765396
3.49 2.9421870515765396
3.49 2.9421870515765396
3.49 2.9421870515765396
3.49 2.9421870515765396
3.49 2.9421870515765396
3.49 2.9421870515765396
3.49 2.9421870515765396
3.49 2.9421870515765396
3.49 2.9421870515765396
3.49 2.9421870515765396
3.49 2.9421870515765396
3.49 2.9421870515765396
3.49 2.9421870515765396
3.53 3.016637368014427
3.53 3.016637368014427
3.53 3.016637368014427
3.53 3.016637368014427
3.53 3.016637368014427
3.53 3.016637368014427
3.53 3.016637368014427
3.53 3.016637368014427
3.53 3.016637368014427
3.53 3.016637368014427
3.53 3.016637368014427
3.53 3.016637368014427
3.53 3.016637368014427
3.53 3.016637368014427
3.53 3.016637368014427
3.53 3.016637368014427
3.53 3.016637368014427
3.53 3.016637368014427
3.53 3.016637368014427
3.53 3.016637368014427
3.53 3.016637368014427
3.53 3.016637368014427
3.53 3.016637368014427
3.56 2.9960243016640575
3.56 2.9960243016640575
3.56 2.9960243016640575
3.56 2.9960243016640575
3.56 2.9960243016640575
3.56 2.9960243016640575
3.56 2.9960243016640575
3.56 2.9960243016640575
3.56 2.9960243016640575
3.56 2.9960243016640575
3.56 2.9960243016640575
3.56 2.9960243016640575
3.56 2.9960243016640575
3.56 2.9960243016640575
3.56 2.9960243016640575
3.56 2.9960243016640575
3.56 2.9960243016640575
3.56 2.9960243016640575
3.56 2.9960243016640575
3.56 2.9960243016640575
3.56 2.9960243016640575
3.56 2.9960243016640575
3.56 2.9960243016640575
3.56 2.9960243016640575
3.56 2.9960243016640575
3.56 2.9960243016640575
3.56 2.9960243016640575
3.56 2.9960243016640575
3.56 2.9960243016640575
3.56 2.9960243016640575
3.56 2.9960243016640575
3.56 2.9960243016640575
3.56 2.9960243016640575
3.56 2.9960243016640575
3.56 2.9960243016640575
3.61 3.1104093725177826
3.61 3.1104093725177826
3.61 3.1104093725177826
3.61 3.1104093725177826
3.61 3.1104093725177826
3.68 3.174647041543964
3.68 3.174647041543964
3.68 3.174647041543964
3.68 3.174647041543964
3.68 3.174647041543964
3.68 3.174647041543964
3.68 3.174647041543964
3.68 3.174647041543964
3.68 3.174647041543964
3.68 3.174647041543964
3.7 3.1638743669907328
3.7 3.1638743669907328
3.7 3.1638743669907328
3.7 3.1638743669907328
3.7 3.1638743669907328
3.7 3.1638743669907328
3.7 3.1638743669907328
3.7 3.1638743669907328
3.7 3.1638743669907328
3.7 3.1638743669907328
3.7 3.1638743669907328
3.7 3.1638743669907328
3.7 3.1638743669907328
3.7 3.1638743669907328
3.7 3.1638743669907328
3.7 3.1638743669907328
3.7 3.1638743669907328
3.7 3.1638743669907328
3.7 3.1638743669907328
3.7 3.1638743669907328
3.7 3.1638743669907328
3.7 3.1638743669907328
3.7 3.1638743669907328
3.7 3.1638743669907328
3.7 3.1638743669907328
3.7 3.1638743669907328
3.7 3.1638743669907328
3.7 3.1638743669907328
3.74 3.180178509696485
3.74 3.180178509696485
3.74 3.180178509696485
3.78 3.2210795605438767
3.78 3.2210795605438767
3.78 3.2210795605438767
3.78 3.2210795605438767
3.78 3.2210795605438767
3.78 3.2210795605438767
3.78 3.2210795605438767
3.78 3.2210795605438767
3.78 3.2210795605438767
3.78 3.2210795605438767
3.88 3.5284700664878845
3.88 3.5284700664878845
3.88 3.5284700664878845
3.88 3.5284700664878845
3.88 3.5284700664878845
3.88 3.5284700664878845
3.88 3.5284700664878845
3.88 3.5284700664878845
3.88 3.5284700664878845
3.88 3.5284700664878845
3.88 3.5284700664878845
3.88 3.5284700664878845
3.88 3.5284700664878845
3.89 3.533090328979329
3.9 3.529099807960303
3.9 3.529099807960303
3.9 3.529099807960303
3.9 3.529099807960303
3.93 3.5341194094144583
3.93 3.5341194094144583
3.93 3.5341194094144583
3.94 3.5271529709963074
3.94 3.5271529709963074
3.94 3.5271529709963074
3.96 3.515966467704178
3.96 3.515966467704178
3.96 3.515966467704178
3.96 3.515966467704178
3.96 3.515966467704178
3.96 3.515966467704178
3.96 3.515966467704178
3.96 3.515966467704178
3.96 3.515966467704178
4.0 3.5618630921006336
4.0 3.5618630921006336
4.0 3.5618630921006336
4.02 3.6180802990681484
4.02 3.6180802990681484
4.02 3.6180802990681484
4.02 3.6180802990681484
4.02 3.6180802990681484
4.02 3.6180802990681484
4.06 3.6064476492061606
4.06 3.6064476492061606
4.06 3.6064476492061606
4.06 3.6064476492061606
4.06 3.6064476492061606
4.06 3.6064476492061606
4.06 3.6064476492061606
4.08 3.6450603076581114
4.08 3.6450603076581114
4.08 3.6450603076581114
4.08 3.6450603076581114
4.08 3.6450603076581114
4.11 3.706110160971003
4.11 3.706110160971003
4.13 3.700000000000001
4.13 3.700000000000001
4.13 3.700000000000001
4.13 3.700000000000001
4.13 3.700000000000001
4.13 3.700000000000001
4.13 3.700000000000001
4.13 3.700000000000001
4.13 3.700000000000001
4.13 3.700000000000001
4.13 3.700000000000001
4.13 3.700000000000001
4.14 3.711897334003438
4.14 3.711897334003438
4.14 3.711897334003438
4.14 3.711897334003438
4.14 3.711897334003438
4.15 3.7019650801358788
4.15 3.7019650801358788
4.15 3.7019650801358788
4.17 3.728283922946456
4.17 3.728283922946456
4.17 3.728283922946456
4.17 3.728283922946456
4.17 3.728283922946456
4.17 3.728283922946456
4.17 3.728283922946456
4.17 3.728283922946456
4.17 3.728283922946456
4.17 3.728283922946456
4.17 3.728283922946456
4.17 3.728283922946456
4.17 3.728283922946456
4.17 3.728283922946456
4.17 3.728283922946456
4.17 3.728283922946456
4.17 3.728283922946456
4.17 3.728283922946456
4.17 3.728283922946456
4.17 3.728283922946456
4.17 3.728283922946456
4.17 3.728283922946456
4.17 3.728283922946456
4.17 3.728283922946456
4.19 3.7164526368595365
4.19 3.7164526368595365
4.19 3.7164526368595365
4.19 3.7164526368595365
4.19 3.7164526368595365
4.19 3.7164526368595365
4.19 3.7164526368595365
4.19 3.7164526368595365
4.19 3.7164526368595365
4.19 3.7164526368595365
4.19 3.7164526368595365
4.19 3.7164526368595365
4.19 3.7164526368595365
4.19 3.7164526368595365
4.19 3.7164526368595365
4.2 3.717281509138341
4.2 3.717281509138341
4.2 3.717281509138341
4.2 3.717281509138341
4.2 3.717281509138341
4.2 3.717281509138341
4.2 3.717281509138341
4.2 3.717281509138341
4.2 3.717281509138341
4.2 3.717281509138341
4.2 3.717281509138341
4.2 3.717281509138341
4.22 3.710699789701792
4.22 3.710699789701792
4.22 3.710699789701792
4.22 3.710699789701792
4.22 3.710699789701792
4.22 3.710699789701792
4.22 3.710699789701792
4.22 3.710699789701792
4.22 3.710699789701792
4.22 3.710699789701792
4.22 3.710699789701792
4.22 3.710699789701792
4.22 3.710699789701792
4.22 3.710699789701792
4.22 3.710699789701792
4.22 3.710699789701792
4.22 3.710699789701792
4.22 3.710699789701792
4.22 3.710699789701792
4.22 3.710699789701792
4.22 3.710699789701792
4.22 3.710699789701792
4.23 3.735862238716339
4.23 3.735862238716339
4.23 3.735862238716339
4.23 3.735862238716339
4.23 3.735862238716339
4.23 3.735862238716339
4.23 3.735862238716339
4.23 3.735862238716339
4.23 3.735862238716339
4.23 3.735862238716339
4.23 3.735862238716339
4.23 3.735862238716339
4.23 3.735862238716339
4.23 3.735862238716339
4.25 3.7453675090407055
4.25 3.7453675090407055
4.25 3.7453675090407055
4.26 3.7379300705231535
4.26 3.7379300705231535
4.26 3.7379300705231535
4.26 3.7379300705231535
4.26 3.7379300705231535
4.26 3.7379300705231535
4.26 3.7379300705231535
4.27 3.7439648405497525
4.3 3.7403073389628014
4.3 3.7403073389628014
4.3 3.7403073389628014
4.3 3.7403073389628014
4.3 3.7403073389628014
4.3 3.7403073389628014
4.3 3.7403073389628014
4.3 3.7403073389628014
4.32 3.7278097666814567
4.32 3.7278097666814567
4.32 3.7278097666814567
4.32 3.7278097666814567
4.32 3.7278097666814567
4.32 3.7278097666814567
4.32 3.7278097666814567
4.33 3.7336985752073044
4.33 3.7336985752073044
4.33 3.7336985752073044
4.33 3.7336985752073044
4.34 3.73414493342698
4.34 3.73414493342698
4.34 3.73414493342698
4.34 3.73414493342698
4.34 3.73414493342698
4.34 3.73414493342698
4.34 3.73414493342698
4.34 3.73414493342698
4.34 3.73414493342698
4.34 3.73414493342698
4.34 3.73414493342698
4.34 3.73414493342698
4.34 3.73414493342698
4.35 3.731858474911351
4.35 3.731858474911351
4.35 3.731858474911351
4.35 3.731858474911351
4.35 3.731858474911351
4.35 3.731858474911351
4.35 3.731858474911351
4.36 3.724122837540528
4.36 3.724122837540528
4.36 3.724122837540528
4.36 3.724122837540528
4.36 3.724122837540528
4.36 3.724122837540528
4.39 3.765593840245781
4.39 3.765593840245781
4.39 3.765593840245781
4.39 3.765593840245781
4.39 3.765593840245781
4.39 3.765593840245781
4.39 3.765593840245781
4.39 3.765593840245781
4.39 3.765593840245781
4.39 3.765593840245781
4.39 3.765593840245781
4.39 3.765593840245781
4.39 3.765593840245781
4.39 3.765593840245781
4.39 3.765593840245781
4.39 3.765593840245781
4.39 3.765593840245781
4.39 3.765593840245781
4.39 3.765593840245781
4.39 3.765593840245781
4.39 3.765593840245781
4.39 3.765593840245781
4.39 3.765593840245781
4.39 3.765593840245781
4.39 3.765593840245781
4.39 3.765593840245781
4.39 3.765593840245781
4.39 3.765593840245781
4.39 3.765593840245781
4.39 3.765593840245781
4.39 3.765593840245781
4.39 3.765593840245781
4.46 3.7562607669722494
4.46 3.7562607669722494
4.46 3.7562607669722494
4.46 3.7562607669722494
4.46 3.7562607669722494
4.46 3.7562607669722494
4.46 3.7562607669722494
4.46 3.7562607669722494
4.46 3.7562607669722494
4.46 3.7562607669722494
4.46 3.7562607669722494
4.46 3.7562607669722494
4.46 3.7562607669722494
4.48 3.737551729313311
4.48 3.737551729313311
4.48 3.737551729313311
4.48 3.737551729313311
4.48 3.737551729313311
4.48 3.737551729313311
4.48 3.737551729313311
4.48 3.737551729313311
4.48 3.737551729313311
4.48 3.737551729313311
4.49 3.740293836023847
4.49 3.740293836023847
4.49 3.740293836023847
4.49 3.740293836023847
4.49 3.740293836023847
4.5 3.734902267730034
4.5 3.734902267730034
4.5 3.734902267730034
4.5 3.734902267730034
4.51 3.7564624450418895
4.51 3.7564624450418895
4.51 3.7564624450418895
4.51 3.7564624450418895
4.51 3.7564624450418895
4.51 3.7564624450418895
4.54 3.7562607669722485
4.54 3.7562607669722485
4.54 3.7562607669722485
4.54 3.7562607669722485
4.54 3.7562607669722485
4.54 3.7562607669722485
4.54 3.7562607669722485
4.54 3.7562607669722485
4.54 3.7562607669722485
4.54 3.7562607669722485
4.54 3.7562607669722485
4.54 3.7562607669722485
4.54 3.7562607669722485
4.54 3.7562607669722485
4.54 3.7562607669722485
4.54 3.7562607669722485
4.54 3.7562607669722485
4.54 3.7562607669722485
4.54 3.7562607669722485
4.54 3.7562607669722485
4.54 3.7562607669722485
4.54 3.7562607669722485
4.54 3.7562607669722485
4.54 3.7562607669722485
4.57 3.7396456376172194
4.57 3.7396456376172194
4.57 3.7396456376172194
4.6 3.7308433254683733
4.6 3.7308433254683733
4.6 3.7308433254683733
4.6 3.7308433254683733
4.61 3.7467696524183114
4.61 3.7467696524183114
4.61 3.7467696524183114
4.61 3.7467696524183114
4.61 3.7467696524183114
4.62 3.7545393401275806
4.62 3.7545393401275806
4.62 3.7545393401275806
4.62 3.7545393401275806
4.62 3.7545393401275806
4.62 3.7545393401275806
4.62 3.7545393401275806
4.62 3.7545393401275806
4.62 3.7545393401275806
4.62 3.7545393401275806
4.62 3.7545393401275806
4.62 3.7545393401275806
4.62 3.7545393401275806
4.62 3.7545393401275806
4.62 3.7545393401275806
4.62 3.7545393401275806
4.62 3.7545393401275806
4.62 3.7545393401275806
4.62 3.7545393401275806
4.62 3.7545393401275806
4.62 3.7545393401275806
4.63 3.7434252127206062
4.63 3.7434252127206062
4.63 3.7434252127206062
4.63 3.7434252127206062
4.63 3.7434252127206062
4.63 3.7434252127206062
4.63 3.7434252127206062
4.63 3.7434252127206062
4.63 3.7434252127206062
4.63 3.7434252127206062
4.63 3.7434252127206062
4.63 3.7434252127206062
4.63 3.7434252127206062
4.63 3.7434252127206062
4.63 3.7434252127206062
4.63 3.7434252127206062
4.63 3.7434252127206062
4.63 3.7434252127206062
4.63 3.7434252127206062
4.63 3.7434252127206062
4.63 3.7434252127206062
4.63 3.7434252127206062
4.63 3.7434252127206062
4.66 3.7664655349893517
4.66 3.7664655349893517
4.66 3.7664655349893517
4.66 3.7664655349893517
4.66 3.7664655349893517
4.66 3.7664655349893517
4.66 3.7664655349893517
4.66 3.7664655349893517
4.66 3.7664655349893517
4.66 3.7664655349893517
4.66 3.7664655349893517
4.67 3.768704195493634
4.67 3.768704195493634
4.67 3.768704195493634
4.68 3.757497555393466
4.68 3.757497555393466
4.68 3.757497555393466
4.68 3.757497555393466
4.68 3.757497555393466
4.68 3.757497555393466
4.68 3.757497555393466
4.68 3.757497555393466
4.68 3.757497555393466
4.68 3.757497555393466
4.72 3.824641001176292
4.72 3.824641001176292
4.72 3.824641001176292
4.72 3.824641001176292
4.72 3.824641001176292
4.72 3.824641001176292
4.72 3.824641001176292
4.72 3.824641001176292
4.72 3.824641001176292
4.72 3.824641001176292
4.72 3.824641001176292
4.72 3.824641001176292
4.72 3.824641001176292
4.72 3.824641001176292
4.72 3.824641001176292
4.74 3.852376939086839
4.74 3.852376939086839
4.74 3.852376939086839
4.74 3.852376939086839
4.74 3.852376939086839
4.74 3.852376939086839
4.75 3.8464859996436416
4.75 3.8464859996436416
4.75 3.8464859996436416
4.75 3.8464859996436416
4.75 3.8464859996436416
4.75 3.8464859996436416
4.75 3.8464859996436416
4.75 3.8464859996436416
4.75 3.8464859996436416
4.75 3.8464859996436416
4.75 3.8464859996436416
4.75 3.8464859996436416
4.75 3.8464859996436416
4.75 3.8464859996436416
4.75 3.8464859996436416
4.75 3.8464859996436416
4.75 3.8464859996436416
4.75 3.8464859996436416
4.75 3.8464859996436416
4.75 3.8464859996436416
4.75 3.8464859996436416
4.78 3.8522720568516444
4.78 3.8522720568516444
4.78 3.8522720568516444
4.78 3.8522720568516444
4.78 3.8522720568516444
4.79 3.8489011943722855
4.79 3.8489011943722855
4.79 3.8489011943722855
4.79 3.8489011943722855
4.79 3.8489011943722855
4.79 3.8489011943722855
4.8 3.842873503991092
4.8 3.842873503991092
4.8 3.842873503991092
4.8 3.842873503991092
4.8 3.842873503991092
4.8 3.842873503991092
4.8 3.842873503991092
4.8 3.842873503991092
4.8 3.842873503991092
4.8 3.842873503991092
4.8 3.842873503991092
4.8 3.842873503991092
4.8 3.842873503991092
4.81 3.834176455369405
4.81 3.834176455369405
4.81 3.834176455369405
4.81 3.834176455369405
4.81 3.834176455369405
4.81 3.834176455369405
4.81 3.834176455369405
4.81 3.834176455369405
4.81 3.834176455369405
4.81 3.834176455369405
4.81 3.834176455369405
4.81 3.834176455369405
4.81 3.834176455369405
4.81 3.834176455369405
4.81 3.834176455369405
4.81 3.834176455369405
4.81 3.834176455369405
4.81 3.834176455369405
4.81 3.834176455369405
4.82 3.8307105652011133
4.82 3.8307105652011133
4.82 3.8307105652011133
4.82 3.8307105652011133
4.82 3.8307105652011133
4.82 3.8307105652011133
4.82 3.8307105652011133
4.82 3.8307105652011133
4.82 3.8307105652011133
4.82 3.8307105652011133
4.82 3.8307105652011133
4.82 3.8307105652011133
4.82 3.8307105652011133
4.83 3.8535173490716184
4.83 3.8535173490716184
4.83 3.8535173490716184
4.83 3.8535173490716184
4.83 3.8535173490716184
4.83 3.8535173490716184
4.83 3.8535173490716184
4.83 3.8535173490716184
4.83 3.8535173490716184
4.83 3.8535173490716184
4.83 3.8535173490716184
4.83 3.8535173490716184
4.83 3.8535173490716184
4.83 3.8535173490716184
4.83 3.8535173490716184
4.83 3.8535173490716184
4.83 3.8535173490716184
4.83 3.8535173490716184
4.83 3.8535173490716184
4.83 3.8535173490716184
4.83 3.8535173490716184
4.83 3.8535173490716184
4.83 3.8535173490716184
4.83 3.8535173490716184
4.83 3.8535173490716184
4.83 3.8535173490716184
4.83 3.8535173490716184
4.83 3.8535173490716184
4.83 3.8535173490716184
4.83 3.8535173490716184
4.83 3.8535173490716184
4.83 3.8535173490716184
4.83 3.8535173490716184
4.84 3.8526391321830658
4.84 3.8526391321830658
4.84 3.8526391321830658
4.84 3.8526391321830658
4.84 3.8526391321830658
4.84 3.8526391321830658
4.84 3.8526391321830658
4.84 3.8526391321830658
4.84 3.8526391321830658
4.84 3.8526391321830658
4.85 3.8517344905715634
4.85 3.8517344905715634
4.85 3.8517344905715634
4.85 3.8517344905715634
4.85 3.8517344905715634
4.85 3.8517344905715634
4.85 3.8517344905715634
4.85 3.8517344905715634
4.85 3.8517344905715634
4.85 3.8517344905715634
4.85 3.8517344905715634
4.85 3.8517344905715634
4.85 3.8517344905715634
4.85 3.8517344905715634
4.85 3.8517344905715634
4.85 3.8517344905715634
4.85 3.8517344905715634
4.85 3.8517344905715634
4.85 3.8517344905715634
4.85 3.8517344905715634
4.85 3.8517344905715634
4.85 3.8517344905715634
4.85 3.8517344905715634
4.85 3.8517344905715634
4.85 3.8517344905715634
4.85 3.8517344905715634
4.85 3.8517344905715634
4.85 3.8517344905715634
4.85 3.8517344905715634
4.85 3.8517344905715634
4.85 3.8517344905715634
4.85 3.8517344905715634
4.85 3.8517344905715634
4.85 3.8517344905715634
4.85 3.8517344905715634
4.85 3.8517344905715634
4.85 3.8517344905715634
4.85 3.8517344905715634
4.85 3.8517344905715634
4.85 3.8517344905715634
4.85 3.8517344905715634
4.85 3.8517344905715634
4.85 3.8517344905715634
4.85 3.8517344905715634
4.85 3.8517344905715634
4.85 3.8517344905715634
4.85 3.8517344905715634
4.85 3.8517344905715634
4.85 3.8517344905715634
4.85 3.8517344905715634
4.85 3.8517344905715634
4.85 3.8517344905715634
4.85 3.8517344905715634
4.85 3.8517344905715634
4.85 3.8517344905715634
4.94 4.0272305445039835
4.94 4.0272305445039835
4.94 4.0272305445039835
4.94 4.0272305445039835
4.94 4.0272305445039835
4.94 4.0272305445039835
4.94 4.0272305445039835
4.94 4.0272305445039835
4.94 4.0272305445039835
4.94 4.0272305445039835
4.94 4.0272305445039835
4.94 4.0272305445039835
4.95 4.053617912657554
4.95 4.053617912657554
4.95 4.053617912657554
4.95 4.053617912657554
4.97 4.048830732820318
4.97 4.048830732820318
4.97 4.048830732820318
4.97 4.048830732820318
4.97 4.048830732820318
4.97 4.048830732820318
4.98 4.060103994289363
4.98 4.060103994289363
4.98 4.060103994289363
4.98 4.060103994289363
4.98 4.060103994289363
4.98 4.060103994289363
4.98 4.060103994289363
4.98 4.060103994289363
4.98 4.060103994289363
4.98 4.060103994289363
5.0 4.065126384905213
5.0 4.065126384905213
5.0 4.065126384905213
5.0 4.065126384905213
5.0 4.065126384905213
5.0 4.065126384905213
5.0 4.065126384905213
5.01 4.05889719808798
5.01 4.05889719808798
5.01 4.05889719808798
5.01 4.05889719808798
5.01 4.05889719808798
5.01 4.05889719808798
5.02 4.060103994289365
5.04 4.052483962044298
5.04 4.052483962044298
5.04 4.052483962044298
5.04 4.052483962044298
5.04 4.052483962044298
5.05 4.048631144154052
5.05 4.048631144154052
5.05 4.048631144154052
5.05 4.048631144154052
5.05 4.048631144154052
5.05 4.048631144154052
5.05 4.048631144154052
5.05 4.048631144154052
5.05 4.048631144154052
5.05 4.048631144154052
5.05 4.048631144154052
5.05 4.048631144154052
5.05 4.048631144154052
5.05 4.048631144154052
5.05 4.048631144154052
5.06 4.057217038933225
5.06 4.057217038933225
5.06 4.057217038933225
5.06 4.057217038933225
5.06 4.057217038933225
5.06 4.057217038933225
5.06 4.057217038933225
5.06 4.057217038933225
5.06 4.057217038933225
5.06 4.057217038933225
5.06 4.057217038933225
5.06 4.057217038933225
5.06 4.057217038933225
5.06 4.057217038933225
5.06 4.057217038933225
5.06 4.057217038933225
5.06 4.057217038933225
5.06 4.057217038933225
5.06 4.057217038933225
5.06 4.057217038933225
5.06 4.057217038933225
5.06 4.057217038933225
5.06 4.057217038933225
5.06 4.057217038933225
5.06 4.057217038933225
5.06 4.057217038933225
5.06 4.057217038933225
5.06 4.057217038933225
5.06 4.057217038933225
5.06 4.057217038933225
5.06 4.057217038933225
5.06 4.057217038933225
5.06 4.057217038933225
5.06 4.057217038933225
5.06 4.057217038933225
5.06 4.057217038933225
5.06 4.057217038933225
5.06 4.057217038933225
5.09 4.060390089236216
5.13 4.069236644468701
5.13 4.069236644468701
5.13 4.069236644468701
5.13 4.069236644468701
5.13 4.069236644468701
5.13 4.069236644468701
5.13 4.069236644468701
5.13 4.069236644468701
5.13 4.069236644468701
5.13 4.069236644468701
5.13 4.069236644468701
5.13 4.069236644468701
5.13 4.069236644468701
5.13 4.069236644468701
5.13 4.069236644468701
5.13 4.069236644468701
5.13 4.069236644468701
5.13 4.069236644468701
5.13 4.069236644468701
5.13 4.069236644468701
5.13 4.069236644468701
5.13 4.069236644468701
5.13 4.069236644468701
5.13 4.069236644468701
5.13 4.069236644468701
5.13 4.069236644468701
5.15 4.083410636250341
5.15 4.083410636250341
5.15 4.083410636250341
5.15 4.083410636250341
5.15 4.083410636250341
5.15 4.083410636250341
5.15 4.083410636250341
5.15 4.083410636250341
5.15 4.083410636250341
5.17 4.067747000068424
5.19 4.066852951520736
5.19 4.066852951520736
5.19 4.066852951520736
5.19 4.066852951520736
5.19 4.066852951520736
5.19 4.066852951520736
5.19 4.066852951520736
5.19 4.066852951520736
5.19 4.066852951520736
5.19 4.066852951520736
5.19 4.066852951520736
5.19 4.066852951520736
5.19 4.066852951520736
5.19 4.066852951520736
5.19 4.066852951520736
5.19 4.066852951520736
5.19 4.066852951520736
5.19 4.066852951520736
5.19 4.066852951520736
5.19 4.066852951520736
5.19 4.066852951520736
5.19 4.066852951520736
5.19 4.066852951520736
5.19 4.066852951520736
5.19 4.066852951520736
5.19 4.066852951520736
5.19 4.066852951520736
5.19 4.066852951520736
5.19 4.066852951520736
5.19 4.066852951520736
5.19 4.066852951520736
5.19 4.066852951520736
5.19 4.066852951520736
5.19 4.066852951520736
5.19 4.066852951520736
5.19 4.066852951520736
5.19 4.066852951520736
5.19 4.066852951520736
5.19 4.066852951520736
5.19 4.066852951520736
5.19 4.066852951520736
5.19 4.066852951520736
5.19 4.066852951520736
5.19 4.066852951520736
5.19 4.066852951520736
5.19 4.066852951520736
5.19 4.066852951520736
5.19 4.066852951520736
5.19 4.066852951520736
5.19 4.066852951520736
5.19 4.066852951520736
5.19 4.066852951520736
5.19 4.066852951520736
5.19 4.066852951520736
5.19 4.066852951520736
5.19 4.066852951520736
5.19 4.066852951520736
5.19 4.066852951520736
5.19 4.066852951520736
5.19 4.066852951520736
5.19 4.066852951520736
5.19 4.066852951520736
5.19 4.066852951520736
5.19 4.066852951520736
5.19 4.066852951520736
5.19 4.066852951520736
5.19 4.066852951520736
5.19 4.066852951520736
5.19 4.066852951520736
5.19 4.066852951520736
5.23 4.054813824519585
5.23 4.054813824519585
5.23 4.054813824519585
5.23 4.054813824519585
5.23 4.054813824519585
5.24 4.060452281122477
5.24 4.060452281122477
5.26 4.074111417031185
5.26 4.074111417031185
5.26 4.074111417031185
5.26 4.074111417031185
5.26 4.074111417031185
5.26 4.074111417031185
5.26 4.074111417031185
5.31 4.150441135127883
5.31 4.150441135127883
5.31 4.150441135127883
5.31 4.150441135127883
5.31 4.150441135127883
5.31 4.150441135127883
5.31 4.150441135127883
5.31 4.150441135127883
5.31 4.150441135127883
5.31 4.150441135127883
5.31 4.150441135127883
5.31 4.150441135127883
5.31 4.150441135127883
5.31 4.150441135127883
5.34 4.122419609203244
5.34 4.122419609203244
5.34 4.122419609203244
5.34 4.122419609203244
5.34 4.122419609203244
5.34 4.122419609203244
5.34 4.122419609203244
5.34 4.122419609203244
5.34 4.122419609203244
5.34 4.122419609203244
5.34 4.122419609203244
5.36 4.1157985834826745
5.38 4.118889719967326
5.38 4.118889719967326
5.4 4.151183353252808
5.4 4.151183353252808
5.4 4.151183353252808
5.4 4.151183353252808
5.4 4.151183353252808
5.4 4.151183353252808
5.4 4.151183353252808
5.4 4.151183353252808
5.44 4.176219352573339
5.44 4.176219352573339
5.44 4.176219352573339
5.44 4.176219352573339
5.44 4.176219352573339
5.44 4.176219352573339
5.44 4.176219352573339
5.44 4.176219352573339
5.44 4.176219352573339
5.44 4.176219352573339
5.44 4.176219352573339
5.44 4.176219352573339
5.44 4.176219352573339
5.44 4.176219352573339
5.45 4.173933057886432
5.45 4.173933057886432
5.45 4.173933057886432
5.45 4.173933057886432
5.48 4.253293435739539
5.48 4.253293435739539
5.48 4.253293435739539
5.48 4.253293435739539
5.48 4.253293435739539
5.48 4.253293435739539
5.48 4.253293435739539
5.48 4.253293435739539
5.48 4.253293435739539
5.48 4.253293435739539
5.48 4.253293435739539
5.48 4.253293435739539
5.48 4.253293435739539
5.48 4.253293435739539
5.48 4.253293435739539
5.48 4.253293435739539
5.48 4.253293435739539
5.48 4.253293435739539
5.48 4.253293435739539
5.48 4.253293435739539
5.48 4.253293435739539
5.48 4.253293435739539
5.49 4.258076105615319
5.51 4.250953547218089
5.51 4.250953547218089
5.51 4.250953547218089
5.51 4.250953547218089
5.51 4.250953547218089
5.51 4.250953547218089
5.51 4.250953547218089
5.53 4.238960707389002
5.56 4.238639003980007
5.56 4.238639003980007
5.56 4.238639003980007
5.56 4.238639003980007
5.56 4.238639003980007
5.56 4.238639003980007
5.56 4.238639003980007
5.56 4.238639003980007
5.56 4.238639003980007
5.56 4.238639003980007
5.56 4.238639003980007
5.56 4.238639003980007
5.56 4.238639003980007
5.56 4.238639003980007
5.56 4.238639003980007
5.56 4.238639003980007
5.56 4.238639003980007
5.56 4.238639003980007
5.56 4.238639003980007
5.56 4.238639003980007
5.56 4.238639003980007
5.56 4.238639003980007
5.56 4.238639003980007
5.56 4.238639003980007
5.56 4.238639003980007
5.56 4.238639003980007
5.56 4.238639003980007
5.56 4.238639003980007
5.56 4.238639003980007
5.56 4.238639003980007
5.56 4.238639003980007
5.56 4.238639003980007
5.56 4.238639003980007
5.56 4.238639003980007
5.56 4.238639003980007
5.56 4.238639003980007
5.56 4.238639003980007
5.56 4.238639003980007
5.56 4.238639003980007
5.57 4.233715086580984
5.57 4.233715086580984
5.57 4.233715086580984
5.57 4.233715086580984
5.57 4.233715086580984
5.57 4.233715086580984
5.57 4.233715086580984
5.58 4.223981557964026
5.58 4.223981557964026
5.58 4.223981557964026
5.58 4.223981557964026
5.58 4.223981557964026
5.59 4.216597795580812
5.59 4.216597795580812
5.59 4.216597795580812
5.59 4.216597795580812
5.59 4.216597795580812
5.6 4.211576158325258
5.6 4.211576158325258
5.6 4.211576158325258
5.6 4.211576158325258
5.6 4.211576158325258
5.6 4.211576158325258
5.6 4.211576158325258
5.6 4.211576158325258
5.6 4.211576158325258
5.6 4.211576158325258
5.6 4.211576158325258
5.6 4.211576158325258
5.6 4.211576158325258
5.6 4.211576158325258
5.6 4.211576158325258
5.6 4.211576158325258
5.6 4.211576158325258
5.6 4.211576158325258
5.61 4.206524513758181
5.61 4.206524513758181
5.61 4.206524513758181
5.61 4.206524513758181
5.61 4.206524513758181
5.61 4.206524513758181
5.61 4.206524513758181
5.61 4.206524513758181
5.61 4.206524513758181
5.61 4.206524513758181
5.61 4.206524513758181
5.61 4.206524513758181
5.61 4.206524513758181
5.61 4.206524513758181
5.61 4.206524513758181
5.61 4.206524513758181
5.61 4.206524513758181
5.61 4.206524513758181
5.61 4.206524513758181
5.61 4.206524513758181
5.61 4.206524513758181
5.63 4.251333718239297
5.63 4.251333718239297
5.63 4.251333718239297
5.63 4.251333718239297
5.63 4.251333718239297
5.63 4.251333718239297
5.63 4.251333718239297
5.63 4.251333718239297
5.63 4.251333718239297
5.63 4.251333718239297
5.63 4.251333718239297
5.63 4.251333718239297
5.63 4.251333718239297
5.63 4.251333718239297
5.63 4.251333718239297
5.63 4.251333718239297
5.66 4.2787234950946225
5.66 4.2787234950946225
5.66 4.2787234950946225
5.66 4.2787234950946225
5.66 4.2787234950946225
5.66 4.2787234950946225
5.66 4.2787234950946225
5.66 4.2787234950946225
5.67 4.275972333158786
5.67 4.275972333158786
5.67 4.275972333158786
5.67 4.275972333158786
5.67 4.275972333158786
5.67 4.275972333158786
5.67 4.275972333158786
5.67 4.275972333158786
5.69 4.293982164411355
5.69 4.293982164411355
5.69 4.293982164411355
5.69 4.293982164411355
5.69 4.293982164411355
5.69 4.293982164411355
5.69 4.293982164411355
5.69 4.293982164411355
5.69 4.293982164411355
5.69 4.293982164411355
5.69 4.293982164411355
5.69 4.293982164411355
5.69 4.293982164411355
5.69 4.293982164411355
5.69 4.293982164411355
5.7 4.307615994440029
