104.2725 10.09743489651515
106.515 10.262378892131068
108.385 10.354989486188481
110.225 10.57114285811419
111.7325 10.670321619066488
113.175 10.61084881811067
114.7125 10.821447380284013
116.0175 10.79445895727181
117.1975 10.945810029253005
118.385 11.035579051697198
119.4275 11.088324148198392
120.575 11.165357428588427
121.52 11.13978089542147
122.5025 11.192814329549547
123.555 11.240993056938184
124.595 11.371350382073793
125.6125 11.520014416883607
126.61 11.535346994688107
127.605 11.507367178213162
128.5125 11.636219134438841
129.2825 11.526329167610125
130.3025 11.614737250654978
131.11 11.626989447165831
132.01 11.776385441534433
132.9325 11.90809376522548
133.79 11.94044042935851
134.64 11.89315807560229
135.445 11.897432964254255
136.2275 11.956250819846662
137.0125 12.131108708527936
137.8075 12.196059756822699
138.59 12.429199743258732
139.4325 12.584152528819168
140.2825 12.743162047691198
140.9975 12.9715195389336
141.705 13.028244084676652
142.3675 13.278567098155786
142.8925 13.371684493089434
143.5425 13.40672850517659
144.22 13.730158285984823
144.865 13.798905291146918
145.515 13.915344804433817
146.135 13.995235198463991
146.735 14.128315066145023
147.415 14.331591612507129
148.0525 14.61263683234455
148.805 14.934549741119172
149.3925 15.12752445859227
150.06 15.357122175130238
150.635 15.408879484203196
151.215 15.591588984411533
151.8175 15.735666740233787
152.36 15.784544332978049
152.935 15.897537218450358
153.45 16.075152041005005
153.99 16.324307144705816
154.4975 16.58949993625994
154.92 16.830855507709686
155.5575 16.961981894437752
156.0025 17.073352569426703
156.465 17.392869656661535
156.9875 17.598778082227337
157.43 17.700755518689487
157.8575 17.82615798863555
158.295 17.84351321081784
158.7825 17.98797244524418
159.305 18.179386337539306
159.6725 18.329694920943677
160.0425 18.607686617405307
160.51 18.64173524289202
160.8375 18.706175317090903
161.2725 18.782617686545937
161.64 18.850054527629812
162.0125 18.980916409242983
162.415 19.16499141977765
162.7875 19.370954703050465
163.1125 19.50366208673369
163.5625 19.682933370882584
163.91 19.79954361618625
164.31 20.078790982256272
164.5475 20.10249690280186
164.9725 20.217571107253367
165.3 20.260629713695863
165.6525 20.3630194089509
166.0225 20.537081301525824
166.3675 20.642979666508644
166.725 20.80926853763336
167.0125 20.9216870731661
167.4375 20.966117101955625
167.9025 21.122338536050858
168.2975 21.534301740230617
168.5925 21.570014502940662
168.9675 21.94289878888098
169.22 21.965762413310355
169.5425 22.072487107457704
169.7775 22.05206023142882
170.0975 22.168667213152656
170.41 22.298058306841853
170.5525 22.279591985128004
170.8225 22.434518677372076
171.1675 22.574520037947206
171.41 22.619271413976257
171.725 22.697099438113845
171.98 22.819520440654042
172.2025 22.930574738158636
172.4325 22.983216246563376
172.6925 23.1405444998532
173.0375 23.198303717496447
173.385 23.33993821531814
173.6 23.40009520428198
173.88 23.48115853205522
174.2 23.62769211737562
174.4175 23.696045492127084
174.6325 23.806162236920144
174.965 24.05060944692381
175.2425 24.264318250781706
175.5275 24.436410670515283
175.775 24.578537499860282
176.0275 24.663426353598453
176.2725 24.739357075025342
176.5775 24.811509577399484
176.905 24.974198951449537
177.2 25.12945207723656
177.47 25.266917528692606
177.74 25.37690651419687
177.945 25.486642308672437
178.1775 25.711083573493237
178.4325 25.914037999833607
178.6875 26.19083415036384
178.9125 26.301084151312445
179.15 26.479500655104502
179.31 26.498898836544836
179.455 26.547955993999313
179.6975 26.606735833989
179.9625 26.710961009435053
180.2175 26.981432335285305
180.4175 27.174137261740242
180.58 27.23712404343927
180.775 27.39977754950221
181.0725 27.798933786200543
181.27 27.924573896195916
181.445 28.00057169092752
181.5875 28.012063264965924
181.7175 28.087030732514496
182.0 28.27223282544501
182.2 28.404903594013977
182.4175 28.504847862944516
182.6475 28.605569247787876
182.84 28.818440765596602
183.0175 29.000016291912043
183.2225 29.086388848915878
183.445 29.287098570502813
183.6875 29.55705276173438
183.8375 29.674894151936986
183.9675 29.751981770532435
184.05 29.76533165800249
184.27 29.96096083184682
184.4625 30.064446318126702
184.565 30.123829128311172
184.7025 30.199528276699386
184.8 30.266401649949103
184.9875 30.395801102386113
185.1425 30.471303207262658
185.2375 30.48467217795269
185.4 30.648558982595574
185.6325 30.841837939061396
185.7375 30.876492530543885
185.9225 30.976901948353333
186.0625 31.11995594988694
186.2725 31.183268575452644
186.385 31.25528581078555
186.66 31.456816656214247
186.825 31.51461309532741
186.9075 31.580977524876957
187.15 31.78364753002548
187.2525 31.809291607023813
187.325 31.848269424439057
187.49 31.980436760921112
187.6975 32.21569194133619
187.8175 32.39001520694894
187.935 32.40213183857823
188.1075 32.50175223927595
188.28 32.62195334126616
188.415 32.742141573108675
188.485 32.8051825174011
188.6 32.89715456499383
188.7 32.951741556243775
188.87 33.00082450519273
189.07 33.14390212105025
189.1575 33.22416289389392
189.275 33.27955507488766
189.4075 33.4989054236213
189.5475 33.61625811660483
189.665 33.65298544388905
189.72 33.683821781565484
189.9 33.82928503023784
190.0475 33.90235177048136
190.1625 33.961748249762245
190.2425 33.987941522857795
190.3675 34.122652124138604
190.5725 34.33308454855566
190.615 34.36638015715915
190.7775 34.57520498492653
190.89 34.584143457998294
191.105 34.78234090812193
191.31 34.970739064801336
191.455 35.08820246807393
191.695 35.32600859996079
191.8525 35.35995123638182
191.875 35.376386699603735
191.9775 35.37228423306632
192.075 35.44156466117201
192.1325 35.46702455857836
192.335 35.792585285947354
192.4875 35.96448454984676
192.62 36.03954996183795
192.75 36.09870351542238
192.895 36.1739501345294
192.9675 36.20687249362626
193.075 36.33751358605894
193.245 36.51049500221316
193.325 36.5715219846719
193.42 36.72000883457155
193.595 36.98886582803065
193.7125 37.09005168056642
193.83 37.25004103281206
193.92 37.403641406795
194.035 37.464426514596255
194.155 37.6704101351404
194.2275 37.64577997182565
194.3475 37.68247875679846
194.44 37.73481542778779
194.5375 37.74369917329395
194.725 37.811923409685605
194.985 38.230704393825356
195.0475 38.25358695460617
195.2225 38.432106073197765
195.33 38.50980207778385
195.49 38.59730677278714
195.5875 38.678092472310794
195.68 38.781278788619176
195.8225 38.994027253565534
195.88 39.05037470634412
195.96 39.136210262263695
196.0125 39.18269960946868
196.135 39.310092587324576
196.21 39.32058666487043
196.3825 39.46879686736978
196.4525 39.52876671485583
196.6225 39.785752806852955
196.7125 39.851882759153455
196.7525 39.90663375959605
196.805 39.951309226183156
196.875 39.967626135707064
196.915 39.988518690166465
197.0375 40.11645867434861
197.1275 40.16254512962431
197.235 40.276202534663845
197.3025 40.34840127696523
197.3675 40.412205788856696
197.47 40.60628261408172
197.5875 40.73695150317736
197.735 40.87025504182696
197.805 40.83008504529486
197.9525 40.99528644415475
198.05 41.079031860222905
198.1125 41.19069294429913
198.235 41.30226533014568
198.325 41.40153359151873
198.5025 41.65995599694124
198.6225 41.765391518107734
198.7175 41.878783224389856
198.75 41.88436910673642
198.86 41.98349279280909
198.98 42.067108910229166
199.03 42.06281850846536
199.095 42.07985703350174
199.1825 42.17392551971156
199.2725 42.285941751807975
199.3125 42.30069774882617
199.3875 42.34455301703821
199.455 42.38819321054587
199.5925 42.49760583700377
199.655 42.61056853279905
199.82 42.740273908425166
199.8875 42.80832903821167
199.985 42.869534885237535
200.07 42.96443329266898
200.2 43.03039063438394
200.4125 43.38845516150158
200.4925 43.43801353682085
200.54 43.490489516076224
200.615 43.529073621120034
200.6975 43.569385558525276
200.7525 43.61853923455249
200.87 43.77920594976559
200.9375 43.83123960951976
200.9975 43.86268245776235
201.23 44.181524519714216
201.2675 44.205894914383
201.3325 44.295395317209724
201.3975 44.319264888989004
201.4825 44.385468128388766
201.5875 44.56082278649336
201.63 44.60695377860675
201.7575 44.75701265139183
201.8675 44.92694605526081
201.955 44.97762453026483
202.02 45.09092024854977
202.1025 45.11861151599654
202.3325 45.524334427109316
202.5 45.66614441719834
202.555 45.66210967887281
202.685 45.73637003994236
202.855 45.97957836946522
202.9625 46.08539272946244
203.06 46.13693933784869
203.145 46.259960602487325
203.2325 46.28264845690258
203.3825 46.51169601382654
203.4025 46.51518646598069
203.4775 46.554388973176664
203.5375 46.614345595203766
203.58 46.66428553434135
203.775 46.88877874251963
203.8725 47.005218933739336
203.895 47.00777743016209
203.9925 47.10954340789271
204.095 47.26333942991743
204.1325 47.25514527216446
204.28 47.46301214527338
204.38 47.57472851726919
204.43 47.605650635881275
204.4575 47.6296275497264
204.5 47.66256024975948
204.5875 47.70738765952947
204.72 47.879820347361566
204.7775 47.89465383612871
204.83 47.93572145842467
204.96 48.04199664670751
205.01 48.11979107255226
205.1275 48.20028867689146
205.15 48.21497022909735
205.2725 48.40035109617277
205.3025 48.40379275109399
205.3325 48.41042144911671
205.4525 48.5092432129833
205.545 48.61190050891714
205.635 48.66854794884796
205.72 48.77289302335191
205.8325 48.894225122327995
205.91 48.982251645062945
206.005 49.110944106571594
206.0825 49.18050015752869
206.12 49.207543404542015
206.17 49.27591952776357
206.2725 49.2740871384662
206.34 49.33758350824487
206.4075 49.39675082928639
206.4825 49.42231682651698
206.5075 49.45973387862276
206.5425 49.478286346383484
206.6875 49.537155307354205
206.755 49.58602062882499
206.8425 49.67887057368401
206.9225 49.8230560573478
206.9725 49.89600442743161
206.99 49.90172971235926
207.09 50.00277238872057
207.1525 50.037950491219135
207.22 50.061705103775445
207.285 50.16147916968372
207.3825 50.22037735448667
207.4375 50.26267516152509
207.4625 50.283462758980676
207.53 50.32638504094162
207.59 50.39063325559499
207.6675 50.47146376486629
207.69 50.479888807003746
207.725 50.514195826272186
207.7325 50.511015106200574
207.7625 50.5201836392513
207.8275 50.595109201323666
207.8675 50.61353184433188
207.9325 50.683048527195126
207.95 50.690723380082
207.975 50.70120946092913
208.155 50.88568232648839
208.215 50.95310637057385
208.2775 51.02550829605806
208.3725 51.15023633470694
208.495 51.370649738622284
208.5525 51.41453161633061
208.6225 51.48330464404298
208.675 51.51758876772615
208.71 51.527320238041135
208.7525 51.57454469819415
208.89 51.705993726395434
209.015 51.82969874589387
209.075 51.899434622572464
209.145 51.90015421469748
209.19 51.947348910445186
209.2075 51.95739993504309
209.2475 52.00354992937086
209.27 51.99226957076317
209.3025 52.0141358830903
209.3075 52.01689764683207
209.3575 52.020330999491165
209.3975 52.04390169250597
209.44 52.057697844613664
209.47 52.059550959046646
209.4975 52.07958186572871
209.56 52.12276257042084
209.6775 52.283917257170884
209.7075 52.27681633054055
209.72 52.2740597395311
209.7825 52.34168758335784
209.81 52.389356799662615
209.9325 52.50463183572718
209.975 52.51053294423518
210.0025 52.52173988169331
210.0375 52.5080943161232
210.225 52.750807430841846
210.2425 52.7552375372295
210.3425 52.873075817783175
210.395 52.88998641831134
210.4175 52.929411455222564
210.465 52.97217514104899
210.565 52.99898008322745
210.665 53.128015279223355
210.71 53.118008278778454
210.7575 53.16845681181354
210.895 53.30018867359473
210.915 53.300787916227016
210.955 53.31313945499913
210.97 53.31568533629287
211.03 53.373683005268994
211.1525 53.56298147957437
211.2025 53.61597088711263
211.2325 53.63834714180828
211.2725 53.64599808128913
211.415 53.72052814269343
211.475 53.73717502786097
211.51 53.76730934725159
211.56 53.757592472464346
211.6125 53.78420557851667
211.86 54.365659484310115
211.8975 54.41006398248602
211.8975 54.41006398248602
211.92 54.4479505964659
212.0375 54.5324750244325
212.0425 54.542018054127546
212.15 54.58628103834318
212.1975 54.57425152865029
212.265 54.627190458797834
212.3025 54.630431985053825
212.3475 54.660121705692376
212.39 54.70712006889769
212.4525 54.800219651405634
212.53 54.917748031132895
212.5575 54.93019070660344
212.5975 54.969036625034285
212.64 55.03168185245105
212.65 55.04111559104594
212.7225 55.12523454012579
212.7925 55.23142295244331
212.8675 55.31534305888514
212.9175 55.38571716455689
213.0 55.452896946188986
213.0975 55.563473777949206
213.1175 55.59207940764663
213.1475 55.61208613156748
213.285 55.782599419509864
213.3775 55.913194779390366
213.3775 55.913194779390366
213.475 56.01630707501961
213.5825 56.11048187701291
213.6175 56.13098121862565
213.63 56.132001585570634
213.6775 56.18662799284639
213.725 56.226293850387954
213.795 56.33226988847942
213.8425 56.41070734913314
213.8525 56.4120655993155
213.925 56.47522632965927
213.9325 56.46685821210017
213.9675 56.48018642030666
213.9725 56.48426625324714
213.985 56.48227672890495
214.0225 56.4954348726675
214.0575 56.51339574493183
214.0625 56.50913817358571
214.1075 56.53812114563367
214.1375 56.55425778703411
214.14 56.55606630410868
214.21 56.57470080313026
214.255 56.644025784466756
214.285 56.67463094048604
214.39 56.80881931919158
214.66 57.430891374809214
214.7425 57.44535363776789
214.79 57.443891327220506
214.8325 57.462242650396234
214.9525 57.621854286062394
215.025 57.64757956138832
215.1175 57.65302275285031
215.15 57.67317612248407
215.1775 57.6875923977228
215.22 57.76307051563514
215.24 57.75076916521519
215.2725 57.756865939938336
215.3275 57.785003478703636
215.36 57.79529193379115
215.3825 57.82536995569629
215.445 57.86836709193848
215.4625 57.86433656024186
215.5425 57.93272775324113
215.66 58.057020868195735
215.7325 58.14162884720598
215.7525 58.16014095792165
215.7725 58.16641994537383
215.815 58.20240695382812
215.8275 58.19440247437194
215.8825 58.21784813140486
215.8925 58.21236374573779
215.9675 58.285336228541155
216.09 58.486731591150374
216.095 58.49288629554861
216.1275 58.48567740761231
216.13 58.488881734978186
216.185 58.53596201106366
216.2975 58.69013681146679
216.3825 58.78067414819814
216.435 58.790826040575176
216.46 58.82145317987938
216.4725 58.83050253725513
216.4775 58.83641855973363
216.485 58.84414215818701
216.5025 58.85679779820526
216.5775 58.918509249345426
216.615 58.9223351282959
216.625 58.934463293599535
216.72 59.02929079248983
216.7875 59.10339548577071
216.795 59.09986436075237
216.815 59.13668243156083
216.8725 59.179823911513445
216.97 59.24623824288266
217.0125 59.32401720654054
217.0175 59.322581320844506
217.075 59.3906848066451
217.0925 59.394284616083404
217.1325 59.41114835985584
217.16 59.41655753353961
217.1825 59.41497595690796
217.2625 59.50914018835637
217.295 59.540610766207394
217.325 59.579959629785535
217.33 59.58724191678171
217.37 59.606831134504894
217.3925 59.61441345525864
217.43 59.66024036450433
217.45 59.67192323889691
217.45 59.67192323889691
217.5 59.688804995595724
217.5 59.688804995595724
217.55 59.7128506325342
217.59 59.76970320971336
217.6 59.768263373075214
217.65 59.80115151192899
217.71 59.820389490109825
217.7175 59.82925386692399
217.83 59.857077168108404
217.9225 59.91975437997216
217.945 59.93736384327059
218.05 60.058523815138706
218.0825 60.088030488692326
218.145 60.095451609336884
218.1475 60.09981887690093
218.2175 60.18093447964691
218.235 60.16826447607226
218.4025 60.558543288346335
218.425 60.555537247754856
218.5325 60.69082025586043
218.5675 60.71540903978649
218.5875 60.74431812095656
218.63 60.754563583695564
218.6625 60.757554627431894
218.745 60.87657531248963
218.75 60.87552699758781
218.83 60.94098255027358
218.87 60.95578405296647
218.8925 60.981200605466185
218.9175 60.97105896479989
218.935 60.968206285917184
218.9425 60.966489441278185
218.9425 60.966489441278185
219.0325 61.06521222373595
219.1025 61.116925577044434
219.115 61.11485545222357
219.1425 61.10816191857138
219.175 61.1539379775556
219.19 61.16150596793157
219.2175 61.155193081217604
219.29 61.21543974013601
219.32 61.19934067556533
219.325 61.196451139261924
219.3425 61.21541351910806
219.37 61.2486109264981
219.3875 61.25446907146079
219.395 61.26283860745274
219.4425 61.303113978649996
219.4625 61.31921518936196
219.4625 61.31921518936196
219.54 61.353187912967165
219.565 61.379883819310805
219.6325 61.442077233916216
219.6625 61.4796370839154
219.6775 61.49388478607123
219.6825 61.49505057568967
219.7475 61.48802497453547
219.785 61.48828983826139
219.8075 61.4735853507004
219.83 61.451456059354484
219.845 61.4637145823682
219.9 61.556693650377646
219.9725 61.60014176592432
219.975 61.602946591749706
219.9775 61.60055014748729
220.0525 61.66267185360324
220.105 61.700791807213044
220.125 61.714789711108615
220.1975 61.676746185454896
220.255 61.74893633839895
220.2725 61.760656709157765
220.2725 61.760656709157765
220.3225 61.80174198913095
220.3625 61.85075171823014
220.4275 61.90850565625652
220.435 61.910272793347424
220.435 61.910272793347424
220.4625 61.93137704813969
220.48 61.93096079410601
220.4925 61.939713463010534
220.51 61.93581319555952
220.7 62.39371939767138
220.7325 62.368828610354655
220.7325 62.368828610354655
220.74 62.3686195604997
220.77 62.40300288015444
220.8075 62.43288616862246
220.8975 62.55366251961811
220.965 62.64027082805252
220.99 62.61989671286922
221.0 62.6326876874903
221.0 62.6326876874903
221.0825 62.733584083527084
221.26 63.13489461976081
221.2875 63.14999799333472
221.2975 63.14138925892379
221.315 63.1374984033324
221.3425 63.16692385328224
221.3575 63.183798827649404
221.36 63.18156604469238
221.4275 63.26397202551825
221.4425 63.26014939815861
221.485 63.29994770316974
221.4875 63.29992847492943
221.52 63.34086106812148
221.525 63.34437632904464
221.5525 63.34327278021032
221.59 63.39539115365098
221.6575 63.44974413887821
221.6975 63.43645421525592
221.75 63.4819261182236
221.76 63.48038751850343
221.7675 63.48392477336921
221.8725 63.509216019403404
221.875 63.50713203865152
221.9 63.5008696835184
221.9125 63.50439633751922
221.9525 63.54904283154861
221.955 63.54687822517492
222.0225 63.60795515262523
222.08 63.7005950306516
222.09 63.7152763908072
222.14 63.75948549029774
222.1875 63.802572864502594
222.1925 63.798477653770654
222.1975 63.80003173048593
222.1975 63.80003173048593
222.2 63.798572258929596
222.2075 63.79474237892957
222.2275 63.805894978775726
222.255 63.828971847107255
222.3 63.89337175084856
222.385 63.95682034455539
222.4375 64.01457588829045
222.465 64.03154553444276
222.4825 64.06068926132305
222.5375 64.11173048852115
222.605 64.2048815006355
222.625 64.22901277929822
222.635 64.2267321011702
222.68 64.31475791065677
222.695 64.31981244407554
222.73 64.29093057884116
222.735 64.29056206367372
222.775 64.28378396688673
222.7975 64.27552545655232
222.7975 64.27552545655232
222.83 64.3067671429335
222.84 64.30975104990009
222.8875 64.30424666321554
222.905 64.32583650098877
222.91 64.32358669069953
222.9425 64.33669798127588
222.9525 64.34534285932911
222.9625 64.33694620557318
222.9925 64.34434852988002
223.05 64.35522117991991
223.0675 64.36555055985771
223.0825 64.36739971781559
223.085 64.37011857381121
223.085 64.37011857381121
223.135 64.42911347620085
223.1475 64.44501294411155
223.165 64.43479322712827
223.2275 64.51023334718398
223.265 64.50977960418656
223.31 64.48520626689576
223.3125 64.48884289023685
223.35 64.52202231955573
223.36 64.53213071694275
223.3625 64.53459914540873
223.3875 64.51591061244281
223.47 64.60368522910646
223.53 64.6719969073167
223.53 64.6719969073167
223.5375 64.67805003589353
223.5625 64.6570124218491
223.6175 64.69985535419347
223.6675 64.69239388083074
223.6725 64.6933480378813
223.685 64.70095472191575
223.71 64.72257848082464
223.7225 64.72367755926733
223.7275 64.72385352610803
223.7475 64.74002109718987
223.755 64.74039792822467
223.765 64.74414669036364
223.775 64.74773905041134
223.8 64.77101284626809
223.815 64.76410086576647
223.815 64.76410086576647
223.8475 64.77728664301281
223.9875 65.00274255309769
224.01 65.02403445127348
224.0325 65.04331044805872
224.0475 65.05584579875003
224.0725 65.07275022832404
224.075 65.07070862839721
224.135 65.12429071822544
224.1525 65.11675655105732
224.26 65.21939406113901
224.29 65.23707339144549
224.3275 65.2588779031748
224.3825 65.30880678786801
224.4125 65.28378289542053
224.4125 65.28378289542053
224.4275 65.2751737196475
224.4675 65.33377435399835
224.48 65.34475511681558
224.4825 65.34661367391824
224.4875 65.34427815125748
224.5375 65.38463146098698
224.5375 65.38463146098698
224.58 65.44751960370877
224.595 65.46344631551541
224.6 65.46018862919053
224.6575 65.45179612332821
224.66 65.45066184860566
224.7025 65.48841431323237
224.755 65.46875340259743
224.9525 65.83833306954789
224.97 65.82876181695156
225.155 66.23306953006352
225.155 66.23306953006352
225.16 66.22980736972056
225.1875 66.26767008786103
225.2525 66.33518440173368
225.2725 66.33721826326932
225.3025 66.34561530038725
225.3275 66.35779486936636
225.3875 66.44364748878954
225.4 66.45261422564018
225.4025 66.45629046168172
225.4125 66.45879029337705
225.435 66.46866464149876
225.4525 66.45272906548158
225.54 66.50396131877305
225.59 66.49149041698757
225.595 66.48820818223405
225.6025 66.48588165410874
225.775 66.86829282800751
225.785 66.86188686309725
225.79 66.86527204578769
225.9525 67.04223348075158
225.9575 67.04328225758208
226.03 67.12161156008567
226.0775 67.12966545224008
226.105 67.14659191654859
226.195 67.22775795234527
226.215 67.25569072516208
226.2725 67.28439440846323
226.305 67.29210398756932
226.3325 67.31209468857884
226.345 67.31496940787369
226.4125 67.34875397568669
226.4175 67.35139907564516
226.4775 67.38488626815158
226.5 67.37108860241419
226.5175 67.36029212335471
226.5175 67.36029212335471
226.5575 67.4117543498956
226.5575 67.4117543498956
226.6275 67.54616457791272
226.63 67.5465489150847
226.6475 67.56613220783706
226.65 67.56658978421815
226.685 67.61290672974773
226.695 67.60939848463619
226.7125 67.62139572798128
226.7125 67.62139572798128
226.7125 67.62139572798128
226.7175 67.62311957923153
226.8025 67.67625941835935
226.8175 67.66897780331983
226.84 67.68294191140205
226.8625 67.69001785267999
226.8975 67.73510573872906
226.9275 67.77629952440255
226.9325 67.77719106222506
226.9325 67.77719106222506
226.9375 67.77889470151234
227.0 67.8823247430113
227.0025 67.88107095127377
227.085 67.9240006354743
227.11 67.95056658611632
227.1275 67.96114434127199
227.1575 67.98008391073542
227.2225 68.09667348648465
227.3375 68.21871689953768
227.4125 68.28050694221119
227.4525 68.29022394976374
227.5125 68.40670061925243
227.55 68.45381586246805
227.58 68.48983261378527
227.6125 68.47741444528563
227.62 68.47807794432248
227.645 68.49502489629769
227.655 68.50618473308333
227.66 68.50284811779953
227.66 68.50284811779953
227.66 68.50284811779953
227.66 68.50284811779953
227.665 68.50594211549397
227.695 68.51302444169049
227.7375 68.49876783741493
227.7425 68.49834832610392
227.7525 68.49195338394098
227.7675 68.48718173006296
227.7725 68.492607559962
227.7775 68.48955407594582
227.795 68.47933812243748
227.9475 68.80450434763094
227.9575 68.8174614287455
227.9725 68.80961195299253
228.0775 68.85284952243587
228.0775 68.85284952243587
228.0875 68.86599669376587
228.135 68.91094014806431
228.1375 68.91438590367487
228.1575 68.90874917883599
228.16 68.90950623870836
228.1775 68.92678812625576
228.1775 68.92678812625576
228.21 68.94147560665886
228.22 68.93512649281736
228.22 68.93512649281736
228.235 68.92331103120614
228.2475 68.92904148252488
228.2525 68.92560966966798
228.2725 68.91739804607985
228.2725 68.91739804607985
228.2975 68.90647009371459
228.3075 68.89916045671066
228.3275 68.91766681881859
228.3375 68.9118069722105
228.3375 68.9118069722105
228.495 69.26681990986404
228.5225 69.29823085584287
228.545 69.32127937883438
228.5525 69.32811643489602
228.6075 69.34974894221266
228.7425 69.64133893644691
228.7425 69.64133893644691
228.7425 69.64133893644691
228.7425 69.64133893644691
228.775 69.63771348144363
228.7825 69.64442279021506
228.79 69.65436499749326
228.79 69.65436499749326
228.795 69.65301431383827
228.8 69.6525257469439
228.85 69.64575122237648
228.8775 69.63049260651378
228.8875 69.63115657669182
228.9225 69.6216414626223
228.9725 69.65115467768581
229.0375 69.71250523028009
229.0775 69.7516710428258
229.095 69.7576780150584
229.105 69.75981662116645
229.12 69.76086885589517
229.12 69.76086885589517
229.1375 69.76901703781587
229.1625 69.79715716047896
229.1675 69.79879500019577
229.1725 69.79820901159663
229.1725 69.79820901159663
229.215 69.79787571493782
229.2275 69.78973063336284
229.285 69.80049363105483
229.3175 69.84394687368132
229.3325 69.85183277429032
229.3575 69.88803628497317
229.3575 69.88803628497317
229.385 69.89892058446686
229.4275 69.87324295716988
229.4525 69.8940750056908
229.4575 69.90098983007341
229.465 69.9076005579487
229.475 69.9125459420562
229.51 69.9508134003403
229.51 69.9508134003403
229.52 69.94143518290363
229.57 69.92078550264317
229.605 69.92228101061319
229.6075 69.92097054104555
229.6125 69.92021087361488
229.6375 69.90545085201549
229.6375 69.90545085201549
229.675 69.91369165156748
229.675 69.91369165156748
229.68 69.9094182385182
229.735 69.96319271888099
229.785 69.99276755056013
229.825 70.0535062803978
229.8375 70.05450117707606
229.8525 70.06725354096211
229.8725 70.08158123776875
229.8725 70.08158123776875
229.89 70.08628974351915
229.9 70.07880420282657
229.905 70.07652512944519
229.9175 70.08757756843767
229.9175 70.08757756843767
229.9275 70.08901719716563
229.95 70.0802865162363
229.985 70.08937455514857
230.02 70.09922950697701
230.02 70.09922950697701
230.1025 70.15366287135579
230.1025 70.15366287135579
230.1025 70.15366287135579
230.1225 70.14328259974246
230.1225 70.14328259974246
230.135 70.14201060751726
230.135 70.14201060751726
230.1875 70.21126598409161
230.2175 70.23427767800555
230.22 70.23295120022281
230.2225 70.23625779208197
230.235 70.2210689405534
230.2425 70.21708654454062
230.285 70.20362855171571
230.29 70.2013260752844
230.29 70.2013260752844
230.29 70.2013260752844
230.2975 70.20639334015311
230.305 70.20668200212273
230.315 70.20635256103897
230.41 70.2231159057285
230.4175 70.22296472464261
230.4275 70.21770005134489
230.55 70.38060305658279
230.575 70.38111431033528
230.595 70.39104772269961
230.595 70.39104772269961
230.6075 70.403776947765
230.6325 70.43369986267534
230.655 70.4430532749211
230.6625 70.44500846598142
230.6725 70.43823304564958
230.6925 70.47044094909184
230.6925 70.47044094909184
230.845 70.662843998118
230.8675 70.6728077193674
230.8675 70.6728077193674
230.9075 70.70835192917936
230.9425 70.70584020113307
230.9425 70.70584020113307
230.985 70.75547821279565
231.05 70.7752705657463
231.075 70.8029002821245
231.09 70.8238796410452
231.09 70.8238796410452
231.11 70.82604260007739
231.1225 70.82771845030791
231.1225 70.82771845030791
231.1525 70.86800820528069
231.1525 70.86800820528069
231.17 70.86055053432439
231.19 70.84707499285908
231.3425 71.17622680943784
231.3425 71.17622680943784
231.3425 71.17622680943784
231.3425 71.17622680943784
231.3475 71.17247463157007
231.365 71.16338285117935
231.3875 71.16537417770198
231.4175 71.19664244976823
231.435 71.21334109517275
231.4375 71.21409905088694
231.46 71.19659116307149
231.62 71.52930274677156
231.62 71.52930274677156
231.625 71.52708948827241
231.66 71.54671946590513
231.7425 71.56521969215903
231.785 71.61441583713868
231.7925 71.62209225423108
231.7925 71.62209225423108
231.8025 71.63050785677676
231.835 71.64054882044196
231.835 71.64054882044196
231.835 71.64054882044196
231.8575 71.62392880680407
231.8725 71.62633355353958
231.9075 71.63260767173225
231.9075 71.63260767173225
231.94 71.61695074871024
231.94 71.61695074871024
231.9425 71.61775668499224
231.9875 71.60491549924902
232.0375 71.63454459074467
232.0475 71.64851450510666
232.0475 71.64851450510666
232.1275 71.85382703324959
232.17 71.87766759483502
232.22 71.91241787623333
232.22 71.91241787623333
232.24 71.93706330081471
232.2475 71.93484566798347
232.2725 71.96050052490418
232.2975 71.96582761408514
232.2975 71.96582761408514
232.365 72.02465698646199
232.3675 72.02287179310939
232.3725 72.01964857576169
232.5325 72.3460010891548
232.5325 72.3460010891548
232.5425 72.3581046800641
232.5425 72.3581046800641
232.5475 72.35322370133183
232.555 72.35700654044753
232.5575 72.35902832387247
232.6425 72.48703440233672
232.6575 72.4786115358366
232.67 72.46968966333357
232.7725 72.49550152199897
232.7825 72.4992611847902
232.84 72.53524041027727
232.84 72.53524041027727
232.8475 72.54188203763367
232.8475 72.54188203763367
232.8475 72.54188203763367
232.855 72.540724223284
232.88 72.56181586345369
232.89 72.57273180576978
232.8925 72.57259759131847
233.0425 72.8927285886691
233.05 72.8980806517112
233.09 72.90504668601731
233.09 72.90504668601731
233.105 72.89864017712944
233.1325 72.92612850702943
233.1475 72.91435985861771
233.1475 72.91435985861771
233.165 72.90512136263906
233.21 72.97810050927902
233.2125 72.97727006529297
233.2275 72.97194237662704
233.2525 73.00210872706516
233.2925 73.03356639947336
233.2925 73.03356639947336
233.3025 73.0416137583607
233.3025 73.0416137583607
233.32 73.04105931208687
233.3225 73.0409797624308
233.33 73.03354347894778
233.3325 73.03154422449772
233.34 73.03233223675613
233.37 73.0624784495879
233.37 73.0624784495879
233.37 73.0624784495879
233.3725 73.06308241009322
233.3725 73.06308241009322
233.4025 73.1068995868996
233.4025 73.1068995868996
233.4125 73.10150224713895
233.4125 73.10150224713895
233.435 73.09644065921617
233.4375 73.09950763356986
233.4375 73.09950763356986
233.4725 73.14960919517446
233.52 73.2241888127422
233.55 73.26784917105671
233.55 73.26784917105671
233.565 73.25850999445905
233.57 73.25758282800672
233.6925 73.53155142568956
233.71 73.51647257366604
233.71 73.51647257366604
233.71 73.51647257366604
233.74 73.5130438052452
233.7425 73.51009019481991
233.7425 73.51009019481991
233.7425 73.51009019481991
233.7425 73.51009019481991
233.79 73.53288214088262
233.8 73.54461920336
233.81 73.53838295209523
233.82 73.55174997854323
233.86 73.5942969983976
233.88 73.58773364616525
233.9175 73.62835467409963
233.97 73.64766848884143
233.97 73.64766848884143
233.98 73.64957518483133
233.99 73.63978831466588
233.99 73.63978831466588
234.02 73.65854720920868
234.02 73.65854720920868
234.02 73.65854720920868
234.035 73.67811313710679
234.035 73.67811313710679
234.04 73.6843615118858
234.05 73.67844421149786
234.055 73.67585859815426
234.0625 73.68512717100893
234.1325 73.78097304677995
234.14 73.77861821443963
234.155 73.78103093381851
234.1575 73.77983819720332
234.1575 73.77983819720332
234.1575 73.77983819720332
234.17 73.79612751048961
234.2075 73.8280785014687
234.21 73.82803751898652
234.21 73.82803751898652
234.21 73.82803751898652
234.27 73.87319311378121
234.28 73.88643723315366
234.3075 73.89367894810493
234.3075 73.89367894810493
234.33 73.92199724775007
234.395 74.02299121919008
234.395 74.02299121919008
234.395 74.02299121919008
234.415 74.05263341465015
234.4225 74.04924447290982
234.4275 74.05219039554451
234.445 74.07023676868263
234.4475 74.06984995320373
234.455 74.07132492719832
234.455 74.07132492719832
234.47 74.06852761787123
234.48 74.07603305618939
234.505 74.10721843910335
234.5125 74.10497133945567
234.5275 74.10648728736643
234.54 74.11730647358033
234.5425 74.11651142175849
234.61 74.18137566545612
234.625 74.19744571876437
234.625 74.19744571876437
234.625 74.19744571876437
234.6375 74.21187807426222
234.6375 74.21187807426222
234.655 74.21661611549358
234.6575 74.21959565521786
234.6575 74.21959565521786
234.6625 74.22494710146479
234.6625 74.22494710146479
234.6825 74.25443653702985
234.6975 74.26157802803554
234.6975 74.26157802803554
234.7175 74.28315878008912
234.72 74.28337043985611
234.74 74.31282119690255
234.7425 74.31309938143214
234.75 74.30807232067737
234.75 74.30807232067737
234.7625 74.32306836955027
234.7825 74.32878752252184
234.7825 74.32878752252184
234.8725 74.38972397139716
234.8725 74.38972397139716
234.8725 74.38972397139716
234.8825 74.39741200062328
234.8875 74.39708328457222
234.89 74.39998048635807
234.89 74.39998048635807
234.965 74.45958005070048
234.965 74.45958005070048
234.9675 74.4614637294078
234.9775 74.47450946095114
234.9925 74.48479660243513
235.01 74.48997143781175
235.0475 74.50044052418669
235.05 74.50238759393227
235.06 74.4955931028115
235.08 74.52486863494852
235.11 74.53168195149064
235.1175 74.54073782667218
235.1225 74.54657257784481
235.25 74.80529587110095
235.26 74.80024228106905
235.2825 74.78014630636932
235.2925 74.78934584260293
235.2975 74.79086565705849
235.3125 74.78257072912157
235.3325 74.81166637317929
235.3325 74.81166637317929
235.35 74.7994732702167
235.35 74.7994732702167
235.3925 74.816327076692
235.4225 74.82539705076577
235.43 74.81953323291644
235.4325 74.81771218314833
235.44 74.81532641332862
235.4725 74.79906663329108
235.475 74.7969759382816
235.4975 74.82306199968535
235.5125 74.8249009421413
235.5175 74.82158800298949
235.5175 74.82158800298949
235.5175 74.82158800298949
235.5175 74.82158800298949
235.5375 74.83937639420722
235.5425 74.83539345718948
235.5425 74.83539345718948
235.545 74.83363592885833
235.555 74.8354354768098
235.5625 74.84440995075113
235.64 74.88203756200012
235.6425 74.88362063595369
235.6525 74.87778440229276
235.6525 74.87778440229276
235.6625 74.87528951513278
235.7075 74.90128300967632
235.7075 74.90128300967632
235.7075 74.90128300967632
235.73 74.88702947760703
235.7325 74.88767354051265
235.7525 74.88694018995407
235.8025 74.89671482190582
235.8025 74.89671482190582
235.815 74.89691388593423
235.835 74.90030269752074
235.835 74.90030269752074
235.84 74.8964367998013
235.85 74.89231317843306
235.85 74.89231317843306
235.87 74.8997033168101
235.8725 74.89780267007839
235.885 74.91135704462869
235.885 74.91135704462869
235.92 74.95910340965912
235.92 74.95910340965912
235.92 74.95910340965912
235.9225 74.95940657811522
235.9225 74.95940657811522
235.9325 74.97223812426657
235.9325 74.97223812426657
235.9325 74.97223812426657
236.0925 75.2877928913318
236.105 75.28475089383261
236.175 75.33308182014501
236.185 75.34581617461438
236.185 75.34581617461438
236.1925 75.34250832498802
236.1925 75.34250832498802
236.195 75.34539226236026
236.195 75.34539226236026
236.195 75.34539226236026
236.1975 75.34349206132543
236.1975 75.34349206132543
236.1975 75.34349206132543
236.2125 75.34119200521016
236.25 75.39139425630678
236.2525 75.38982541410971
236.275 75.39582241442102
236.3 75.42062276275911
236.41 75.5736801168767
236.435 75.60400605897267
236.435 75.60400605897267
236.4375 75.60250172172366
236.44 75.60291761194983
236.44 75.60291761194983
236.44 75.60291761194983
236.44 75.60291761194983
236.4625 75.58619374334012
236.4625 75.58619374334012
236.5 75.56936158598364
236.5625 75.64966744130456
236.5625 75.64966744130456
236.5625 75.64966744130456
236.5625 75.64966744130456
236.565 75.64729947193582
236.665 75.76009678802994
236.7875 76.0214372226461
236.805 76.03346852156136
236.82 76.03449319351053
236.8225 76.03594758669584
236.895 75.9936034130478
236.9075 75.99118217570101
236.915 75.98822631284865
236.92 75.98302689067697
236.92 75.98302689067697
236.9375 75.9742799094516
236.9475 75.97138809124537
236.9525 75.97488382660144
236.9525 75.97488382660144
237.1025 76.27274354584354
237.1025 76.27274354584354
237.1075 76.27437754309759
237.1125 76.27076032038637
237.115 76.26826230348708
237.135 76.27472758118824
237.1725 76.2731422850963
237.185 76.26503930553861
237.1875 76.26673988880462
237.1875 76.26673988880462
237.1925 76.26810587471745
237.1925 76.26810587471745
237.225 76.26598193165799
237.24 76.2724344394432
237.27 76.31288666299129
237.295 76.32466700544379
237.295 76.32466700544379
237.3 76.32563136000357
237.32 76.32948537703116
237.335 76.34771766392633
237.335 76.34771766392633
237.335 76.34771766392633
237.3375 76.34600175339664
237.3375 76.34600175339664
237.3475 76.34595683568614
237.355 76.33824981935244
237.375 76.347334723612
237.375 76.347334723612
237.375 76.347334723612
237.375 76.347334723612
237.38 76.34501491012378
237.395 76.34441408480662
237.435 76.3709462216062
237.435 76.3709462216062
237.4375 76.36850646519582
237.5575 76.62374430611797
237.575 76.63896717148143
237.5775 76.63646605018286
237.715 76.91139693649697
237.7275 76.89988774158469
237.7325 76.90355088631242
237.74 76.90823099638779
237.74 76.90823099638779
237.74 76.90823099638779
237.765 76.88904135734214
237.78 76.8875231361859
237.83 76.95052195102824
237.835 76.94545814674039
237.8375 76.94367423645845
237.8375 76.94367423645845
237.905 76.96600341775982
237.915 76.9782426228127
237.915 76.9782426228127
237.915 76.9782426228127
237.93 76.96967268438546
237.9375 76.96340234407175
237.9375 76.96340234407175
237.9375 76.96340234407175
237.9375 76.96340234407175
237.97 76.98667277348012
238.0125 76.97448397182283
238.0125 76.97448397182283
238.0225 76.98670784772862
238.0225 76.98670784772862
238.0225 76.98670784772862
238.0275 76.98254434556839
238.0275 76.98254434556839
238.0475 76.98721668671004
238.0475 76.98721668671004
238.0525 76.99293561046613
238.0575 76.99585798231656
238.0575 76.99585798231656
238.0575 76.99585798231656
238.065 76.99360879153183
238.065 76.99360879153183
238.0775 76.9955153270344
238.0775 76.9955153270344
238.0775 76.9955153270344
238.095 76.98128748779851
238.095 76.98128748779851
238.0975 76.98092668051437
238.105 76.97808784004296
238.11 76.97912139933962
238.11 76.97912139933962
238.12 76.98404886549304
238.1225 76.98206148830221
238.1225 76.98206148830221
238.1575 76.96059940694553
238.1575 76.96059940694553
238.1575 76.96059940694553
238.175 76.96898502526709
238.1775 76.96985736265883
238.19 76.96296526595196
238.25 77.05796462657503
238.3175 77.03617597766397
238.3225 77.03576526628856
238.325 77.03383763110352
238.3275 77.03242977991316
238.3275 77.03242977991316
238.33 77.03056688934674
238.3375 77.03355635536984
238.3375 77.03355635536984
238.35 77.02683894199942
238.3925 77.04258818499547
238.4075 77.03159271750614
238.4075 77.03159271750614
238.415 77.02931044956476
238.415 77.02931044956476
238.4225 77.03131683586123
238.575 77.30452355264953
238.585 77.29745400396035
238.585 77.29745400396035
238.5875 77.29675497174144
238.625 77.27654207418756
238.6575 77.27876618696243
238.6575 77.27876618696243
238.66 77.27955461797417
238.74 77.46310777610789
238.74 77.46310777610789
238.74 77.46310777610789
238.755 77.47201020663385
238.76 77.47764763048075
238.76 77.47764763048075
238.77 77.46953602070995
238.78 77.48158390744217
238.7825 77.48430464024297
238.7975 77.5019818471617
238.7975 77.5019818471617
238.8075 77.50627052835128
238.9275 77.75565684543042
238.93 77.75559475461905
238.95 77.74247465482962
238.95 77.74247465482962
238.95 77.74247465482962
238.97 77.76952631995412
239.01 77.74236131884145
239.04 77.74396153041756
239.05 77.75438689135862
239.05 77.75438689135862
239.05 77.75438689135862
239.05 77.75438689135862
239.0575 77.7626869913211
239.0675 77.7746524547398
239.0675 77.7746524547398
239.0675 77.7746524547398
239.1875 78.0227805618863
239.2475 78.11572393992338
239.2475 78.11572393992338
239.25 78.11321650810157
239.2725 78.12730373073985
239.2725 78.12730373073985
239.2725 78.12730373073985
239.37 78.12312159443954
239.41 78.18902611464061
239.43 78.1764961845607
239.43 78.1764961845607
239.43 78.1764961845607
239.43 78.1764961845607
239.465 78.21272475045929
239.4825 78.20295276411431
239.4825 78.20295276411431
239.4825 78.20295276411431
239.4875 78.1987605492525
239.495 78.1920550429502
239.5025 78.19130286390208
239.5025 78.19130286390208
239.505 78.18878969226962
239.505 78.18878969226962
239.505 78.18878969226962
239.565 78.28129231117319
239.5725 78.27471435517504
239.585 78.2661789565618
239.585 78.2661789565618
239.625 78.31101546991913
239.6275 78.31029224239225
239.6275 78.31029224239225
239.6275 78.31029224239225
239.635 78.30313532197516
239.6375 78.30177235025728
239.64 78.2995141581143
239.6725 78.3003283551586
239.6825 78.31213304129068
239.69 78.30842331098114
239.71 78.33509036810226
239.725 78.33571970197573
239.725 78.33571970197573
239.7325 78.33047314122501
239.74 78.33596271073259
239.75 78.32883733624584
239.775 78.32968018891754
239.795 78.31886925640575
239.795 78.31886925640575
239.825 78.35728559142784
239.8325 78.36199778669119
239.8325 78.36199778669119
239.8375 78.3619444416154
239.89 78.39470685306651
239.9075 78.38384066149129
239.92 78.39825545299206
239.92 78.39825545299206
239.9425 78.40775736027528
239.9425 78.40775736027528
239.96 78.42567585486019
239.96 78.42567585486019
239.9625 78.42526216680689
239.9625 78.42526216680689
239.965 78.42440154982413
239.975 78.42427770893204
239.975 78.42427770893204
239.975 78.42427770893204
239.9775 78.42169308413804
239.985 78.42179063601007
240.01 78.43162180602873
240.02 78.42293858700239
240.02 78.42293858700239
240.02 78.42293858700239
240.02 78.42293858700239
240.02 78.42293858700239
240.02 78.42293858700239
240.045 78.41852336028467
240.045 78.41852336028467
240.045 78.41852336028467
240.0525 78.41516700722475
240.0725 78.44170523484415
240.0875 78.44666782831942
240.1475 78.4894514328696
240.1475 78.4894514328696
240.1475 78.4894514328696
240.1525 78.48625267251074
240.1625 78.48508443869558
240.17 78.4812731662609
240.185 78.47856000510971
240.19 78.48403391438525
240.2025 78.49755618271392
240.2025 78.49755618271392
240.2125 78.49019513394776
240.2175 78.48686468869067
240.22 78.4851674004543
240.22 78.4851674004543
240.22 78.4851674004543
240.245 78.4997626806997
240.2575 78.4979688121581
240.2775 78.48616496787324
240.28 78.48370030788247
240.28 78.48370030788247
240.2825 78.482447476824
240.2825 78.482447476824
240.29 78.47868838521283
240.29 78.47868838521283
240.3475 78.51101335336472
240.3575 78.50765254505556
240.3675 78.50173945602751
240.3725 78.4990373656529
240.3725 78.4990373656529
240.375 78.49752672618202
240.3975 78.51147724265256
240.42 78.5362561458832
240.42 78.5362561458832
240.45 78.57432727127022
240.45 78.57432727127022
240.48 78.58408823454387
240.6 78.82751563716118
240.62 78.83472739093821
240.62 78.83472739093821
240.62 78.83472739093821
240.62 78.83472739093821
240.6475 78.83853840395624
240.6475 78.83853840395624
240.6475 78.83853840395624
240.6475 78.83853840395624
240.66 78.84627650782829
240.665 78.84864717578758
240.665 78.84864717578758
240.6675 78.84611805069773
240.6675 78.84611805069773
240.86 79.14429970136204
240.86 79.14429970136204
240.86 79.14429970136204
240.865 79.1409558232068
240.8725 79.13698295575334
240.89 79.14485317903438
240.975 79.25295365681421
240.975 79.25295365681421
240.9925 79.24910390242076
240.9925 79.24910390242076
241.01 79.23564702644654
241.01 79.23564702644654
241.01 79.23564702644654
241.01 79.23564702644654
241.01 79.23564702644654
241.0225 79.23229574871598
241.03 79.22717514591814
241.05 79.25319448479716
241.085 79.27306003655623
241.09 79.27084415733673
241.1925 79.400210551008
241.2225 79.42219683714396
241.305 79.42078790807804
241.305 79.42078790807804
241.315 79.42503506605476
241.315 79.42503506605476
241.3375 79.43893424569967
241.3425 79.43569872254798
241.3575 79.4474169424249
241.405 79.47805940892913
241.4125 79.47443032255
241.4175 79.4779946481516
241.4225 79.48332209882044
241.4225 79.48332209882044
241.4225 79.48332209882044
241.435 79.49270178479465
241.435 79.49270178479465
241.44 79.4900921085721
241.4425 79.48982629466168
241.4425 79.48982629466168
241.4425 79.48982629466168
241.4625 79.4817134453911
241.4775 79.48212852392274
241.4775 79.48212852392274
241.4775 79.48212852392274
241.485 79.47868173959503
241.485 79.47868173959503
241.485 79.47868173959503
241.5525 79.51715831714283
241.555 79.51902960982105
241.5775 79.52623479881726
241.605 79.53087718321682
241.605 79.53087718321682
241.6275 79.555814704625
241.655 79.53620864491225
241.665 79.54468537378234
241.745 79.72000422630606
241.745 79.72000422630606
241.745 79.72000422630606
241.76 79.71169828547418
241.76 79.71169828547418
241.76 79.71169828547418
241.7725 79.72099811640516
241.8125 79.7843767740372
241.825 79.77389433751021
241.8675 79.80004701207199
241.88 79.80599505085776
241.88 79.80599505085776
241.88 79.80599505085776
241.885 79.81127159644998
241.89 79.80626039978794
241.9025 79.80078759558755
241.9225 79.82640109412137
241.93 79.8202931527988
242.08 80.09452238227378
242.1025 80.11840107921117
242.1025 80.11840107921117
242.2425 80.3801119478315
242.245 80.37888984313919
242.25 80.37488820095892
242.2575 80.36935196123154
242.2575 80.36935196123154
242.2575 80.36935196123154
242.2575 80.36935196123154
242.2575 80.36935196123154
242.265 80.37334519772622
242.265 80.37334519772622
242.3875 80.60761023181439
242.625 81.0535098828571
242.625 81.0535098828571
242.625 81.0535098828571
242.6325 81.05020890907836
242.6325 81.05020890907836
242.6325 81.05020890907836
242.64 81.05635734680487
242.64 81.05635734680487
242.64 81.05635734680487
242.6825 81.04782619795728
242.705 81.0332707207641
242.7075 81.03111745647661
242.71 81.0290876247635
242.71 81.0290876247635
242.7225 81.03160275198609
242.725 81.03031386281219
242.735 81.02447767482427
242.775 81.08636212491774
242.775 81.08636212491774
242.815 81.10473628469403
242.905 81.15931565844846
242.9225 81.16624262849703
242.9225 81.16624262849703
242.93 81.16347384666673
242.935 81.16008547520734
242.9375 81.15910049551776
242.9425 81.15682183842348
242.9775 81.17367769904821
242.995 81.16115999889004
243.0525 81.19543162269356
243.06 81.19098700264135
243.1425 81.27759379322215
243.1425 81.27759379322215
243.1625 81.30243662708925
243.1975 81.28640934486049
243.225 81.30770599283477
243.225 81.30770599283477
243.305 81.30984619872969
243.3075 81.30848221649688
243.31 81.30958098496112
243.3125 81.31203417931428
243.32 81.31582212989562
243.5 81.63271326400681
243.51 81.6296462624712
243.5125 81.62754537504456
243.5225 81.62380198240335
243.6675 81.87633425715408
243.6675 81.87633425715408
243.6675 81.87633425715408
243.705 81.91086443287102
243.705 81.91086443287102
243.7075 81.91328754906831
243.7225 81.92910634709469
243.73 81.92409014253451
243.735 81.9205621204022
243.735 81.9205621204022
243.735 81.9205621204022
243.735 81.9205621204022
243.735 81.9205621204022
243.7425 81.91737767229786
243.7425 81.91737767229786
243.775 81.90039052079851
243.9125 82.11922309820523
243.93 82.10860112054318
243.93 82.10860112054318
243.93 82.10860112054318
243.975 82.13465774265514
244.095 82.36249419828911
244.1025 82.36895835431865
244.115 82.36301571668835
244.1225 82.36309606396274
244.125 82.36172467909559
244.125 82.36172467909559
244.125 82.36172467909559
244.125 82.36172467909559
244.1375 82.37279703193035
244.14 82.37495032199226
244.155 82.38622662752792
244.2325 82.48864415340961
244.2325 82.48864415340961
244.2325 82.48864415340961
244.2325 82.48864415340961
244.2325 82.48864415340961
244.25 82.4727815683728
244.25 82.4727815683728
244.255 82.46875981504627
244.255 82.46875981504627
244.255 82.46875981504627
244.2975 82.50573003198102
244.2975 82.50573003198102
244.3225 82.50357291159557
244.3225 82.50357291159557
244.3225 82.50357291159557
244.3275 82.50549490556384
244.33 82.50460509770295
244.48 82.76558631368053
244.49 82.76746320993394
244.49 82.76746320993394
244.49 82.76746320993394
244.575 82.87728990185943
244.585 82.88785055550754
244.585 82.88785055550754
244.5875 82.8856282956971
244.59 82.88709029258692
244.6075 82.89599282101784
244.6175 82.88722192351334
244.6325 82.88203504630398
244.645 82.87206223072378
244.66 82.88752818072133
244.66 82.88752818072133
244.72 82.8998315896781
244.78 82.9161954586477
244.78 82.9161954586477
244.86 83.03510664875567
244.8625 83.03269916221389
244.9075 83.08875447465911
244.9075 83.08875447465911
244.91 83.08809444980149
244.91 83.08809444980149
244.9125 83.08586775454432
244.9125 83.08586775454432
244.945 83.11890829495532
245.03 83.27879860968419
245.03 83.27879860968419
245.03 83.27879860968419
245.0325 83.28030051769682
245.0325 83.28030051769682
245.0475 83.26592497280602
245.055 83.2731348860013
245.055 83.2731348860013
245.055 83.2731348860013
245.055 83.2731348860013
245.0675 83.28544906694627
245.085 83.30310338632204
245.1125 83.28329651315234
245.2375 83.51120431000048
245.2375 83.51120431000048
245.2375 83.51120431000048
245.2375 83.51120431000048
245.25 83.49977704136369
245.265 83.5150179475433
245.265 83.5150179475433
245.265 83.5150179475433
245.275 83.52541525632877
245.275 83.52541525632877
245.275 83.52541525632877
245.275 83.52541525632877
245.275 83.52541525632877
245.275 83.52541525632877
245.275 83.52541525632877
245.275 83.52541525632877
245.305 83.53070512316395
245.345 83.58950281719902
245.345 83.58950281719902
245.35 83.59085948677138
245.35 83.59085948677138
245.355 83.5887421982041
245.36 83.58782240894207
245.51 83.84358701686618
245.5925 84.00446345939827
245.5925 84.00446345939827
245.605 84.00735396022935
245.615 84.01407460011464
245.685 84.10608221961665
245.7075 84.09262098948443
245.7075 84.09262098948443
245.7075 84.09262098948443
245.7075 84.09262098948443
245.7075 84.09262098948443
245.7075 84.09262098948443
245.7075 84.09262098948443
245.7075 84.09262098948443
245.7075 84.09262098948443
245.7475 84.15083450230489
245.7475 84.15083450230489
245.895 84.38833280372192
245.9375 84.44361728025522
245.94 84.44216659568977
245.94 84.44216659568977
245.945 84.43837560074577
246.015 84.52964776745264
246.02 84.52822532204924
246.025 84.52455190560627
246.04 84.51957079463395
246.17 84.73119448673523
246.17 84.73119448673523
246.17 84.73119448673523
246.2 84.76444575457404
246.2125 84.75688470933805
246.2125 84.75688470933805
246.2325 84.7633882270503
246.2325 84.7633882270503
246.2325 84.7633882270503
246.2525 84.7501001066378
246.2525 84.7501001066378
246.2525 84.7501001066378
246.2575 84.75126645193268
246.2575 84.75126645193268
246.2575 84.75126645193268
246.265 84.75540763812589
246.265 84.75540763812589
246.265 84.75540763812589
246.2875 84.7710150936037
246.2925 84.76822227778035
246.2925 84.76822227778035
246.2925 84.76822227778035
246.2925 84.76822227778035
246.3025 84.76830525449732
246.305 84.76649499266605
246.305 84.76649499266605
246.305 84.76649499266605
246.35 84.77636043798636
246.3625 84.76789243714467
246.3775 84.77066164124152
246.395 84.75962610684522
246.395 84.75962610684522
246.415 84.75905790752823
246.415 84.75905790752823
246.415 84.75905790752823
246.415 84.75905790752823
246.415 84.75905790752823
246.465 84.81524513469883
246.47 84.81084954326488
246.47 84.81084954326488
246.485 84.8171398304098
246.49 84.8138056393757
246.49 84.8138056393757
246.5025 84.80945288039715
246.5025 84.80945288039715
246.5225 84.8086235121614
246.5225 84.8086235121614
246.5275 84.80493257757396
246.5325 84.80041469040455
246.5325 84.80041469040455
246.5325 84.80041469040455
246.5325 84.80041469040455
246.5625 84.79242766005468
246.575 84.78392989511983
246.575 84.78392989511983
246.5875 84.78617642865915
246.59 84.78465336845166
246.6875 84.88715822071373
246.7675 85.04673496178185
246.7675 85.04673496178185
246.8375 85.04937000308928
246.8375 85.04937000308928
246.8375 85.04937000308928
246.8375 85.04937000308928
246.8375 85.04937000308928
246.8375 85.04937000308928
246.8375 85.04937000308928
246.8375 85.04937000308928
246.84 85.05072858618729
246.84 85.05072858618729
246.84 85.05072858618729
246.8525 85.03986104297066
246.8525 85.03986104297066
246.8525 85.03986104297066
246.8525 85.03986104297066
246.8525 85.03986104297066
246.8525 85.03986104297066
246.8525 85.03986104297066
246.8525 85.03986104297066
246.8775 85.0225324989832
246.8825 85.02695556537276
246.885 85.02531037435455
246.89 85.02902633306435
246.8925 85.0301481909607
246.9025 85.03875576010357
246.905 85.03764005004841
246.91 85.03711565427457
246.9475 85.06451792028955
246.9475 85.06451792028955
246.9475 85.06451792028955
246.985 85.0601187675866
247.105 85.27589899078082
247.1075 85.27671776041798
247.1075 85.27671776041798
247.1075 85.27671776041798
247.16 85.30252077202972
247.16 85.30252077202972
247.16 85.30252077202972
247.16 85.30252077202972
247.16 85.30252077202972
247.16 85.30252077202972
247.185 85.29624896564611
247.2175 85.3076164860921
247.22 85.30948795954586
247.22 85.30948795954586
247.2375 85.29670570282715
247.2375 85.29670570282715
247.2375 85.29670570282715
247.2375 85.29670570282715
247.2375 85.29670570282715
247.2425 85.29815891121008
247.2425 85.29815891121008
247.26 85.2845485288643
247.2675 85.29086474095756
247.2675 85.29086474095756
247.27 85.29285250453538
247.27 85.29285250453538
247.3 85.32549765860372
247.3 85.32549765860372
247.3 85.32549765860372
247.3075 85.3188993540334
247.3075 85.3188993540334
247.3225 85.33345323817589
247.3225 85.33345323817589
247.325 85.33074501641448
247.3425 85.31342608046508
247.345 85.31118609591222
247.345 85.31118609591222
247.345 85.31118609591222
247.345 85.31118609591222
247.3525 85.30798649276224
247.4125 85.38725650362873
247.4125 85.38725650362873
247.4125 85.38725650362873
247.4125 85.38725650362873
247.4125 85.38725650362873
247.4225 85.38251701322925
247.4725 85.3880005155294
247.475 85.38581730736398
247.5125 85.41567268467328
247.635 85.63049984163882
247.635 85.63049984163882
247.635 85.63049984163882
247.6575 85.65108188771265
247.665 85.64488649784647
247.665 85.64488649784647
247.7475 85.80141955846533
247.75 85.79993902632538
247.7525 85.79828334839745
247.7525 85.79828334839745
247.7575 85.79683890276566
247.7575 85.79683890276566
247.7575 85.79683890276566
247.77 85.78774108607132
247.77 85.78774108607132
247.8 85.78396476477103
247.8 85.78396476477103
247.8 85.78396476477103
247.82 85.80641599719009
247.8275 85.80179297863148
247.835 85.80539599860899
247.835 85.80539599860899
247.835 85.80539599860899
247.835 85.80539599860899
247.865 85.78601766041207
247.865 85.78601766041207
247.865 85.78601766041207
247.865 85.78601766041207
247.865 85.78601766041207
247.865 85.78601766041207
247.865 85.78601766041207
247.9 85.7770781381446
247.9 85.7770781381446
247.9125 85.7856416548986
247.9125 85.7856416548986
247.9125 85.7856416548986
247.9375 85.76844627671007
247.9375 85.76844627671007
247.97 85.77724797601003
247.975 85.77211344198864
248.14 85.98897039031229
248.14 85.98897039031229
248.1475 85.98834652685801
248.1775 86.02042132456732
248.1775 86.02042132456732
248.1775 86.02042132456732
248.1775 86.02042132456732
248.215 86.04399011723083
248.22 86.04124283933065
248.22 86.04124283933065
248.22 86.04124283933065
248.22 86.04124283933065
248.22 86.04124283933065
248.22 86.04124283933065
248.255 86.04847703765955
248.2775 86.05774464286327
248.2825 86.06063696774576
248.285 86.06094865619659
248.295 86.07068710643422
248.335 86.1263604389101
248.335 86.1263604389101
248.34 86.12320191089177
248.34 86.12320191089177
248.34 86.12320191089177
248.345 86.12027550069377
248.3625 86.1258711180608
248.365 86.1238551333415
248.365 86.1238551333415
248.37 86.12127607473602
248.37 86.12127607473602
248.37 86.12127607473602
248.37 86.12127607473602
248.37 86.12127607473602
248.37 86.12127607473602
248.395 86.11232862620058
248.4125 86.10460119345151
248.4125 86.10460119345151
248.4125 86.10460119345151
248.4225 86.09937788590835
248.4225 86.09937788590835
248.445 86.10911943901867
248.4675 86.12972399493859
248.4675 86.12972399493859
248.4675 86.12972399493859
248.4675 86.12972399493859
248.4775 86.12176375045621
248.4775 86.12176375045621
248.4875 86.12310276451521
248.4875 86.12310276451521
248.4875 86.12310276451521
248.4875 86.12310276451521
248.6425 86.3704058257407
248.6425 86.3704058257407
248.6425 86.3704058257407
248.7 86.38975046979134
248.7 86.38975046979134
248.715 86.37815265777986
248.7175 86.37874045303518
248.7175 86.37874045303518
248.7175 86.37874045303518
248.7575 86.43401959546534
248.7575 86.43401959546534
248.76 86.4320572800225
248.76 86.4320572800225
248.7825 86.45250278503943
248.79 86.45877514601791
248.79 86.45877514601791
248.86 86.52733165829676
248.86 86.52733165829676
248.86 86.52733165829676
248.8675 86.53064129893235
248.9075 86.58575408092373
248.9225 86.5741465294873
248.9225 86.5741465294873
248.9625 86.6292062064518
248.9625 86.6292062064518
248.9625 86.6292062064518
248.9625 86.6292062064518
248.9625 86.6292062064518
248.9625 86.6292062064518
248.9625 86.6292062064518
248.975 86.62169776189977
248.975 86.62169776189977
248.975 86.62169776189977
248.975 86.62169776189977
248.9825 86.61753830014148
248.9825 86.61753830014148
248.99 86.61216417876682
248.99 86.61216417876682
248.99 86.61216417876682
248.9975 86.60696248679436
249.025 86.584643561233
249.035 86.59423755349916
249.035 86.59423755349916
249.035 86.59423755349916
249.1825 86.8210173579465
249.1825 86.8210173579465
249.1825 86.8210173579465
249.1875 86.81760457609052
249.3475 87.06172479140619
249.3475 87.06172479140619
249.3625 87.05395788376917
249.37 87.0494405862723
249.37 87.0494405862723
249.37 87.0494405862723
249.37 87.0494405862723
249.37 87.0494405862723
249.37 87.0494405862723
249.37 87.0494405862723
249.3725 87.04753204309421
249.3725 87.04753204309421
249.3725 87.04753204309421
249.3725 87.04753204309421
249.405 87.03093676931034
249.4075 87.03034985563934
249.4075 87.03034985563934
249.4125 87.02670223774975
249.4525 87.05549130846767
249.46 87.06148992973857
249.4625 87.06015409927613
249.4625 87.06015409927613
249.4675 87.05811471610444
249.4675 87.05811471610444
249.4675 87.05811471610444
249.47 87.05976886135608
249.4725 87.05849022151469
249.4725 87.05849022151469
249.475 87.05755652259373
249.48 87.05827662785296
249.48 87.05827662785296
249.5 87.08001298131525
249.535 87.09469347807625
249.535 87.09469347807625
249.535 87.09469347807625
249.615 87.24761864199145
249.6175 87.24622383356497
249.6175 87.24622383356497
249.7375 87.45299381043523
249.7425 87.45003189735584
249.7425 87.45003189735584
249.745 87.45212872493794
249.745 87.45212872493794
249.75 87.45082651881302
249.765 87.44674631912993
249.7775 87.44005201920575
249.805 87.44386778108364
249.8125 87.44053495199388
249.8125 87.44053495199388
249.835 87.43929215327238
249.835 87.43929215327238
249.8425 87.43595657323905
249.8575 87.4287677514567
249.9025 87.45035706009111
249.9025 87.45035706009111
249.9025 87.45035706009111
249.9075 87.45036249854203
250.0475 87.67771650319148
250.055 87.67300136850116
250.06 87.67002875799724
250.06 87.67002875799724
250.145 87.82283323570785
250.145 87.82283323570785
250.145 87.82283323570785
250.15 87.82236879392232
250.15 87.82236879392232
250.165 87.81447490307703
250.185 87.81671534718176
250.2 87.83036329137478
250.2 87.83036329137478
250.22 87.85174449755716
250.22 87.85174449755716
250.25 87.83661872753788
250.325 87.87739994889043
250.3425 87.87035445894668
250.3425 87.87035445894668
250.3625 87.86064511457874
250.365 87.85866893559188
250.365 87.85866893559188
250.365 87.85866893559188
250.365 87.85866893559188
250.365 87.85866893559188
250.365 87.85866893559188
250.4 87.83703194111952
250.4 87.83703194111952
250.4 87.83703194111952
250.4 87.83703194111952
250.4025 87.83516815436674
250.4225 87.85650203563438
250.4225 87.85650203563438
250.4225 87.85650203563438
250.495 87.88070748711328
250.5225 87.8984053087413
250.5225 87.8984053087413
250.5225 87.8984053087413
250.535 87.90245916872787
250.58 87.87528766796956
250.585 87.87753325545637
250.585 87.87753325545637
250.7175 88.07199349849249
250.7175 88.07199349849249
250.7175 88.07199349849249
250.7175 88.07199349849249
250.72 88.07131937595106
250.72 88.07131937595106
250.72 88.07131937595106
250.75 88.0822092961633
250.75 88.0822092961633
250.75 88.0822092961633
250.785 88.05893904614344
250.7875 88.0571827168859
250.7875 88.0571827168859
250.8125 88.07719247082032
250.8425 88.0871407994252
250.8425 88.0871407994252
250.8425 88.0871407994252
250.85 88.0931211701393
250.85 88.0931211701393
250.865 88.08513219120152
250.865 88.08513219120152
250.865 88.08513219120152
250.865 88.08513219120152
250.88 88.0741842278953
250.88 88.0741842278953
250.88 88.0741842278953
250.88 88.0741842278953
250.8875 88.07146571160695
250.8875 88.07146571160695
250.8875 88.07146571160695
250.89 88.07061622245111
250.895 88.07306657724824
250.895 88.07306657724824
250.9 88.07318608767672
250.9 88.07318608767672
250.9 88.07318608767672
250.905 88.07654524490529
250.9075 88.0751837422951
250.925 88.06945930387911
250.9625 88.08227234879692
250.9675 88.08153546494484
250.9675 88.08153546494484
250.9975 88.11188696498697
250.9975 88.11188696498697
251.0025 88.11069379877851
251.0075 88.10859123014451
251.0075 88.10859123014451
251.0075 88.10859123014451
251.015 88.10569244550331
251.015 88.10569244550331
251.015 88.10569244550331
251.0175 88.10444191189099
251.16 88.33038673937133
251.1675 88.32374141685987
251.1675 88.32374141685987
251.1675 88.32374141685987
251.1675 88.32374141685987
251.195 88.32583875763827
251.195 88.32583875763827
251.195 88.32583875763827
251.195 88.32583875763827
251.235 88.37877734703453
251.315 88.52794627454932
251.35 88.55557640623653
251.35 88.55557640623653
251.3575 88.55775114500041
251.3575 88.55775114500041
251.385 88.56730200096243
251.4 88.55756915034003
251.4 88.55756915034003
251.415 88.5644531002206
251.42 88.56290326538233
251.42 88.56290326538233
251.42 88.56290326538233
251.42 88.56290326538233
251.43 88.55612816058235
251.43 88.55612816058235
251.4425 88.54475936928566
251.4475 88.54173757537221
251.4475 88.54173757537221
251.4475 88.54173757537221
251.4475 88.54173757537221
251.4475 88.54173757537221
251.4475 88.54173757537221
251.4625 88.54352623878545
251.4625 88.54352623878545
251.465 88.54198653307955
251.47 88.53941571508676
251.505 88.51507568363225
251.5275 88.50114298209041
251.5275 88.50114298209041
251.5325 88.49664408194938
251.5375 88.49372869742487
251.5575 88.50718103701489
251.5625 88.5023413491437
251.6825 88.70354893261909
251.6825 88.70354893261909
251.6825 88.70354893261909
251.69 88.7027571381232
251.69 88.7027571381232
251.695 88.70130707800578
251.695 88.70130707800578
251.695 88.70130707800578
251.7 88.69692176119989
251.7 88.69692176119989
251.705 88.69643057076757
251.705 88.69643057076757
251.71 88.69170577535243
251.7175 88.68724247304017
251.7175 88.68724247304017
251.7175 88.68724247304017
251.7175 88.68724247304017
251.7175 88.68724247304017
251.7175 88.68724247304017
251.7175 88.68724247304017
251.73 88.69193833097867
251.73 88.69193833097867
251.7375 88.68561053318952
251.7375 88.68561053318952
251.7375 88.68561053318952
251.7375 88.68561053318952
251.745 88.68825730461558
251.745 88.68825730461558
251.745 88.68825730461558
251.745 88.68825730461558
251.805 88.68965155454201
251.8125 88.68755096331073
251.8125 88.68755096331073
251.815 88.68628612521432
251.815 88.68628612521432
251.815 88.68628612521432
251.815 88.68628612521432
251.8225 88.6865554926814
251.8225 88.6865554926814
251.8225 88.6865554926814
251.8225 88.6865554926814
251.825 88.68489520937538
251.8275 88.68329127541035
251.8275 88.68329127541035
251.8275 88.68329127541035
251.8275 88.68329127541035
251.8275 88.68329127541035
251.8275 88.68329127541035
251.83 88.68270337189031
251.8375 88.67619708050643
251.8375 88.67619708050643
251.8475 88.6784730542256
251.9175 88.76072485393378
251.9475 88.79052280466036
251.9525 88.79469785245286
251.9525 88.79469785245286
251.9525 88.79469785245286
251.955 88.79624959663576
251.955 88.79624959663576
251.96 88.79241812731581
251.9825 88.81133942951244
251.9825 88.81133942951244
251.9825 88.81133942951244
252.08 88.85095224387484
252.1 88.87166430249208
252.1025 88.87275990463198
252.1025 88.87275990463198
252.1025 88.87275990463198
252.1425 88.92496418508775
252.1425 88.92496418508775
252.1475 88.92124030551899
252.1475 88.92124030551899
252.155 88.9189473565603
252.1625 88.91310656702542
252.1625 88.91310656702542
252.165 88.91470663686857
252.165 88.91470663686857
252.165 88.91470663686857
252.165 88.91470663686857
252.245 88.97035815814458
252.2525 88.96907110488769
252.2525 88.96907110488769
252.3725 89.16829579491078
252.38 89.1631267900232
252.405 89.17705230788293
252.4125 89.17255477110366
252.4125 89.17255477110366
252.4125 89.17255477110366
252.43 89.16873852372477
252.44 89.17093539741262
252.4475 89.16946638799584
252.4475 89.16946638799584
252.4875 89.19440507184393
252.4875 89.19440507184393
252.53 89.24441050288536
252.535 89.24314650996325
252.5425 89.23880966366454
252.5425 89.23880966366454
252.6225 89.38537170361403
252.625 89.38381401439356
252.625 89.38381401439356
252.6425 89.39368676137587
252.65 89.38934818792339
252.65 89.38934818792339
252.65 89.38934818792339
252.7 89.43913684175826
252.7 89.43913684175826
252.705 89.43853777902484
252.785 89.58462776567681
252.785 89.58462776567681
252.8225 89.60884820063703
252.8225 89.60884820063703
252.8275 89.60645562604483
252.8275 89.60645562604483
252.8275 89.60645562604483
252.8275 89.60645562604483
252.8275 89.60645562604483
252.8275 89.60645562604483
252.8275 89.60645562604483
252.8325 89.60249830992005
252.8325 89.60249830992005
252.8425 89.59676148352362
252.9625 89.79380408923544
252.975 89.78661604340397
252.98 89.78734213969494
253.0 89.80763756332688
253.0 89.80763756332688
253.005 89.80418121504496
253.005 89.80418121504496
253.03 89.81381994334737
253.03 89.81381994334737
253.0575 89.81486559223735
253.0625 89.81213095865262
253.0625 89.81213095865262
253.0925 89.84119736891788
