104.46 10.723106673087228
107.29333333333334 10.791143815108294
108.98666666666666 10.793895628162295
110.98 11.131905995995433
112.45333333333333 11.54927594288513
113.90666666666667 11.459013286808183
115.07333333333334 11.513317382320459
116.42 11.406604904681535
117.44 11.545738619402343
118.31333333333333 11.453343871625204
119.18666666666667 11.485274368218912
119.99333333333334 11.58882905005477
120.76666666666667 11.370863820997702
121.55333333333333 11.384456143994623
122.68666666666667 11.462684356835313
123.44666666666667 11.468751592881388
124.22666666666667 11.350391778877164
124.98666666666666 11.463472112109223
126.00666666666666 11.381494495248559
126.86666666666666 11.378361595482335
127.40666666666667 11.38948448107747
128.30666666666667 11.40025621179355
128.97333333333333 11.416673054543368
129.66666666666666 11.669739999721187
130.38666666666666 11.323628870266242
131.07333333333332 11.180846418959973
131.72666666666666 11.150173846698275
132.29333333333332 11.2088991560213
133.02 11.227635518269368
133.67333333333335 11.252645421655627
134.39333333333335 11.48586257182942
135.14666666666668 11.904517939847715
135.68 11.890425028478143
136.22666666666666 11.907192209329702
136.84 12.12039934439284
137.51333333333332 12.2631332461269
138.02 12.499616047614934
138.35333333333332 12.593801451729105
138.70666666666668 12.647284355179103
139.22666666666666 13.062825636166616
139.54666666666665 12.921469348438317
140.09333333333333 12.910469509876103
140.44 12.989051216506024
141.02 13.141356506697493
141.49333333333334 13.225467813471555
141.84 13.24231587623125
142.39333333333335 13.658714819629589
142.78 13.832911170036736
143.25333333333333 13.866147833531842
143.66666666666666 13.949582732718046
144.18 13.899096479381086
144.67333333333335 14.349202798718514
145.14666666666668 14.407071223059518
145.43333333333334 14.455058559159072
145.73333333333332 14.626985948879483
145.98 14.583157922181242
146.28666666666666 14.93926910618384
146.62 15.140002164855845
147.12 15.174313800996202
147.38666666666666 15.165436264056272
147.72666666666666 15.126400171976302
148.09333333333333 15.160830832355904
148.40666666666667 15.177256645603332
148.56 15.259836457041484
148.75333333333333 15.22031588396182
149.15333333333334 15.155486954840816
149.35333333333332 15.155663496162697
149.49333333333334 15.210780663184243
149.72666666666666 15.446702700033851
149.96666666666667 15.394442235039964
150.22666666666666 15.424493689393373
150.58666666666667 15.470410495260355
150.85333333333332 15.494259015206987
151.09333333333333 15.5524129118332
151.28666666666666 15.563801870078503
151.40666666666667 15.56026010506723
151.57333333333332 15.595362773026357
151.83333333333334 15.769627751481334
152.08 15.967994745342672
152.2 15.981176218008384
152.42 16.004919812169618
152.78 16.288112496408296
153.03333333333333 16.288747646412755
153.28 16.208969811222953
153.42 16.315357887893047
153.7 16.34177198793587
153.86666666666667 16.34603514941493
154.09333333333333 16.336489581968376
154.35333333333332 16.392198432600036
154.75333333333333 16.61624166830414
154.84666666666666 16.61575859441216
155.06666666666666 16.535627560461172
155.09333333333333 16.530643144317516
155.16666666666666 16.497660386135866
155.34 16.598476780660544
155.46 16.558452256691243
155.62 16.57663665956227
155.80666666666667 16.64671135345275
155.91333333333333 16.718178145076806
156.04 16.715554608994825
156.36666666666667 16.759928587050492
156.54 16.745639875785532
156.75333333333333 16.72857754196334
156.88666666666666 16.838416288333637
157.04 16.95040177698858
157.2 16.968986071486828
157.28 16.944970939301705
157.39333333333335 16.96086254932058
157.52666666666667 16.980885049936393
157.67333333333335 17.059799081600314
157.86666666666667 17.163649332730643
157.93333333333334 17.195187421400178
158.08 17.25725866378055
158.2 17.33749199747592
158.28666666666666 17.279460487469375
158.34666666666666 17.266352015658974
158.44 17.296733505681203
158.51333333333332 17.289677035605386
158.61333333333334 17.278279777293523
158.78 17.368471801198588
159.04666666666665 17.50330562823129
159.39333333333335 17.805863776810998
159.54666666666665 17.789774473226178
159.64666666666668 17.81722013483959
159.81333333333333 17.86586463864849
159.91333333333333 17.943962070983797
160.00666666666666 17.974711580725184
160.11333333333334 17.95871767947792
160.19333333333333 17.99152407897963
160.26666666666668 18.04219011936281
160.29333333333332 18.057339614000178
160.45333333333335 18.065872283399145
160.48 18.037018789776287
160.63333333333333 18.043765695955045
160.74 18.073773012379306
160.90666666666667 18.222829838234958
160.96 18.311638932693537
161.05333333333334 18.294062734303818
161.15333333333334 18.36138039078415
161.22 18.33664022066037
161.28666666666666 18.384534967615405
161.38666666666666 18.44952860938687
161.54666666666665 18.436036641472263
161.58666666666667 18.453661270051214
161.68666666666667 18.517509265202083
161.85333333333332 18.480899175545478
161.90666666666667 18.45879318124334
162.05333333333334 18.46402510195005
162.13333333333333 18.49691890339085
162.17333333333335 18.453139300827406
162.27333333333334 18.49935248497725
162.28666666666666 18.496257116326706
162.42 18.538496509771484
162.46666666666667 18.545674131330657
162.49333333333334 18.524772049533556
162.54666666666665 18.565832128697924
162.61333333333334 18.55725540003594
162.69333333333333 18.46770539882749
162.80666666666667 18.609954061993832
162.83333333333334 18.59870771454454
162.84666666666666 18.598103498332065
162.94 18.69406215530003
163.08 18.746155012673853
163.18 18.802465504026333
163.22 18.804173022946877
163.27333333333334 18.80204808692656
163.36 18.813387391708634
163.46666666666667 18.833779752209537
163.52666666666667 18.8627135401001
163.68 18.77175705351671
163.7 18.758186618577792
163.86666666666667 18.687597756853656
163.89333333333335 18.67631220774484
163.96 18.7023436729966
164.04666666666665 18.72984728947835
164.12666666666667 18.70803546229312
164.13333333333333 18.7119215720518
164.13333333333333 18.7119215720518
164.18 18.706881748414503
164.18666666666667 18.710749031504733
164.26 18.736664823165626
164.34666666666666 18.70417000226958
164.40666666666667 18.69473005944565
164.43333333333334 18.74486923483309
164.43333333333334 18.74486923483309
164.52666666666667 18.906634416842383
164.57333333333332 18.91199356380531
164.62 18.871212880609566
164.66666666666666 18.88485322048917
164.68666666666667 18.912803494165498
164.74 18.929169152819515
164.74666666666667 18.937738743523433
164.79333333333332 18.939720137456433
164.86666666666667 18.93614217549404
164.88666666666666 18.924259056168413
164.90666666666667 18.917298154169238
164.99333333333334 18.953559391335773
165.07333333333332 18.947064673841634
165.08666666666667 18.9639463127994
165.10666666666665 18.993449554398307
165.23333333333332 19.257424113846515
165.23333333333332 19.257424113846515
165.28 19.278324078202804
165.41333333333333 19.361094895193588
165.49333333333334 19.454344689895517
165.59333333333333 19.413678819496763
165.62 19.412842695969633
165.72666666666666 19.42773133190211
165.9 19.46311149405718
165.92666666666668 19.514713312638506
166.08 19.515029796540578
166.08 19.515029796540578
166.09333333333333 19.524565323179047
166.15333333333334 19.527268188319404
166.17333333333335 19.54250890759852
166.22 19.535533185868964
166.30666666666667 19.490825100524084
166.32 19.480998374284184
166.37333333333333 19.47317739048148
166.38 19.468582013560436
166.39333333333335 19.460756039810622
166.42666666666668 19.46314471583804
166.44666666666666 19.4699104672028
166.56666666666666 19.741105839206117
166.59333333333333 19.714550478197914
166.59333333333333 19.714550478197914
166.59333333333333 19.714550478197914
166.64 19.65769952211276
166.65333333333334 19.65045266285418
166.74666666666667 19.617133548280158
166.87333333333333 19.587654519812062
166.90666666666667 19.59535357752742
166.96 19.641904559276302
167.19333333333333 19.853711367713185
167.23333333333332 19.870792221261773
167.28 19.816252915187135
167.3 19.8159592450801
167.32666666666665 19.82431083010245
167.40666666666667 19.832272158077657
167.41333333333333 19.851012515280637
167.41333333333333 19.851012515280637
167.42 19.85087211549708
167.42 19.85087211549708
167.43333333333334 19.857996432081062
167.44666666666666 19.865109214463523
167.44666666666666 19.865109214463523
167.54 19.776385363867696
167.54666666666665 19.774848613356294
167.56666666666666 19.83710137238847
167.62 19.834151824449606
167.67333333333335 19.778369545925827
167.70666666666668 19.788022682788128
167.70666666666668 19.788022682788128
167.72666666666666 19.77309298625363
167.72666666666666 19.77309298625363
167.74666666666667 19.782491724206107
167.83333333333334 19.735005879886433
167.83333333333334 19.735005879886433
167.83333333333334 19.735005879886433
167.85333333333332 19.7280462349854
167.85333333333332 19.7280462349854
167.86 19.730468094737603
167.89333333333335 19.698444556581556
168.04666666666665 19.644613979840514
168.09333333333333 19.66112462774314
168.12666666666667 19.69255216891164
168.14666666666668 19.694790465004285
168.24666666666667 19.664216917508266
168.27333333333334 19.6284540804291
168.28 19.621202101460423
168.35333333333332 19.54931562382912
168.35333333333332 19.54931562382912
168.38 19.585049925951335
168.38 19.585049925951335
168.38 19.585049925951335
168.44666666666666 19.557662507691784
168.49333333333334 19.51579299292494
168.5 19.50636633920314
168.50666666666666 19.51956283663475
168.53333333333333 19.514737306182727
168.58 19.534300507596125
168.59333333333333 19.53047414401031
168.67333333333335 19.470240276130546
168.67333333333335 19.470240276130546
168.72 19.465472390481953
168.74666666666667 19.48095259311874
168.78666666666666 19.499965411740757
168.78666666666666 19.499965411740757
168.89333333333335 19.473383487134736
168.94666666666666 19.450232063223964
168.94666666666666 19.450232063223964
168.96666666666667 19.472273974414783
168.99333333333334 19.464055428781325
169.02666666666667 19.462663567268116
169.03333333333333 19.45852863599442
169.03333333333333 19.45852863599442
169.03333333333333 19.45852863599442
169.08 19.419853303800657
169.17333333333335 19.481831572698166
169.17333333333335 19.481831572698166
169.17333333333335 19.481831572698166
169.21333333333334 19.471130045266705
169.24 19.4584472805145
169.24 19.4584472805145
169.24 19.4584472805145
169.28666666666666 19.510681978335732
169.28666666666666 19.510681978335732
169.29333333333332 19.518123527695053
169.29333333333332 19.518123527695053
169.29333333333332 19.518123527695053
169.31333333333333 19.550684209658108
169.34666666666666 19.557645407063966
169.36 19.54029538703827
169.38 19.548129438606008
169.43333333333334 19.72415684975325
169.44666666666666 19.71096724299452
169.49333333333334 19.69423346213536
169.49333333333334 19.69423346213536
169.56 19.645514010475416
169.62666666666667 19.64485573234644
169.62666666666667 19.64485573234644
169.68 19.618542863328756
169.7 19.628063316721217
169.70666666666668 19.624415434845968
169.75333333333333 19.6417535835018
169.78666666666666 19.639761275673397
169.83333333333334 19.675942109129824
169.83333333333334 19.675942109129824
169.86666666666667 19.660893281783537
169.90666666666667 19.656361073651148
169.92 19.647570420063946
169.92 19.647570420063946
169.96666666666667 19.639873667647656
169.96666666666667 19.639873667647656
169.96666666666667 19.639873667647656
169.98666666666668 19.675625947101576
169.99333333333334 19.68004835443751
170.06 19.720701989445544
170.07333333333332 19.70029511575181
170.12666666666667 19.733948361864076
170.13333333333333 19.732887397413975
170.15333333333334 19.76153375313963
170.16 19.75707992993548
170.16 19.75707992993548
170.16666666666666 19.757363190035385
170.2 19.762130604265995
170.2 19.762130604265995
170.2 19.762130604265995
170.23333333333332 19.809432119368335
170.23333333333332 19.809432119368335
170.23333333333332 19.809432119368335
170.23333333333332 19.809432119368335
170.23333333333332 19.809432119368335
170.23333333333332 19.809432119368335
170.24 19.81374138889692
170.24 19.81374138889692
170.39333333333335 19.697850303459017
170.42666666666668 19.658062475479497
170.42666666666668 19.658062475479497
170.45333333333335 19.62340649574413
170.45333333333335 19.62340649574413
170.5 19.686591195778384
170.60666666666665 19.6509326173423
170.62666666666667 19.673776467433086
170.62666666666667 19.673776467433086
170.62666666666667 19.673776467433086
170.62666666666667 19.673776467433086
170.64 19.700527130784327
170.64666666666668 19.6958942351266
170.64666666666668 19.6958942351266
170.68666666666667 19.678226483791168
170.68666666666667 19.678226483791168
170.68666666666667 19.678226483791168
170.71333333333334 19.647337779666657
170.72666666666666 19.65229412656477
170.74666666666667 19.630767832866724
170.75333333333333 19.63357872627635
170.75333333333333 19.63357872627635
170.77333333333334 19.631776393646156
170.78666666666666 19.63124486131496
170.8 19.6116135138184
170.83333333333334 19.665740771432585
170.85333333333332 19.65569408395343
170.85333333333332 19.65569408395343
170.85333333333332 19.65569408395343
170.85333333333332 19.65569408395343
170.85333333333332 19.65569408395343
170.88 19.640896518578568
170.88666666666666 19.645703545088278
170.9 19.666194276585777
170.90666666666667 19.66350597204368
170.94 19.660234384500903
170.95333333333335 19.65278424679463
170.97333333333333 19.675272383547277
170.97333333333333 19.675272383547277
171.00666666666666 19.668488852341234
171.00666666666666 19.668488852341234
171.06 19.630952966712318
171.10666666666665 19.630754203312158
171.10666666666665 19.630754203312158
171.2 19.58772395573018
171.20666666666668 19.600626795884033
171.20666666666668 19.600626795884033
171.20666666666668 19.600626795884033
171.22 19.590240557063407
171.25333333333333 19.58983651124599
171.25333333333333 19.58983651124599
171.34 19.692053980389023
171.38 19.713727115624224
171.44 19.789690231655552
171.45333333333335 19.795471481954284
171.45333333333335 19.795471481954284
171.45333333333335 19.795471481954284
171.45333333333335 19.795471481954284
171.49333333333334 19.764075604588783
171.49333333333334 19.764075604588783
171.51333333333332 19.777774312209793
171.51333333333332 19.777774312209793
171.55333333333334 19.811160891657476
171.55333333333334 19.811160891657476
171.57333333333332 19.788293105664128
171.61333333333334 19.772886630634268
171.66 19.790315526255828
171.66666666666666 19.786711079409383
171.66666666666666 19.786711079409383
171.69333333333333 19.767527396045256
171.69333333333333 19.767527396045256
171.72666666666666 19.73855764102456
171.76 19.746785014139608
171.77333333333334 19.7347448951287
171.84 19.69196906063358
171.84 19.69196906063358
171.85333333333332 19.69207322881601
171.85333333333332 19.69207322881601
171.9 19.692026806107126
171.91333333333333 19.685295487163643
171.92666666666668 19.678552801381123
171.92666666666668 19.678552801381123
171.92666666666668 19.678552801381123
171.92666666666668 19.678552801381123
171.94 19.670438577880105
172.03333333333333 19.633742256777598
172.07333333333332 19.580413620436627
172.07333333333332 19.580413620436627
172.12666666666667 19.55826444026343
172.12666666666667 19.55826444026343
172.18666666666667 19.55470387659262
172.18666666666667 19.55470387659262
172.18666666666667 19.55470387659262
172.19333333333333 19.557717229600154
172.26 19.522709527393207
172.26 19.522709527393207
172.29333333333332 19.503381635148383
172.32666666666665 19.486723605534195
172.32666666666665 19.486723605534195
172.35333333333332 19.467024400738605
172.36666666666667 19.459216133510047
172.36666666666667 19.459216133510047
172.36666666666667 19.459216133510047
172.36666666666667 19.459216133510047
172.36666666666667 19.459216133510047
172.36666666666667 19.459216133510047
172.36666666666667 19.459216133510047
172.36666666666667 19.459216133510047
172.36666666666667 19.459216133510047
172.36666666666667 19.459216133510047
172.36666666666667 19.459216133510047
172.37333333333333 19.455994997945734
172.43333333333334 19.42756606731498
172.47333333333333 19.450716958238875
172.47333333333333 19.450716958238875
172.47333333333333 19.450716958238875
172.47333333333333 19.450716958238875
172.47333333333333 19.450716958238875
172.47333333333333 19.450716958238875
172.47333333333333 19.450716958238875
172.53333333333333 19.46462932788073
172.53333333333333 19.46462932788073
172.55333333333334 19.458226129392266
172.57333333333332 19.477917061784993
172.6 19.463369247766856
172.61333333333334 19.49591730407454
172.61333333333334 19.49591730407454
172.61333333333334 19.49591730407454
172.61333333333334 19.49591730407454
172.63333333333333 19.473647974643995
172.64 19.464152798083894
172.64 19.464152798083894
172.64666666666668 19.454650695085267
172.66666666666666 19.44881513759669
172.66666666666666 19.44881513759669
172.68 19.444224323221867
172.68 19.444224323221867
172.68 19.444224323221867
172.68 19.444224323221867
172.77333333333334 19.505302140551503
172.77333333333334 19.505302140551503
172.77333333333334 19.505302140551503
172.77333333333334 19.505302140551503
172.77333333333334 19.505302140551503
172.9 19.48715381679939
172.99333333333334 19.62627297421539
172.99333333333334 19.62627297421539
173.0 19.621502095446345
173.04666666666665 19.60712336143654
173.12666666666667 19.576040459939446
173.17333333333335 19.732914515426575
173.2 19.734017283034134
173.2 19.734017283034134
173.24666666666667 19.719924110196978
173.26666666666668 19.737971373353957
173.28 19.741174735387723
173.32 19.70733018133745
173.32 19.70733018133745
173.34666666666666 19.724519710627643
173.38 19.700150246443336
173.38 19.700150246443336
173.38 19.700150246443336
173.38666666666666 19.695265942794833
173.38666666666666 19.695265942794833
173.38666666666666 19.695265942794833
173.38666666666666 19.695265942794833
173.41333333333333 19.687928721597693
173.43333333333334 19.718730096305023
173.43333333333334 19.718730096305023
173.43333333333334 19.718730096305023
173.49333333333334 19.83164818637579
173.49333333333334 19.83164818637579
173.49333333333334 19.83164818637579
173.49333333333334 19.83164818637579
173.49333333333334 19.83164818637579
173.49333333333334 19.83164818637579
173.51333333333332 19.825066618896937
173.51333333333332 19.825066618896937
173.51333333333332 19.825066618896937
173.51333333333332 19.825066618896937
173.51333333333332 19.825066618896937
173.51333333333332 19.825066618896937
173.51333333333332 19.825066618896937
173.53333333333333 19.796174309189674
173.56 19.80016553425618
173.56 19.80016553425618
173.56 19.80016553425618
173.56 19.80016553425618
173.58 19.81579721833048
173.58 19.81579721833048
173.62 19.792289299600075
173.62666666666667 19.79478214638811
173.62666666666667 19.79478214638811
173.62666666666667 19.79478214638811
173.62666666666667 19.79478214638811
173.64 19.811243049606166
173.64 19.811243049606166
173.67333333333335 19.837802724731727
173.71333333333334 19.838423131135933
173.71333333333334 19.838423131135933
173.71333333333334 19.838423131135933
173.71333333333334 19.838423131135933
173.71333333333334 19.838423131135933
173.75333333333333 19.91971735124272
173.78 19.93882617652451
173.78 19.93882617652451
173.8 19.962171583131465
173.8 19.962171583131465
173.8 19.962171583131465
173.8 19.962171583131465
173.84 19.962533468348063
173.84 19.962533468348063
173.84 19.962533468348063
173.86 19.96368944661958
173.88 19.97286453480703
173.88 19.97286453480703
173.96 19.989254638513792
173.97333333333333 19.997306396092952
173.97333333333333 19.997306396092952
173.97333333333333 19.997306396092952
173.97333333333333 19.997306396092952
174.04 19.989254638513778
174.04 19.989254638513778
174.04 19.989254638513778
174.08 19.952961406676476
174.08 19.952961406676476
174.12 19.960804401991968
174.12 19.960804401991968
174.14 19.96569968419836
174.14666666666668 19.956603978719265
174.14666666666668 19.956603978719265
174.14666666666668 19.956603978719265
174.14666666666668 19.956603978719265
174.15333333333334 19.953536887897286
174.15333333333334 19.953536887897286
174.19333333333333 20.00942810107265
174.19333333333333 20.00942810107265
174.19333333333333 20.00942810107265
174.19333333333333 20.00942810107265
174.19333333333333 20.00942810107265
174.19333333333333 20.00942810107265
174.19333333333333 20.00942810107265
174.23333333333332 19.95678162090363
174.23333333333332 19.95678162090363
174.28 19.916252753613563
174.28 19.916252753613563
174.29333333333332 19.92411915164093
174.34666666666666 19.88629439012688
174.34666666666666 19.88629439012688
174.41333333333333 19.85673997994113
174.42666666666668 19.863193189948745
174.42666666666668 19.863193189948745
174.42666666666668 19.863193189948745
174.46666666666667 19.96708551346178
174.46666666666667 19.96708551346178
174.46666666666667 19.96708551346178
174.46666666666667 19.96708551346178
174.46666666666667 19.96708551346178
174.54666666666665 20.08529859426936
174.54666666666665 20.08529859426936
174.56666666666666 20.089071445124407
174.56666666666666 20.089071445124407
174.56666666666666 20.089071445124407
174.56666666666666 20.089071445124407
174.66 20.048880067805385
174.68 20.03719618033498
174.72666666666666 20.009829245740736
174.78666666666666 19.96370843314357
174.78666666666666 19.96370843314357
174.8 19.965857144260465
174.83333333333334 19.93263459661306
174.83333333333334 19.93263459661306
174.83333333333334 19.93263459661306
174.83333333333334 19.93263459661306
174.83333333333334 19.93263459661306
174.85333333333332 19.940844511244443
175.02666666666667 20.00566697862768
175.02666666666667 20.00566697862768
175.02666666666667 20.00566697862768
175.02666666666667 20.00566697862768
175.04 20.014335999101984
175.04 20.014335999101984
175.04 20.014335999101984
175.04 20.014335999101984
175.04 20.014335999101984
175.06 19.998237380523296
175.06 19.998237380523296
175.08 20.0482761834134
175.11333333333334 20.02942205978625
175.12666666666667 20.02466594919404
175.21333333333334 20.015240569937298
175.21333333333334 20.015240569937298
175.21333333333334 20.015240569937298
175.21333333333334 20.015240569937298
175.21333333333334 20.015240569937298
175.21333333333334 20.015240569937298
175.23333333333332 19.98692437676101
175.3 19.96929080490431
175.3 19.96929080490431
175.3 19.96929080490431
175.31333333333333 19.965735419924233
175.31333333333333 19.965735419924233
175.31333333333333 19.965735419924233
175.31333333333333 19.965735419924233
175.31333333333333 19.965735419924233
175.31333333333333 19.965735419924233
175.31333333333333 19.965735419924233
175.31333333333333 19.965735419924233
175.33333333333334 19.95133432530488
175.34 19.948539145682393
175.36 19.94483361574787
175.36 19.94483361574787
175.36666666666667 19.94337021688113
175.36666666666667 19.94337021688113
175.4 19.932662561466746
175.40666666666667 19.93789577283379
175.40666666666667 19.93789577283379
175.44 19.944565315361707
175.44666666666666 19.940391661674
175.45333333333335 19.93554384972152
175.46 19.93069262121122
175.51333333333332 19.96962129848501
175.51333333333332 19.96962129848501
175.55333333333334 19.966539456846988
175.55333333333334 19.966539456846988
175.56 19.96367269378932
175.56 19.96367269378932
175.58 19.963099738531803
175.58 19.963099738531803
175.58 19.963099738531803
175.59333333333333 19.948628561729958
175.59333333333333 19.948628561729958
175.59333333333333 19.948628561729958
175.59333333333333 19.948628561729958
175.59333333333333 19.948628561729958
175.59333333333333 19.948628561729958
175.60666666666665 19.96364477237432
175.60666666666665 19.96364477237432
175.60666666666665 19.96364477237432
175.60666666666665 19.96364477237432
175.67333333333335 20.129014206661875
175.69333333333333 20.108384136910328
175.69333333333333 20.108384136910328
175.69333333333333 20.108384136910328
175.69333333333333 20.108384136910328
175.69333333333333 20.108384136910328
175.69333333333333 20.108384136910328
175.7 20.114139189081037
175.71333333333334 20.123643448466925
175.71333333333334 20.123643448466925
175.8 20.09442592305781
175.8 20.09442592305781
175.84 20.106765197041604
175.88 20.110371041116355
175.88 20.110371041116355
175.88 20.110371041116355
175.88 20.110371041116355
175.98 20.173485031787624
175.98 20.173485031787624
175.99333333333334 20.185426931913863
176.03333333333333 20.22909480122989
176.04 20.2241221578801
176.06666666666666 20.21478867461691
176.06666666666666 20.21478867461691
176.12666666666667 20.28485988837962
176.12666666666667 20.28485988837962
176.14 20.29400293643288
176.14 20.29400293643288
176.14 20.29400293643288
176.14 20.29400293643288
176.14 20.29400293643288
176.14 20.29400293643288
176.14 20.29400293643288
176.14 20.29400293643288
176.16666666666666 20.27797350791035
176.16666666666666 20.27797350791035
176.16666666666666 20.27797350791035
176.16666666666666 20.27797350791035
176.16666666666666 20.27797350791035
176.16666666666666 20.27797350791035
176.16666666666666 20.27797350791035
176.17333333333335 20.27824729276283
176.17333333333335 20.27824729276283
176.17333333333335 20.27824729276283
176.24 20.255121983221514
176.24 20.255121983221514
176.32666666666665 20.24432590447616
176.33333333333334 20.2399210365912
176.33333333333334 20.2399210365912
176.34666666666666 20.235730069864623
176.34666666666666 20.235730069864623
176.34666666666666 20.235730069864623
176.34666666666666 20.235730069864623
176.35333333333332 20.24784118032755
176.35333333333332 20.24784118032755
176.35333333333332 20.24784118032755
176.35333333333332 20.24784118032755
176.39333333333335 20.282749368911897
176.39333333333335 20.282749368911897
176.39333333333335 20.282749368911897
176.39333333333335 20.282749368911897
176.4 20.276351614198475
176.4 20.276351614198475
176.4 20.276351614198475
176.42 20.294741233608523
176.42666666666668 20.292953673254132
176.42666666666668 20.292953673254132
176.46666666666667 20.29602549907459
176.49333333333334 20.299347293876565
176.49333333333334 20.299347293876565
176.53333333333333 20.31216801460973
176.55333333333334 20.30932588612231
176.63333333333333 20.283250637169967
176.63333333333333 20.283250637169967
176.63333333333333 20.283250637169967
176.63333333333333 20.283250637169967
176.63333333333333 20.283250637169967
176.63333333333333 20.283250637169967
176.64666666666668 20.29469728809985
176.64666666666668 20.29469728809985
176.64666666666668 20.29469728809985
176.64666666666668 20.29469728809985
176.65333333333334 20.299426377603748
176.66666666666666 20.302945291605724
176.78666666666666 20.45488932292063
176.78666666666666 20.45488932292063
176.78666666666666 20.45488932292063
176.85333333333332 20.486192973905677
176.87333333333333 20.48044884367406
176.87333333333333 20.48044884367406
176.87333333333333 20.48044884367406
176.87333333333333 20.48044884367406
176.88666666666666 20.483792978960345
176.88666666666666 20.483792978960345
176.88666666666666 20.483792978960345
176.91333333333333 20.456475262275163
176.94666666666666 20.451357304775158
176.96 20.454658234208186
176.96 20.454658234208186
176.96 20.454658234208186
176.96 20.454658234208186
176.97333333333333 20.455334052341044
176.97333333333333 20.455334052341044
176.97333333333333 20.455334052341044
177.02 20.45991921573449
177.02 20.45991921573449
177.03333333333333 20.463170821971513
177.03333333333333 20.463170821971513
177.03333333333333 20.463170821971513
177.05333333333334 20.4650895067009
177.05333333333334 20.4650895067009
177.05333333333334 20.4650895067009
177.05333333333334 20.4650895067009
177.05333333333334 20.4650895067009
177.06666666666666 20.455896490408588
177.08 20.463041159898655
177.08 20.463041159898655
177.08 20.463041159898655
177.12 20.440604877527413
177.14 20.456178793609528
177.16666666666666 20.479508207236233
177.16666666666666 20.479508207236233
177.16666666666666 20.479508207236233
177.16666666666666 20.479508207236233
177.16666666666666 20.479508207236233
177.22666666666666 20.5030862075853
177.27333333333334 20.520777191520683
177.27333333333334 20.520777191520683
177.27333333333334 20.520777191520683
177.27333333333334 20.520777191520683
177.27333333333334 20.520777191520683
177.27333333333334 20.520777191520683
177.27333333333334 20.520777191520683
177.27333333333334 20.520777191520683
177.27333333333334 20.520777191520683
177.29333333333332 20.51267547328879
177.29333333333332 20.51267547328879
177.29333333333332 20.51267547328879
177.29333333333332 20.51267547328879
177.29333333333332 20.51267547328879
177.34 20.61214695286953
177.38 20.644521166173895
177.38 20.644521166173895
177.38 20.644521166173895
177.38 20.644521166173895
177.38666666666666 20.634674414267653
177.39333333333335 20.631306103281812
177.39333333333335 20.631306103281812
177.39333333333335 20.631306103281812
177.39333333333335 20.631306103281812
177.4 20.636364306063594
177.43333333333334 20.616231117914026
177.44 20.60700273870291
177.46 20.612406563713666
177.46 20.612406563713666
177.46 20.612406563713666
177.46 20.612406563713666
177.46666666666667 20.60706332998086
177.46666666666667 20.60706332998086
177.46666666666667 20.60706332998086
177.46666666666667 20.60706332998086
177.46666666666667 20.60706332998086
177.54 20.61435354083059
177.55333333333334 20.658729370888718
177.56666666666666 20.64087468871592
177.56666666666666 20.64087468871592
177.58 20.643743535444127
177.58 20.643743535444127
177.58 20.643743535444127
177.58 20.643743535444127
177.58 20.643743535444127
177.61333333333334 20.630459886763397
177.67333333333335 20.61820368751576
177.67333333333335 20.61820368751576
177.7 20.626394753691606
177.74 20.681347322897057
177.74 20.681347322897057
177.75333333333333 20.686685381240522
177.78666666666666 20.675737211840016
177.82 20.667965938947926
177.82 20.667965938947926
177.86 20.695444056175113
178.0 20.873884725779973
178.0 20.873884725779973
178.0 20.873884725779973
178.0 20.873884725779973
178.0 20.873884725779973
178.05333333333334 20.95249816817032
178.05333333333334 20.95249816817032
178.05333333333334 20.95249816817032
178.05333333333334 20.95249816817032
178.05333333333334 20.95249816817032
178.07333333333332 20.9457322914791
178.07333333333332 20.9457322914791
178.11333333333334 20.937887652611956
178.11333333333334 20.937887652611956
178.12 20.929222980845225
178.16666666666666 20.97136658104276
178.16666666666666 20.97136658104276
178.22666666666666 21.011908286851828
178.25333333333333 21.011602676752393
178.25333333333333 21.011602676752393
178.28 21.02399330085466
178.28 21.02399330085466
178.28 21.02399330085466
178.28 21.02399330085466
178.28 21.02399330085466
178.28666666666666 21.03821548018886
178.33333333333334 21.20821026941361
178.36 21.22038522656645
178.36 21.22038522656645
178.36 21.22038522656645
178.36 21.22038522656645
178.42 21.239129031264184
178.42 21.239129031264184
178.42 21.239129031264184
178.42 21.239129031264184
178.43333333333334 21.259006878664678
178.43333333333334 21.259006878664678
178.47333333333333 21.280794069056423
178.47333333333333 21.280794069056423
178.47333333333333 21.280794069056423
178.56666666666666 21.418872891495223
178.56666666666666 21.418872891495223
178.58666666666667 21.40802420956716
178.6 21.40890322094399
178.6 21.40890322094399
178.6 21.40890322094399
178.62666666666667 21.42063102870178
178.62666666666667 21.42063102870178
178.64 21.432722770361462
178.64 21.432722770361462
178.64 21.432722770361462
178.64666666666668 21.43782693358487
178.64666666666668 21.43782693358487
178.72 21.449519176655187
178.73333333333332 21.451560636342307
178.80666666666667 21.639242398804136
178.80666666666667 21.639242398804136
178.80666666666667 21.639242398804136
178.80666666666667 21.639242398804136
178.80666666666667 21.639242398804136
178.80666666666667 21.639242398804136
178.89333333333335 21.607674428380715
178.90666666666667 21.604640485876374
178.90666666666667 21.604640485876374
178.90666666666667 21.604640485876374
178.90666666666667 21.604640485876374
178.91333333333333 21.602810626833215
178.91333333333333 21.602810626833215
178.91333333333333 21.602810626833215
179.01333333333332 21.634540284769923
179.04666666666665 21.622741857598836
179.05333333333334 21.627056838921362
179.05333333333334 21.627056838921362
179.12 21.655842592581084
179.12 21.655842592581084
179.14 21.653868787004694
179.14 21.653868787004694
179.15333333333334 21.648217168567967
179.15333333333334 21.648217168567967
179.2 21.622483034453992
179.2 21.622483034453992
179.2 21.622483034453992
179.2 21.622483034453992
179.2 21.622483034453992
179.2 21.622483034453992
179.22 21.611148491702945
179.22666666666666 21.620362836598645
179.24 21.631971878630477
179.24 21.631971878630477
179.24 21.631971878630477
179.25333333333333 21.621303339125905
179.3 21.638022399885035
179.32666666666665 21.638871460464323
179.36 21.655027145420444
179.36 21.655027145420444
179.36 21.655027145420444
179.36 21.655027145420444
179.36 21.655027145420444
179.36666666666667 21.646882314442887
179.36666666666667 21.646882314442887
179.38 21.660861240933997
179.38 21.660861240933997
179.39333333333335 21.671119343515507
179.39333333333335 21.671119343515507
179.4 21.675317713780146
179.4 21.675317713780146
179.43333333333334 21.62214790028103
179.43333333333334 21.62214790028103
179.49333333333334 21.715320383392914
179.49333333333334 21.715320383392914
179.49333333333334 21.715320383392914
179.49333333333334 21.715320383392914
179.49333333333334 21.715320383392914
179.49333333333334 21.715320383392914
179.49333333333334 21.715320383392914
179.60666666666665 21.712440114859504
179.61333333333334 21.712252191015168
179.63333333333333 21.71167608647096
179.63333333333333 21.71167608647096
179.67333333333335 21.738179555569722
179.68 21.73981751422582
179.68 21.73981751422582
179.68666666666667 21.740837970843504
179.68666666666667 21.740837970843504
179.71333333333334 21.748589826016076
179.72 21.750829761591294
179.74 21.724307856395892
179.74 21.724307856395892
179.74 21.724307856395892
179.74 21.724307856395892
179.74 21.724307856395892
179.74 21.724307856395892
179.76666666666668 21.736924079786228
179.81333333333333 21.74322226819742
179.81333333333333 21.74322226819742
179.81333333333333 21.74322226819742
179.81333333333333 21.74322226819742
179.82666666666665 21.73717948882329
179.82666666666665 21.73717948882329
179.82666666666665 21.73717948882329
179.86 21.74818794589025
179.87333333333333 21.73350192464582
179.87333333333333 21.73350192464582
179.87333333333333 21.73350192464582
179.87333333333333 21.73350192464582
179.87333333333333 21.73350192464582
179.91333333333333 21.704132943866686
179.92 21.69953531244205
179.92 21.69953531244205
179.92 21.69953531244205
179.92 21.69953531244205
179.93333333333334 21.698347475467095
179.96666666666667 21.69380000717701
180.00666666666666 21.719709362809276
180.00666666666666 21.719709362809276
180.00666666666666 21.719709362809276
180.00666666666666 21.719709362809276
180.06 21.675234392116206
180.07333333333332 21.683832322019416
180.07333333333332 21.683832322019416
180.08 21.677329680419092
180.10666666666665 21.64757138136423
180.20666666666668 21.808468996135588
180.20666666666668 21.808468996135588
180.20666666666668 21.808468996135588
180.20666666666668 21.808468996135588
180.20666666666668 21.808468996135588
180.21333333333334 21.807484421904196
180.21333333333334 21.807484421904196
180.21333333333334 21.807484421904196
180.27333333333334 21.804051866910854
180.28666666666666 21.798971061804732
180.28666666666666 21.798971061804732
180.28666666666666 21.798971061804732
180.35333333333332 21.74883587140763
180.35333333333332 21.74883587140763
180.35333333333332 21.74883587140763
180.42666666666668 21.773644486004137
180.42666666666668 21.773644486004137
180.42666666666668 21.773644486004137
180.42666666666668 21.773644486004137
180.42666666666668 21.773644486004137
180.44 21.786891213813448
180.45333333333335 21.77433261337951
180.45333333333335 21.77433261337951
180.45333333333335 21.77433261337951
180.45333333333335 21.77433261337951
180.45333333333335 21.77433261337951
180.45333333333335 21.77433261337951
180.45333333333335 21.77433261337951
180.45333333333335 21.77433261337951
180.45333333333335 21.77433261337951
180.46666666666667 21.777736066516
180.46666666666667 21.777736066516
180.46666666666667 21.777736066516
180.46666666666667 21.777736066516
180.46666666666667 21.777736066516
180.48 21.76638505573788
180.48 21.76638505573788
180.48 21.76638505573788
180.48 21.76638505573788
180.52 21.78757892281117
180.55333333333334 21.788290146634615
180.69333333333333 21.87894535212548
180.69333333333333 21.87894535212548
180.69333333333333 21.87894535212548
180.69333333333333 21.87894535212548
180.69333333333333 21.87894535212548
180.69333333333333 21.87894535212548
180.69333333333333 21.87894535212548
180.70666666666668 21.873625072254505
180.72 21.893973758925576
180.72 21.893973758925576
180.72 21.893973758925576
180.72 21.893973758925576
180.72 21.893973758925576
180.78 21.89466115953773
180.78 21.89466115953773
180.78 21.89466115953773
180.79333333333332 21.895402509638544
180.82666666666665 21.88346962966179
180.82666666666665 21.88346962966179
180.85333333333332 21.859810764148218
180.85333333333332 21.859810764148218
180.85333333333332 21.859810764148218
180.88 21.824450097850768
180.88 21.824450097850768
180.88666666666666 21.816515687540587
180.88666666666666 21.816515687540587
180.88666666666666 21.816515687540587
180.88666666666666 21.816515687540587
180.90666666666667 21.83499895780121
180.90666666666667 21.83499895780121
180.92666666666668 21.816687383365533
180.93333333333334 21.814869178608927
180.93333333333334 21.814869178608927
180.93333333333334 21.814869178608927
180.93333333333334 21.814869178608927
180.93333333333334 21.814869178608927
180.93333333333334 21.814869178608927
180.93333333333334 21.814869178608927
180.93333333333334 21.814869178608927
180.93333333333334 21.814869178608927
180.95333333333335 21.818600474007727
180.95333333333335 21.818600474007727
181.01333333333332 21.917750374841557
181.01333333333332 21.917750374841557
181.01333333333332 21.917750374841557
181.01333333333332 21.917750374841557
181.01333333333332 21.917750374841557
181.01333333333332 21.917750374841557
181.01333333333332 21.917750374841557
181.05333333333334 21.930503387252244
181.05333333333334 21.930503387252244
181.05333333333334 21.930503387252244
181.09333333333333 21.902901158356432
181.09333333333333 21.902901158356432
181.09333333333333 21.902901158356432
181.14666666666668 21.88060843854727
181.15333333333334 21.870166196298893
181.15333333333334 21.870166196298893
181.15333333333334 21.870166196298893
181.15333333333334 21.870166196298893
181.2 21.8795731005782
181.2 21.8795731005782
181.2 21.8795731005782
181.2 21.8795731005782
181.2 21.8795731005782
181.22666666666666 21.88787073181853
181.24 21.90544594097344
181.24 21.90544594097344
181.24 21.90544594097344
181.24 21.90544594097344
181.26666666666668 21.881916807403087
181.26666666666668 21.881916807403087
181.26666666666668 21.881916807403087
181.26666666666668 21.881916807403087
181.26666666666668 21.881916807403087
181.26666666666668 21.881916807403087
181.26666666666668 21.881916807403087
181.26666666666668 21.881916807403087
181.27333333333334 21.880611495575014
181.28 21.873188792671872
181.28 21.873188792671872
181.28666666666666 21.870043856452742
181.28666666666666 21.870043856452742
181.28666666666666 21.870043856452742
181.29333333333332 21.875459797684
181.29333333333332 21.875459797684
181.29333333333332 21.875459797684
181.29333333333332 21.875459797684
181.29333333333332 21.875459797684
181.29333333333332 21.875459797684
181.29333333333332 21.875459797684
181.29333333333332 21.875459797684
181.3 21.871699464335048
181.3 21.871699464335048
181.32666666666665 21.884768658124326
181.32666666666665 21.884768658124326
181.32666666666665 21.884768658124326
181.32666666666665 21.884768658124326
181.32666666666665 21.884768658124326
181.32666666666665 21.884768658124326
181.32666666666665 21.884768658124326
181.32666666666665 21.884768658124326
181.32666666666665 21.884768658124326
181.32666666666665 21.884768658124326
181.32666666666665 21.884768658124326
181.32666666666665 21.884768658124326
181.32666666666665 21.884768658124326
181.36 21.91478784796705
181.36 21.91478784796705
181.36 21.91478784796705
181.37333333333333 21.922498535271597
181.37333333333333 21.922498535271597
181.38 21.917501139210447
181.38666666666666 21.926537934083555
181.44 21.96698038931954
181.44 21.96698038931954
181.44 21.96698038931954
181.44 21.96698038931954
181.44 21.96698038931954
181.44 21.96698038931954
181.44 21.96698038931954
181.44 21.96698038931954
181.44 21.96698038931954
181.44 21.96698038931954
181.44 21.96698038931954
181.44 21.96698038931954
181.44 21.96698038931954
181.44 21.96698038931954
181.44 21.96698038931954
181.44 21.96698038931954
181.44 21.96698038931954
181.44 21.96698038931954
181.45333333333335 21.964881263476425
181.45333333333335 21.964881263476425
181.45333333333335 21.964881263476425
181.45333333333335 21.964881263476425
181.45333333333335 21.964881263476425
181.45333333333335 21.964881263476425
181.45333333333335 21.964881263476425
181.45333333333335 21.964881263476425
181.45333333333335 21.964881263476425
181.45333333333335 21.964881263476425
181.45333333333335 21.964881263476425
181.45333333333335 21.964881263476425
181.45333333333335 21.964881263476425
181.45333333333335 21.964881263476425
181.45333333333335 21.964881263476425
181.45333333333335 21.964881263476425
181.45333333333335 21.964881263476425
181.45333333333335 21.964881263476425
181.45333333333335 21.964881263476425
181.45333333333335 21.964881263476425
181.47333333333333 21.971765605772486
181.47333333333333 21.971765605772486
181.47333333333333 21.971765605772486
181.47333333333333 21.971765605772486
181.47333333333333 21.971765605772486
181.49333333333334 21.962189054123257
181.51333333333332 21.956246143286226
181.57333333333332 21.92060671799877
181.57333333333332 21.92060671799877
181.57333333333332 21.92060671799877
181.61333333333334 21.943309953787317
181.61333333333334 21.943309953787317
181.61333333333334 21.943309953787317
181.65333333333334 21.949466641394594
181.65333333333334 21.949466641394594
181.65333333333334 21.949466641394594
181.69333333333333 21.957376364483856
181.69333333333333 21.957376364483856
181.69333333333333 21.957376364483856
181.70666666666668 21.9746118838774
181.78666666666666 22.01932464332296
181.79333333333332 22.01665428203852
181.79333333333332 22.01665428203852
181.8 22.01519694031989
181.81333333333333 22.01774494653477
181.81333333333333 22.01774494653477
181.81333333333333 22.01774494653477
181.81333333333333 22.01774494653477
181.81333333333333 22.01774494653477
181.82666666666665 22.014208445163614
181.82666666666665 22.014208445163614
181.83333333333334 22.014563943921885
181.84 22.029496796272717
181.84 22.029496796272717
181.84 22.029496796272717
181.84 22.029496796272717
181.86666666666667 22.041816951815623
181.86666666666667 22.041816951815623
181.88666666666666 22.061039271409477
181.88666666666666 22.061039271409477
181.88666666666666 22.061039271409477
181.88666666666666 22.061039271409477
181.94666666666666 22.078542274921773
181.94666666666666 22.078542274921773
181.94666666666666 22.078542274921773
182.02 22.081930141995887
182.02 22.081930141995887
182.02 22.081930141995887
182.03333333333333 22.11218482983347
182.03333333333333 22.11218482983347
182.04666666666665 22.109740484755417
182.06 22.10607749482838
182.06 22.10607749482838
182.06 22.10607749482838
182.06666666666666 22.10515055726651
182.06666666666666 22.10515055726651
182.06666666666666 22.10515055726651
182.06666666666666 22.10515055726651
182.06666666666666 22.10515055726651
182.06666666666666 22.10515055726651
182.06666666666666 22.10515055726651
182.06666666666666 22.10515055726651
182.06666666666666 22.10515055726651
182.06666666666666 22.10515055726651
182.06666666666666 22.10515055726651
182.06666666666666 22.10515055726651
182.09333333333333 22.119573700485116
182.17333333333335 22.1172753396613
182.17333333333335 22.1172753396613
182.17333333333335 22.1172753396613
182.19333333333333 22.13615413651177
182.19333333333333 22.13615413651177
182.19333333333333 22.13615413651177
182.19333333333333 22.13615413651177
182.19333333333333 22.13615413651177
182.2 22.13518816689721
182.2 22.13518816689721
182.2 22.13518816689721
182.2 22.13518816689721
182.2 22.13518816689721
182.2 22.13518816689721
182.2 22.13518816689721
182.2 22.13518816689721
182.21333333333334 22.120553455390723
182.21333333333334 22.120553455390723
182.21333333333334 22.120553455390723
182.21333333333334 22.120553455390723
182.21333333333334 22.120553455390723
182.21333333333334 22.120553455390723
182.21333333333334 22.120553455390723
182.21333333333334 22.120553455390723
182.27333333333334 22.115354815548727
182.27333333333334 22.115354815548727
182.36666666666667 22.181650998643928
182.36666666666667 22.181650998643928
182.36666666666667 22.181650998643928
182.36666666666667 22.181650998643928
182.36666666666667 22.181650998643928
182.37333333333333 22.17641238892579
182.37333333333333 22.17641238892579
182.37333333333333 22.17641238892579
182.37333333333333 22.17641238892579
182.37333333333333 22.17641238892579
182.37333333333333 22.17641238892579
182.52 22.246331477662707
182.52666666666667 22.24948134878329
182.52666666666667 22.24948134878329
182.54 22.234725319496178
182.54 22.234725319496178
182.54 22.234725319496178
182.55333333333334 22.23319301843241
182.55333333333334 22.23319301843241
182.55333333333334 22.23319301843241
182.55333333333334 22.23319301843241
182.55333333333334 22.23319301843241
182.55333333333334 22.23319301843241
182.56666666666666 22.232856058484245
182.57333333333332 22.226365574343692
182.59333333333333 22.228547334698348
182.59333333333333 22.228547334698348
182.62666666666667 22.2363547777409
182.62666666666667 22.2363547777409
182.62666666666667 22.2363547777409
182.62666666666667 22.2363547777409
182.62666666666667 22.2363547777409
182.66666666666666 22.206289345827013
182.66666666666666 22.206289345827013
182.66666666666666 22.206289345827013
182.66666666666666 22.206289345827013
182.66666666666666 22.206289345827013
182.67333333333335 22.209400723354154
182.67333333333335 22.209400723354154
182.67333333333335 22.209400723354154
182.67333333333335 22.209400723354154
182.67333333333335 22.209400723354154
182.68 22.21010044715938
182.68 22.21010044715938
182.69333333333333 22.20366255806002
182.69333333333333 22.20366255806002
182.69333333333333 22.20366255806002
182.69333333333333 22.20366255806002
182.69333333333333 22.20366255806002
182.69333333333333 22.20366255806002
182.70666666666668 22.21528795564132
182.72666666666666 22.224574866173768
182.72666666666666 22.224574866173768
182.72666666666666 22.224574866173768
182.72666666666666 22.224574866173768
182.72666666666666 22.224574866173768
182.73333333333332 22.214420778493615
182.74 22.207874706883945
182.74 22.207874706883945
182.77333333333334 22.184132648361288
182.77333333333334 22.184132648361288
182.78 22.190832419678646
182.78 22.190832419678646
182.78 22.190832419678646
182.84666666666666 22.178731764866132
182.84666666666666 22.178731764866132
182.87333333333333 22.20060460976275
182.88666666666666 22.186813000653686
182.89333333333335 22.18684616383952
182.89333333333335 22.18684616383952
182.89333333333335 22.18684616383952
182.89333333333335 22.18684616383952
182.89333333333335 22.18684616383952
182.89333333333335 22.18684616383952
182.89333333333335 22.18684616383952
182.90666666666667 22.1838914309224
182.90666666666667 22.1838914309224
182.90666666666667 22.1838914309224
182.90666666666667 22.1838914309224
182.90666666666667 22.1838914309224
183.0 22.36486733629108
183.0 22.36486733629108
183.0 22.36486733629108
183.0 22.36486733629108
183.0 22.36486733629108
183.01333333333332 22.35947919612532
183.01333333333332 22.35947919612532
183.01333333333332 22.35947919612532
183.01333333333332 22.35947919612532
183.01333333333332 22.35947919612532
183.01333333333332 22.35947919612532
183.01333333333332 22.35947919612532
183.01333333333332 22.35947919612532
183.03333333333333 22.388158798873288
183.03333333333333 22.388158798873288
183.04666666666665 22.379169921532203
183.04666666666665 22.379169921532203
183.04666666666665 22.379169921532203
183.07333333333332 22.370727608521612
183.07333333333332 22.370727608521612
183.07333333333332 22.370727608521612
183.09333333333333 22.393963193546952
183.09333333333333 22.393963193546952
183.09333333333333 22.393963193546952
183.09333333333333 22.393963193546952
183.09333333333333 22.393963193546952
183.09333333333333 22.393963193546952
183.18 22.42805517344017
183.18 22.42805517344017
183.18 22.42805517344017
183.2 22.442196280957965
183.2 22.442196280957965
183.23333333333332 22.4609409520258
183.23333333333332 22.4609409520258
183.41333333333333 22.70184430109427
183.41333333333333 22.70184430109427
183.41333333333333 22.70184430109427
183.42 22.705257004759368
183.42 22.705257004759368
183.42 22.705257004759368
183.42 22.705257004759368
183.42 22.705257004759368
183.45333333333335 22.72522699620371
183.46666666666667 22.720246202757902
183.50666666666666 22.71761995478964
183.50666666666666 22.71761995478964
183.52666666666667 22.745412758636814
183.52666666666667 22.745412758636814
183.52666666666667 22.745412758636814
183.55333333333334 22.74360115579769
183.57333333333332 22.737221165083515
183.57333333333332 22.737221165083515
183.58 22.747051703550795
183.58 22.747051703550795
183.65333333333334 22.89337993916623
183.65333333333334 22.89337993916623
183.65333333333334 22.89337993916623
183.65333333333334 22.89337993916623
183.65333333333334 22.89337993916623
183.65333333333334 22.89337993916623
183.66666666666666 22.897084468247094
183.66666666666666 22.897084468247094
183.66666666666666 22.897084468247094
183.69333333333333 22.888108424384402
183.69333333333333 22.888108424384402
183.69333333333333 22.888108424384402
183.69333333333333 22.888108424384402
183.69333333333333 22.888108424384402
183.69333333333333 22.888108424384402
183.69333333333333 22.888108424384402
183.69333333333333 22.888108424384402
183.74666666666667 22.89811274858793
183.74666666666667 22.89811274858793
183.74666666666667 22.89811274858793
183.74666666666667 22.89811274858793
183.84666666666666 22.87766993148272
183.88 22.91146840810043
183.88 22.91146840810043
183.88 22.91146840810043
183.88 22.91146840810043
183.88 22.91146840810043
183.88 22.91146840810043
183.88 22.91146840810043
183.88 22.91146840810043
183.88 22.91146840810043
183.88 22.91146840810043
183.88 22.91146840810043
183.88 22.91146840810043
183.88666666666666 22.904786684572606
183.88666666666666 22.904786684572606
183.88666666666666 22.904786684572606
183.88666666666666 22.904786684572606
183.98666666666668 22.82168383502353
183.98666666666668 22.82168383502353
184.02666666666667 22.79351743396052
184.02666666666667 22.79351743396052
184.02666666666667 22.79351743396052
184.02666666666667 22.79351743396052
184.04 22.804059956544414
184.08666666666667 22.828262910566266
184.08666666666667 22.828262910566266
184.08666666666667 22.828262910566266
184.08666666666667 22.828262910566266
184.1 22.81765730634573
184.11333333333334 22.81876733519762
184.11333333333334 22.81876733519762
184.11333333333334 22.81876733519762
184.11333333333334 22.81876733519762
184.11333333333334 22.81876733519762
184.11333333333334 22.81876733519762
184.12 22.817853715030587
184.14666666666668 22.822387256577397
184.14666666666668 22.822387256577397
184.14666666666668 22.822387256577397
184.14666666666668 22.822387256577397
184.14666666666668 22.822387256577397
184.14666666666668 22.822387256577397
184.14666666666668 22.822387256577397
184.15333333333334 22.826153124074615
184.15333333333334 22.826153124074615
184.15333333333334 22.826153124074615
184.15333333333334 22.826153124074615
184.17333333333335 22.84094975055211
184.17333333333335 22.84094975055211
184.17333333333335 22.84094975055211
184.17333333333335 22.84094975055211
184.17333333333335 22.84094975055211
184.17333333333335 22.84094975055211
184.2 22.840731088463837
184.21333333333334 22.83709552450882
184.26666666666668 22.868145146258
184.26666666666668 22.868145146258
184.26666666666668 22.868145146258
184.26666666666668 22.868145146258
184.26666666666668 22.868145146258
184.26666666666668 22.868145146258
184.29333333333332 22.895296552705823
184.34 22.90954438831702
184.34 22.90954438831702
184.34 22.90954438831702
184.34 22.90954438831702
184.34 22.90954438831702
184.34 22.90954438831702
184.34 22.90954438831702
184.34 22.90954438831702
184.34 22.90954438831702
184.34 22.90954438831702
184.34 22.90954438831702
184.34 22.90954438831702
184.34 22.90954438831702
184.34666666666666 22.90214362961819
184.34666666666666 22.90214362961819
184.34666666666666 22.90214362961819
184.35333333333332 22.895907147404404
184.35333333333332 22.895907147404404
184.35333333333332 22.895907147404404
184.35333333333332 22.895907147404404
184.35333333333332 22.895907147404404
184.35333333333332 22.895907147404404
184.39333333333335 22.906935949712636
184.39333333333335 22.906935949712636
184.39333333333335 22.906935949712636
184.41333333333333 22.924971901352787
184.41333333333333 22.924971901352787
184.41333333333333 22.924971901352787
184.41333333333333 22.924971901352787
184.41333333333333 22.924971901352787
184.41333333333333 22.924971901352787
184.42666666666668 22.928227893508854
184.44 22.92797505524156
184.46 22.941872162658374
184.48666666666668 23.01119014294726
184.48666666666668 23.01119014294726
184.48666666666668 23.01119014294726
184.48666666666668 23.01119014294726
184.48666666666668 23.01119014294726
184.5 23.013228709856726
184.50666666666666 23.013954372839514
184.50666666666666 23.013954372839514
184.50666666666666 23.013954372839514
184.50666666666666 23.013954372839514
184.54 23.07849916579976
184.54666666666665 23.079211183481295
184.55333333333334 23.07296458059401
184.55333333333334 23.07296458059401
184.55333333333334 23.07296458059401
184.55333333333334 23.07296458059401
184.57333333333332 23.087255360678682
184.57333333333332 23.087255360678682
184.57333333333332 23.087255360678682
184.6 23.121317387332244
184.62666666666667 23.132177032648443
184.62666666666667 23.132177032648443
184.62666666666667 23.132177032648443
184.62666666666667 23.132177032648443
184.62666666666667 23.132177032648443
184.62666666666667 23.132177032648443
184.62666666666667 23.132177032648443
184.62666666666667 23.132177032648443
184.62666666666667 23.132177032648443
184.64 23.14915429301048
184.64 23.14915429301048
184.64 23.14915429301048
184.64 23.14915429301048
184.64 23.14915429301048
184.64 23.14915429301048
184.66666666666666 23.150710721529233
184.66666666666666 23.150710721529233
184.66666666666666 23.150710721529233
184.66666666666666 23.150710721529233
184.67333333333335 23.14560474371025
184.67333333333335 23.14560474371025
184.67333333333335 23.14560474371025
184.68 23.13876129457867
184.68 23.13876129457867
184.68 23.13876129457867
184.68 23.13876129457867
184.68 23.13876129457867
184.69333333333333 23.140676854979358
184.69333333333333 23.140676854979358
184.70666666666668 23.15067604975626
184.70666666666668 23.15067604975626
184.70666666666668 23.15067604975626
184.74 23.16840484965663
184.74 23.16840484965663
184.78 23.139353901884462
184.78 23.139353901884462
184.78 23.139353901884462
184.78 23.139353901884462
184.78 23.139353901884462
184.81333333333333 23.189891312506017
184.81333333333333 23.189891312506017
184.81333333333333 23.189891312506017
184.81333333333333 23.189891312506017
184.81333333333333 23.189891312506017
184.81333333333333 23.189891312506017
184.81333333333333 23.189891312506017
184.81333333333333 23.189891312506017
184.81333333333333 23.189891312506017
184.81333333333333 23.189891312506017
184.81333333333333 23.189891312506017
184.81333333333333 23.189891312506017
184.82666666666665 23.19287939009659
184.82666666666665 23.19287939009659
184.82666666666665 23.19287939009659
184.82666666666665 23.19287939009659
184.82666666666665 23.19287939009659
184.82666666666665 23.19287939009659
184.82666666666665 23.19287939009659
184.82666666666665 23.19287939009659
184.82666666666665 23.19287939009659
184.82666666666665 23.19287939009659
184.84 23.201626053038133
184.84 23.201626053038133
184.84 23.201626053038133
184.84 23.201626053038133
184.88 23.215125965167523
184.9 23.235381278210436
184.9 23.235381278210436
184.9 23.235381278210436
184.9 23.235381278210436
184.9 23.235381278210436
184.9 23.235381278210436
184.95333333333335 23.200979297364693
184.95333333333335 23.200979297364693
184.95333333333335 23.200979297364693
185.02666666666667 23.421953703163478
185.02666666666667 23.421953703163478
185.02666666666667 23.421953703163478
185.1 23.42175474463272
185.1 23.42175474463272
185.1 23.42175474463272
185.1 23.42175474463272
185.1 23.42175474463272
185.13333333333333 23.43300895284618
185.13333333333333 23.43300895284618
185.13333333333333 23.43300895284618
185.13333333333333 23.43300895284618
185.13333333333333 23.43300895284618
185.16666666666666 23.418517861262764
185.16666666666666 23.418517861262764
185.16666666666666 23.418517861262764
185.16666666666666 23.418517861262764
185.16666666666666 23.418517861262764
185.16666666666666 23.418517861262764
185.18 23.405276253907786
185.21333333333334 23.436411275344874
185.21333333333334 23.436411275344874
185.23333333333332 23.42936917678956
185.23333333333332 23.42936917678956
185.23333333333332 23.42936917678956
185.23333333333332 23.42936917678956
185.23333333333332 23.42936917678956
185.24 23.43443996746303
185.24 23.43443996746303
185.24 23.43443996746303
185.24 23.43443996746303
185.24 23.43443996746303
185.24 23.43443996746303
185.24 23.43443996746303
185.24 23.43443996746303
185.24 23.43443996746303
185.24 23.43443996746303
185.24666666666667 23.436653871757603
185.24666666666667 23.436653871757603
185.24666666666667 23.436653871757603
185.26666666666668 23.455263521116947
185.26666666666668 23.455263521116947
185.26666666666668 23.455263521116947
185.26666666666668 23.455263521116947
185.26666666666668 23.455263521116947
185.26666666666668 23.455263521116947
185.30666666666667 23.511171945333402
185.34 23.539145507801653
185.34666666666666 23.535637723085596
185.34666666666666 23.535637723085596
185.34666666666666 23.535637723085596
185.34666666666666 23.535637723085596
185.35333333333332 23.540085122633368
185.37333333333333 23.544889643330485
185.37333333333333 23.544889643330485
185.37333333333333 23.544889643330485
185.37333333333333 23.544889643330485
185.37333333333333 23.544889643330485
185.39333333333335 23.556492026847422
185.39333333333335 23.556492026847422
185.39333333333335 23.556492026847422
185.40666666666667 23.5579685420521
185.40666666666667 23.5579685420521
185.42 23.56965624806975
185.42 23.56965624806975
185.42 23.56965624806975
185.43333333333334 23.57225188830803
185.43333333333334 23.57225188830803
185.46666666666667 23.554580938027936
185.46666666666667 23.554580938027936
185.46666666666667 23.554580938027936
185.56 23.635889042642773
185.58 23.652379376443804
185.58 23.652379376443804
185.58666666666667 23.655607823386582
185.58666666666667 23.655607823386582
185.58666666666667 23.655607823386582
185.58666666666667 23.655607823386582
185.58666666666667 23.655607823386582
185.58666666666667 23.655607823386582
185.60666666666665 23.670366347657776
185.61333333333334 23.667367898289793
185.63333333333333 23.675316773028253
185.64666666666668 23.690207018600944
185.64666666666668 23.690207018600944
185.64666666666668 23.690207018600944
185.66 23.693790728027167
185.66 23.693790728027167
185.66 23.693790728027167
185.66 23.693790728027167
185.66 23.693790728027167
185.67333333333335 23.693978933078327
185.67333333333335 23.693978933078327
185.67333333333335 23.693978933078327
185.67333333333335 23.693978933078327
185.67333333333335 23.693978933078327
185.69333333333333 23.713718047458027
185.69333333333333 23.713718047458027
185.78 23.769621713185927
185.82 23.7969588568817
185.86666666666667 23.813283347075775
185.86666666666667 23.813283347075775
185.86666666666667 23.813283347075775
185.86666666666667 23.813283347075775
185.86666666666667 23.813283347075775
185.86666666666667 23.813283347075775
185.9 23.84011683210806
185.9 23.84011683210806
185.9 23.84011683210806
185.9 23.84011683210806
185.9 23.84011683210806
185.9 23.84011683210806
185.9 23.84011683210806
185.9 23.84011683210806
185.9 23.84011683210806
185.9 23.84011683210806
185.9 23.84011683210806
185.9 23.84011683210806
185.9 23.84011683210806
185.9 23.84011683210806
185.94 23.806558776998315
185.94 23.806558776998315
185.95333333333335 23.80209278527313
185.95333333333335 23.80209278527313
185.95333333333335 23.80209278527313
185.95333333333335 23.80209278527313
185.95333333333335 23.80209278527313
185.95333333333335 23.80209278527313
185.95333333333335 23.80209278527313
185.95333333333335 23.80209278527313
185.96 23.815309429245364
185.96666666666667 23.823463509760543
185.96666666666667 23.823463509760543
185.96666666666667 23.823463509760543
185.96666666666667 23.823463509760543
185.96666666666667 23.823463509760543
185.96666666666667 23.823463509760543
185.96666666666667 23.823463509760543
185.96666666666667 23.823463509760543
185.96666666666667 23.823463509760543
185.96666666666667 23.823463509760543
185.98666666666668 23.866402594404892
185.98666666666668 23.866402594404892
186.02666666666667 23.91678624809385
186.04 23.912292356704498
186.04 23.912292356704498
186.04 23.912292356704498
186.1 23.90400254753672
186.1 23.90400254753672
186.1 23.90400254753672
186.1 23.90400254753672
186.10666666666665 23.898096554999153
186.12 23.900272174882122
186.12 23.900272174882122
186.12666666666667 23.910590610998664
186.12666666666667 23.910590610998664
186.13333333333333 23.90635763432026
186.13333333333333 23.90635763432026
186.13333333333333 23.90635763432026
186.14666666666668 23.895084692542273
186.14666666666668 23.895084692542273
186.14666666666668 23.895084692542273
186.14666666666668 23.895084692542273
186.14666666666668 23.895084692542273
186.18666666666667 23.860067721217654
186.18666666666667 23.860067721217654
186.18666666666667 23.860067721217654
186.18666666666667 23.860067721217654
186.18666666666667 23.860067721217654
186.18666666666667 23.860067721217654
186.18666666666667 23.860067721217654
186.24 23.8410791881615
186.24 23.8410791881615
186.24 23.8410791881615
186.24 23.8410791881615
186.24 23.8410791881615
186.27333333333334 23.81685883510797
186.27333333333334 23.81685883510797
186.27333333333334 23.81685883510797
186.27333333333334 23.81685883510797
186.27333333333334 23.81685883510797
186.27333333333334 23.81685883510797
186.27333333333334 23.81685883510797
186.27333333333334 23.81685883510797
186.27333333333334 23.81685883510797
186.27333333333334 23.81685883510797
186.27333333333334 23.81685883510797
186.27333333333334 23.81685883510797
186.35333333333332 24.063916190643685
186.35333333333332 24.063916190643685
186.35333333333332 24.063916190643685
186.36666666666667 24.10925984464082
186.36666666666667 24.10925984464082
186.38 24.122366423568604
186.39333333333335 24.14654165303102
186.39333333333335 24.14654165303102
186.39333333333335 24.14654165303102
186.39333333333335 24.14654165303102
186.39333333333335 24.14654165303102
186.39333333333335 24.14654165303102
186.39333333333335 24.14654165303102
186.45333333333335 24.16902206643278
186.45333333333335 24.16902206643278
186.45333333333335 24.16902206643278
186.45333333333335 24.16902206643278
186.45333333333335 24.16902206643278
186.45333333333335 24.16902206643278
186.45333333333335 24.16902206643278
186.45333333333335 24.16902206643278
186.45333333333335 24.16902206643278
186.45333333333335 24.16902206643278
186.45333333333335 24.16902206643278
186.47333333333333 24.165592795115806
186.48 24.157432364834197
186.48666666666668 24.16034415430385
186.48666666666668 24.16034415430385
186.5 24.15785600356462
186.5 24.15785600356462
186.51333333333332 24.177503202202864
186.52666666666667 24.176108792429094
186.56666666666666 24.228266933844317
186.59333333333333 24.229835022956465
186.59333333333333 24.229835022956465
186.59333333333333 24.229835022956465
186.59333333333333 24.229835022956465
186.62666666666667 24.241413103469565
186.62666666666667 24.241413103469565
186.62666666666667 24.241413103469565
186.62666666666667 24.241413103469565
186.62666666666667 24.241413103469565
186.68 24.248799577225554
186.68 24.248799577225554
186.68 24.248799577225554
186.68 24.248799577225554
186.68 24.248799577225554
186.68 24.248799577225554
186.68 24.248799577225554
186.68 24.248799577225554
186.68 24.248799577225554
186.68 24.248799577225554
186.68 24.248799577225554
186.68 24.248799577225554
186.68 24.248799577225554
186.68 24.248799577225554
186.69333333333333 24.23848805583795
186.69333333333333 24.23848805583795
186.69333333333333 24.23848805583795
186.69333333333333 24.23848805583795
186.7 24.240779373101535
186.73333333333332 24.24392946578645
186.73333333333332 24.24392946578645
186.73333333333332 24.24392946578645
186.73333333333332 24.24392946578645
186.73333333333332 24.24392946578645
186.73333333333332 24.24392946578645
186.73333333333332 24.24392946578645
186.73333333333332 24.24392946578645
186.73333333333332 24.24392946578645
186.73333333333332 24.24392946578645
186.74666666666667 24.235794492261363
186.74666666666667 24.235794492261363
186.74666666666667 24.235794492261363
186.76 24.23758655490866
186.76 24.23758655490866
186.79333333333332 24.279255129727584
186.79333333333332 24.279255129727584
186.82 24.243075072342027
186.82 24.243075072342027
186.83333333333334 24.241515197813886
186.84666666666666 24.232220090696785
186.84666666666666 24.232220090696785
186.84666666666666 24.232220090696785
186.84666666666666 24.232220090696785
186.88666666666666 24.2440315495341
186.92 24.246923743782197
186.92 24.246923743782197
186.92666666666668 24.2430824300029
186.92666666666668 24.2430824300029
186.94 24.25635937026959
186.94 24.25635937026959
186.94 24.25635937026959
187.04666666666665 24.236525868534507
187.04666666666665 24.236525868534507
187.04666666666665 24.236525868534507
187.04666666666665 24.236525868534507
187.04666666666665 24.236525868534507
187.04666666666665 24.236525868534507
187.04666666666665 24.236525868534507
187.04666666666665 24.236525868534507
187.04666666666665 24.236525868534507
187.04666666666665 24.236525868534507
187.04666666666665 24.236525868534507
187.08 24.217111615204598
187.08 24.217111615204598
187.08 24.217111615204598
187.08 24.217111615204598
187.08 24.217111615204598
187.08 24.217111615204598
187.08 24.217111615204598
187.08 24.217111615204598
187.14666666666668 24.21956053683773
187.14666666666668 24.21956053683773
187.15333333333334 24.220623807290135
187.15333333333334 24.220623807290135
187.15333333333334 24.220623807290135
187.15333333333334 24.220623807290135
187.16 24.226655487714364
187.16 24.226655487714364
187.16 24.226655487714364
187.16 24.226655487714364
187.16 24.226655487714364
187.26 24.43199010453769
187.26 24.43199010453769
187.26 24.43199010453769
187.26 24.43199010453769
187.26 24.43199010453769
187.26 24.43199010453769
187.26 24.43199010453769
187.26 24.43199010453769
187.26 24.43199010453769
187.26 24.43199010453769
187.26 24.43199010453769
187.32666666666665 24.537186758107165
187.34666666666666 24.55326246920821
187.34666666666666 24.55326246920821
187.34666666666666 24.55326246920821
187.39333333333335 24.548742494932366
187.39333333333335 24.548742494932366
187.39333333333335 24.548742494932366
187.39333333333335 24.548742494932366
187.39333333333335 24.548742494932366
187.40666666666667 24.59480236214552
187.40666666666667 24.59480236214552
187.45333333333335 24.58255810050636
187.45333333333335 24.58255810050636
187.45333333333335 24.58255810050636
187.45333333333335 24.58255810050636
187.45333333333335 24.58255810050636
187.45333333333335 24.58255810050636
187.45333333333335 24.58255810050636
187.45333333333335 24.58255810050636
187.46666666666667 24.579586567073278
187.46666666666667 24.579586567073278
187.46666666666667 24.579586567073278
187.46666666666667 24.579586567073278
187.46666666666667 24.579586567073278
187.46666666666667 24.579586567073278
187.46666666666667 24.579586567073278
187.46666666666667 24.579586567073278
187.46666666666667 24.579586567073278
187.46666666666667 24.579586567073278
187.48666666666668 24.598783630005126
187.48666666666668 24.598783630005126
187.48666666666668 24.598783630005126
187.48666666666668 24.598783630005126
187.48666666666668 24.598783630005126
187.48666666666668 24.598783630005126
187.50666666666666 24.60327266119339
187.54666666666665 24.620351226929046
187.54666666666665 24.620351226929046
187.56666666666666 24.644337418119996
187.56666666666666 24.644337418119996
187.56666666666666 24.644337418119996
187.56666666666666 24.644337418119996
187.56666666666666 24.644337418119996
187.56666666666666 24.644337418119996
187.56666666666666 24.644337418119996
187.56666666666666 24.644337418119996
187.56666666666666 24.644337418119996
187.57333333333332 24.645268370739526
187.57333333333332 24.645268370739526
187.57333333333332 24.645268370739526
187.57333333333332 24.645268370739526
187.57333333333332 24.645268370739526
187.58666666666667 24.6444107013798
187.58666666666667 24.6444107013798
187.62 24.673430932481462
187.62 24.673430932481462
187.62 24.673430932481462
187.62 24.673430932481462
187.64 24.679424222074356
187.64 24.679424222074356
187.64 24.679424222074356
187.64 24.679424222074356
187.64 24.679424222074356
187.7 24.69729786310904
187.7 24.69729786310904
187.7 24.69729786310904
187.7 24.69729786310904
187.7 24.69729786310904
187.7 24.69729786310904
187.7 24.69729786310904
187.79333333333332 24.84192073171931
187.79333333333332 24.84192073171931
187.8 24.84655248859612
187.8 24.84655248859612
187.8 24.84655248859612
187.83333333333334 24.842760812185524
187.83333333333334 24.842760812185524
187.85333333333332 24.913062661841995
187.86666666666667 24.89809778141022
187.96 25.145431176062573
187.96 25.145431176062573
187.96 25.145431176062573
187.96 25.145431176062573
187.96 25.145431176062573
187.96 25.145431176062573
187.96 25.145431176062573
187.96666666666667 25.14677094949124
187.96666666666667 25.14677094949124
187.96666666666667 25.14677094949124
187.96666666666667 25.14677094949124
187.96666666666667 25.14677094949124
187.96666666666667 25.14677094949124
187.96666666666667 25.14677094949124
187.96666666666667 25.14677094949124
187.96666666666667 25.14677094949124
187.96666666666667 25.14677094949124
187.96666666666667 25.14677094949124
187.96666666666667 25.14677094949124
187.96666666666667 25.14677094949124
187.96666666666667 25.14677094949124
187.98 25.14997689447531
187.98 25.14997689447531
187.98 25.14997689447531
187.99333333333334 25.155302682849474
188.01333333333332 25.1656682489646
188.02 25.163271530421326
188.02 25.163271530421326
188.03333333333333 25.171762240053596
188.03333333333333 25.171762240053596
188.03333333333333 25.171762240053596
188.03333333333333 25.171762240053596
188.03333333333333 25.171762240053596
188.03333333333333 25.171762240053596
188.1 25.250120036801988
188.14666666666668 25.29144809439072
188.14666666666668 25.29144809439072
188.14666666666668 25.29144809439072
188.14666666666668 25.29144809439072
188.14666666666668 25.29144809439072
188.16666666666666 25.298463650965445
188.17333333333335 25.299740680169734
188.17333333333335 25.299740680169734
188.17333333333335 25.299740680169734
188.17333333333335 25.299740680169734
188.2 25.29108135265518
188.2 25.29108135265518
188.2 25.29108135265518
188.2 25.29108135265518
188.2 25.29108135265518
188.2 25.29108135265518
188.2 25.29108135265518
188.2 25.29108135265518
188.2 25.29108135265518
188.24 25.325619901818214
188.24 25.325619901818214
188.28 25.31569766952874
188.28 25.31569766952874
188.28 25.31569766952874
188.28 25.31569766952874
188.28 25.31569766952874
188.28 25.31569766952874
188.28666666666666 25.3137731797839
188.28666666666666 25.3137731797839
188.29333333333332 25.315017729225318
188.29333333333332 25.315017729225318
188.29333333333332 25.315017729225318
188.32 25.29989226251731
188.32 25.29989226251731
188.32 25.29989226251731
188.32 25.29989226251731
188.32 25.29989226251731
188.36 25.289832980348294
188.36 25.289832980348294
188.36 25.289832980348294
188.36 25.289832980348294
188.36 25.289832980348294
188.36 25.289832980348294
188.36 25.289832980348294
188.36 25.289832980348294
188.36 25.289832980348294
188.39333333333335 25.301234431705435
188.39333333333335 25.301234431705435
188.39333333333335 25.301234431705435
188.39333333333335 25.301234431705435
188.41333333333333 25.31122311559796
188.41333333333333 25.31122311559796
188.43333333333334 25.310094663231933
188.43333333333334 25.310094663231933
188.43333333333334 25.310094663231933
188.44666666666666 25.306690502107383
188.52 25.278573686531804
188.52 25.278573686531804
188.52 25.278573686531804
188.52 25.278573686531804
188.53333333333333 25.28358666680848
188.53333333333333 25.28358666680848
188.53333333333333 25.28358666680848
188.54666666666665 25.284359162991777
188.54666666666665 25.284359162991777
188.54666666666665 25.284359162991777
188.58 25.287582051672437
188.6 25.29425490311345
188.6 25.29425490311345
188.6 25.29425490311345
188.6 25.29425490311345
188.6 25.29425490311345
188.6 25.29425490311345
188.6 25.29425490311345
188.60666666666665 25.292773080914504
188.60666666666665 25.292773080914504
188.60666666666665 25.292773080914504
188.60666666666665 25.292773080914504
188.69333333333333 25.34892203592691
188.69333333333333 25.34892203592691
188.69333333333333 25.34892203592691
188.70666666666668 25.34749706737974
188.70666666666668 25.34749706737974
188.70666666666668 25.34749706737974
188.71333333333334 25.35126778189579
188.71333333333334 25.35126778189579
188.72666666666666 25.364604592014693
188.72666666666666 25.364604592014693
188.72666666666666 25.364604592014693
188.72666666666666 25.364604592014693
188.73333333333332 25.368894831508317
188.73333333333332 25.368894831508317
188.74 25.376345871024988
188.74 25.376345871024988
188.74 25.376345871024988
188.74 25.376345871024988
188.74 25.376345871024988
188.74 25.376345871024988
188.74 25.376345871024988
188.74 25.376345871024988
188.74666666666667 25.37957640605382
188.74666666666667 25.37957640605382
188.74666666666667 25.37957640605382
188.76 25.38444998425895
188.76 25.38444998425895
188.76 25.38444998425895
188.76 25.38444998425895
188.76666666666668 25.38503935323798
188.80666666666667 25.44380565828963
188.84 25.462433473543925
188.86 25.44836203834704
188.86 25.44836203834704
188.86 25.44836203834704
188.87333333333333 25.46577391373843
188.87333333333333 25.46577391373843
188.87333333333333 25.46577391373843
188.91333333333333 25.495868028184315
188.91333333333333 25.495868028184315
188.91333333333333 25.495868028184315
188.91333333333333 25.495868028184315
188.92666666666668 25.527897171569556
188.92666666666668 25.527897171569556
188.94666666666666 25.532662972824355
188.96 25.53740256498076
188.96 25.53740256498076
188.96 25.53740256498076
188.96 25.53740256498076
188.96 25.53740256498076
188.96 25.53740256498076
188.96 25.53740256498076
189.0 25.560996625620515
189.0 25.560996625620515
189.0 25.560996625620515
189.0 25.560996625620515
189.0 25.560996625620515
189.0 25.560996625620515
189.08 25.614199657226596
189.08 25.614199657226596
189.08 25.614199657226596
189.08 25.614199657226596
189.12666666666667 25.64167716006162
189.13333333333333 25.63955625667143
189.13333333333333 25.63955625667143
189.13333333333333 25.63955625667143
189.13333333333333 25.63955625667143
189.13333333333333 25.63955625667143
189.13333333333333 25.63955625667143
189.20666666666668 25.644807324249516
189.20666666666668 25.644807324249516
189.20666666666668 25.644807324249516
189.20666666666668 25.644807324249516
189.21333333333334 25.643709201822727
189.21333333333334 25.643709201822727
189.21333333333334 25.643709201822727
189.21333333333334 25.643709201822727
189.23333333333332 25.645099453413597
189.23333333333332 25.645099453413597
189.23333333333332 25.645099453413597
189.23333333333332 25.645099453413597
189.26666666666668 25.761880180939418
189.38 25.803520539662863
189.38 25.803520539662863
189.38 25.803520539662863
189.41333333333333 25.796265490695426
189.41333333333333 25.796265490695426
189.41333333333333 25.796265490695426
189.41333333333333 25.796265490695426
189.42 25.8060089966358
189.42 25.8060089966358
189.42 25.8060089966358
189.42666666666668 25.813674182589835
189.42666666666668 25.813674182589835
189.42666666666668 25.813674182589835
189.51333333333332 25.804315489503473
189.52 25.80418155945228
189.52 25.80418155945228
189.52 25.80418155945228
189.52 25.80418155945228
189.52 25.80418155945228
189.52 25.80418155945228
189.52 25.80418155945228
189.52 25.80418155945228
189.55333333333334 25.819034918109686
189.55333333333334 25.819034918109686
189.55333333333334 25.819034918109686
189.55333333333334 25.819034918109686
189.59333333333333 25.81451632445927
189.59333333333333 25.81451632445927
189.59333333333333 25.81451632445927
189.59333333333333 25.81451632445927
189.61333333333334 25.837357689920182
189.61333333333334 25.837357689920182
189.61333333333334 25.837357689920182
189.62 25.845481158629443
189.62 25.845481158629443
189.62 25.845481158629443
189.62666666666667 25.8701534272616
189.62666666666667 25.8701534272616
189.62666666666667 25.8701534272616
189.62666666666667 25.8701534272616
189.63333333333333 25.87361013129614
189.68 25.93233283543202
189.68 25.93233283543202
189.69333333333333 25.95724466742642
189.69333333333333 25.95724466742642
189.69333333333333 25.95724466742642
189.69333333333333 25.95724466742642
189.7 25.956549749849053
189.71333333333334 25.969067441248566
189.71333333333334 25.969067441248566
189.71333333333334 25.969067441248566
189.71333333333334 25.969067441248566
189.71333333333334 25.969067441248566
189.71333333333334 25.969067441248566
189.71333333333334 25.969067441248566
189.71333333333334 25.969067441248566
189.73333333333332 25.95614172406127
189.73333333333332 25.95614172406127
189.73333333333332 25.95614172406127
189.73333333333332 25.95614172406127
189.74666666666667 26.0026205694185
189.74666666666667 26.0026205694185
189.74666666666667 26.0026205694185
189.74666666666667 26.0026205694185
189.74666666666667 26.0026205694185
189.74666666666667 26.0026205694185
189.76 26.01200648941467
189.76 26.01200648941467
189.76 26.01200648941467
189.76 26.01200648941467
189.77333333333334 26.02035392309578
189.81333333333333 26.026841474640037
189.81333333333333 26.026841474640037
189.82 26.020976873633966
189.83333333333334 26.038540169064962
189.83333333333334 26.038540169064962
189.83333333333334 26.038540169064962
189.83333333333334 26.038540169064962
189.83333333333334 26.038540169064962
189.83333333333334 26.038540169064962
189.86666666666667 26.014317299725402
189.88 26.018496122340117
189.88 26.018496122340117
189.88 26.018496122340117
189.88 26.018496122340117
189.88 26.018496122340117
189.88 26.018496122340117
189.88 26.018496122340117
189.88 26.018496122340117
189.88666666666666 26.02032564575739
189.9 26.028605308667245
189.99333333333334 26.02879719015286
190.05333333333334 26.044414512775365
190.05333333333334 26.044414512775365
190.06666666666666 26.035136193439158
190.08 26.04023642449275
190.08 26.04023642449275
190.09333333333333 26.02785918462508
190.09333333333333 26.02785918462508
190.09333333333333 26.02785918462508
190.09333333333333 26.02785918462508
190.10666666666665 26.03397488635766
190.10666666666665 26.03397488635766
190.12 26.052409231313952
190.12 26.052409231313952
190.12 26.052409231313952
190.13333333333333 26.04412686260905
190.13333333333333 26.04412686260905
190.13333333333333 26.04412686260905
190.13333333333333 26.04412686260905
190.14666666666668 26.032751860948828
190.16666666666666 26.03956769690493
190.16666666666666 26.03956769690493
190.16666666666666 26.03956769690493
190.16666666666666 26.03956769690493
190.16666666666666 26.03956769690493
190.16666666666666 26.03956769690493
190.16666666666666 26.03956769690493
190.16666666666666 26.03956769690493
190.16666666666666 26.03956769690493
190.18666666666667 26.029411372719444
190.18666666666667 26.029411372719444
190.18666666666667 26.029411372719444
190.18666666666667 26.029411372719444
190.18666666666667 26.029411372719444
190.18666666666667 26.029411372719444
190.18666666666667 26.029411372719444
190.18666666666667 26.029411372719444
190.18666666666667 26.029411372719444
190.18666666666667 26.029411372719444
190.18666666666667 26.029411372719444
190.19333333333333 26.033730799741324
190.19333333333333 26.033730799741324
190.19333333333333 26.033730799741324
190.19333333333333 26.033730799741324
190.21333333333334 26.083628475932123
190.21333333333334 26.083628475932123
190.21333333333334 26.083628475932123
190.21333333333334 26.083628475932123
190.21333333333334 26.083628475932123
190.21333333333334 26.083628475932123
190.21333333333334 26.083628475932123
190.21333333333334 26.083628475932123
190.21333333333334 26.083628475932123
190.21333333333334 26.083628475932123
190.21333333333334 26.083628475932123
190.21333333333334 26.083628475932123
190.21333333333334 26.083628475932123
190.21333333333334 26.083628475932123
190.21333333333334 26.083628475932123
190.21333333333334 26.083628475932123
190.21333333333334 26.083628475932123
190.21333333333334 26.083628475932123
190.21333333333334 26.083628475932123
190.21333333333334 26.083628475932123
190.21333333333334 26.083628475932123
190.21333333333334 26.083628475932123
190.21333333333334 26.083628475932123
190.21333333333334 26.083628475932123
190.21333333333334 26.083628475932123
190.21333333333334 26.083628475932123
190.31333333333333 26.017137821513618
190.31333333333333 26.017137821513618
190.31333333333333 26.017137821513618
190.31333333333333 26.017137821513618
190.31333333333333 26.017137821513618
190.31333333333333 26.017137821513618
190.31333333333333 26.017137821513618
190.32666666666665 26.014916396931838
190.32666666666665 26.014916396931838
190.34666666666666 26.04164061091227
190.34666666666666 26.04164061091227
190.34666666666666 26.04164061091227
190.34666666666666 26.04164061091227
190.34666666666666 26.04164061091227
190.34666666666666 26.04164061091227
190.34666666666666 26.04164061091227
190.34666666666666 26.04164061091227
190.34666666666666 26.04164061091227
190.34666666666666 26.04164061091227
190.34666666666666 26.04164061091227
190.36666666666667 26.0421363391314
190.37333333333333 26.039729528843793
190.39333333333335 26.046368908800588
190.39333333333335 26.046368908800588
190.39333333333335 26.046368908800588
190.44 26.122807472285853
190.44 26.122807472285853
190.44 26.122807472285853
190.44 26.122807472285853
190.44 26.122807472285853
190.44 26.122807472285853
190.44 26.122807472285853
190.45333333333335 26.143055548275594
190.47333333333333 26.15114203346392
190.47333333333333 26.15114203346392
190.47333333333333 26.15114203346392
190.47333333333333 26.15114203346392
190.47333333333333 26.15114203346392
190.47333333333333 26.15114203346392
190.47333333333333 26.15114203346392
190.47333333333333 26.15114203346392
190.47333333333333 26.15114203346392
190.47333333333333 26.15114203346392
190.47333333333333 26.15114203346392
190.48666666666668 26.177484432100535
190.48666666666668 26.177484432100535
190.48666666666668 26.177484432100535
190.48666666666668 26.177484432100535
190.48666666666668 26.177484432100535
190.5 26.187451359299022
190.5 26.187451359299022
190.5 26.187451359299022
190.5 26.187451359299022
190.5 26.187451359299022
190.5 26.187451359299022
190.5 26.187451359299022
190.51333333333332 26.183105346275013
190.51333333333332 26.183105346275013
190.53333333333333 26.192665793311093
190.53333333333333 26.192665793311093
190.56666666666666 26.206516248224414
190.56666666666666 26.206516248224414
190.56666666666666 26.206516248224414
190.56666666666666 26.206516248224414
190.58 26.206734052510193
190.58 26.206734052510193
190.58 26.206734052510193
190.58 26.206734052510193
190.64666666666668 26.357875754123054
190.66 26.36464897773273
190.66 26.36464897773273
190.66 26.36464897773273
