104.22 11.560626315562699
105.18 11.452475362086222
105.72 11.575034088131844
106.26 11.190381873048233
106.66 11.137542300025101
107.58 11.257482360230865
108.2 11.351144649262686
109.06 11.22930869365402
109.56 11.322918565832962
110.2 11.189822215393825
111.02 11.425631295689989
111.94 11.618358861141388
112.5 11.62503394151665
112.92 11.590382638074109
114.0 11.946006475264891
115.08 12.191800523302533
115.64 12.349718845202734
115.92 12.47193212413742
116.9 12.771100582996365
117.66 12.917938353821452
118.3 13.00310763167052
119.06 13.482364088472814
120.18 14.697199623318607
121.18 14.945273905861084
122.34 15.305785530545982
123.18 15.274181027492315
124.24 15.552530730437802
124.98 15.643748549720065
125.68 15.887788335127649
126.82 16.302927790598062
127.64 16.566681909632646
128.1 16.83520841641832
128.9 17.417917165489055
129.4 17.70807040803028
130.66 19.003572231971486
131.28 19.131696688527608
131.84 19.14470151137374
132.78 20.22878237471639
133.7 20.25768341577431
135.08 20.32149680321881
135.62 20.397454782794878
136.28 20.290854784330502
136.88 20.263556380154917
137.66 20.207119457450553
138.5 20.273633172675343
139.28 20.79533747276203
140.22 21.198237014555072
141.12 21.58061232409378
141.5 21.657340650236907
142.44 21.996473546567604
143.48 22.24858638115231
143.94 22.313568821131085
144.58 22.249812165817072
145.6 21.986221580661365
146.42 22.00880448246735
147.06 22.284578170618897
147.56 22.531827096869716
148.16 22.682133760279076
149.38 23.609097715700507
149.96 23.749500792201676
150.96 24.220335391250188
151.66 24.606897283879448
152.08 24.79478602733676
152.54 24.766962353959038
153.0 24.74679858899006
153.44 25.02698341770136
154.1 25.52617986667528
154.8 25.684960029503095
155.46 25.717745318017755
155.94 25.9906043629523
156.4 26.01320565956585
157.18 26.391144826485366
158.26 26.88645034438745
159.34 27.16065930977034
160.08 27.268837433038737
161.04 27.34808175645188
161.76 27.276778150335613
162.6 27.58348210158545
163.18 27.78720728840681
164.18 28.94522168831772
165.04 28.720147434977918
165.48 28.9557237760333
165.86 29.009583926626032
166.2 29.31197569581278
166.88 29.60933513729626
167.52 29.783216750378063
168.26 30.131905302713893
168.6 30.338827341287352
169.14 30.151476168697197
170.08 30.753395148037114
170.66 30.91344057333004
171.22 31.21110266063872
171.42 31.289195217738296
171.74 31.215969753905885
172.24 31.241360826036786
172.9 31.604084891326657
173.46 31.784444451506598
174.16 31.992019206816153
174.68 32.246800796608674
175.08 32.32464113091473
175.42 32.05839999284134
175.96 31.900071245289496
176.4 32.09329833438437
176.88 32.24567311041025
177.4 32.364714543384245
177.96 32.10082600655364
178.74 32.12935345654117
179.46 32.18614420504387
180.62 32.89124411441348
181.8 33.0234076761538
182.42 33.25481054287371
182.68 33.452176025007425
183.06 33.62473235971739
183.34 33.53762247405325
183.98 33.66200987895566
184.14 33.619685190721704
184.7 33.72781725172349
185.24 33.566192708278564
185.48 33.608103880829795
186.6 34.406365396507375
186.82 34.39414443938345
187.22 34.411526140424684
187.66 34.606071750780984
187.92 34.51940751156507
188.56 34.892133928738296
189.54 35.99647008507721
189.84 36.10610625768042
190.5 36.21638113652802
190.68 35.99126717873814
190.88 36.098988485786826
191.16 35.994589941413494
192.02 36.32679396252799
192.64 36.15665131540025
193.2 36.337364246792035
193.6 36.61759802128594
194.08 37.10527747048412
194.42 37.348800908368254
194.96 37.33818150338602
195.56 37.29606364800934
195.78 37.29640489620706
196.22 37.5059806678693
196.62 37.85639532056197
197.54 38.11821590576327
197.68 37.85855653653877
197.86 37.97102031600394
198.62 37.913985586196326
199.04 37.92441179637477
199.2 37.93348777728585
199.74 37.68305355531216
200.04 37.63297500970136
201.02 37.912706752925644
201.08 37.810179806101125
201.66 37.657740964447854
202.14 37.7019196789069
202.56 38.09088546562754
203.4 38.6033965114758
203.72 38.42244714284144
204.96 38.744415042296055
206.12 38.97144253595617
206.48 38.82217423227623
206.62 38.651716022903194
206.74 38.657945724996395
207.38 38.77799542643907
207.8 38.973184254164956
208.16 38.98270012570845
208.3 38.98860232312914
208.46 39.039844965746155
208.82 38.9841666901481
208.92 38.964806705746156
209.52 38.88976391511959
209.74 38.76023683616961
210.38 38.9453852247353
210.92 38.80687224362888
211.24 38.61729345170831
211.3 38.610591523282544
211.56 38.41672615521588
211.92 38.60697587041215
212.02 38.57826362399459
212.22 38.45700209456023
212.56 38.40357727445124
212.98 38.34083721020966
213.46 38.535676766321146
213.58 38.446914733503036
214.12 38.48527988305097
214.64 38.14367310550727
214.76 37.984345526157284
215.16 38.172579930964304
215.44 38.42461332389577
215.78 38.420212483440636
215.98 38.542638071296444
216.5 38.79328797510198
216.98 38.708958063262756
218.12 39.247281318698896
218.54 39.25349370026531
219.02 39.32716438526757
219.58 39.50838806219164
220.32 39.28627899371124
220.96 39.820283141822955
221.3 39.74298743810096
221.42 39.61358301890854
221.52 39.5582884086026
222.26 39.92280935844455
222.94 39.82837423168805
223.08 39.75319820689611
224.06 40.212018907864646
224.08 40.2245414812119
224.74 40.28449835955274
224.98 40.147702048784566
225.46 40.288710602601846
226.0 40.72375525935989
226.78 41.0231715748625
227.9 41.65987823488511
228.14 41.70338261115184
228.92 41.47621443232691
229.3 41.443036236806456
229.94 41.63473200455251
230.0 41.604195592621316
230.36 41.333704788164724
231.04 41.1525665952166
231.3 41.01871955016822
231.54 40.93735544349525
231.8 41.00012318286497
231.88 40.90770098648909
232.34 41.08926473870854
232.52 40.95587179322929
232.66 40.68211827664272
233.4 40.622927297552316
234.02 40.72424637024291
234.7 41.44303623680645
235.52 41.73230708390629
235.94 41.723917032383866
237.32 41.75273051011761
237.56 41.73468871842992
238.26 41.36426506348715
239.04 41.20260852779772
239.56 40.87288004572621
239.96 41.0291643009253
240.32 41.032847152672026
240.56 41.33634397637668
240.58 41.330689064977605
240.78 41.1686798673482
240.94 41.096540688550114
241.22 41.04975547116481
241.72 40.86243984270873
242.24 41.012715446344544
242.64 41.01330653740703
242.96 40.76786216934346
243.36 40.990641947555865
243.48 40.98644269570713
243.74 40.8234978878339
244.48 40.806139367759485
244.54 40.77219789528303
244.86 40.685296279286625
245.16 40.82401749020305
245.28 40.785737257482104
245.48 40.70353023679119
245.92 40.54668838997755
246.7 40.71519707341809
246.72 40.71434859872109
246.96 40.56916279265534
247.12 40.44931483606454
247.26 40.46263271791205
247.3 40.455362606660245
247.54 40.54363405796603
247.66 40.77239608887713
247.92 41.15594388629324
248.38 41.021004720543196
248.9 41.28773144260613
249.18 41.01056281772126
249.62 41.19497370536675
249.68 41.031862465329766
249.72 40.935544309057235
249.78 40.89888492219303
250.26 40.83933041922834
251.2 41.36753228405978
251.2 41.36753228405978
251.34 41.38028125529933
251.34 41.38028125529933
251.88 41.86830724444387
252.58 42.214742027453454
252.74 42.142284242932554
252.9 42.05467821296411
253.08 41.774207885302204
253.32 41.832972351454735
254.16 42.46513008018783
254.86 42.610052401476416
254.94 42.69171139954712
255.3 42.439142405105315
255.64 42.24161383510269
255.92 42.13678543587167
255.96 42.12341655447978
256.18 42.203063702278605
256.24 42.18792014381136
257.4 42.699324622672
257.68 42.566852945654446
258.3 42.918174436591514
258.46 42.76395631365227
259.66 42.63830022954299
260.04 42.30526867395783
260.36 42.014312135776116
260.52 42.07412410486901
260.76 42.071396746987425
260.76 42.071396746987425
260.88 42.20615111472724
260.9 42.18801112672039
261.5 42.34573905556043
261.5 42.34573905556043
261.62 42.33077539396775
261.78 42.26314391208176
261.88 42.19322555610418
261.96 42.187632828073724
262.24 42.29027158469273
262.3 42.24352200651777
262.32 42.225675563188766
262.88 42.45051307824278
262.98 42.44116069586365
263.32 42.34272861621776
263.34 42.33493673890242
263.46 42.311834197199644
263.5 42.33237889642281
263.62 42.316455714561265
263.66 42.30151990010035
263.8 42.24651082358965
263.88 42.197055764016454
264.18 41.86471236511892
264.36 41.743207274182375
264.48 41.88403422823933
264.9 41.82925852423001
265.62 41.88169485152629
266.36 41.86112682900375
266.52 41.79567422399576
266.68 41.79432081665225
266.8 41.823100281683054
267.28 42.096109371798526
267.68 41.83924985325177
268.36 42.03642480160521
268.76 42.30985271025695
269.08 42.53903258102249
269.66 42.86229300464641
269.9 42.98778308949527
269.9 42.98778308949527
269.92 42.980775594526804
270.08 42.92057028436777
270.18 42.96119461123308
270.18 42.96119461123308
270.42 42.97266690595433
270.42 42.97266690595433
271.18 43.24148307569779
271.58 43.217369310278585
271.66 43.15446065874854
272.02 43.215686452439414
272.64 43.39052635976865
272.78 43.255309710853055
272.96 43.267997364791405
273.14 43.30978847532941
273.14 43.30978847532941
273.2 43.28995497826491
273.22 43.268384893743495
273.3 43.35186084107392
274.2 43.4971263418631
274.74 43.32508546215495
274.88 43.330368196921754
274.9 43.35186084107392
275.2 43.4938751057798
276.12 43.38115775869576
276.16 43.381027366275404
276.5 43.3621116560613
277.22 43.28238963510741
277.34 43.23023165902456
277.34 43.23023165902456
277.6 43.21802841174016
277.9 43.38074329571692
277.92 43.37473080870095
278.1 43.294971364519284
278.1 43.294971364519284
278.1 43.294971364519284
278.12 43.30098559542673
278.18 43.30777334755543
278.92 42.968083057266604
278.92 42.968083057266604
278.92 42.968083057266604
279.02 42.92111156740722
279.28 43.13991331947853
279.42 43.02340917888467
279.54 42.98729434085698
279.66 42.9978200058157
279.78 42.89512227691529
279.86 42.869079530565855
280.06 43.02919375437465
280.8 43.07381496168567
280.8 43.07381496168567
280.86 43.07311613214598
280.86 43.07311613214598
281.36 43.248756623687456
281.36 43.248756623687456
281.66 43.400930958688065
281.94 43.57133243430836
282.34 43.662669259548096
282.36 43.67037226932483
282.8 43.6959189551305
282.88 43.65736195105304
283.18 43.28911030163439
283.32 43.32281457415094
283.38 43.37265814712623
283.42 43.35271827484616
283.52 43.316192414067565
283.54 43.302884407159276
283.54 43.302884407159276
283.6 43.349647278748634
284.46 43.389571898037296
284.46 43.389571898037296
284.96 43.485959652153106
285.52 43.39633648364825
286.42 43.299562598392626
287.08 43.119209902620696
287.3 42.68974281269613
287.48 42.739161896274474
287.58 42.68114811061675
287.6 42.68749491621898
287.9 41.90453315561336
289.16 42.12073075809535
289.84 42.342213337318945
290.34 42.41217187591697
290.34 42.41217187591697
290.38 42.38895892073593
290.42 42.3523412349401
290.42 42.3523412349401
290.42 42.3523412349401
290.98 42.31149042780488
291.0 42.32677114493327
291.16 42.16962380336314
291.24 42.12130630030892
291.28 42.125852807361355
291.28 42.125852807361355
291.28 42.125852807361355
291.56 42.2542377290208
292.74 42.29827228603833
293.06 42.60929381240573
293.06 42.60929381240573
293.54 42.78945872265477
293.54 42.78945872265477
293.66 42.85286549121401
293.68 42.845949091312605
294.0 42.988370520409354
294.02 42.99541436671656
294.1 42.938880688106835
294.1 42.938880688106835
294.1 42.938880688106835
294.14 42.938767772000375
294.64 42.7894823289532
295.0 42.72959374740394
295.28 42.810854849317046
295.28 42.810854849317046
295.42 42.921864645498154
295.42 42.921864645498154
295.42 42.921864645498154
295.62 42.83272137282455
295.7 42.874847232993446
295.82 42.87552573521063
295.82 42.87552573521063
295.86 42.89451943989812
295.94 42.924839174792695
296.0 42.94887729156678
296.0 42.94887729156678
296.1 42.74460211653643
296.34 42.79531268583966
296.56 42.75755471081672
296.58 42.770040491404295
296.62 42.744904593259626
296.92 42.60167398427703
296.92 42.60167398427703
296.98 42.615968932793365
296.98 42.615968932793365
297.4 42.673768348371865
297.42 42.665999047807084
297.8 42.70973205396181
298.3 42.7020449916002
298.3 42.7020449916002
298.42 42.5759404719462
298.46 42.5963957312462
298.46 42.5963957312462
298.46 42.5963957312462
298.6 42.50680278294621
298.66 42.46738974694808
298.66 42.46738974694808
298.82 42.51782276322778
299.06 42.295215480302865
299.04 42.37159330485365
299.1 42.14489197034344
299.06 42.37919729815988
299.06 42.37919729815988
299.06 42.37919729815988
299.06 42.37919729815988
299.06 42.37919729815988
299.6 43.07944270575448
299.68 42.94673233415804
299.86 42.98861018991668
299.86 42.98861018991668
300.1 42.57791432044068
300.1 42.57791432044068
300.14 42.602465902927484
300.18 42.59472628237806
300.26 42.62654837378492
300.34 42.512082655607145
300.34 42.512082655607145
300.4 42.43783332086709
300.4 42.43783332086709
300.4 42.43783332086709
300.52 42.03473311297202
300.52 42.03473311297202
300.76 42.08867982839293
300.76 42.08867982839293
300.76 42.08867982839293
301.44 41.4904930086521
301.7 41.41182673994705
301.7 41.41182673994705
301.7 41.41182673994705
301.76 41.40490382317124
301.78 41.39672070162664
301.82 41.35981067889382
301.9 41.313167123542804
301.96 41.27657882620554
302.08 41.194213578162056
302.08 41.194213578162056
302.08 41.194213578162056
302.08 41.194213578162056
302.2 41.040507213279334
302.76 40.92346144902331
302.92 40.9694835927741
302.92 40.9694835927741
303.1 40.94576358496145
303.16 40.95741074518131
303.26 40.95787932483662
303.2 41.21488404286328
303.34 41.24139824609406
303.58 40.672423834903924
304.14 40.56296265553022
304.28 40.44402042179768
304.32 40.309629899395794
304.32 40.309629899395794
304.36 40.146579913958774
304.38 40.135824950341345
304.58 39.985143705777986
304.74 39.96630398905378
304.8 39.987876950774755
305.08 39.76437672799182
305.16 39.501111095484106
305.56 38.885046852059574
305.74 38.84562037375928
305.74 38.84562037375928
305.76 38.8254628518008
305.76 38.8254628518008
305.76 38.8254628518008
305.76 38.8254628518008
305.88 38.98802717022577
305.88 38.98802717022577
305.94 38.871406748743496
305.94 38.871406748743496
306.1 38.95127751694443
306.1 38.95127751694443
306.7 38.0752842763816
306.76 37.98115428483028
306.76 37.98115428483028
306.78 37.9727653600697
306.8 37.90578431913109
306.88 37.651587220222474
307.1 37.64091369558374
307.1 37.64091369558374
307.1 37.64091369558374
307.1 37.64091369558374
307.1 37.64091369558374
307.2 37.3603798133528
307.48 36.9445339104256
308.02 36.573982031167496
308.02 36.573982031167496
308.08 36.514748646086396
308.08 36.514748646086396
308.98 37.49262014925825
309.16 37.37030636721886
309.2 37.37984116141379
309.32 37.21976231883683
309.38 37.22244896659417
309.38 37.22244896659417
309.66 37.43822386359434
309.7 37.291507956323855
309.7 37.291507956323855
309.7 37.291507956323855
309.76 37.10131365258479
309.9 37.17430958241583
309.94 37.187436783750705
310.32 37.1735976687267
310.32 37.1735976687267
310.32 37.1735976687267
310.32 37.1735976687267
310.36 37.149308353065074
310.44 37.10055133136043
310.6 36.814028946486246
310.6 36.814028946486246
310.6 36.814028946486246
310.6 36.814028946486246
310.62 36.74173582610315
310.68 36.557103525605214
310.68 36.557103525605214
310.76 36.384900853252454
311.06 36.60154547711246
311.06 36.60154547711246
311.06 36.60154547711246
311.08 36.60481836142241
311.2 36.28172592867704
311.2 36.28172592867704
311.28 36.30123130059631
311.28 36.30123130059631
311.28 36.30123130059631
311.44 36.14010894764258
311.44 36.14010894764258
311.44 36.14010894764258
311.44 36.14010894764258
312.18 36.86074805907699
312.2 36.866672146418566
312.2 36.866672146418566
312.2 36.866672146418566
312.2 36.866672146418566
312.32 36.924952555313055
312.32 36.924952555313055
312.36 36.78205535257099
312.38 36.78679495183403
312.68 36.13355697124127
312.86 35.956488856798735
312.86 35.956488856798735
313.12 35.904834935105484
313.12 35.904834935105484
313.4 35.83181814978404
313.4 35.83181814978404
313.4 35.83181814978404
313.4 35.83181814978404
313.62 35.51832078112803
313.62 35.51832078112803
313.62 35.51832078112803
313.66 35.523280174322764
313.66 35.523280174322764
314.02 35.28870251585519
314.04 35.218200069873184
314.04 35.218200069873184
314.22 34.89423558079008
314.28 34.91290172802467
314.32 34.926439291977076
314.44 34.88808079872239
314.44 34.88808079872239
314.46 34.891873384540816
314.46 34.891873384540816
314.46 34.891873384540816
314.88 34.71479177060935
315.02 34.68588628059991
315.28 34.59376950968034
315.42 34.46244625705207
315.42 34.46244625705207
315.42 34.46244625705207
315.52 34.46106865036618
315.52 34.46106865036618
315.52 34.46106865036618
315.94 34.13041535822928
315.98 34.142298775222564
316.0 34.146446344821854
316.0 34.146446344821854
316.06 34.1552663907372
316.1 34.133871918099366
316.1 34.133871918099366
316.14 34.09701548004552
316.18 34.020902665593965
316.32 34.01570641377718
316.32 34.01570641377718
316.88 33.78639975020727
316.96 33.7889827241862
317.02 33.7650766923519
317.02 33.7650766923519
317.26 33.10424917033027
317.26 33.10424917033027
317.28 33.10652534172107
317.32 33.1171413395699
317.32 33.1171413395699
317.32 33.1171413395699
317.38 33.13113827251222
317.38 33.13113827251222
317.42 33.117232841998025
317.5 33.1234300180645
317.5 33.1234300180645
318.7 35.589551298325766
318.98 35.74149047555434
319.0 35.696249413940144
319.0 35.696249413940144
319.0 35.696249413940144
319.04 35.66565277516714
319.1 35.67572810409868
319.16 35.66531291681802
319.28 35.51129568478348
320.48 37.76495088241893
320.48 37.76495088241893
320.48 37.76495088241893
320.48 37.76495088241893
320.5 37.76629356043467
320.6 37.60023640587619
321.56 39.58326347681236
321.58 39.58399329593371
321.74 39.67509968927029
321.74 39.67509968927029
321.74 39.67509968927029
321.78 39.675344097977664
322.9 41.61427008548238
323.08 41.25351041077741
323.08 41.25351041077741
323.16 41.27090104089404
323.16 41.27090104089404
323.16 41.27090104089404
323.6 41.41633894145077
323.94 41.192776654224836
323.94 41.192776654224836
324.24 40.94863005071476
324.24 40.94863005071476
324.24 40.94863005071476
324.54 41.04184117790925
324.54 41.04184117790925
324.58 41.02553528541149
324.66 41.01347893736224
324.68 40.980133151703036
324.68 40.980133151703036
324.82 40.955353863701546
324.82 40.955353863701546
324.82 40.955353863701546
324.82 40.955353863701546
324.82 40.955353863701546
324.84 40.87248463208471
324.88 40.87361155087864
324.88 40.87361155087864
324.94 40.83220653980254
324.94 40.83220653980254
325.0 40.82037518572104
325.0 40.82037518572104
325.0 40.82037518572104
325.0 40.82037518572104
325.04 40.81342619256263
325.04 40.81342619256263
325.04 40.81342619256263
325.52 40.55983981798506
325.56 40.49449894052827
325.56 40.49449894052827
325.56 40.49449894052827
325.56 40.49449894052827
325.64 40.50726833395197
325.64 40.50726833395197
325.64 40.50726833395197
325.66 40.4949728766773
325.66 40.4949728766773
325.66 40.4949728766773
325.72 40.467989594470616
325.78 40.460875228329186
325.78 40.460875228329186
325.78 40.460875228329186
325.88 40.408839916958065
325.9 40.32431654784124
325.98 40.33645868181662
326.0 40.330954099622524
326.02 40.31942660326611
326.12 40.193290560249054
326.2 40.205030088838946
326.2 40.205030088838946
326.2 40.205030088838946
326.2 40.205030088838946
326.2 40.205030088838946
326.34 40.17241125776032
326.34 40.17241125776032
326.46 40.12088299782613
326.46 40.12088299782613
326.46 40.12088299782613
326.48 40.119135714831295
326.48 40.119135714831295
326.52 40.06219407295854
326.52 40.06219407295854
326.84 40.394199003462276
326.84 40.394199003462276
328.16 42.17776713393016
328.24 42.1582204979712
328.24 42.1582204979712
328.24 42.1582204979712
328.24 42.1582204979712
328.24 42.1582204979712
328.36 42.12284104109947
328.36 42.12284104109947
328.36 42.12284104109947
328.36 42.12284104109947
328.42 42.112207016469476
328.42 42.112207016469476
328.42 42.112207016469476
328.42 42.112207016469476
328.44 42.10864255444214
328.44 42.10864255444214
328.44 42.10864255444214
328.52 42.08852623226478
328.52 42.08852623226478
328.52 42.08852623226478
328.52 42.08852623226478
328.52 42.08852623226478
328.52 42.08852623226478
328.52 42.08852623226478
328.52 42.08852623226478
328.52 42.08852623226478
328.52 42.08852623226478
328.62 41.950133937494634
328.72 41.893101093043015
328.72 41.893101093043015
328.72 41.893101093043015
328.72 41.893101093043015
328.72 41.893101093043015
328.76 41.84413599504377
328.76 41.84413599504377
328.76 41.84413599504377
328.78 41.82106665499595
328.78 41.82106665499595
328.8 41.817303460252774
328.8 41.817303460252774
328.8 41.817303460252774
328.8 41.817303460252774
328.8 41.817303460252774
328.8 41.817303460252774
328.88 41.82340942292456
328.88 41.82340942292456
328.88 41.82340942292456
329.44 42.184855341722105
329.44 42.184855341722105
329.58 42.14289784036971
329.58 42.14289784036971
329.58 42.14289784036971
329.58 42.14289784036971
329.58 42.14289784036971
329.58 42.14289784036971
329.58 42.14289784036971
329.58 42.14289784036971
329.58 42.14289784036971
329.62 42.08571820425162
329.62 42.08571820425162
329.62 42.08571820425162
329.74 41.936609208651994
329.74 41.936609208651994
329.74 41.936609208651994
329.78 41.92527744558035
329.86 41.9294790346984
329.86 41.9294790346984
330.02 41.736542620334426
330.98 43.321205762153795
331.06 43.004773049633755
331.18 43.00161613124544
331.34 42.93481552118725
331.68 42.959901435095645
331.82 42.92450031477042
331.82 42.92450031477042
332.1 42.96427926695957
332.1 42.96427926695957
332.1 42.96427926695957
332.14 42.95476126288579
332.14 42.95476126288579
332.18 42.79251799041038
332.18 42.79251799041038
332.42 42.643265362869215
332.6 42.67944884291913
332.68 42.651720867150146
332.68 42.651720867150146
332.72 42.63779326069084
332.72 42.63779326069084
332.72 42.63779326069084
332.72 42.63779326069084
332.72 42.63779326069084
332.72 42.63779326069084
332.72 42.63779326069084
332.96 42.678483212187025
332.96 42.678483212187025
332.96 42.678483212187025
332.96 42.678483212187025
332.96 42.678483212187025
332.96 42.678483212187025
333.02 42.66713541409178
333.02 42.66713541409178
333.02 42.66713541409178
333.04 42.654808958342855
333.04 42.654808958342855
333.04 42.654808958342855
333.22 42.63056711475054
333.22 42.63056711475054
333.22 42.63056711475054
333.22 42.63056711475054
333.28 42.61883682745523
333.28 42.61883682745523
333.38 42.508889147631876
333.38 42.508889147631876
333.38 42.508889147631876
333.62 42.54594189481734
333.62 42.54594189481734
334.28 42.739540039971004
334.32 42.73169287259255
334.32 42.73169287259255
334.32 42.73169287259255
334.32 42.73169287259255
334.32 42.73169287259255
334.32 42.73169287259255
334.34 42.72633611696419
334.34 42.72633611696419
334.34 42.72633611696419
334.38 42.697616615526236
334.38 42.697616615526236
334.38 42.697616615526236
334.38 42.697616615526236
334.38 42.697616615526236
334.38 42.697616615526236
335.58 44.177141125018466
335.58 44.177141125018466
335.58 44.177141125018466
335.58 44.177141125018466
335.58 44.177141125018466
335.7 44.16166352451557
335.74 44.15276968330606
335.74 44.15276968330606
335.74 44.15276968330606
335.74 44.15276968330606
336.0 43.920957469646595
336.0 43.920957469646595
336.0 43.920957469646595
336.0 43.920957469646595
336.96 45.301664517772515
336.96 45.301664517772515
336.96 45.301664517772515
336.96 45.301664517772515
336.96 45.301664517772515
337.18 45.14586460473528
337.18 45.14586460473528
337.18 45.14586460473528
337.18 45.14586460473528
337.18 45.14586460473528
337.26 45.10428320721174
337.26 45.10428320721174
337.26 45.10428320721174
337.26 45.10428320721174
337.28 45.09072336227633
337.32 45.02499418112236
337.46 44.99863522060609
337.46 44.99863522060609
337.46 44.99863522060609
337.46 44.99863522060609
337.46 44.99863522060609
337.58 44.978374152631844
337.58 44.978374152631844
337.58 44.978374152631844
337.58 44.978374152631844
337.58 44.978374152631844
337.58 44.978374152631844
337.58 44.978374152631844
337.58 44.978374152631844
337.58 44.978374152631844
337.58 44.978374152631844
337.58 44.978374152631844
337.58 44.978374152631844
337.58 44.978374152631844
337.62 44.96795267384062
337.74 44.9472462949061
337.74 44.9472462949061
337.74 44.9472462949061
337.92 44.798015829076874
338.08 44.56652727704226
338.08 44.56652727704226
338.08 44.56652727704226
338.08 44.56652727704226
338.06 44.64491102923243
338.1 44.61586889858537
338.1 44.61586889858537
338.1 44.61586889858537
338.26 44.63694624072045
338.32 44.40376724394615
338.32 44.40376724394615
339.52 45.433152137302905
340.16 46.5042020475656
340.16 46.5042020475656
340.16 46.5042020475656
340.16 46.5042020475656
340.16 46.5042020475656
340.32 46.517267348976574
340.32 46.517267348976574
340.48 46.52977324229935
340.48 46.52977324229935
340.48 46.52977324229935
340.48 46.52977324229935
340.96 46.73024240848271
340.96 46.73024240848271
340.96 46.73024240848271
340.96 46.73024240848271
340.96 46.73024240848271
341.14 46.32450755269832
341.14 46.32450755269832
341.14 46.32450755269832
341.14 46.32450755269832
341.14 46.32450755269832
341.14 46.32450755269832
341.14 46.32450755269832
341.14 46.32450755269832
341.14 46.32450755269832
341.14 46.32450755269832
341.14 46.32450755269832
341.14 46.32450755269832
341.14 46.32450755269832
341.14 46.32450755269832
341.14 46.32450755269832
341.14 46.32450755269832
341.14 46.32450755269832
341.18 46.311283176942396
341.26 46.039644751984
341.26 46.039644751984
341.26 46.039644751984
341.26 46.039644751984
341.54 46.018753313900795
342.1 45.5018037160522
342.1 45.5018037160522
342.1 45.5018037160522
342.1 45.5018037160522
342.1 45.5018037160522
342.1 45.5018037160522
342.1 45.5018037160522
342.1 45.5018037160522
342.12 45.493318412729785
342.28 45.499712508804265
342.28 45.499712508804265
342.28 45.499712508804265
342.28 45.499712508804265
342.28 45.499712508804265
342.26 45.578353004757254
342.26 45.578353004757254
342.26 45.578353004757254
342.32 45.41055811018829
342.32 45.41055811018829
343.04 46.398780896558776
343.16 46.32793079468555
343.22 46.119646769915946
343.22 46.119646769915946
343.52 45.067061142257735
343.52 45.067061142257735
343.52 45.067061142257735
343.64 45.03052163575143
343.76 44.99362917865892
343.76 44.99362917865892
343.76 44.99362917865892
343.78 44.983404347233076
343.78 44.983404347233076
343.78 44.983404347233076
343.78 44.983404347233076
343.78 44.983404347233076
343.78 44.983404347233076
343.78 44.983404347233076
343.8 44.91653314198403
343.8 44.91653314198403
343.8 44.91653314198403
343.8 44.91653314198403
343.8 44.91653314198403
343.8 44.91653314198403
344.04 44.89537106912407
344.04 44.89537106912407
344.16 44.514603210518416
344.16 44.514603210518416
344.2 44.49265062452404
344.2 44.49265062452404
344.24 44.36149026105657
344.74 44.0207985737504
344.74 44.0207985737504
344.74 44.0207985737504
345.32 44.13315023307254
345.32 44.13315023307254
345.34 44.12201173101606
345.34 44.12201173101606
345.38 44.098782593883776
345.38 44.098782593883776
345.38 44.098782593883776
345.38 44.098782593883776
345.46 44.074184477693265
345.52 44.02673200810085
345.58 43.84388742625891
345.68 43.546533800758546
345.68 43.546533800758546
345.68 43.546533800758546
345.68 43.546533800758546
345.68 43.546533800758546
345.68 43.546533800758546
345.82 43.492105402282284
345.82 43.492105402282284
345.82 43.492105402282284
345.82 43.492105402282284
345.82 43.492105402282284
346.22 43.62919511825384
346.22 43.62919511825384
346.22 43.62919511825384
346.22 43.62919511825384
346.22 43.62919511825384
346.22 43.62919511825384
346.22 43.62919511825384
346.22 43.62919511825384
346.22 43.62919511825384
346.24 43.56931549296192
346.28 43.55052331267768
346.6 43.2044704009465
346.6 43.2044704009465
346.6 43.2044704009465
346.66 43.033512897778095
346.96 42.964378009902326
347.04 42.93615650420442
347.04 42.93615650420442
347.04 42.93615650420442
347.04 42.93615650420442
347.04 42.93615650420442
347.04 42.93615650420442
347.04 42.93615650420442
347.12 42.90776577306683
347.12 42.90776577306683
347.3 42.83524933811621
347.34 42.81513467893985
347.34 42.81513467893985
347.4 42.76362090290382
347.4 42.76362090290382
347.4 42.76362090290382
347.4 42.76362090290382
347.4 42.76362090290382
347.4 42.76362090290382
347.66 42.261384814800444
347.66 42.261384814800444
347.7 42.24065254316897
347.94 41.57063357416599
347.94 41.57063357416599
347.94 41.57063357416599
347.94 41.57063357416599
347.94 41.57063357416599
348.06 41.28976687370427
348.18 41.236538666722765
348.18 41.236538666722765
348.18 41.236538666722765
348.18 41.236538666722765
348.18 41.236538666722765
348.18 41.236538666722765
348.18 41.236538666722765
348.18 41.236538666722765
348.18 41.236538666722765
348.18 41.236538666722765
348.18 41.236538666722765
348.18 41.236538666722765
348.18 41.236538666722765
348.18 41.236538666722765
348.18 41.236538666722765
348.32 41.12235500075452
348.44 41.054366516864086
348.44 41.054366516864086
348.46 41.003429272698774
348.54 40.943276849709015
348.54 40.943276849709015
348.62 40.910540490591465
348.62 40.910540490591465
348.62 40.910540490591465
348.62 40.910540490591465
348.62 40.910540490591465
348.62 40.910540490591465
348.62 40.910540490591465
348.62 40.910540490591465
348.62 40.910540490591465
348.62 40.910540490591465
348.62 40.910540490591465
348.62 40.910540490591465
348.62 40.910540490591465
348.76 40.84242199409135
348.76 40.84242199409135
348.76 40.84242199409135
348.76 40.84242199409135
348.94 40.68549489620958
348.96 40.63484099920046
348.96 40.63484099920046
349.2 40.55274654724698
349.2 40.55274654724698
349.2 40.55274654724698
349.2 40.55274654724698
349.2 40.55274654724698
349.2 40.55274654724698
349.2 40.55274654724698
349.2 40.55274654724698
349.2 40.55274654724698
349.2 40.55274654724698
349.22 40.5396875003528
349.46 40.48379648424513
349.46 40.48379648424513
349.46 40.48379648424513
349.46 40.48379648424513
349.46 40.48379648424513
349.46 40.48379648424513
349.46 40.48379648424513
349.46 40.48379648424513
350.58 41.640398992839
350.68 41.437035110971415
350.68 41.437035110971415
350.68 41.437035110971415
350.68 41.437035110971415
350.7 41.41963131880654
350.72 41.40611383148946
351.0 41.27610897016786
351.0 41.27610897016786
351.0 41.27610897016786
351.08 41.128937440073706
351.12 41.09640796316323
351.12 41.09640796316323
351.12 41.09640796316323
351.12 41.09640796316323
351.12 41.09640796316323
351.12 41.09640796316323
351.12 41.09640796316323
351.12 41.09640796316323
351.12 41.09640796316323
351.12 41.09640796316323
351.12 41.09640796316323
351.12 41.09640796316323
351.12 41.09640796316323
351.12 41.09640796316323
351.12 41.09640796316323
351.12 41.09640796316323
351.12 41.09640796316323
351.12 41.09640796316323
351.12 41.09640796316323
351.12 41.09640796316323
351.12 41.09640796316323
351.12 41.09640796316323
351.12 41.09640796316323
351.12 41.09640796316323
351.12 41.09640796316323
351.12 41.09640796316323
351.12 41.09640796316323
351.12 41.09640796316323
351.12 41.09640796316323
351.12 41.09640796316323
351.12 41.09640796316323
351.12 41.09640796316323
351.28 41.06808340728202
351.44 41.03910921119614
351.44 41.03910921119614
351.44 41.03910921119614
351.64 40.9250411105351
351.64 40.9250411105351
351.64 40.9250411105351
351.64 40.9250411105351
351.64 40.9250411105351
351.64 40.9250411105351
351.64 40.9250411105351
351.64 40.9250411105351
351.64 40.9250411105351
351.64 40.9250411105351
351.64 40.9250411105351
351.64 40.9250411105351
351.64 40.9250411105351
351.64 40.9250411105351
351.72 40.886163721219745
351.72 40.886163721219745
351.72 40.886163721219745
351.72 40.886163721219745
351.72 40.886163721219745
351.72 40.886163721219745
351.72 40.886163721219745
351.72 40.886163721219745
351.72 40.886163721219745
351.72 40.886163721219745
351.72 40.886163721219745
351.72 40.886163721219745
351.72 40.886163721219745
351.72 40.886163721219745
351.72 40.886163721219745
351.72 40.886163721219745
351.72 40.886163721219745
351.72 40.886163721219745
351.72 40.886163721219745
351.72 40.886163721219745
351.72 40.886163721219745
351.72 40.886163721219745
351.72 40.886163721219745
351.72 40.886163721219745
351.78 40.73952241826954
351.78 40.73952241826954
351.78 40.73952241826954
351.78 40.73952241826954
351.78 40.73952241826954
351.78 40.73952241826954
351.78 40.73952241826954
351.84 40.699619038745176
351.96 40.634343836093834
351.96 40.634343836093834
351.96 40.634343836093834
351.96 40.634343836093834
351.96 40.634343836093834
351.96 40.634343836093834
351.96 40.634343836093834
351.96 40.634343836093834
351.96 40.634343836093834
351.96 40.634343836093834
352.12 40.60235351689738
352.12 40.60235351689738
352.12 40.60235351689738
352.12 40.60235351689738
352.12 40.60235351689738
352.12 40.60235351689738
352.12 40.60235351689738
352.16 40.57633285400231
352.24 40.536084436143305
352.24 40.536084436143305
352.24 40.536084436143305
352.24 40.536084436143305
352.24 40.536084436143305
352.24 40.536084436143305
352.24 40.536084436143305
352.24 40.536084436143305
352.24 40.536084436143305
352.24 40.536084436143305
352.24 40.536084436143305
352.24 40.536084436143305
352.24 40.536084436143305
352.24 40.536084436143305
352.24 40.536084436143305
352.32 40.4956363779675
352.32 40.4956363779675
352.32 40.4956363779675
352.32 40.4956363779675
353.64 41.46350957483734
353.64 41.46350957483734
353.64 41.46350957483734
353.96 41.574059511219545
353.96 41.574059511219545
353.96 41.574059511219545
353.96 41.574059511219545
353.96 41.574059511219545
353.96 41.574059511219545
353.96 41.574059511219545
353.96 41.574059511219545
353.96 41.574059511219545
355.08 42.58175262440071
355.12 42.54843467072897
355.12 42.54843467072897
355.12 42.54843467072897
355.12 42.54843467072897
355.12 42.54843467072897
355.12 42.54843467072897
355.12 42.54843467072897
355.12 42.54843467072897
355.12 42.54843467072897
355.12 42.54843467072897
355.14 42.53317659323262
355.14 42.53317659323262
355.14 42.53317659323262
355.14 42.53317659323262
355.14 42.53317659323262
355.14 42.53317659323262
355.14 42.53317659323262
355.14 42.53317659323262
355.14 42.53317659323262
355.14 42.53317659323262
355.14 42.53317659323262
355.14 42.53317659323262
355.14 42.53317659323262
355.14 42.53317659323262
355.14 42.53317659323262
355.14 42.53317659323262
355.14 42.53317659323262
355.14 42.53317659323262
355.14 42.53317659323262
355.14 42.53317659323262
355.14 42.53317659323262
355.14 42.53317659323262
355.14 42.53317659323262
355.14 42.53317659323262
355.14 42.53317659323262
355.3 42.490521818923895
355.3 42.490521818923895
355.3 42.490521818923895
355.3 42.490521818923895
355.3 42.490521818923895
355.78 42.54138329825787
355.78 42.54138329825787
355.78 42.54138329825787
355.78 42.54138329825787
355.78 42.54138329825787
355.78 42.54138329825787
355.78 42.54138329825787
355.78 42.54138329825787
355.78 42.54138329825787
355.94 42.49630286949392
355.94 42.49630286949392
355.94 42.49630286949392
356.26 42.58671960680568
356.26 42.58671960680568
356.26 42.58671960680568
356.26 42.58671960680568
356.26 42.58671960680568
356.26 42.58671960680568
356.26 42.58671960680568
356.26 42.58671960680568
356.58 42.674521057356344
356.58 42.674521057356344
356.58 42.674521057356344
356.58 42.674521057356344
356.58 42.674521057356344
356.58 42.674521057356344
356.58 42.674521057356344
356.58 42.674521057356344
356.58 42.674521057356344
356.6 42.6586166648378
356.6 42.6586166648378
356.6 42.6586166648378
356.68 42.611915628558094
356.68 42.611915628558094
356.68 42.611915628558094
356.7 42.56462703639577
356.7 42.56462703639577
356.84 42.472265460336956
356.84 42.472265460336956
356.84 42.472265460336956
356.84 42.472265460336956
356.84 42.472265460336956
356.84 42.472265460336956
356.84 42.472265460336956
356.84 42.472265460336956
357.06 42.12579046406396
357.14 42.07761467295473
357.14 42.07761467295473
357.14 42.07761467295473
357.46 42.159729936075564
357.46 42.159729936075564
357.48 42.11251883257805
357.48 42.11251883257805
357.48 42.11251883257805
357.48 42.11251883257805
357.48 42.11251883257805
357.48 42.11251883257805
357.48 42.11251883257805
357.48 42.11251883257805
357.48 42.11251883257805
357.48 42.11251883257805
357.96 42.1387606784437
357.96 42.1387606784437
357.96 42.1387606784437
357.96 42.1387606784437
358.28 42.214478822108234
358.28 42.214478822108234
358.28 42.214478822108234
358.28 42.214478822108234
358.28 42.214478822108234
358.28 42.214478822108234
358.28 42.214478822108234
358.28 42.214478822108234
358.28 42.214478822108234
358.28 42.214478822108234
358.28 42.214478822108234
358.28 42.214478822108234
358.28 42.214478822108234
358.56 42.07744663298279
358.56 42.07744663298279
358.56 42.07744663298279
358.56 42.07744663298279
358.56 42.07744663298279
358.56 42.07744663298279
358.56 42.07744663298279
358.56 42.07744663298279
358.6 41.9846051631675
358.6 41.9846051631675
358.6 41.9846051631675
358.62 41.95783838593456
358.62 41.95783838593456
358.62 41.95783838593456
358.62 41.95783838593456
358.62 41.95783838593456
358.62 41.95783838593456
358.62 41.95783838593456
358.62 41.95783838593456
358.62 41.95783838593456
358.62 41.95783838593456
358.62 41.95783838593456
359.1 41.971009715822404
359.1 41.971009715822404
359.14 41.939114117125705
359.14 41.939114117125705
359.14 41.939114117125705
359.14 41.939114117125705
359.14 41.939114117125705
359.14 41.939114117125705
359.14 41.939114117125705
359.14 41.939114117125705
359.14 41.939114117125705
359.16 41.92073328065576
359.16 41.92073328065576
359.18 41.903298970921874
359.18 41.903298970921874
359.18 41.903298970921874
359.18 41.903298970921874
359.18 41.903298970921874
359.18 41.903298970921874
359.18 41.903298970921874
359.18 41.903298970921874
359.24 41.827717841139496
359.24 41.827717841139496
359.24 41.827717841139496
359.24 41.827717841139496
359.24 41.827717841139496
359.24 41.827717841139496
359.24 41.827717841139496
359.24 41.827717841139496
359.24 41.827717841139496
359.24 41.827717841139496
359.36 41.74272331191328
359.36 41.74272331191328
359.36 41.74272331191328
359.36 41.74272331191328
359.36 41.74272331191328
359.36 41.74272331191328
359.36 41.74272331191328
359.36 41.74272331191328
359.36 41.74272331191328
359.52 41.682901079750216
359.52 41.682901079750216
359.52 41.682901079750216
359.68 41.62237160688729
359.68 41.62237160688729
359.68 41.62237160688729
359.68 41.62237160688729
359.68 41.62237160688729
359.68 41.62237160688729
359.68 41.62237160688729
359.68 41.62237160688729
359.68 41.62237160688729
360.0 41.685692625851495
360.0 41.685692625851495
360.0 41.685692625851495
360.0 41.685692625851495
360.0 41.685692625851495
360.06 41.61726040522566
360.06 41.61726040522566
360.06 41.61726040522566
360.06 41.61726040522566
360.06 41.61726040522566
360.06 41.61726040522566
360.06 41.61726040522566
360.06 41.61726040522566
360.22 41.55453517895963
360.28 41.50309225427266
360.28 41.50309225427266
360.28 41.50309225427266
360.28 41.50309225427266
360.28 41.50309225427266
360.28 41.50309225427266
360.6 41.5619289662299
360.6 41.5619289662299
361.56 42.46027733676679
361.56 42.46027733676679
361.56 42.46027733676679
361.56 42.46027733676679
361.56 42.46027733676679
361.56 42.46027733676679
361.56 42.46027733676679
361.56 42.46027733676679
361.56 42.46027733676679
361.64 42.38103254041743
361.64 42.38103254041743
361.64 42.38103254041743
361.66 42.33493673890241
361.66 42.33493673890241
361.66 42.33493673890241
361.66 42.33493673890241
361.66 42.33493673890241
361.66 42.33493673890241
361.66 42.33493673890241
361.68 42.28973655843481
361.68 42.28973655843481
361.68 42.28973655843481
361.68 42.28973655843481
361.68 42.28973655843481
361.68 42.28973655843481
361.68 42.28973655843481
361.68 42.28973655843481
361.7 42.271250109957535
361.7 42.271250109957535
361.7 42.271250109957535
361.7 42.271250109957535
361.7 42.271250109957535
362.02 42.31817433193309
362.02 42.31817433193309
362.02 42.31817433193309
362.02 42.31817433193309
362.02 42.31817433193309
362.02 42.31817433193309
362.02 42.31817433193309
362.02 42.31817433193309
362.02 42.31817433193309
362.02 42.31817433193309
362.02 42.31817433193309
362.02 42.31817433193309
362.06 42.283750490650135
362.06 42.283750490650135
362.3 42.15639472442605
362.3 42.15639472442605
362.3 42.15639472442605
362.3 42.15639472442605
363.42 42.93127700703235
363.42 42.93127700703235
363.42 42.93127700703235
363.42 42.93127700703235
363.42 42.93127700703235
363.42 42.93127700703235
363.42 42.93127700703235
363.54 42.83664531470903
363.54 42.83664531470903
363.54 42.83664531470903
363.54 42.83664531470903
363.58 42.80120360811168
363.58 42.80120360811168
363.58 42.80120360811168
363.58 42.80120360811168
363.58 42.80120360811168
363.58 42.80120360811168
363.58 42.80120360811168
363.62 42.765694738477535
363.7 42.70582956445032
363.7 42.70582956445032
363.7 42.70582956445032
363.7 42.70582956445032
363.7 42.70582956445032
363.7 42.70582956445032
363.7 42.70582956445032
363.7 42.70582956445032
363.7 42.70582956445032
363.7 42.70582956445032
364.66 43.511572824904505
364.66 43.511572824904505
365.62 43.39687183252368
365.62 43.39687183252368
365.62 43.39687183252368
365.62 43.39687183252368
365.62 43.39687183252368
365.62 43.39687183252368
365.62 43.39687183252368
365.62 43.39687183252368
365.62 43.39687183252368
365.62 43.39687183252368
365.62 43.39687183252368
365.62 43.39687183252368
365.62 43.39687183252368
365.62 43.39687183252368
365.62 43.39687183252368
365.62 43.39687183252368
365.62 43.39687183252368
366.74 44.064832859656896
366.74 44.064832859656896
366.74 44.064832859656896
366.74 44.064832859656896
366.74 44.064832859656896
366.74 44.064832859656896
366.74 44.064832859656896
366.74 44.064832859656896
366.94 43.655635895661234
366.94 43.655635895661234
366.94 43.655635895661234
366.94 43.655635895661234
366.94 43.655635895661234
366.94 43.655635895661234
367.1 43.57033093027567
367.42 43.57582037336901
367.42 43.57582037336901
367.44 43.53944455689845
368.64 44.09162177909893
368.64 44.09162177909893
368.66 44.056029523479936
368.66 44.056029523479936
368.66 44.056029523479936
369.78 44.63716348107667
369.78 44.63716348107667
369.78 44.63716348107667
369.78 44.63716348107667
369.78 44.63716348107667
369.78 44.63716348107667
369.78 44.63716348107667
369.78 44.63716348107667
369.78 44.63716348107667
369.78 44.63716348107667
369.78 44.63716348107667
369.78 44.63716348107667
369.78 44.63716348107667
369.78 44.63716348107667
369.78 44.63716348107667
369.78 44.63716348107667
369.78 44.63716348107667
369.94 44.5434347099275
369.94 44.5434347099275
369.94 44.5434347099275
369.94 44.5434347099275
369.94 44.5434347099275
369.94 44.5434347099275
369.94 44.5434347099275
370.1 44.44892654167333
370.1 44.44892654167333
370.1 44.44892654167333
370.1 44.44892654167333
370.1 44.44892654167333
370.1 44.44892654167333
370.1 44.44892654167333
371.06 45.086184584682265
371.06 45.086184584682265
371.06 45.086184584682265
371.06 45.086184584682265
371.06 45.086184584682265
372.02 45.6941921027081
372.02 45.6941921027081
372.02 45.6941921027081
372.02 45.6941921027081
372.02 45.6941921027081
372.02 45.6941921027081
372.02 45.6941921027081
372.02 45.6941921027081
372.02 45.6941921027081
372.02 45.6941921027081
372.02 45.6941921027081
372.02 45.6941921027081
372.02 45.6941921027081
372.02 45.6941921027081
372.02 45.6941921027081
372.02 45.6941921027081
372.02 45.6941921027081
372.02 45.6941921027081
372.66 46.30775836561823
372.66 46.30775836561823
372.66 46.30775836561823
372.66 46.30775836561823
372.66 46.30775836561823
372.66 46.30775836561823
372.66 46.30775836561823
372.66 46.30775836561823
372.7 46.267011613420216
372.7 46.267011613420216
372.7 46.267011613420216
372.7 46.267011613420216
372.7 46.267011613420216
373.34 46.86370092775923
373.34 46.86370092775923
373.34 46.86370092775923
373.34 46.86370092775923
373.62 46.45466563861976
373.62 46.45466563861976
373.94 46.41443088027036
373.94 46.41443088027036
373.94 46.41443088027036
374.1 46.309782547491636
374.1 46.309782547491636
374.1 46.309782547491636
374.1 46.309782547491636
374.1 46.309782547491636
374.1 46.309782547491636
374.1 46.309782547491636
374.1 46.309782547491636
374.1 46.309782547491636
374.1 46.309782547491636
374.1 46.309782547491636
374.1 46.309782547491636
375.06 46.839036641837055
375.06 46.839036641837055
375.06 46.839036641837055
375.06 46.839036641837055
375.06 46.839036641837055
375.06 46.839036641837055
375.06 46.839036641837055
375.06 46.839036641837055
375.06 46.839036641837055
375.06 46.839036641837055
375.06 46.839036641837055
375.08 46.816573082099
375.08 46.816573082099
375.08 46.816573082099
375.08 46.816573082099
375.08 46.816573082099
375.08 46.816573082099
375.08 46.816573082099
375.08 46.816573082099
375.08 46.816573082099
375.08 46.816573082099
375.08 46.816573082099
375.08 46.816573082099
375.08 46.816573082099
375.08 46.816573082099
375.08 46.816573082099
375.08 46.816573082099
375.08 46.816573082099
375.08 46.816573082099
375.08 46.816573082099
375.08 46.816573082099
375.12 46.77072381373424
375.12 46.77072381373424
375.12 46.77072381373424
375.12 46.77072381373424
375.18 46.7056936377335
375.18 46.7056936377335
375.18 46.7056936377335
375.18 46.7056936377335
375.18 46.7056936377335
375.18 46.7056936377335
375.18 46.7056936377335
375.18 46.7056936377335
376.14 47.20833259782289
376.14 47.20833259782289
376.14 47.20833259782289
376.14 47.20833259782289
376.14 47.20833259782289
376.14 47.20833259782289
376.14 47.20833259782289
377.1 47.68615833729633
377.1 47.68615833729633
377.1 47.68615833729633
377.1 47.68615833729633
377.1 47.68615833729633
377.1 47.68615833729633
377.1 47.68615833729633
377.1 47.68615833729633
377.1 47.68615833729633
377.1 47.68615833729633
377.74 48.2063368146856
377.74 48.2063368146856
377.74 48.2063368146856
377.74 48.2063368146856
377.74 48.2063368146856
377.74 48.2063368146856
377.74 48.2063368146856
377.74 48.2063368146856
377.74 48.2063368146856
377.74 48.2063368146856
377.9 48.09281850670838
377.9 48.09281850670838
377.9 48.09281850670838
377.9 48.09281850670838
377.9 48.09281850670838
377.9 48.09281850670838
377.9 48.09281850670838
377.9 48.09281850670838
377.9 48.09281850670838
377.9 48.09281850670838
377.9 48.09281850670838
377.9 48.09281850670838
377.9 48.09281850670838
377.9 48.09281850670838
378.38 47.90959078189762
378.38 47.90959078189762
378.38 47.90959078189762
378.38 47.90959078189762
378.66 47.669785869547255
378.66 47.669785869547255
378.66 47.669785869547255
378.66 47.669785869547255
378.66 47.669785869547255
378.82 47.5518600471043
378.82 47.5518600471043
378.82 47.5518600471043
378.82 47.5518600471043
378.82 47.5518600471043
378.82 47.5518600471043
378.82 47.5518600471043
378.82 47.5518600471043
379.38 47.276273759741905
379.38 47.276273759741905
379.38 47.276273759741905
379.38 47.276273759741905
379.38 47.276273759741905
379.38 47.276273759741905
379.38 47.276273759741905
379.38 47.276273759741905
379.38 47.276273759741905
379.38 47.276273759741905
379.38 47.276273759741905
379.38 47.276273759741905
379.38 47.276273759741905
379.38 47.276273759741905
379.38 47.276273759741905
379.38 47.276273759741905
379.38 47.276273759741905
380.02 47.770067970847506
380.02 47.770067970847506
380.02 47.770067970847506
380.02 47.770067970847506
380.02 47.770067970847506
380.02 47.770067970847506
380.02 47.770067970847506
380.02 47.770067970847506
380.02 47.770067970847506
380.02 47.770067970847506
380.02 47.770067970847506
380.02 47.770067970847506
380.02 47.770067970847506
380.26 47.565928728004174
380.26 47.565928728004174
380.26 47.565928728004174
380.26 47.565928728004174
380.26 47.565928728004174
380.26 47.565928728004174
380.26 47.565928728004174
380.26 47.565928728004174
380.26 47.565928728004174
380.26 47.565928728004174
380.26 47.565928728004174
380.26 47.565928728004174
380.26 47.565928728004174
380.26 47.565928728004174
380.26 47.565928728004174
380.28 47.54159900932693
380.28 47.54159900932693
380.28 47.54159900932693
380.28 47.54159900932693
380.28 47.54159900932693
380.28 47.54159900932693
380.28 47.54159900932693
380.28 47.54159900932693
380.28 47.54159900932693
380.28 47.54159900932693
380.28 47.54159900932693
380.28 47.54159900932693
380.28 47.54159900932693
380.28 47.54159900932693
380.28 47.54159900932693
380.28 47.54159900932693
380.28 47.54159900932693
380.28 47.54159900932693
380.28 47.54159900932693
380.28 47.54159900932693
380.28 47.54159900932693
380.28 47.54159900932693
380.28 47.54159900932693
380.28 47.54159900932693
380.28 47.54159900932693
380.28 47.54159900932693
380.28 47.54159900932693
380.28 47.54159900932693
380.28 47.54159900932693
380.28 47.54159900932693
380.28 47.54159900932693
380.28 47.54159900932693
380.28 47.54159900932693
380.28 47.54159900932693
381.4 47.8064278675425
381.4 47.8064278675425
381.4 47.8064278675425
381.4 47.8064278675425
382.04 48.26775488476923
382.04 48.26775488476923
382.04 48.26775488476923
382.04 48.26775488476923
382.04 48.26775488476923
382.04 48.26775488476923
382.04 48.26775488476923
382.04 48.26775488476923
382.04 48.26775488476923
382.36 48.17256858043137
382.36 48.17256858043137
382.36 48.17256858043137
382.36 48.17256858043137
382.36 48.17256858043137
382.36 48.17256858043137
382.36 48.17256858043137
382.36 48.17256858043137
382.4 48.12525744388704
382.4 48.12525744388704
382.4 48.12525744388704
382.4 48.12525744388704
382.4 48.12525744388704
382.4 48.12525744388704
382.4 48.12525744388704
382.4 48.12525744388704
382.4 48.12525744388704
382.4 48.12525744388704
382.4 48.12525744388704
382.4 48.12525744388704
382.4 48.12525744388704
382.4 48.12525744388704
382.4 48.12525744388704
382.4 48.12525744388704
382.4 48.12525744388704
382.4 48.12525744388704
382.4 48.12525744388704
382.4 48.12525744388704
382.42 48.098631829173534
382.42 48.098631829173534
382.42 48.098631829173534
382.42 48.098631829173534
382.42 48.098631829173534
382.42 48.098631829173534
382.42 48.098631829173534
382.42 48.098631829173534
382.42 48.098631829173534
382.42 48.098631829173534
382.42 48.098631829173534
382.46 48.05119744353492
382.46 48.05119744353492
382.46 48.05119744353492
382.46 48.05119744353492
382.46 48.05119744353492
382.46 48.05119744353492
382.46 48.05119744353492
382.46 48.05119744353492
382.46 48.05119744353492
382.46 48.05119744353492
382.46 48.05119744353492
383.66 48.17565083455889
383.66 48.17565083455889
383.66 48.17565083455889
383.66 48.17565083455889
383.66 48.17565083455889
383.66 48.17565083455889
383.66 48.17565083455889
383.66 48.17565083455889
383.66 48.17565083455889
383.66 48.17565083455889
383.66 48.17565083455889
383.66 48.17565083455889
383.7 48.127251357545035
383.7 48.127251357545035
383.7 48.127251357545035
383.7 48.127251357545035
383.7 48.127251357545035
384.02 48.02061426032982
384.02 48.02061426032982
384.02 48.02061426032982
384.02 48.02061426032982
384.02 48.02061426032982
384.02 48.02061426032982
384.02 48.02061426032982
384.02 48.02061426032982
384.02 48.02061426032982
384.02 48.02061426032982
384.02 48.02061426032982
384.02 48.02061426032982
384.02 48.02061426032982
384.02 48.02061426032982
384.02 48.02061426032982
384.02 48.02061426032982
384.02 48.02061426032982
384.02 48.02061426032982
384.02 48.02061426032982
384.02 48.02061426032982
384.02 48.02061426032982
384.02 48.02061426032982
384.02 48.02061426032982
384.02 48.02061426032982
384.02 48.02061426032982
384.02 48.02061426032982
384.02 48.02061426032982
384.02 48.02061426032982
384.02 48.02061426032982
384.02 48.02061426032982
384.02 48.02061426032982
384.02 48.02061426032982
384.02 48.02061426032982
384.02 48.02061426032982
384.02 48.02061426032982
384.02 48.02061426032982
384.02 48.02061426032982
384.18 47.88546520373145
384.54 47.52190776022903
384.54 47.52190776022903
384.54 47.52190776022903
384.62 47.43241443774436
384.62 47.43241443774436
384.62 47.43241443774436
384.62 47.43241443774436
384.62 47.43241443774436
384.62 47.43241443774436
384.62 47.43241443774436
384.62 47.43241443774436
384.62 47.43241443774436
384.62 47.43241443774436
384.62 47.43241443774436
384.62 47.43241443774436
384.62 47.43241443774436
384.62 47.43241443774436
384.62 47.43241443774436
384.62 47.43241443774436
384.62 47.43241443774436
384.62 47.43241443774436
384.66 47.379026174164025
384.66 47.379026174164025
384.82 47.239852205141766
384.82 47.239852205141766
384.82 47.239852205141766
384.82 47.239852205141766
384.82 47.239852205141766
385.46 47.66029200858332
385.46 47.66029200858332
385.46 47.66029200858332
385.46 47.66029200858332
385.46 47.66029200858332
385.46 47.66029200858332
385.46 47.66029200858332
385.46 47.66029200858332
385.46 47.66029200858332
385.46 47.66029200858332
385.46 47.66029200858332
385.46 47.66029200858332
385.46 47.66029200858332
385.46 47.66029200858332
385.46 47.66029200858332
385.46 47.66029200858332
385.46 47.66029200858332
385.46 47.66029200858332
385.46 47.66029200858332
385.46 47.66029200858332
385.46 47.66029200858332
385.46 47.66029200858332
385.46 47.66029200858332
386.1 48.06844867036752
386.1 48.06844867036752
386.1 48.06844867036752
386.18 47.97734734836698
386.18 47.97734734836698
386.82 48.37320821205962
386.82 48.37320821205962
386.82 48.37320821205962
386.82 48.37320821205962
386.82 48.37320821205962
386.82 48.37320821205962
386.82 48.37320821205962
386.82 48.37320821205962
386.82 48.37320821205962
386.82 48.37320821205962
386.82 48.37320821205962
386.82 48.37320821205962
386.82 48.37320821205962
386.82 48.37320821205962
386.82 48.37320821205962
386.82 48.37320821205962
386.82 48.37320821205962
386.82 48.37320821205962
386.82 48.37320821205962
386.82 48.37320821205962
386.82 48.37320821205962
386.82 48.37320821205962
386.82 48.37320821205962
386.82 48.37320821205962
386.82 48.37320821205962
386.82 48.37320821205962
386.82 48.37320821205962
386.82 48.37320821205962
386.82 48.37320821205962
386.82 48.37320821205962
386.82 48.37320821205962
386.82 48.37320821205962
386.82 48.37320821205962
386.82 48.37320821205962
386.82 48.37320821205962
386.82 48.37320821205962
386.82 48.37320821205962
386.82 48.37320821205962
386.82 48.37320821205962
386.82 48.37320821205962
386.98 48.229665207842814
386.98 48.229665207842814
386.98 48.229665207842814
386.98 48.229665207842814
386.98 48.229665207842814
386.98 48.229665207842814
386.98 48.229665207842814
386.98 48.229665207842814
387.06 48.137391753692725
387.06 48.137391753692725
387.06 48.137391753692725
387.06 48.137391753692725
387.06 48.137391753692725
387.06 48.137391753692725
387.06 48.137391753692725
387.62 47.76769966528776
387.62 47.76769966528776
387.62 47.76769966528776
387.62 47.76769966528776
387.62 47.76769966528776
387.94 47.63366520231316
387.94 47.63366520231316
387.94 47.63366520231316
387.94 47.63366520231316
387.94 47.63366520231316
387.94 47.63366520231316
387.94 47.63366520231316
387.94 47.63366520231316
387.94 47.63366520231316
387.94 47.63366520231316
388.9 47.868823282218266
388.9 47.868823282218266
388.9 47.868823282218266
388.9 47.868823282218266
389.54 48.22912904966133
389.54 48.22912904966133
389.54 48.22912904966133
389.54 48.22912904966133
389.54 48.22912904966133
389.54 48.22912904966133
389.54 48.22912904966133
389.54 48.22912904966133
389.54 48.22912904966133
389.54 48.22912904966133
389.54 48.22912904966133
389.54 48.22912904966133
390.5 48.42937167054762
390.5 48.42937167054762
390.82 48.27789506094021
390.82 48.27789506094021
390.82 48.27789506094021
390.82 48.27789506094021
390.82 48.27789506094021
390.82 48.27789506094021
390.82 48.27789506094021
390.82 48.27789506094021
390.82 48.27789506094021
391.78 48.452325834658126
391.78 48.452325834658126
391.78 48.452325834658126
391.78 48.452325834658126
391.78 48.452325834658126
391.78 48.452325834658126
391.78 48.452325834658126
391.78 48.452325834658126
391.78 48.452325834658126
391.78 48.452325834658126
391.78 48.452325834658126
391.78 48.452325834658126
391.78 48.452325834658126
391.78 48.452325834658126
391.78 48.452325834658126
391.78 48.452325834658126
391.8 48.4236356013103
391.8 48.4236356013103
391.8 48.4236356013103
391.8 48.4236356013103
391.8 48.4236356013103
391.8 48.4236356013103
391.8 48.4236356013103
391.8 48.4236356013103
391.8 48.4236356013103
391.8 48.4236356013103
391.8 48.4236356013103
391.8 48.4236356013103
391.8 48.4236356013103
391.8 48.4236356013103
391.8 48.4236356013103
391.8 48.4236356013103
391.8 48.4236356013103
391.8 48.4236356013103
391.8 48.4236356013103
391.8 48.4236356013103
391.8 48.4236356013103
391.8 48.4236356013103
391.8 48.4236356013103
391.8 48.4236356013103
391.8 48.4236356013103
391.88 48.32367301579397
391.88 48.32367301579397
391.88 48.32367301579397
391.88 48.32367301579397
391.88 48.32367301579397
391.88 48.32367301579397
391.88 48.32367301579397
391.88 48.32367301579397
391.88 48.32367301579397
391.88 48.32367301579397
391.88 48.32367301579397
392.04 48.163006047330065
392.04 48.163006047330065
392.36 48.0003198642541
392.36 48.0003198642541
392.36 48.0003198642541
392.36 48.0003198642541
392.36 48.0003198642541
392.6 47.73453528197232
392.6 47.73453528197232
392.6 47.73453528197232
392.6 47.73453528197232
392.6 47.73453528197232
392.6 47.73453528197232
392.6 47.73453528197232
392.6 47.73453528197232
393.56 47.87490433041578
393.56 47.87490433041578
393.56 47.87490433041578
393.56 47.87490433041578
393.56 47.87490433041578
393.56 47.87490433041578
393.56 47.87490433041578
393.56 47.87490433041578
393.56 47.87490433041578
393.56 47.87490433041578
394.68 47.824781201482715
394.68 47.824781201482715
394.68 47.824781201482715
394.68 47.824781201482715
394.68 47.824781201482715
395.32 48.107808224042095
395.32 48.107808224042095
395.32 48.107808224042095
395.32 48.107808224042095
395.32 48.107808224042095
395.32 48.107808224042095
395.32 48.107808224042095
395.32 48.107808224042095
395.32 48.107808224042095
395.32 48.107808224042095
395.32 48.107808224042095
395.32 48.107808224042095
395.32 48.107808224042095
395.32 48.107808224042095
395.32 48.107808224042095
395.32 48.107808224042095
395.32 48.107808224042095
395.32 48.107808224042095
395.32 48.107808224042095
395.32 48.107808224042095
395.32 48.107808224042095
395.32 48.107808224042095
395.32 48.107808224042095
395.4 48.001262609656564
395.4 48.001262609656564
396.04 48.2736140990274
396.04 48.2736140990274
396.04 48.2736140990274
396.04 48.2736140990274
396.04 48.2736140990274
396.04 48.2736140990274
396.04 48.2736140990274
396.04 48.2736140990274
396.04 48.2736140990274
396.04 48.2736140990274
396.04 48.2736140990274
396.04 48.2736140990274
396.04 48.2736140990274
396.2 48.09880403393568
396.2 48.09880403393568
396.2 48.09880403393568
396.2 48.09880403393568
396.2 48.09880403393568
396.2 48.09880403393568
396.52 47.907840820905406
396.52 47.907840820905406
396.52 47.907840820905406
396.52 47.907840820905406
396.52 47.907840820905406
396.68 47.730065911532016
396.68 47.730065911532016
396.68 47.730065911532016
396.68 47.730065911532016
397.8 47.60570375809008
397.8 47.60570375809008
397.8 47.60570375809008
397.8 47.60570375809008
397.8 47.60570375809008
397.8 47.60570375809008
397.8 47.60570375809008
397.8 47.60570375809008
397.8 47.60570375809008
397.8 47.60570375809008
397.8 47.60570375809008
397.8 47.60570375809008
397.8 47.60570375809008
398.28 47.216689396608025
398.28 47.216689396608025
398.28 47.216689396608025
398.28 47.216689396608025
398.28 47.216689396608025
398.28 47.216689396608025
398.28 47.216689396608025
398.28 47.216689396608025
398.28 47.216689396608025
398.28 47.216689396608025
398.28 47.216689396608025
398.28 47.216689396608025
398.28 47.216689396608025
398.28 47.216689396608025
398.28 47.216689396608025
398.28 47.216689396608025
398.44 47.0302546079101
398.44 47.0302546079101
398.44 47.0302546079101
398.44 47.0302546079101
398.44 47.0302546079101
398.44 47.0302546079101
398.44 47.0302546079101
398.44 47.0302546079101
398.44 47.0302546079101
398.44 47.0302546079101
398.44 47.0302546079101
398.44 47.0302546079101
398.52 46.91588863125807
398.52 46.91588863125807
398.52 46.91588863125807
398.52 46.91588863125807
398.52 46.91588863125807
398.52 46.91588863125807
398.68 46.72742365262736
398.68 46.72742365262736
398.68 46.72742365262736
398.68 46.72742365262736
398.68 46.72742365262736
398.68 46.72742365262736
399.64 46.74485225264074
399.64 46.74485225264074
399.64 46.74485225264074
399.64 46.74485225264074
399.64 46.74485225264074
399.64 46.74485225264074
399.64 46.74485225264074
399.64 46.74485225264074
399.64 46.74485225264074
399.64 46.74485225264074
399.64 46.74485225264074
399.64 46.74485225264074
399.64 46.74485225264074
399.64 46.74485225264074
399.64 46.74485225264074
399.64 46.74485225264074
399.64 46.74485225264074
399.64 46.74485225264074
399.64 46.74485225264074
399.64 46.74485225264074
399.64 46.74485225264074
399.64 46.74485225264074
399.64 46.74485225264074
399.64 46.74485225264074
399.64 46.74485225264074
399.64 46.74485225264074
399.64 46.74485225264074
399.64 46.74485225264074
399.64 46.74485225264074
399.64 46.74485225264074
399.64 46.74485225264074
399.64 46.74485225264074
399.64 46.74485225264074
399.64 46.74485225264074
399.64 46.74485225264074
399.64 46.74485225264074
399.64 46.74485225264074
399.64 46.74485225264074
399.64 46.74485225264074
399.64 46.74485225264074
399.64 46.74485225264074
399.64 46.74485225264074
399.64 46.74485225264074
399.64 46.74485225264074
399.64 46.74485225264074
399.64 46.74485225264074
399.64 46.74485225264074
399.64 46.74485225264074
399.64 46.74485225264074
399.64 46.74485225264074
399.64 46.74485225264074
399.64 46.74485225264074
399.64 46.74485225264074
399.64 46.74485225264074
399.64 46.74485225264074
399.64 46.74485225264074
399.64 46.74485225264074
399.64 46.74485225264074
399.64 46.74485225264074
399.64 46.74485225264074
399.64 46.74485225264074
399.64 46.74485225264074
399.64 46.74485225264074
399.64 46.74485225264074
399.64 46.74485225264074
399.64 46.74485225264074
399.64 46.74485225264074
399.64 46.74485225264074
399.64 46.74485225264074
399.64 46.74485225264074
399.64 46.74485225264074
399.96 46.52444127943545
399.96 46.52444127943545
399.96 46.52444127943545
399.96 46.52444127943545
400.44 46.103598755214506
400.44 46.103598755214506
400.44 46.103598755214506
400.44 46.103598755214506
401.4 46.08424433315116
401.4 46.08424433315116
401.4 46.08424433315116
401.4 46.08424433315116
401.4 46.08424433315116
401.4 46.08424433315116
401.4 46.08424433315116
401.88 45.64405102463399
401.88 45.64405102463399
401.88 45.64405102463399
401.88 45.64405102463399
401.88 45.64405102463399
401.88 45.64405102463399
401.88 45.64405102463399
401.88 45.64405102463399
401.88 45.64405102463399
401.88 45.64405102463399
401.88 45.64405102463399
401.88 45.64405102463399
401.88 45.64405102463399
401.88 45.64405102463399
401.88 45.64405102463399
401.88 45.64405102463399
401.88 45.64405102463399
