103.98 10.286776841060458
104.48 10.122961198895483
104.66 10.552629046734268
105.14 10.364098873252102
106.38 10.295414297421717
107.36 10.27650060314622
108.36 10.595901628135818
109.16 10.297317489266193
110.08 10.490669254825521
111.54 11.223550276453562
112.8 11.295838153760865
113.76 11.228679010606381
115.04 11.422041424501591
115.78 11.412893647718857
116.86 11.37161093924407
117.9 11.611123193652796
119.08 11.44303413885628
119.98 11.653221690055322
121.32 11.516242372572677
122.32 11.46525713676415
123.18 11.56831269398691
124.04 11.571403274338588
125.26 11.684938073339447
126.28 12.073913778862012
127.56 12.159146700523376
128.84 12.440338427953646
129.8 12.50616009828918
130.9 12.79954228979626
131.68 12.885572544438213
133.04 13.307490106300776
134.14 13.52963078176596
135.36 13.674070426182618
136.54 14.28103213314356
137.06 14.066092189906529
138.06 14.319457695278432
138.76 14.207068947562973
139.9 14.675961242243668
140.78 14.974442874242081
141.6 15.403003773697042
142.6 15.1317446769927
143.58 15.147210297542573
144.0 15.050084734148525
145.06 15.917603494562272
146.44 16.491393531356305
147.5 16.65181156159378
148.42 17.078062010081883
149.54 17.516180110302752
150.38 17.114457235467516
150.92 16.712470393890502
151.72 17.631514484873474
152.74 17.464896972574056
153.76 17.023525018056745
154.3 17.196135342194502
155.3 17.38541127648481
156.28 17.71153821266199
157.2 17.541869105576282
157.98 17.742251118374877
158.44 17.932713743943555
158.88 18.211595817561467
159.74 18.183475682024817
160.46 18.20834529505189
160.62 18.063177567592696
161.38 18.28328153911064
162.44 18.61590500598666
163.38 18.41978514664286
164.0 18.00561079780467
164.92 17.80573054957421
165.32 17.721116776263845
166.0 17.668095997068168
166.32 17.623950645744458
167.38 17.453418524226656
167.78 17.381971386840135
168.54 17.370252058207345
169.12 17.55181650503054
169.82 17.782286044535923
170.14 17.62976133838699
171.1 18.339943711842064
171.66 18.642961138188323
172.06 18.430223311537254
172.42 18.337564250092285
173.44 18.612649114801123
174.02 18.652581265840606
174.3 18.55458776887073
174.8 18.701266634572477
174.92 18.60253051103912
175.58 18.51735740467644
176.0 18.518895619056092
176.22 18.503387623226015
176.92 18.329024286991693
177.46 18.631688006721188
177.74 18.472266955212792
178.18 18.334920041529845
178.84 18.53455413463451
179.62 18.46797938666444
179.8 18.408386318976657
180.04 18.336870182253243
180.3 18.331129344104877
180.62 18.270017387882678
180.88 18.122634990251804
180.98 18.051542366739245
181.7 18.218372345220384
182.4 18.336914250833598
183.0 18.278430186999376
183.34 18.32601506828007
183.5 18.19173971722864
183.56 18.154399527999328
183.94 18.006631774954133
184.22 18.146196418104935
184.64 18.398243218724815
184.82 18.545265398124364
185.02 18.469729534860797
185.16 18.40548886071815
185.54 18.31454684841059
185.68 18.24130068018864
185.9 18.30466077425654
186.18 18.29741936874038
186.68 18.231330564207706
187.66 18.037122214415962
188.1 18.066935030993537
188.38 17.993702602114254
188.92 18.075978814465625
189.22 17.96493779279488
189.54 17.885957473601312
189.9 18.19173971722864
189.84 18.17464100766713
190.32 18.210264615697856
190.38 18.272228748413347
190.74 18.252228312834532
191.12 18.425542218903793
191.5 18.626309187259668
191.78 18.61224751543342
192.06 18.663322211214055
192.12 18.599055042793125
192.38 18.329630480054785
192.38 18.329630480054785
192.58 18.414519962642125
192.7 18.331129344104877
192.82 18.264266597469344
192.94 18.251785577517524
193.1 18.13612946356504
193.3 18.11829813400605
193.62 17.930719647317755
193.72 17.93595790189601
193.8 17.89193148101155
194.34 17.684222266520997
194.52 17.717468410263553
194.8 17.661234156173567
195.08 17.721572769202556
195.1 17.732866250399155
195.24 17.61720921729831
195.54 17.407429042181555
195.72 17.546521137832535
196.24 17.45708735699913
196.4 17.46800827602601
196.62 17.483487158811403
196.82 17.613344344272015
196.9 17.602513594611562
197.02 17.489956714028366
197.1 17.44109856608577
197.28 17.520020294255115
197.34 17.610958480044705
197.52 17.6317436414662
197.58 17.577062647471315
197.98 17.712621762375264
197.98 17.712621762375264
198.36 17.623171156638115
198.78 17.917645498279622
199.1 18.031117883293096
199.46 18.573044440747456
199.76 18.684580149244333
199.92 18.735630183792548
200.18 18.72522201187316
200.48 19.309536033218976
200.68 19.307652745620178
200.7 19.28494466958853
201.0 19.487369646968155
201.06 19.41249207301444
201.4 19.337512609934965
201.42 19.35588026957444
201.6 19.155925844226243
201.84 19.485669429899325
201.92 19.467496868971992
201.92 19.467496868971992
202.84 20.161329120848954
203.02 20.209998525582332
203.06 20.169894557598617
203.82 22.69711858186391
203.9 22.678027455952364
203.96 22.67197798734345
204.34 23.200583413075428
204.74 23.2659720309609
204.76 23.271398320642014
204.76 23.271398320642014
204.88 23.15223225924141
205.18 23.256314446106064
205.28 23.24488865288127
205.28 23.24488865288127
205.42 23.148698067541986
205.7 23.16628515055376
205.84 23.222559564511247
205.9 23.230726778701232
205.94 23.24477567023601
206.38 23.15114151689617
206.74 22.806440699366867
206.94 22.722667008069187
206.98 22.713845730716493
207.1 22.72430283625747
207.22 22.611153053841427
207.3 22.50274955141565
207.3 22.50274955141565
207.32 22.511447144180945
207.34 22.53985023208558
207.44 22.496832549216233
207.5 22.475800678988417
207.7 22.309802166923685
208.2 22.20837952692905
208.36 22.1352682615346
208.5 22.27899314047956
208.7 22.52607916225641
208.76 22.532185733731957
209.02 22.44723555002673
209.12 22.428913518406585
209.18 22.428508193769375
209.28 22.35529449412805
209.36 22.357752367111747
209.36 22.357752367111747
209.4 22.358872778366795
209.68 22.217874322129457
209.74 22.20502263685021
209.74 22.20502263685021
209.82 22.089066722857904
209.88 22.196223174953058
209.96 22.152784443176856
210.08 22.261839433198123
210.1 22.248141450013264
210.28 22.187483959305624
210.76 21.867886144857362
211.1 22.231790869215313
211.12 22.231690912030977
211.12 22.231690912030977
211.44 22.41586739591201
211.44 22.41586739591201
211.44 22.41586739591201
211.46 22.384798232711233
211.46 22.384798232711233
211.6 22.343507406679088
211.6 22.343507406679088
211.6 22.343507406679088
211.76 22.237069787345465
212.0 22.368809453425015
212.02 22.37873268904378
212.02 22.37873268904378
212.26 22.333839885707153
212.52 22.48163335667225
212.52 22.48163335667225
212.7 22.61379752239412
212.72 22.599758647142473
212.98 22.513735425919062
213.1 22.40377854133747
213.1 22.40377854133747
213.16 22.441267902026052
213.18 22.44651555600692
213.18 22.44651555600692
213.18 22.44651555600692
213.7 22.544008588366072
213.86 22.52765752437109
213.9 22.542216287479697
213.9 22.542216287479697
214.18 22.566794234454342
214.3 22.436217113939655
214.58 22.38017701521423
214.58 22.38017701521423
214.6 22.37151868972798
214.6 22.37151868972798
214.94 22.10983601216546
215.06 22.043950589124385
215.06 22.043950589124385
215.18 22.103695015389015
215.38 22.124888860075828
215.38 22.124888860075828
215.48 22.02224770406949
215.58 21.968379479827302
215.92 21.858904756911254
215.92 21.858904756911254
215.96 21.822016498032532
216.02 21.891366316242557
216.08 21.932716211268506
216.08 21.932716211268506
216.08 21.932716211268506
216.1 21.94644537610737
216.2 21.817424229271435
216.34 21.97713228413442
216.34 21.97713228413442
216.4 21.929178937864698
216.54 21.80696765677975
216.56 21.77215346874688
216.68 21.593526901374958
216.88 21.619893570038634
216.9 21.63307419184567
217.04 21.607106949035785
217.06 21.58648099195794
217.28 21.741400250409015
217.54 21.73458817719634
217.6 21.794262983406874
218.16 22.223256541585695
218.16 22.223256541585695
218.22 22.252717459749366
218.3 22.345993697829474
218.3 22.345993697829474
218.44 22.476169198023538
218.68 22.324005288505287
218.68 22.324005288505287
218.98 22.213827707402015
219.04 22.29549938730446
219.04 22.29549938730446
219.18 22.345487420971786
219.28 22.40764660250215
219.46 22.299802961488517
219.54 22.339628239945945
219.66 22.20029119838137
219.68 22.210598980457664
219.74 22.192281850620354
219.74 22.192281850620354
219.74 22.192281850620354
219.76 22.17338471904976
219.78 22.17086084722627
220.28 22.50390762925094
220.32 22.528491500607167
220.74 22.23775113984272
220.74 22.23775113984272
220.82 22.278485341039442
220.84 22.267755371678785
220.88 22.24804156628968
220.9 22.222702015022495
220.94 22.217392404432278
221.02 22.140953416278585
221.1 22.102378865523757
221.1 22.102378865523757
221.12 22.100450198805888
221.32 21.975597117868464
221.44 22.11097812253799
221.48 22.06806733630283
221.48 22.06806733630283
221.94 22.021944977818393
222.0 21.997245006563613
222.3 21.742989117358626
222.48 21.589597195656683
222.48 21.589597195656683
222.54 21.579741715906906
222.62 21.476216584582094
222.62 21.476216584582094
222.62 21.476216584582094
222.72 21.4965724305673
222.88 21.477392389170156
222.94 21.432449673098482
222.94 21.432449673098482
222.96 21.428726117767773
222.98 21.417438377795477
223.1 21.298029500544427
223.22 21.10846448056496
223.34 21.12407788914505
223.34 21.12407788914505
223.36 21.123743163855348
223.36 21.123743163855348
223.88 21.26089975955529
223.94 21.326618261333564
223.96 21.3257183378723
224.08 21.154401122903174
224.2 21.061717869061862
224.34 20.94351229070012
224.82 21.05326577992118
224.86 21.05549185779656
224.88 21.072879789584118
225.34 20.883621730094053
225.36 20.846490390858637
225.44 20.811962372101714
226.1 22.69939704623508
226.12 22.70018911504012
226.2 22.635450876084537
226.32 22.721360038963383
226.64 22.799751903665243
226.64 22.799751903665243
226.82 22.8337779209095
226.82 22.8337779209095
226.82 22.8337779209095
226.82 22.8337779209095
226.84 22.816226726174555
226.96 22.72626745251477
226.96 22.72626745251477
226.96 22.72626745251477
227.16 22.638449459700063
227.16 22.638449459700063
227.2 22.60061677892617
227.48 22.533691946222945
227.48 22.533691946222945
227.48 22.533691946222945
227.48 22.533691946222945
227.52 22.516651526361468
227.52 22.516651526361468
227.52 22.516651526361468
227.52 22.516651526361468
227.52 22.516651526361468
227.52 22.516651526361468
227.68 22.46203531078674
227.72 22.44458045763369
227.74 22.429516988183945
227.86 22.327688115110718
227.88 22.325091197343337
228.06 22.39129520617557
228.06 22.39129520617557
228.06 22.39129520617557
228.06 22.39129520617557
228.22 22.390284689678438
228.22 22.390284689678438
228.56 22.377983408121064
228.56 22.377983408121064
228.56 22.377983408121064
228.58 22.36572955630686
228.58 22.36572955630686
228.58 22.36572955630686
228.68 22.385457039530976
228.68 22.385457039530976
228.96 22.328095269947205
229.02 22.38053808219286
229.02 22.38053808219286
229.02 22.38053808219286
229.06 22.335287114900726
229.08 22.302638336476623
229.1 22.297121252789925
229.1 22.297121252789925
229.32 22.114888261718228
229.5 22.084090896096917
229.5 22.084090896096917
229.64 22.003452438013436
229.64 22.003452438013436
229.64 22.003452438013436
229.92 22.247315125718657
229.96 22.24379155239193
229.98 22.239277293685934
230.04 22.18194734189917
230.1 22.166267938997628
230.16 22.217801580505373
230.24 22.166094775033276
230.24 22.166094775033276
230.36 22.135268261534602
230.36 22.135268261534602
230.8 22.185626432490476
230.88 22.12785620438682
230.88 22.12785620438682
231.3 21.88191449161114
231.56 22.46897749108645
231.62 22.569658724701508
231.62 22.569658724701508
231.74 22.452922691127252
231.74 22.452922691127252
231.86 22.46479625340659
231.86 22.46479625340659
231.86 22.46479625340659
231.86 22.46479625340659
231.88 22.47300513051069
231.88 22.47300513051069
231.88 22.47300513051069
232.16 22.523038709891537
232.2 22.490401993254412
232.2 22.490401993254412
232.26 22.449323402101033
232.3 22.443419318523432
232.3 22.443419318523432
232.3 22.443419318523432
232.32 22.463834008998518
232.32 22.463834008998518
232.36 22.49557532251418
232.36 22.49557532251418
232.36 22.49557532251418
232.52 22.510370225226584
232.54 22.48744655413888
232.54 22.48744655413888
232.62 22.521271650767794
232.62 22.521271650767794
232.66 22.444643463464065
232.66 22.444643463464065
232.72 22.39321686618878
232.78 22.37223206738138
232.78 22.37223206738138
233.2 22.359776294936314
233.22 22.35054967348836
233.62 22.731982542291163
233.68 22.72491624146981
233.82 22.6828729942379
233.82 22.6828729942379
233.86 22.649289238965153
233.92 22.657609598703758
234.2 22.63366581627528
234.52 22.4852274737316
234.54 22.447883524899954
234.6 22.43824296763781
234.68 22.444940488567877
234.7 22.44521950856972
234.82 22.484284073615285
234.82 22.484284073615285
234.82 22.484284073615285
235.18 22.486080992112402
235.2 22.482316283126735
235.2 22.482316283126735
235.22 22.473139972020377
235.5 22.830734202877142
235.5 22.830734202877142
235.5 22.830734202877142
235.64 22.841358908078927
235.64 22.841358908078927
235.66 22.833707141377232
235.68 22.8278051259574
235.68 22.8278051259574
235.74 22.831229719510297
235.74 22.831229719510297
235.74 22.831229719510297
235.74 22.831229719510297
235.74 22.831229719510297
235.74 22.831229719510297
235.8 22.950979821076814
235.8 22.950979821076814
235.8 22.950979821076814
235.8 22.950979821076814
236.26 22.52478769280768
236.4 22.65418551200023
236.4 22.65418551200023
236.68 22.82160946528221
236.68 22.82160946528221
236.68 22.82160946528221
236.72 22.774289952230845
236.74 22.753230428875263
236.74 22.753230428875263
236.74 22.753230428875263
236.98 22.91397174236935
236.98 22.91397174236935
236.98 22.91397174236935
236.98 22.91397174236935
236.98 22.91397174236935
236.98 22.91397174236935
237.02 22.96505030156771
237.02 22.96505030156771
237.12 22.885432709543217
237.36 23.083301061130484
237.48 23.128311392723592
237.62 23.02689687730372
237.7 23.148837700167302
237.7 23.148837700167302
237.74 23.149326407723258
237.74 23.149326407723258
237.86 23.254855037782598
237.86 23.254855037782598
237.86 23.254855037782598
237.86 23.254855037782598
237.86 23.254855037782598
237.86 23.254855037782598
237.92 23.25253543251583
237.98 23.171726066240485
237.98 23.171726066240485
238.0 23.13945425964803
238.0 23.13945425964803
238.22 23.26291538744085
238.22 23.26291538744085
238.22 23.26291538744085
238.34 23.240603618788747
238.38 23.239977746473116
238.4 23.261360860682878
238.4 23.261360860682878
238.4 23.261360860682878
238.4 23.261360860682878
238.44 23.218905567609685
238.56 23.34126272193827
238.56 23.34126272193827
238.62 23.326743658234207
238.62 23.326743658234207
238.64 23.3184021491156
238.68 23.32418868423461
239.28 23.58825251191059
239.28 23.58825251191059
239.46 23.47722730690747
239.46 23.47722730690747
239.58 23.510659520972844
239.58 23.510659520972844
239.58 23.510659520972844
239.58 23.510659520972844
239.58 23.510659520972844
239.76 23.33468394359509
239.78 23.309762986891354
239.78 23.309762986891354
239.78 23.309762986891354
239.96 23.358393469041182
240.08 23.389404490585957
240.1 23.381551909506992
240.1 23.381551909506992
240.14 23.30171884239661
240.22 23.175910516802325
240.22 23.175910516802325
240.22 23.175910516802325
240.22 23.175910516802325
240.3 23.230726778701236
240.3 23.230726778701236
240.46 23.18629863614382
240.46 23.18629863614382
240.46 23.18629863614382
240.74 22.95829332339913
240.82 22.94146261838393
240.98 22.963290863304582
241.1 22.926099986828564
241.1 22.926099986828564
241.14 22.92765081113134
241.14 22.92765081113134
241.16 22.906361870480744
241.16 22.906361870480744
241.16 22.906361870480744
241.16 22.906361870480744
241.16 22.906361870480744
241.32 22.756009307344723
241.56 22.98102862727595
241.68 22.898493620782354
241.68 22.898493620782354
241.68 22.898493620782354
241.68 22.898493620782354
241.68 22.898493620782354
241.74 22.80112526019962
241.74 22.80112526019962
241.74 22.80112526019962
241.9 22.70295668903595
241.98 22.710287794679566
242.08 22.75902751290866
242.08 22.75902751290866
242.2 22.608660180371484
242.2 22.608660180371484
242.2 22.608660180371484
242.36 22.678036364141708
242.4 22.65596895506634
242.54 22.68956953440426
242.54 22.68956953440426
242.54 22.68956953440426
242.54 22.68956953440426
242.56 22.675720117083003
242.56 22.675720117083003
242.58 22.670757206657925
242.58 22.670757206657925
242.58 22.670757206657925
242.7 22.62451517422388
243.26 23.58334457650446
243.28 23.572831476901193
243.28 23.572831476901193
243.28 23.572831476901193
243.28 23.572831476901193
243.38 23.54569166449769
243.38 23.54569166449769
243.38 23.54569166449769
243.98 23.875933531910373
244.02 23.83867496826164
244.12 23.791722522887248
244.24 23.657966817530905
244.4 23.95450232875193
244.42 23.993761815534597
244.62 24.05833818790559
244.62 24.05833818790559
244.66 24.094183882623977
244.68 24.08942934277619
244.74 24.26063028485003
244.74 24.26063028485003
244.74 24.26063028485003
244.82 24.297973478286522
244.82 24.297973478286522
244.82 24.297973478286522
244.84 24.288135691187485
244.84 24.288135691187485
244.84 24.288135691187485
244.84 24.288135691187485
244.84 24.288135691187485
244.84 24.288135691187485
244.84 24.288135691187485
244.84 24.288135691187485
244.86 24.2616295138366
245.26 24.64069886192436
245.26 24.64069886192436
245.26 24.64069886192436
245.3 24.628758750204153
245.34 24.60361310413122
245.34 24.60361310413122
245.34 24.60361310413122
245.36 24.593470431778996
245.44 24.585583358767572
245.44 24.585583358767572
245.6 24.443709814489083
245.74 24.45140304995014
245.74 24.45140304995014
245.74 24.45140304995014
245.8 24.35013948480158
245.88 24.370573413131847
245.88 24.370573413131847
245.88 24.370573413131847
245.88 24.370573413131847
246.14 24.163174251306266
246.14 24.163174251306266
246.14 24.163174251306266
246.14 24.163174251306266
246.14 24.163174251306266
246.14 24.163174251306266
246.18 24.12944050304315
246.58 25.07571564584977
246.58 25.07571564584977
246.58 25.07571564584977
246.58 25.07571564584977
246.92 25.486649307613835
246.92 25.486649307613835
246.92 25.486649307613835
246.92 25.486649307613835
247.52 25.935615697649467
247.52 25.935615697649467
247.52 25.935615697649467
247.6 25.912050158841993
247.74 25.87718467818102
247.78 25.85569120477671
248.02 26.08996865936149
248.04 26.090719740276555
248.04 26.090719740276555
248.22 26.01770182165996
248.22 26.01770182165996
248.22 26.01770182165996
248.42 26.247147031110394
248.42 26.247147031110394
248.46 26.268012578961603
248.46 26.268012578961603
248.48 26.260728447357636
248.48 26.260728447357636
248.48 26.260728447357636
248.48 26.260728447357636
248.54 26.284926740194155
248.56 26.2698967403276
248.56 26.2698967403276
248.64 26.20182737092506
248.76 26.24481478369209
248.76 26.24481478369209
248.76 26.24481478369209
248.78 26.22805191146889
248.78 26.22805191146889
248.78 26.22805191146889
248.82 26.229900433811732
248.88 26.24872483675265
248.9 26.234952396997546
249.06 26.173400021526984
249.2 25.979012508351637
249.4 25.967345461233233
249.4 25.967345461233233
249.44 25.918411224533816
249.44 25.918411224533816
249.44 25.918411224533816
249.44 25.918411224533816
249.46 25.907145771392923
249.46 25.907145771392923
249.68 25.88509184449574
249.68 25.88509184449574
249.68 25.88509184449574
249.72 25.826178872444824
249.72 25.826178872444824
249.72 25.826178872444824
249.72 25.826178872444824
249.72 25.826178872444824
249.72 25.826178872444824
249.72 25.826178872444824
249.72 25.826178872444824
249.72 25.826178872444824
249.72 25.826178872444824
249.76 25.795277932915624
249.9 25.801691276489468
249.92 25.821328588998096
249.96 25.77757227364967
249.96 25.77757227364967
249.96 25.77757227364967
249.96 25.77757227364967
250.1 25.718562254613772
250.14 25.699514596681595
250.18 25.68038987714992
250.2 25.668437561890805
250.5 25.415139049969664
250.52 25.421886696945272
250.58 25.365681102185643
250.58 25.365681102185643
250.58 25.365681102185643
250.68 25.375117057002235
250.68 25.375117057002235
250.92 25.740617590481268
250.98 25.70303601923439
251.12 25.784373938374756
251.12 25.784373938374756
251.12 25.784373938374756
251.66 25.84656357206599
251.66 25.84656357206599
251.72 25.808964067986654
251.82 25.76677839169788
251.86 25.751343987677956
252.1 25.448502168620113
252.1 25.448502168620113
252.16 25.431516278075517
252.16 25.431516278075517
252.16 25.431516278075517
252.16 25.431516278075517
252.16 25.431516278075517
252.18 25.421052279358907
252.18 25.421052279358907
252.2 25.412158070061228
252.2 25.412158070061228
252.2 25.412158070061228
252.82 25.815342709170444
252.82 25.815342709170444
252.88 25.876661611607013
252.88 25.876661611607013
252.88 25.876661611607013
252.88 25.876661611607013
253.16 25.711971035792928
253.36 25.84159985040173
253.4 25.81754160537859
253.4 25.81754160537859
253.4 25.81754160537859
253.4 25.81754160537859
253.7 25.54833011602073
253.7 25.54833011602073
253.72 25.51928563643464
253.74 25.507622152579962
253.74 25.507622152579962
253.74 25.507622152579962
253.74 25.507622152579962
253.74 25.507622152579962
253.82 25.42899800216162
253.96 25.4589866255513
253.96 25.4589866255513
254.36 25.424683782783724
254.38 25.42995132206163
254.42 25.397518370776687
254.44 25.401153238752492
254.44 25.401153238752492
254.44 25.401153238752492
254.44 25.401153238752492
254.54 25.41113253213356
254.54 25.41113253213356
254.54 25.41113253213356
254.54 25.41113253213356
254.6 25.330940875864947
254.6 25.330940875864947
254.6 25.330940875864947
254.6 25.330940875864947
254.6 25.330940875864947
254.62 25.337631214372742
254.62 25.337631214372742
254.66 25.31746712082671
254.66 25.31746712082671
254.66 25.31746712082671
254.66 25.31746712082671
254.72 25.236689661096698
254.72 25.236689661096698
254.72 25.236689661096698
254.72 25.236689661096698
254.84 25.30968593286376
254.86 25.311401990152
254.86 25.311401990152
254.86 25.311401990152
254.92 25.244533361630292
254.92 25.244533361630292
254.92 25.244533361630292
254.94 25.22537603207524
254.94 25.22537603207524
255.06 25.10495946818058
255.06 25.10495946818058
255.32 24.764294922939023
255.32 24.764294922939023
255.32 24.764294922939023
255.32 24.764294922939023
255.32 24.764294922939023
255.32 24.764294922939023
255.34 24.770551104491037
255.34 24.770551104491037
255.34 24.770551104491037
255.34 24.770551104491037
255.4 24.745165837456664
255.4 24.745165837456664
255.4 24.745165837456664
255.4 24.745165837456664
255.4 24.745165837456664
255.4 24.745165837456664
255.4 24.745165837456664
255.82 24.973675028806724
255.9 24.93526973520994
256.06 24.96131147810689
256.06 24.96131147810689
256.08 24.937773061212294
256.08 24.937773061212294
256.16 24.9373842115233
256.28 24.829145467503793
256.64 25.026660531795635
256.64 25.026660531795635
256.64 25.026660531795635
256.64 25.026660531795635
256.64 25.026660531795635
256.64 25.026660531795635
256.64 25.026660531795635
256.64 25.026660531795635
256.64 25.026660531795635
256.64 25.026660531795635
256.64 25.026660531795635
256.68 24.996516929081512
256.68 24.996516929081512
256.96 24.69119173905847
257.46 24.68689588188091
257.46 24.68689588188091
257.46 24.68689588188091
257.46 24.68689588188091
257.46 24.68689588188091
257.46 24.68689588188091
257.58 24.61057504489491
257.58 24.61057504489491
257.66 24.7182997682758
257.7 24.68611027286479
257.8 24.72883239288001
257.84 24.735661084614847
257.84 24.735661084614847
257.84 24.735661084614847
257.9 24.717188228829627
257.9 24.717188228829627
257.96 24.680553011828913
257.96 24.680553011828913
258.0 24.641264561542275
258.0 24.641264561542275
258.04 24.614982708451645
258.04 24.614982708451645
258.04 24.614982708451645
258.04 24.614982708451645
258.04 24.614982708451645
258.04 24.614982708451645
258.06 24.61904493958638
258.32 25.113431554537595
258.32 25.113431554537595
258.32 25.113431554537595
258.42 25.07571564584977
258.42 25.07571564584977
258.42 25.07571564584977
258.44 25.066505479817025
258.48 25.033504821266305
258.48 25.033504821266305
258.62 25.047341035113746
258.62 25.047341035113746
258.66 25.020484536967835
258.7 25.012925951324934
258.7 25.012925951324934
258.7 25.012925951324934
258.74 24.998836336554117
259.02 25.437576595074923
259.02 25.437576595074923
259.24 25.610572311867887
259.52 25.81538183707417
259.52 25.81538183707417
259.56 25.82549050058797
259.56 25.82549050058797
259.84 26.155216564489653
259.84 26.155216564489653
259.84 26.155216564489653
259.94 26.09764879691794
259.94 26.09764879691794
259.94 26.09764879691794
259.94 26.09764879691794
259.94 26.09764879691794
259.94 26.09764879691794
260.2 25.98756501393571
260.24 25.97167065800112
260.24 25.97167065800112
260.3 26.113002295578518
260.3 26.113002295578518
260.36 26.044840897454858
260.42 26.032295404754528
260.48 26.033575834046893
260.48 26.033575834046893
260.48 26.033575834046893
260.48 26.033575834046893
260.56 25.9822472414757
260.56 25.9822472414757
260.56 25.9822472414757
260.58 25.970138251616618
260.58 25.970138251616618
260.58 25.970138251616618
260.58 25.970138251616618
260.64 25.952372850389935
260.64 25.952372850389935
260.66 25.94485994519449
260.66 25.94485994519449
260.66 25.94485994519449
260.66 25.94485994519449
260.96 26.01705734181467
261.02 25.931525994511787
261.06 25.908081497260405
261.06 25.908081497260405
261.18 25.87474881544991
261.18 25.87474881544991
261.24 25.81797979718942
261.24 25.81797979718942
261.24 25.81797979718942
261.28 25.831653904354322
261.66 25.65986529326853
261.66 25.65986529326853
261.94 25.67308853152411
262.04 25.606154563212947
262.04 25.606154563212947
262.08 25.599747473501974
262.08 25.599747473501974
262.08 25.599747473501974
262.08 25.599747473501974
262.08 25.599747473501974
262.08 25.599747473501974
262.1 25.58783644111737
262.1 25.58783644111737
262.1 25.58783644111737
262.24 25.481670972594316
262.6 25.872258064841134
262.62 25.852253091345627
262.62 25.852253091345627
263.22 26.479487010197772
263.22 26.479487010197772
263.22 26.479487010197772
263.22 26.479487010197772
263.26 26.440946207797424
263.38 26.361427284668192
263.42 26.27945389405376
263.48 26.32910591307305
263.58 26.27330326865019
263.6 26.254388762508437
263.6 26.254388762508437
263.6 26.254388762508437
263.64 26.251895554455107
263.64 26.251895554455107
263.68 26.24318285697538
263.68 26.24318285697538
263.68 26.24318285697538
263.68 26.24318285697538
263.68 26.24318285697538
263.68 26.24318285697538
263.68 26.24318285697538
263.94 26.37485027962675
263.94 26.37485027962675
263.94 26.37485027962675
263.96 26.36492926122683
263.96 26.36492926122683
263.96 26.36492926122683
264.08 26.484102340228123
264.08 26.484102340228123
264.08 26.484102340228123
264.08 26.484102340228123
264.08 26.484102340228123
264.2 26.455985937386494
264.2 26.455985937386494
264.22 26.445896743076325
264.22 26.445896743076325
264.44 26.33364786923775
264.44 26.33364786923775
264.44 26.33364786923775
264.44 26.33364786923775
264.56 26.285272598083427
264.58 26.277916372667157
264.62 26.24314436691279
264.62 26.24314436691279
264.62 26.24314436691279
264.78 26.18951135570316
264.78 26.18951135570316
264.78 26.18951135570316
264.78 26.18951135570316
264.78 26.18951135570316
264.78 26.18951135570316
264.78 26.18951135570316
264.78 26.18951135570316
264.78 26.18951135570316
264.78 26.18951135570316
265.1 26.03552351784932
265.1 26.03552351784932
265.1 26.03552351784932
265.1 26.03552351784932
265.1 26.03552351784932
265.1 26.03552351784932
265.1 26.03552351784932
265.28 26.103941418409555
265.34 26.02416126788661
265.34 26.02416126788661
265.42 26.106688643318822
265.42 26.106688643318822
265.52 26.058395959843725
265.52 26.058395959843725
265.52 26.058395959843725
265.52 26.058395959843725
265.52 26.058395959843725
265.98 26.434588605602983
265.98 26.434588605602983
265.98 26.434588605602983
266.54 26.97976046497587
267.04 27.021099126049585
267.06 27.053937893688513
267.06 27.053937893688513
267.14 27.01178942011742
267.34 26.88254286913928
267.34 26.88254286913928
267.34 26.88254286913928
267.36 26.855212236033896
267.36 26.855212236033896
267.36 26.855212236033896
267.36 26.855212236033896
267.36 26.855212236033896
267.36 26.855212236033896
267.66 27.319368198914827
267.66 27.319368198914827
267.66 27.319368198914827
267.66 27.319368198914827
267.72 27.28676002619717
267.72 27.28676002619717
267.72 27.28676002619717
267.72 27.28676002619717
267.72 27.28676002619717
267.72 27.28676002619717
267.72 27.28676002619717
267.76 27.36698593546463
267.76 27.36698593546463
267.76 27.36698593546463
267.76 27.36698593546463
267.76 27.36698593546463
267.76 27.36698593546463
267.76 27.36698593546463
267.76 27.36698593546463
267.76 27.36698593546463
268.02 27.377635936927593
268.02 27.377635936927593
268.02 27.377635936927593
268.54 27.25688496101083
268.54 27.25688496101083
268.54 27.25688496101083
268.68 27.11326038839463
268.68 27.11326038839463
268.7 27.098585448936877
268.7 27.098585448936877
268.94 27.278518577033765
269.62 27.809881246591022
269.62 27.809881246591022
269.62 27.809881246591022
269.62 27.809881246591022
269.62 27.809881246591022
269.62 27.809881246591022
269.62 27.809881246591022
269.62 27.809881246591022
269.66 27.839445890224674
269.66 27.839445890224674
269.66 27.839445890224674
269.74 27.822895883669897
270.3 28.34616465247196
270.3 28.34616465247196
270.52 28.413426901428636
270.54 28.440766018466732
270.54 28.440766018466732
270.54 28.440766018466732
270.54 28.440766018466732
270.62 28.31952604750926
270.62 28.31952604750926
271.0 28.760944337624228
271.0 28.760944337624228
271.0 28.760944337624228
271.02 28.755317470483334
271.02 28.755317470483334
271.02 28.755317470483334
271.02 28.755317470483334
271.48 28.815848613447628
271.48 28.815848613447628
271.48 28.815848613447628
271.48 28.815848613447628
271.48 28.815848613447628
271.48 28.815848613447628
271.48 28.815848613447628
271.48 28.815848613447628
271.5 28.83232613409869
271.5 28.83232613409869
271.52 28.80533059534415
271.52 28.80533059534415
271.52 28.80533059534415
271.52 28.80533059534415
271.52 28.80533059534415
271.58 28.753631303390414
271.58 28.753631303390414
271.58 28.753631303390414
271.58 28.753631303390414
271.58 28.753631303390414
271.58 28.753631303390414
271.58 28.753631303390414
271.58 28.753631303390414
271.58 28.753631303390414
271.58 28.753631303390414
271.58 28.753631303390414
271.6 28.74337868417383
271.6 28.74337868417383
271.82 28.871145289077646
271.88 28.809117524236182
271.88 28.809117524236182
271.88 28.809117524236182
271.88 28.809117524236182
271.88 28.809117524236182
271.88 28.809117524236182
271.9 28.809895886832024
271.9 28.809895886832024
271.92 28.842897345321038
272.06 28.769308843160136
272.06 28.769308843160136
272.06 28.769308843160136
272.06 28.769308843160136
272.14 28.656453430812473
272.14 28.656453430812473
272.14 28.656453430812473
272.14 28.656453430812473
272.2 28.666666666666668
272.2 28.666666666666668
272.2 28.666666666666668
272.22 28.70243716115235
272.22 28.70243716115235
272.22 28.70243716115235
272.22 28.70243716115235
272.22 28.70243716115235
272.24 28.72127286788513
272.24 28.72127286788513
272.24 28.72127286788513
272.24 28.72127286788513
272.28 28.65048168897166
272.36 28.60441443645586
272.36 28.60441443645586
272.36 28.60441443645586
272.36 28.60441443645586
272.36 28.60441443645586
272.4 28.54448946448122
272.4 28.54448946448122
272.4 28.54448946448122
272.4 28.54448946448122
272.4 28.54448946448122
272.4 28.54448946448122
272.4 28.54448946448122
272.42 28.523667295065614
272.42 28.523667295065614
272.42 28.523667295065614
272.7 28.85333865456737
272.72 28.880135425967488
272.72 28.880135425967488
272.72 28.880135425967488
272.72 28.880135425967488
272.72 28.880135425967488
272.72 28.880135425967488
272.72 28.880135425967488
272.72 28.880135425967488
273.32 28.90069378077456
273.32 28.90069378077456
273.32 28.90069378077456
273.32 28.90069378077456
273.32 28.90069378077456
273.32 28.90069378077456
273.32 28.90069378077456
273.34 28.922823115486104
273.36 28.946317432953244
273.36 28.946317432953244
273.36 28.946317432953244
273.36 28.946317432953244
273.36 28.946317432953244
273.36 28.946317432953244
273.36 28.946317432953244
273.36 28.946317432953244
273.54 28.918352496487607
273.54 28.918352496487607
273.54 28.918352496487607
273.54 28.918352496487607
273.68 28.787932376345655
273.68 28.787932376345655
273.68 28.787932376345655
273.68 28.787932376345655
273.68 28.787932376345655
273.68 28.787932376345655
273.68 28.787932376345655
273.68 28.787932376345655
273.68 28.787932376345655
273.8 28.755324495972683
273.8 28.755324495972683
273.8 28.755324495972683
273.8 28.755324495972683
273.8 28.755324495972683
273.8 28.755324495972683
273.86 28.719830899026658
273.86 28.719830899026658
274.16 28.645771101860777
274.16 28.645771101860777
274.16 28.645771101860777
274.16 28.645771101860777
274.16 28.645771101860777
274.16 28.645771101860777
274.16 28.645771101860777
274.16 28.645771101860777
274.16 28.645771101860777
274.16 28.645771101860777
274.18 28.651997656306083
274.18 28.651997656306083
274.18 28.651997656306083
274.3 28.634054740973912
274.3 28.634054740973912
274.3 28.634054740973912
274.3 28.634054740973912
274.3 28.634054740973912
274.34 28.577104630996285
274.34 28.577104630996285
274.34 28.577104630996285
274.34 28.577104630996285
274.34 28.577104630996285
274.34 28.577104630996285
274.34 28.577104630996285
274.34 28.577104630996285
274.34 28.577104630996285
274.34 28.577104630996285
274.34 28.577104630996285
274.34 28.577104630996285
274.34 28.577104630996285
274.34 28.577104630996285
274.34 28.577104630996285
274.34 28.577104630996285
274.34 28.577104630996285
274.34 28.577104630996285
274.34 28.577104630996285
274.34 28.577104630996285
274.34 28.577104630996285
274.34 28.577104630996285
274.34 28.577104630996285
274.48 28.480892052764293
274.52 28.536873187389194
274.56 28.479416632318358
274.56 28.479416632318358
274.56 28.479416632318358
274.56 28.479416632318358
274.56 28.479416632318358
274.56 28.479416632318358
274.56 28.479416632318358
274.56 28.479416632318358
274.56 28.479416632318358
274.74 28.21226182303923
274.74 28.21226182303923
274.74 28.21226182303923
274.74 28.21226182303923
274.74 28.21226182303923
274.74 28.21226182303923
274.76 28.215304966337595
274.76 28.215304966337595
274.8 28.248536209506465
274.8 28.248536209506465
274.8 28.248536209506465
274.8 28.248536209506465
274.8 28.248536209506465
275.02 28.059813458273958
275.14 27.97149342535083
275.16 27.962716880759913
275.16 27.962716880759913
275.16 27.962716880759913
275.16 27.962716880759913
275.16 27.962716880759913
275.16 27.962716880759913
275.16 27.962716880759913
275.16 27.962716880759913
275.7 27.876169178723387
275.7 27.876169178723387
275.7 27.876169178723387
275.7 27.876169178723387
275.7 27.876169178723387
275.7 27.876169178723387
275.7 27.876169178723387
275.7 27.876169178723387
275.7 27.876169178723387
275.7 27.876169178723387
275.7 27.876169178723387
275.7 27.876169178723387
275.7 27.876169178723387
275.9 27.717733083221773
275.92 27.734557082557792
275.92 27.734557082557792
275.92 27.734557082557792
275.92 27.734557082557792
275.92 27.734557082557792
275.92 27.734557082557792
275.92 27.734557082557792
275.92 27.734557082557792
276.06 27.586345619644234
276.06 27.586345619644234
276.06 27.586345619644234
276.06 27.586345619644234
276.06 27.586345619644234
276.06 27.586345619644234
276.06 27.586345619644234
276.06 27.586345619644234
276.08 27.589955718805648
276.08 27.589955718805648
276.08 27.589955718805648
276.08 27.589955718805648
276.08 27.589955718805648
276.08 27.589955718805648
276.1 27.596479061026184
276.1 27.596479061026184
276.1 27.596479061026184
276.14 27.575798201768272
276.14 27.575798201768272
276.14 27.575798201768272
276.14 27.575798201768272
276.14 27.575798201768272
276.14 27.575798201768272
276.18 27.560907756524205
276.34 27.371082580273683
276.36 27.359750722474786
276.36 27.359750722474786
276.36 27.359750722474786
276.36 27.359750722474786
276.36 27.359750722474786
276.36 27.359750722474786
276.7 27.285804945340193
276.7 27.285804945340193
276.7 27.285804945340193
276.7 27.285804945340193
276.7 27.285804945340193
276.7 27.285804945340193
276.7 27.285804945340193
276.76 27.259738321072213
276.76 27.259738321072213
276.76 27.259738321072213
276.76 27.259738321072213
276.76 27.259738321072213
276.76 27.259738321072213
276.76 27.259738321072213
276.98 27.39091495774142
277.04 27.30668323863134
277.04 27.30668323863134
277.04 27.30668323863134
277.04 27.30668323863134
277.06 27.29036534024489
277.06 27.29036534024489
277.12 27.316802096286402
277.12 27.316802096286402
277.12 27.316802096286402
277.12 27.316802096286402
277.12 27.316802096286402
277.12 27.316802096286402
277.12 27.316802096286402
277.18 27.38294831799269
277.18 27.38294831799269
277.22 27.413621918065953
277.22 27.413621918065953
277.22 27.413621918065953
277.28 27.430750274209792
277.28 27.430750274209792
277.28 27.430750274209792
277.28 27.430750274209792
277.7 27.303568420352104
277.7 27.303568420352104
277.7 27.303568420352104
277.74 27.30398276346282
277.74 27.30398276346282
277.74 27.30398276346282
277.74 27.30398276346282
277.74 27.30398276346282
277.74 27.30398276346282
277.74 27.30398276346282
277.74 27.30398276346282
277.76 27.285664271691733
277.76 27.285664271691733
277.76 27.285664271691733
277.76 27.285664271691733
277.82 27.212734689717053
277.82 27.212734689717053
277.82 27.212734689717053
277.82 27.212734689717053
277.94 27.106158679972317
277.94 27.106158679972317
278.54 27.544425089940678
278.54 27.544425089940678
278.56 27.513934027262724
278.72 27.35700379364775
278.72 27.35700379364775
278.78 27.32652539015872
278.84 27.242539521783936
278.84 27.242539521783936
278.84 27.242539521783936
278.86 27.22929943048016
278.86 27.22929943048016
278.86 27.22929943048016
278.86 27.22929943048016
278.86 27.22929943048016
278.86 27.22929943048016
278.86 27.22929943048016
278.94 27.18504490830696
278.94 27.18504490830696
278.94 27.18504490830696
278.96 27.173189400992715
278.96 27.173189400992715
278.96 27.173189400992715
279.36 27.006740647550203
279.36 27.006740647550203
279.36 27.006740647550203
279.36 27.006740647550203
279.36 27.006740647550203
279.36 27.006740647550203
279.36 27.006740647550203
279.36 27.006740647550203
279.38 26.98850484816441
279.38 26.98850484816441
279.38 26.98850484816441
279.38 26.98850484816441
279.38 26.98850484816441
279.38 26.98850484816441
279.38 26.98850484816441
279.38 26.98850484816441
279.38 26.98850484816441
279.38 26.98850484816441
279.38 26.98850484816441
279.38 26.98850484816441
279.4 26.941762857292503
279.4 26.941762857292503
279.4 26.941762857292503
279.4 26.941762857292503
279.4 26.941762857292503
279.4 26.941762857292503
279.52 26.84503979539164
279.58 26.812171214814466
279.58 26.812171214814466
279.58 26.812171214814466
279.58 26.812171214814466
279.58 26.812171214814466
279.58 26.812171214814466
279.58 26.812171214814466
279.66 26.849456853600095
279.66 26.849456853600095
279.66 26.849456853600095
279.66 26.849456853600095
279.66 26.849456853600095
279.66 26.849456853600095
279.66 26.849456853600095
279.66 26.849456853600095
279.66 26.849456853600095
279.66 26.849456853600095
279.7 26.786661839901825
279.7 26.786661839901825
279.7 26.786661839901825
279.7 26.786661839901825
279.7 26.786661839901825
279.7 26.786661839901825
279.72 26.75745152515859
279.72 26.75745152515859
279.72 26.75745152515859
279.72 26.75745152515859
279.72 26.75745152515859
279.72 26.75745152515859
279.72 26.75745152515859
279.72 26.75745152515859
279.72 26.75745152515859
279.72 26.75745152515859
279.74 26.72970579181842
279.82 26.851021837862596
279.82 26.851021837862596
279.82 26.851021837862596
279.82 26.851021837862596
279.82 26.851021837862596
279.82 26.851021837862596
279.82 26.851021837862596
279.82 26.851021837862596
279.9 26.79118655020111
279.9 26.79118655020111
279.9 26.79118655020111
279.9 26.79118655020111
279.9 26.79118655020111
279.9 26.79118655020111
279.9 26.79118655020111
279.96 26.65754389407708
280.14 26.55469674449172
280.14 26.55469674449172
280.14 26.55469674449172
280.14 26.55469674449172
280.14 26.55469674449172
280.14 26.55469674449172
280.14 26.55469674449172
280.26 26.37975195355925
280.26 26.37975195355925
280.26 26.37975195355925
280.48 26.063047102025955
280.48 26.063047102025955
280.48 26.063047102025955
280.48 26.063047102025955
280.48 26.063047102025955
280.48 26.063047102025955
280.48 26.063047102025955
280.5 26.043281768097607
280.5 26.043281768097607
280.5 26.043281768097607
280.5 26.043281768097607
280.5 26.043281768097607
280.54 26.00210558684614
280.54 26.00210558684614
280.54 26.00210558684614
280.54 26.00210558684614
280.54 26.00210558684614
280.54 26.00210558684614
280.54 26.00210558684614
280.54 26.00210558684614
280.54 26.00210558684614
280.54 26.00210558684614
280.58 25.97947130510798
280.58 25.97947130510798
280.58 25.97947130510798
280.58 25.97947130510798
280.58 25.97947130510798
280.58 25.97947130510798
280.62 25.99408635156322
280.68 25.985574863952905
280.68 25.985574863952905
280.68 25.985574863952905
280.68 25.985574863952905
280.68 25.985574863952905
280.68 25.985574863952905
280.68 25.985574863952905
280.68 25.985574863952905
280.68 25.985574863952905
280.88 25.94527262753605
280.88 25.94527262753605
280.88 25.94527262753605
280.88 25.94527262753605
280.88 25.94527262753605
280.88 25.94527262753605
280.88 25.94527262753605
280.96 25.992197741521267
281.0 25.968901370366794
281.0 25.968901370366794
281.0 25.968901370366794
281.0 25.968901370366794
281.0 25.968901370366794
281.0 25.968901370366794
281.0 25.968901370366794
281.0 25.968901370366794
281.04 25.914357784709622
281.04 25.914357784709622
281.04 25.914357784709622
281.06 25.914318806249167
281.06 25.914318806249167
281.06 25.914318806249167
281.14 25.798371258588393
281.16 25.782587499741332
281.16 25.782587499741332
281.16 25.782587499741332
281.16 25.782587499741332
281.44 25.746361908338653
281.44 25.746361908338653
281.44 25.746361908338653
281.44 25.746361908338653
281.44 25.746361908338653
281.44 25.746361908338653
281.46 25.7271699323356
281.5 25.759376051167358
281.5 25.759376051167358
281.5 25.759376051167358
281.5 25.759376051167358
281.5 25.759376051167358
281.5 25.759376051167358
281.5 25.759376051167358
281.5 25.759376051167358
281.5 25.759376051167358
281.5 25.759376051167358
281.52 25.741716329645925
281.52 25.741716329645925
281.52 25.741716329645925
281.52 25.741716329645925
281.72 25.9323439867372
281.72 25.9323439867372
281.72 25.9323439867372
281.72 25.9323439867372
281.72 25.9323439867372
281.72 25.9323439867372
281.72 25.9323439867372
281.72 25.9323439867372
281.72 25.9323439867372
281.72 25.9323439867372
281.72 25.9323439867372
281.72 25.9323439867372
281.72 25.9323439867372
281.74 25.933333333333344
281.74 25.933333333333344
281.74 25.933333333333344
281.74 25.933333333333344
281.78 25.88380406994522
281.78 25.88380406994522
281.78 25.88380406994522
281.78 25.88380406994522
281.78 25.88380406994522
281.78 25.88380406994522
281.78 25.88380406994522
281.78 25.88380406994522
281.84 25.844414045857906
281.84 25.844414045857906
281.84 25.844414045857906
281.84 25.844414045857906
281.84 25.844414045857906
281.84 25.844414045857906
281.84 25.844414045857906
281.84 25.844414045857906
281.88 25.82586597842082
281.88 25.82586597842082
281.88 25.82586597842082
281.9 25.82829862962348
281.9 25.82829862962348
281.9 25.82829862962348
281.9 25.82829862962348
281.9 25.82829862962348
281.9 25.82829862962348
281.9 25.82829862962348
281.9 25.82829862962348
281.9 25.82829862962348
281.9 25.82829862962348
281.92 25.83384359222365
281.92 25.83384359222365
282.04 25.758756479176846
282.04 25.758756479176846
282.04 25.758756479176846
282.04 25.758756479176846
282.04 25.758756479176846
282.12 25.588539101193977
282.12 25.588539101193977
282.12 25.588539101193977
282.12 25.588539101193977
282.12 25.588539101193977
282.14 25.59554096266998
282.14 25.59554096266998
282.14 25.59554096266998
282.14 25.59554096266998
282.18 25.563697429413967
282.18 25.563697429413967
282.22 25.519087726324347
282.22 25.519087726324347
282.24 25.522863586528953
282.24 25.522863586528953
282.24 25.522863586528953
282.58 25.664966492292656
282.58 25.664966492292656
282.58 25.664966492292656
282.58 25.664966492292656
282.58 25.664966492292656
282.58 25.664966492292656
282.58 25.664966492292656
282.58 25.664966492292656
282.58 25.664966492292656
282.58 25.664966492292656
282.58 25.664966492292656
282.58 25.664966492292656
282.58 25.664966492292656
282.58 25.664966492292656
282.62 25.588341726716735
282.62 25.588341726716735
282.62 25.588341726716735
282.62 25.588341726716735
282.62 25.588341726716735
282.62 25.588341726716735
282.62 25.588341726716735
282.68 25.494257622397477
282.7 25.465960643870307
282.7 25.465960643870307
282.7 25.465960643870307
282.7 25.465960643870307
282.7 25.465960643870307
282.7 25.465960643870307
282.7 25.465960643870307
282.7 25.465960643870307
282.7 25.465960643870307
282.7 25.465960643870307
282.7 25.465960643870307
282.7 25.465960643870307
282.7 25.465960643870307
282.7 25.465960643870307
282.7 25.465960643870307
282.7 25.465960643870307
282.7 25.465960643870307
282.7 25.465960643870307
282.7 25.465960643870307
282.8 25.43043591264355
282.8 25.43043591264355
282.8 25.43043591264355
282.8 25.43043591264355
282.94 25.61952380509833
282.94 25.61952380509833
282.94 25.61952380509833
282.94 25.61952380509833
282.94 25.61952380509833
282.94 25.61952380509833
282.94 25.61952380509833
283.08 25.553145253045315
283.08 25.553145253045315
283.08 25.553145253045315
283.08 25.553145253045315
283.68 25.803797387128114
283.68 25.803797387128114
283.68 25.803797387128114
283.68 25.803797387128114
283.68 25.803797387128114
283.68 25.803797387128114
283.88 25.59485428082303
283.88 25.59485428082303
283.88 25.59485428082303
283.88 25.59485428082303
283.88 25.59485428082303
283.94 25.51680769115672
283.94 25.51680769115672
283.94 25.51680769115672
284.0 25.457431293844397
284.0 25.457431293844397
284.08 25.381007772654655
284.08 25.381007772654655
284.08 25.381007772654655
284.26 25.343945145844106
284.26 25.343945145844106
284.4 25.33492817946374
284.46 25.269225104338616
284.46 25.269225104338616
284.46 25.269225104338616
284.46 25.269225104338616
284.46 25.269225104338616
284.46 25.269225104338616
284.46 25.269225104338616
284.46 25.269225104338616
284.46 25.269225104338616
284.46 25.269225104338616
284.66 25.21672524978675
284.66 25.21672524978675
284.66 25.21672524978675
284.66 25.21672524978675
284.66 25.21672524978675
284.66 25.21672524978675
284.66 25.21672524978675
284.74 25.214481969893843
285.04 25.159659871478496
285.18 25.136548303338326
285.24 25.14086375411614
285.24 25.14086375411614
285.24 25.14086375411614
285.24 25.14086375411614
285.24 25.14086375411614
285.24 25.14086375411614
285.26 25.13423356638704
285.3 25.083899621111954
285.3 25.083899621111954
285.56 25.03747494287616
285.56 25.03747494287616
285.56 25.03747494287616
285.56 25.03747494287616
285.58 25.03217323705029
285.58 25.03217323705029
285.58 25.03217323705029
285.58 25.03217323705029
285.58 25.03217323705029
286.2 25.895672584156962
286.2 25.895672584156962
286.2 25.895672584156962
286.2 25.895672584156962
286.2 25.895672584156962
286.2 25.895672584156962
286.2 25.895672584156962
286.2 25.895672584156962
286.2 25.895672584156962
286.32 25.81945081530667
286.32 25.81945081530667
286.32 25.81945081530667
286.36 25.800133113743208
286.36 25.800133113743208
286.62 25.744188321313075
286.62 25.744188321313075
286.62 25.744188321313075
286.76 25.756874143742014
286.76 25.756874143742014
286.76 25.756874143742014
286.76 25.756874143742014
286.76 25.756874143742014
286.76 25.756874143742014
286.76 25.756874143742014
286.76 25.756874143742014
286.76 25.756874143742014
287.3 26.159379413761542
287.3 26.159379413761542
287.3 26.159379413761542
287.3 26.159379413761542
287.3 26.159379413761542
287.3 26.159379413761542
287.3 26.159379413761542
287.3 26.159379413761542
287.34 26.126429205505726
287.94 26.27354932131162
287.98 26.233597087734953
288.06 26.147143846185777
288.06 26.147143846185777
288.06 26.147143846185777
288.06 26.147143846185777
288.06 26.147143846185777
288.06 26.147143846185777
288.1 26.113002295578514
288.1 26.113002295578514
288.1 26.113002295578514
288.1 26.113002295578514
288.1 26.113002295578514
288.1 26.113002295578514
288.14 26.084950574318636
288.14 26.084950574318636
288.28 26.028764197644218
288.58 25.895352728420068
288.58 25.895352728420068
288.58 25.895352728420068
288.58 25.895352728420068
288.8 25.604608171107785
288.8 25.604608171107785
288.8 25.604608171107785
288.8 25.604608171107785
288.8 25.604608171107785
288.8 25.604608171107785
288.8 25.604608171107785
288.8 25.604608171107785
288.8 25.604608171107785
288.8 25.604608171107785
288.8 25.604608171107785
288.8 25.604608171107785
288.82 25.607913865156075
288.82 25.607913865156075
288.82 25.607913865156075
288.82 25.607913865156075
288.82 25.607913865156075
288.82 25.607913865156075
288.82 25.607913865156075
288.88 25.489661203767078
288.88 25.489661203767078
288.88 25.489661203767078
288.88 25.489661203767078
288.88 25.489661203767078
288.88 25.489661203767078
289.44 25.926204519907674
289.44 25.926204519907674
289.44 25.926204519907674
289.44 25.926204519907674
289.44 25.926204519907674
289.44 25.926204519907674
289.44 25.926204519907674
289.44 25.926204519907674
289.46 25.88998480361302
289.46 25.88998480361302
289.46 25.88998480361302
289.46 25.88998480361302
289.46 25.88998480361302
289.46 25.88998480361302
289.54 25.77267365002529
289.54 25.77267365002529
289.54 25.77267365002529
289.54 25.77267365002529
289.54 25.77267365002529
289.54 25.77267365002529
289.54 25.77267365002529
289.54 25.77267365002529
289.54 25.77267365002529
289.54 25.77267365002529
289.54 25.77267365002529
289.54 25.77267365002529
289.54 25.77267365002529
289.58 25.735711932776766
289.58 25.735711932776766
289.58 25.735711932776766
289.58 25.735711932776766
289.58 25.735711932776766
289.58 25.735711932776766
289.58 25.735711932776766
289.58 25.735711932776766
289.58 25.735711932776766
289.58 25.735711932776766
289.86 25.65073098373612
290.14 25.606588482993455
290.14 25.606588482993455
290.14 25.606588482993455
290.14 25.606588482993455
290.14 25.606588482993455
290.14 25.606588482993455
290.14 25.606588482993455
290.14 25.606588482993455
290.14 25.606588482993455
290.14 25.606588482993455
290.2 25.556433889166012
290.2 25.556433889166012
290.2 25.556433889166012
290.2 25.556433889166012
290.2 25.556433889166012
290.2 25.556433889166012
290.2 25.556433889166012
290.3 25.578360487969615
290.3 25.578360487969615
290.3 25.578360487969615
290.3 25.578360487969615
290.36 25.456447259401845
290.36 25.456447259401845
290.36 25.456447259401845
290.36 25.456447259401845
290.36 25.456447259401845
290.36 25.456447259401845
290.36 25.456447259401845
290.38 25.449010220676982
290.38 25.449010220676982
290.38 25.449010220676982
290.38 25.449010220676982
290.38 25.449010220676982
290.44 25.340636905726715
290.44 25.340636905726715
290.44 25.340636905726715
290.44 25.340636905726715
290.44 25.340636905726715
290.66 25.026943057190966
290.66 25.026943057190966
290.92 24.92399760402926
290.92 24.92399760402926
290.94 24.949978239297412
291.08 24.847689565987352
291.08 24.847689565987352
291.08 24.847689565987352
291.1 24.841111248911712
291.1 24.841111248911712
291.1 24.841111248911712
291.1 24.841111248911712
291.1 24.841111248911712
291.1 24.841111248911712
291.1 24.841111248911712
291.1 24.841111248911712
291.14 24.78066205978389
291.14 24.78066205978389
291.2 24.794916390015896
291.2 24.794916390015896
291.2 24.794916390015896
291.2 24.794916390015896
291.2 24.794916390015896
291.2 24.794916390015896
291.36 24.642707446687556
291.36 24.642707446687556
291.36 24.642707446687556
291.36 24.642707446687556
291.36 24.642707446687556
291.54 24.62462428570477
291.54 24.62462428570477
291.54 24.62462428570477
291.54 24.62462428570477
291.54 24.62462428570477
291.54 24.62462428570477
291.54 24.62462428570477
291.54 24.62462428570477
291.64 24.69593676962453
292.14 24.472214712389498
292.14 24.472214712389498
292.14 24.472214712389498
292.14 24.472214712389498
292.14 24.472214712389498
292.14 24.472214712389498
292.2 24.533629774230107
292.64 24.417049847029507
292.64 24.417049847029507
292.64 24.417049847029507
292.64 24.417049847029507
292.64 24.417049847029507
292.64 24.417049847029507
292.64 24.417049847029507
292.68 24.402715530295502
292.68 24.402715530295502
292.68 24.402715530295502
292.92 24.07969931689179
292.92 24.07969931689179
292.92 24.07969931689179
292.92 24.07969931689179
293.54 24.073716754665007
293.54 24.073716754665007
293.54 24.073716754665007
293.54 24.073716754665007
293.54 24.073716754665007
293.54 24.073716754665007
293.6 24.092414666123535
293.6 24.092414666123535
293.62 24.076804714341264
293.62 24.076804714341264
293.62 24.076804714341264
293.62 24.076804714341264
293.62 24.076804714341264
293.62 24.076804714341264
293.72 24.157764295513278
293.72 24.157764295513278
293.72 24.157764295513278
293.72 24.157764295513278
293.72 24.157764295513278
293.72 24.157764295513278
293.72 24.157764295513278
293.72 24.157764295513278
293.72 24.157764295513278
293.72 24.157764295513278
293.72 24.157764295513278
293.72 24.157764295513278
293.72 24.157764295513278
293.72 24.157764295513278
294.62 23.830538085711478
294.62 23.830538085711478
294.62 23.830538085711478
294.62 23.830538085711478
294.62 23.830538085711478
294.62 23.830538085711478
294.62 23.830538085711478
294.62 23.830538085711478
294.66 23.781930157583975
294.66 23.781930157583975
294.66 23.781930157583975
294.66 23.781930157583975
294.66 23.781930157583975
294.66 23.781930157583975
294.72 23.71125973844154
294.72 23.71125973844154
294.72 23.71125973844154
294.74 23.69103312447666
294.76 23.667358077821838
294.76 23.667358077821838
294.76 23.667358077821838
294.76 23.667358077821838
294.76 23.667358077821838
294.76 23.667358077821838
294.76 23.667358077821838
294.78 23.688031329826202
294.78 23.688031329826202
294.78 23.688031329826202
294.78 23.688031329826202
294.78 23.688031329826202
294.78 23.688031329826202
294.78 23.688031329826202
294.78 23.688031329826202
294.78 23.688031329826202
294.78 23.688031329826202
294.78 23.688031329826202
294.78 23.688031329826202
294.94 23.750308876247733
294.94 23.750308876247733
294.94 23.750308876247733
294.94 23.750308876247733
294.96 23.746948767316947
294.96 23.746948767316947
294.96 23.746948767316947
294.96 23.746948767316947
294.96 23.746948767316947
294.96 23.746948767316947
294.96 23.746948767316947
294.96 23.746948767316947
295.04 23.831868995065822
295.04 23.831868995065822
295.04 23.831868995065822
295.04 23.831868995065822
295.04 23.831868995065822
295.04 23.831868995065822
295.04 23.831868995065822
295.04 23.831868995065822
295.04 23.831868995065822
295.04 23.831868995065822
295.04 23.831868995065822
295.04 23.831868995065822
295.04 23.831868995065822
295.04 23.831868995065822
295.04 23.831868995065822
295.04 23.831868995065822
295.04 23.831868995065822
295.04 23.831868995065822
295.04 23.831868995065822
295.04 23.831868995065822
295.12 23.753481403530706
295.12 23.753481403530706
295.12 23.753481403530706
295.12 23.753481403530706
295.12 23.753481403530706
295.12 23.753481403530706
295.12 23.753481403530706
295.12 23.753481403530706
295.12 23.753481403530706
295.12 23.753481403530706
295.12 23.753481403530706
295.12 23.753481403530706
295.12 23.753481403530706
295.12 23.753481403530706
295.12 23.753481403530706
295.12 23.753481403530706
295.12 23.753481403530706
295.12 23.753481403530706
295.12 23.753481403530706
295.12 23.753481403530706
295.12 23.753481403530706
295.72 23.717222996520196
295.72 23.717222996520196
295.72 23.717222996520196
295.72 23.717222996520196
295.72 23.717222996520196
295.72 23.717222996520196
295.72 23.717222996520196
295.72 23.717222996520196
295.72 23.717222996520196
295.72 23.717222996520196
295.72 23.717222996520196
295.72 23.717222996520196
295.98 23.862391694332263
295.98 23.862391694332263
295.98 23.862391694332263
295.98 23.862391694332263
295.98 23.862391694332263
295.98 23.862391694332263
295.98 23.862391694332263
295.98 23.862391694332263
295.98 23.862391694332263
296.22 23.98635133789737
296.22 23.98635133789737
296.22 23.98635133789737
296.22 23.98635133789737
296.22 23.98635133789737
296.5 23.768878727436764
296.5 23.768878727436764
296.5 23.768878727436764
296.5 23.768878727436764
296.5 23.768878727436764
296.5 23.768878727436764
296.5 23.768878727436764
296.5 23.768878727436764
296.5 23.768878727436764
296.5 23.768878727436764
296.5 23.768878727436764
296.5 23.768878727436764
296.5 23.768878727436764
296.5 23.768878727436764
296.5 23.768878727436764
296.5 23.768878727436764
296.5 23.768878727436764
296.5 23.768878727436764
296.5 23.768878727436764
296.5 23.768878727436764
296.5 23.768878727436764
296.72 23.791213045614516
296.72 23.791213045614516
296.72 23.791213045614516
296.72 23.791213045614516
296.72 23.791213045614516
296.72 23.791213045614516
296.72 23.791213045614516
296.72 23.791213045614516
296.72 23.791213045614516
296.72 23.791213045614516
296.72 23.791213045614516
296.86 23.541504290134576
296.86 23.541504290134576
296.86 23.541504290134576
296.86 23.541504290134576
297.0 23.361022531930697
297.0 23.361022531930697
297.12 23.178394676896403
297.12 23.178394676896403
297.12 23.178394676896403
297.12 23.178394676896403
297.12 23.178394676896403
297.12 23.178394676896403
297.12 23.178394676896403
297.12 23.178394676896403
297.12 23.178394676896403
297.14 23.197448483865987
297.58 23.2027427845777
297.58 23.2027427845777
297.58 23.2027427845777
297.58 23.2027427845777
297.58 23.2027427845777
297.58 23.2027427845777
297.58 23.2027427845777
297.58 23.2027427845777
297.58 23.2027427845777
297.58 23.2027427845777
297.58 23.2027427845777
297.58 23.2027427845777
297.58 23.2027427845777
297.58 23.2027427845777
297.58 23.2027427845777
297.58 23.2027427845777
297.58 23.2027427845777
297.58 23.2027427845777
297.58 23.2027427845777
297.58 23.2027427845777
297.6 23.21441558405232
297.6 23.21441558405232
297.84 23.36306331097716
297.84 23.36306331097716
297.98 23.18741386218311
298.28 23.198780880542717
298.28 23.198780880542717
298.28 23.198780880542717
298.28 23.198780880542717
298.28 23.198780880542717
298.28 23.198780880542717
298.28 23.198780880542717
298.28 23.198780880542717
298.28 23.198780880542717
298.28 23.198780880542717
298.28 23.198780880542717
298.28 23.198780880542717
298.28 23.198780880542717
298.28 23.198780880542717
298.28 23.198780880542717
298.28 23.198780880542717
298.28 23.198780880542717
298.3 23.15232824210781
298.3 23.15232824210781
298.32 23.17211839058032
298.32 23.17211839058032
298.32 23.17211839058032
298.32 23.17211839058032
298.32 23.17211839058032
298.32 23.17211839058032
298.32 23.17211839058032
298.32 23.17211839058032
298.34 23.15002454347806
298.34 23.15002454347806
298.34 23.15002454347806
298.44 23.038974444066373
298.46 23.039456713572175
298.46 23.039456713572175
298.46 23.039456713572175
298.48 23.022378221849692
298.5 23.03686110773275
298.5 23.03686110773275
298.5 23.03686110773275
298.5 23.03686110773275
298.5 23.03686110773275
298.5 23.03686110773275
298.52 22.99164538643891
298.52 22.99164538643891
298.52 22.99164538643891
298.52 22.99164538643891
298.52 22.99164538643891
298.52 22.99164538643891
298.52 22.99164538643891
298.52 22.99164538643891
298.52 22.99164538643891
298.54 23.01313634523649
298.54 23.01313634523649
298.54 23.01313634523649
298.54 23.01313634523649
298.54 23.01313634523649
298.54 23.01313634523649
298.54 23.01313634523649
298.54 23.01313634523649
298.54 23.01313634523649
299.1 22.94371681777261
299.1 22.94371681777261
299.1 22.94371681777261
299.1 22.94371681777261
299.12 22.945380908812673
299.12 22.945380908812673
299.12 22.945380908812673
299.12 22.945380908812673
299.32 22.72224914176865
299.5 22.60664959830638
299.5 22.60664959830638
299.5 22.60664959830638
299.66 22.638226364476804
299.66 22.638226364476804
299.66 22.638226364476804
299.7 22.578035272531498
299.7 22.578035272531498
299.7 22.578035272531498
299.76 22.51693862967443
299.76 22.51693862967443
299.82 22.509427878876515
299.82 22.509427878876515
299.82 22.509427878876515
299.82 22.509427878876515
299.82 22.509427878876515
299.9 22.495566342070713
299.94 22.448963441458925
299.94 22.448963441458925
299.94 22.448963441458925
299.94 22.448963441458925
299.94 22.448963441458925
299.94 22.448963441458925
299.94 22.448963441458925
299.94 22.448963441458925
299.94 22.448963441458925
299.94 22.448963441458925
299.94 22.448963441458925
299.94 22.448963441458925
299.94 22.448963441458925
299.94 22.448963441458925
299.94 22.448963441458925
299.94 22.448963441458925
299.96 22.417489564709033
299.96 22.417489564709033
300.04 22.446308553451892
300.04 22.446308553451892
300.04 22.446308553451892
300.04 22.446308553451892
300.06 22.416543313843327
300.06 22.416543313843327
300.06 22.416543313843327
300.06 22.416543313843327
300.1 22.398367545133034
300.1 22.398367545133034
300.1 22.398367545133034
300.1 22.398367545133034
300.1 22.398367545133034
300.1 22.398367545133034
300.1 22.398367545133034
300.1 22.398367545133034
300.1 22.398367545133034
300.1 22.398367545133034
300.1 22.398367545133034
300.1 22.398367545133034
300.1 22.398367545133034
300.1 22.398367545133034
300.1 22.398367545133034
300.1 22.398367545133034
300.1 22.398367545133034
300.1 22.398367545133034
300.1 22.398367545133034
300.1 22.398367545133034
300.1 22.398367545133034
300.1 22.398367545133034
300.1 22.398367545133034
300.1 22.398367545133034
300.1 22.398367545133034
300.1 22.398367545133034
300.1 22.398367545133034
300.1 22.398367545133034
300.1 22.398367545133034
300.1 22.398367545133034
300.1 22.398367545133034
300.1 22.398367545133034
300.1 22.398367545133034
300.1 22.398367545133034
300.2 22.42022896106699
300.2 22.42022896106699
300.36 22.533261610070543
300.48 22.28215755833679
300.48 22.28215755833679
300.48 22.28215755833679
300.48 22.28215755833679
300.48 22.28215755833679
300.48 22.28215755833679
300.48 22.28215755833679
300.48 22.28215755833679
300.48 22.28215755833679
300.5 22.28443312260735
300.52 22.29394083556782
300.52 22.29394083556782
300.52 22.29394083556782
300.52 22.29394083556782
300.52 22.29394083556782
300.52 22.29394083556782
300.52 22.29394083556782
300.52 22.29394083556782
300.52 22.29394083556782
300.52 22.29394083556782
300.52 22.29394083556782
300.64 22.38845301227461
300.64 22.38845301227461
300.64 22.38845301227461
300.64 22.38845301227461
300.64 22.38845301227461
300.64 22.38845301227461
300.64 22.38845301227461
300.64 22.38845301227461
300.64 22.38845301227461
300.64 22.38845301227461
300.64 22.38845301227461
300.64 22.38845301227461
300.64 22.38845301227461
300.64 22.38845301227461
300.64 22.38845301227461
300.64 22.38845301227461
300.64 22.38845301227461
300.64 22.38845301227461
300.64 22.38845301227461
300.64 22.38845301227461
300.64 22.38845301227461
300.64 22.38845301227461
300.64 22.38845301227461
300.64 22.38845301227461
300.64 22.38845301227461
300.64 22.38845301227461
300.64 22.38845301227461
300.64 22.38845301227461
300.64 22.38845301227461
300.64 22.38845301227461
300.64 22.38845301227461
300.64 22.38845301227461
300.64 22.38845301227461
300.64 22.38845301227461
300.64 22.38845301227461
300.64 22.38845301227461
300.64 22.38845301227461
300.64 22.38845301227461
300.64 22.38845301227461
300.68 22.38365204312912
300.68 22.38365204312912
300.68 22.38365204312912
300.68 22.38365204312912
300.68 22.38365204312912
300.68 22.38365204312912
300.68 22.38365204312912
300.68 22.38365204312912
300.88 22.46671162660728
