101.44 9.810651807545153
101.86 10.147418440672535
102.24 10.151498869276859
103.04 10.504371384419832
103.56 10.396502908539617
104.62 10.763556169507433
105.54 10.628169164911698
106.52 11.004572052588236
107.56 11.386967563975507
108.32 11.917968778192863
109.26 12.008936066719043
110.3 12.03152424913717
111.38 12.42251133542602
112.5 12.518672921566875
113.78 12.90492036771129
114.68 12.959049721988478
115.78 12.892390677207132
116.38 13.059908580124597
117.64 13.340543505048844
118.22 13.378393556081914
119.62 13.971674086081334
120.86 14.581723720694573
122.0 14.85825281679097
123.3 15.646021213010666
124.44 15.752068967842822
125.34 15.796828731735934
126.12 15.773190398696615
126.92 16.069093240620564
127.64 15.815553015045573
128.54 16.03746875415208
129.48 16.22473482686297
130.26 16.343917411796852
131.52 16.34753865883241
132.88 16.663805815071907
133.62 16.84797143320647
134.42 17.275649938803483
135.26 17.295191134059102
135.98 17.217550360142422
137.54 17.081752328911183
138.44 16.869265580105175
139.02 16.753700028544877
140.4 17.24687059888099
141.52 18.075308231860603
142.24 18.003995067313202
143.04 18.403952144728446
144.38 18.54875094490628
145.44 18.26644547532525
146.52 18.23221701751428
147.56 18.5941882959122
148.44 18.61807528378611
149.38 18.26559386365303
150.02 18.403985075702128
150.8 19.00558131739519
151.94 19.238965091131536
152.66 19.380412896540772
153.22 19.51098110906737
154.02 19.295668640470286
154.82 19.445017018986814
155.88 19.568723757438796
156.62 19.99534289212709
157.1 19.92181688197108
157.9 19.996716902248902
159.14 20.089205101650027
160.0 20.41983587029281
160.38 20.292198829435247
161.06 19.88137547829855
161.78 20.246750581041614
162.14 20.327132685952616
162.8 20.48700006631453
163.46 20.66540563112638
163.86 20.7052523468678
164.9 20.697679565447416
166.28 20.755469037087426
167.76 20.860827917753912
168.9 20.932551616363376
169.36 21.031731677960746
170.26 21.102261834823647
170.56 21.143244019704447
170.98 20.959788340360863
172.38 21.633671846816885
172.78 21.795922146636105
173.42 21.944456974807817
174.16 22.174113581636426
175.22 22.090529988017835
175.66 21.82770919929274
176.18 21.82222942253373
177.1 22.518903394726177
177.58 22.127810555949722
177.98 22.15919445715252
178.76 22.635950667605343
179.64 22.633451599637457
180.02 22.48679971930559
180.74 23.065396707026864
181.2 23.289135629813284
181.62 23.1109663942633
182.46 23.679433176399215
183.26 23.298944355502638
183.76 23.277474263347557
184.16 23.217339392894452
184.68 23.14333029997492
185.18 22.867373431961262
185.72 22.37787507627328
186.18 22.142048302501355
186.64 21.980487214386724
186.98 21.65756452166543
187.58 21.905757741338746
188.38 22.42058037256003
188.94 21.979705975000545
189.48 21.9229504760595
190.06 21.772849370189686
190.54 21.551638715260864
191.14 21.578618298602155
191.44 21.658655861742066
191.78 21.559211394659034
192.04 21.516223618188178
192.82 21.58019106645367
193.4 21.906135850003025
194.1 21.97036571604965
194.64 21.64895313213024
195.46 21.553513388632016
195.7 21.481257980957366
196.48 21.626993981755042
196.78 21.504793921732
197.72 21.857241131922155
198.12 21.906726055361318
198.56 21.71826955176752
199.12 21.70568980007246
199.58 21.80222396217803
200.0 22.092550963634963
200.26 21.92485790009581
200.62 22.053552818518646
200.58 22.206187144008926
200.9 22.13525913491182
201.62 22.319434843140005
202.08 22.503728086203363
202.42 22.06564128350965
202.58 21.966540212079117
202.98 21.85257306348498
203.28 21.95039402789385
203.72 21.63054331357407
204.4 21.682744617354473
204.76 21.414202782454478
205.18 21.166191834330448
205.38 21.060173529458602
205.4 21.044445511076955
205.8 21.077059193407994
206.14 21.057410701568827
206.58 21.103487193285652
206.88 20.911202352767372
207.3 20.570401409340896
207.82 21.047507590153657
208.84 22.023275107591207
209.32 22.374624876941255
209.8 22.25200025057332
210.16 22.15041327110644
210.86 22.171516899304876
211.44 22.19851664895971
211.88 22.053781828278176
212.02 22.051354203817553
213.04 21.51528467735147
213.14 21.450916488155425
213.46 21.17527622564398
213.74 21.34782651629193
214.0 21.363614872114702
214.24 21.254171307764448
214.78 21.4200793177756
214.92 21.360626480428042
215.2 21.446668644794137
215.72 21.18322187224807
216.22 21.075899396076448
216.6 20.95594223964924
216.88 21.19904705310114
217.28 20.99065689223843
217.86 21.722315481987412
218.38 22.02972280508057
218.6 21.977950382833768
218.78 21.792214345050073
218.96 21.77289576282838
219.04 21.601496394107667
220.1 22.439818505180803
220.76 22.43874715168772
220.96 22.33533233930203
221.22 22.20727881401123
221.36 22.341482005046544
222.12 22.306985815246673
222.24 22.200700689642904
222.8 23.7154852875551
222.82 23.679842683070124
223.16 23.662919037467404
223.54 23.356447426002873
223.58 23.32951483906733
223.78 23.32709007384186
223.78 23.32709007384186
223.84 23.373437397130438
224.74 23.876204290320764
225.14 23.493399029936008
225.32 23.476134453714668
225.92 23.453233069539504
226.26 23.713193702147237
227.14 23.95999190570006
227.36 23.913784537565167
227.4 23.85054474951222
227.72 23.683127011661803
228.24 23.680158339628953
228.36 23.64788841022864
228.46 23.56483426933901
228.6 23.66517280816694
228.88 23.599897277639826
229.12 23.527881590173223
229.4 23.424928446577436
229.6 23.25614939856736
229.68 23.193032739958085
230.16 23.397625710505093
230.38 23.15812138016782
230.6 23.220506437024998
230.78 23.36170569391912
231.46 24.463297596459256
231.74 24.33379825209655
231.8 24.310283811381122
231.92 24.380684522338125
232.36 24.850876455490674
232.64 24.665651084744216
232.7 24.687746930103774
232.88 24.56460457609277
232.9 24.569628948493847
233.2 24.309452790005267
233.38 24.34382505239919
233.78 24.672227055513
234.04 24.345957704835865
234.12 24.324107840211163
234.18 24.296310564995398
234.6 24.26370278270142
234.92 24.38317021839018
235.64 25.072629851628403
236.08 24.87612948554936
236.32 24.72592390854815
236.48 24.56920960482979
236.86 24.746398574827865
237.5 25.40241776451266
237.8 25.14362782499813
238.08 25.126620757815225
238.84 26.41422940673294
239.12 26.265651418619804
239.62 27.320314711942753
240.0 27.2215007119391
241.04 27.9400223422396
242.06 29.855483566505818
242.06 29.855483566505818
242.3 29.841838977103166
242.32 29.83824405156591
242.68 29.92950640313591
242.68 29.92950640313591
242.74 29.931443552413462
242.96 29.619103854291623
243.14 29.502617586316717
243.4 29.47966256676805
243.56 29.486624257466467
243.64 29.46167515655386
243.9 29.282842220058644
244.32 29.081175139164298
244.38 29.035255476851937
244.76 29.07986911729122
244.98 28.93321463458406
245.12 28.76631026149524
245.64 29.107088934873346
245.86 29.00401226162903
245.96 28.953435273580475
246.16 29.10195244933983
246.72 28.845138588712317
247.26 29.00874824509798
247.54 28.838603477024527
247.68 28.672613900354257
247.86 28.72545768463784
247.9 28.712964727355192
248.14 29.04994653935518
248.18 29.021893512145322
248.58 28.851826264343803
248.7 28.86173937932362
248.9 28.729845812395872
249.08 28.587515817329436
249.22 28.54717166552599
249.46 28.39384625320256
249.62 28.285264036529014
249.76 28.210292555388467
249.9 28.08554752533729
250.12 28.03146860803466
250.42 27.868805195600025
250.6 27.84444525059049
250.74 27.72397132191898
250.74 27.72397132191898
250.96 27.703305422153708
251.32 27.486224281492817
251.64 27.49380830204311
252.0 27.593001601379605
252.1 27.546654639323837
253.24 27.78529514442175
253.24 27.78529514442175
254.0 27.588608394250574
254.0 27.588608394250574
254.4 27.298573611310193
254.5 27.3035684203521
255.28 28.097262528868562
255.28 28.097262528868562
255.48 28.366461915722965
255.58 28.310393565586192
255.74 28.31376151112901
255.74 28.31376151112901
255.74 28.31376151112901
255.76 28.297524608875218
255.78 28.28126409816044
256.14 28.104070663852024
256.18 28.106715829984022
256.18 28.106715829984022
256.62 27.812786827484786
256.68 27.765569842646276
257.38 28.10470322622788
257.44 28.082245730221175
257.52 28.02613498904624
257.54 28.004119466084042
257.88 28.158024494526305
257.98 28.272119256835474
257.98 28.272119256835474
258.16 28.20083815646749
258.52 28.555273354734965
258.9 28.22331581433258
259.14 28.197363584762908
259.34 28.197077003036174
259.72 28.218512442090997
259.9 28.01640933308892
260.1 28.19466960152919
260.28 28.125289673031265
260.6 27.87924900804405
260.78 27.781099599358818
260.84 27.782968403922098
261.0 27.710625901967422
261.32 27.681040442873527
261.32 27.681040442873527
261.56 27.618731749201363
261.58 27.60660878276882
262.0 27.379856932726398
262.1 27.32575652561096
262.26 27.277333617729745
262.76 27.093224767141113
262.76 27.093224767141113
262.84 27.03709386092456
262.84 27.03709386092456
262.96 26.968713635461278
263.12 26.927992269695267
263.12 26.927992269695267
263.24 26.787272720416677
263.34 26.7076276321461
263.34 26.7076276321461
263.34 26.7076276321461
263.44 26.71522851003589
263.98 26.647712961164338
263.98 26.647712961164338
264.4 27.008416196707014
264.92 26.842481030612433
264.92 26.842481030612433
265.12 26.800150760920744
265.12 26.800150760920744
265.5 26.412998024579956
266.02 26.299740752265286
266.1 26.278039377688618
266.22 26.18796855370223
266.22 26.18796855370223
266.44 26.023423792010647
266.74 26.51266897469239
266.84 26.476870027717524
267.18 26.38042586250019
267.5 26.510718244102364
267.5 26.510718244102364
267.72 26.657604520809418
267.88 26.531201376203192
268.42 27.120822072698854
268.42 27.120822072698854
268.42 27.120822072698854
268.42 27.120822072698854
268.58 27.016336247582203
268.74 26.982455953692014
268.74 26.982455953692014
269.04 27.095759853161557
269.04 27.095759853161557
269.24 26.937683417079285
269.5 26.994013552578053
269.6 26.954507128594557
269.94 26.730915027021027
270.14 26.956388272297694
270.18 26.95015226433252
270.2 26.923760675078235
270.76 27.536979727727086
270.92 27.51296480431058
271.08 27.440911726173326
271.88 27.30718631134348
271.98 27.22223541537507
272.06 27.19841795755664
272.12 27.12905185489264
272.76 27.350002308274608
273.06 27.24443043814625
273.44 27.026481588817788
274.3 27.57597402512454
274.3 27.57597402512454
274.44 27.538153514531412
274.56 27.53155031280045
274.58 27.514249751609423
274.68 27.524417075635505
274.9 27.330191985044564
275.06 27.479218961744074
275.08 27.46446004669609
275.3 27.47616046574547
275.32 27.500920094800566
275.5 27.392213005402343
275.76 27.18924326815568
275.9 27.091129414059004
276.14 26.899371026404353
276.48 26.852564160992177
276.98 26.665901504173895
277.04 26.556560565911195
277.58 26.594288138924906
277.58 26.594288138924906
277.86 26.432693255271445
278.1 26.406878503966205
278.4 26.069061348578696
278.44 26.018765566724372
278.52 25.934836756296693
278.56 25.91529325017226
278.58 25.92342258236435
278.6 25.908151675338075
278.6 25.908151675338075
279.74 26.483698054204257
279.9 26.38698026058926
279.98 26.41012202649858
280.84 26.191493722854815
280.94 26.065116593453077
280.96 26.05120055784475
281.34 25.855941231556383
281.6 25.851166865014587
281.92 26.17720498078549
281.98 26.119376297718482
281.98 26.119376297718482
282.02 26.05742686739224
282.02 26.05742686739224
282.14 26.001173244702052
282.14 26.001173244702052
282.62 26.22928427417252
282.66 26.20980616856865
282.66 26.20980616856865
282.78 26.169447835214246
282.92 26.060411556708956
283.08 26.239641534875965
283.36 26.102950798789784
283.68 26.260113011057957
283.74 26.244622344781448
283.74 26.244622344781448
283.74 26.244622344781448
284.0 26.285149626910837
284.0 26.285149626910837
284.02 26.270535017410847
284.02 26.270535017410847
284.08 26.184921252700022
284.48 25.99474694408215
285.02 26.345789152359934
285.02 26.345789152359934
285.06 26.3349903582993
285.1 26.305700883836927
285.16 26.32382643887166
285.36 26.433648589965365
285.36 26.433648589965365
285.48 26.417961444227426
285.56 26.352053185106982
286.02 26.79890695796032
286.04 26.802653268328147
286.44 26.76886477256967
286.64 26.96931290158944
286.98 26.59914937502228
287.24 27.060396347892805
287.26 27.04378044220263
287.58 27.14613650729561
288.12 27.54877401074229
288.26 27.470689614183097
288.3 27.408433414228952
288.92 27.780408764291266
288.92 27.780408764291266
289.22 27.975306571649526
289.22 27.975306571649526
289.56 27.87356736364683
289.56 27.87356736364683
289.78 27.95218861708056
289.78 27.95218861708056
289.92 27.866811656865096
289.98 27.747046434865567
290.7 27.999098109573012
290.76 28.02131944492165
290.76 28.02131944492165
290.76 28.02131944492165
290.76 28.02131944492165
290.78 28.043105348298308
290.78 28.043105348298308
290.78 28.043105348298308
290.78 28.043105348298308
291.02 27.931366098370706
291.02 27.931366098370706
291.74 27.866427431189983
292.04 27.616390975380014
292.54 27.75339455077359
292.8 27.950894891801326
293.16 27.845431955853744
293.7 27.797790770440223
293.7 27.797790770440223
293.7 27.797790770440223
293.84 27.671492824773935
293.9 27.61696887236124
294.06 27.722222424647278
294.56 27.77118628864795
294.56 27.77118628864795
294.58 27.78168134188099
295.0 27.693123531105893
295.48 27.776336124205596
295.62 27.599875566986366
295.62 27.599875566986366
295.62 27.599875566986366
296.1 27.67250759811399
296.1 27.67250759811399
296.1 27.67250759811399
297.36 31.47149423676844
297.36 31.47149423676844
298.08 31.20336682170854
298.08 31.20336682170854
298.1 31.219490156896626
298.1 31.219490156896626
298.1 31.219490156896626
298.32 31.061646102321408
298.36 31.089808002240247
298.36 31.089808002240247
298.42 31.118275509852257
298.5 31.132658483374403
298.5 31.132658483374403
298.58 31.079299031394317
298.6 31.095161856936702
298.6 31.095161856936702
298.6 31.095161856936702
298.64 31.103450716353745
298.64 31.103450716353745
298.64 31.103450716353745
298.7 31.15471331301512
298.7 31.15471331301512
299.04 30.967535950221855
299.04 30.967535950221855
299.04 30.967535950221855
299.04 30.967535950221855
299.62 30.751785691766308
299.62 30.751785691766308
300.08 30.617773936197263
300.08 30.617773936197263
300.6 30.44916279886057
300.68 30.495199158509717
300.96 30.838097911970557
301.06 30.798734068172685
301.06 30.798734068172685
301.06 30.798734068172685
301.06 30.798734068172685
301.2 30.811253355443576
301.2 30.811253355443576
301.36 30.809784619221677
301.54 30.800570636193605
301.54 30.800570636193605
302.68 33.91757090597168
302.7 33.89511451343377
302.7 33.89511451343377
303.04 33.6319713211922
303.04 33.6319713211922
303.04 33.6319713211922
303.24 33.52885686128059
303.46 33.53979093193003
303.46 33.53979093193003
303.46 33.53979093193003
303.72 33.556850600469375
303.72 33.556850600469375
303.78 33.5843818920448
303.84 33.55523713809724
303.84 33.55523713809724
303.94 33.55978232794412
304.02 33.45371595370402
304.02 33.45371595370402
304.02 33.45371595370402
304.06 33.45245986033121
304.06 33.45245986033121
304.06 33.45245986033121
304.22 33.64448113897896
304.26 33.632181558198624
304.6 33.55742853826869
305.14 33.40749930930195
305.14 33.40749930930195
305.14 33.40749930930195
305.14 33.40749930930195
305.16 33.384421456116264
305.16 33.384421456116264
305.5 33.372552685212334
305.5 33.372552685212334
305.5 33.372552685212334
305.52 33.38313854918286
305.52 33.38313854918286
305.52 33.38313854918286
305.78 33.19595326438621
305.8 33.17233848259782
305.8 33.17233848259782
305.8 33.17233848259782
305.8 33.17233848259782
305.8 33.17233848259782
306.26 33.07372236551415
306.56 32.80315333450229
306.58 32.805881463326934
306.58 32.805881463326934
306.7 32.7788734622553
306.78 32.8410866095653
306.78 32.8410866095653
306.92 32.87616188368132
306.92 32.87616188368132
306.92 32.87616188368132
306.94 32.86514225981041
307.08 32.95962635857648
307.42 32.667649954279746
307.42 32.667649954279746
307.42 32.667649954279746
307.42 32.667649954279746
307.52 32.69710393996088
307.52 32.69710393996088
307.52 32.69710393996088
307.52 32.69710393996088
307.56 32.685313169215576
307.56 32.685313169215576
307.8 32.92415526630866
307.8 32.92415526630866
307.92 32.81280853630794
307.92 32.81280853630794
307.92 32.81280853630794
307.92 32.81280853630794
307.92 32.81280853630794
308.16 32.54545228824549
308.88 33.43054914537924
308.88 33.43054914537924
308.96 33.44524244828018
309.02 33.37996132684725
309.06 33.33267272072658
309.14 33.30696532850058
309.14 33.30696532850058
309.18 33.27885851771999
309.18 33.27885851771999
309.4 33.29270250976992
309.92 33.37563376616136
309.94 33.364173611946114
310.02 33.417463528623315
310.04 33.399909272241125
310.04 33.399909272241125
310.06 33.38354400151384
310.26 33.430954022712044
310.26 33.430954022712044
310.26 33.430954022712044
310.26 33.430954022712044
310.32 33.45761075109394
310.32 33.45761075109394
310.46 33.42636109661978
310.52 33.38374370010565
310.52 33.38374370010565
310.52 33.38374370010565
310.52 33.38374370010565
310.52 33.38374370010565
310.9 33.36407673174273
310.98 33.38964334682661
310.98 33.38964334682661
310.98 33.38964334682661
310.98 33.38964334682661
311.12 33.46558008618782
311.12 33.46558008618782
311.54 33.33436968085945
311.54 33.33436968085945
311.54 33.33436968085945
311.54 33.33436968085945
311.66 33.31400045420282
311.68 33.30267681175618
312.02 33.25262350096559
312.02 33.25262350096559
312.02 33.25262350096559
312.08 33.27621773379099
312.54 32.63988388769207
312.54 32.63988388769207
312.78 32.503482330919
312.92 32.45188512990959
312.92 32.45188512990959
313.22 32.22633968816454
313.22 32.22633968816454
313.4 32.224590647892526
313.4 32.224590647892526
313.48 32.17078164917963
313.48 32.17078164917963
313.48 32.17078164917963
313.52 32.18647686419396
313.56 32.13177413543966
313.56 32.13177413543966
313.96 32.06934405757045
314.0 32.08448443428913
314.12 32.09936592721566
314.12 32.09936592721566
314.12 32.09936592721566
314.12 32.09936592721566
314.12 32.09936592721566
314.12 32.09936592721566
314.14 32.07346995177594
314.2 32.00315640998587
314.2 32.00315640998587
314.2 32.00315640998587
314.2 32.00315640998587
314.28 31.896321943687404
314.28 31.896321943687404
314.28 31.896321943687404
314.34 31.859609970537118
314.34 31.859609970537118
314.34 31.859609970537118
314.34 31.859609970537118
314.34 31.859609970537118
314.34 31.859609970537118
314.84 31.668969613229226
314.84 31.668969613229226
314.84 31.668969613229226
314.84 31.668969613229226
314.84 31.668969613229226
314.84 31.668969613229226
315.96 34.296367272362936
315.96 34.296367272362936
315.96 34.296367272362936
315.96 34.296367272362936
316.0 34.30816965462461
316.0 34.30816965462461
316.0 34.30816965462461
316.0 34.30816965462461
316.04 34.31992088710243
316.04 34.31992088710243
316.04 34.31992088710243
316.04 34.31992088710243
316.04 34.31992088710243
316.14 34.31671265836468
316.18 34.3282961883039
316.18 34.3282961883039
316.18 34.3282961883039
316.18 34.3282961883039
316.18 34.3282961883039
316.18 34.3282961883039
316.18 34.3282961883039
316.2 34.33230360326947
316.2 34.33230360326947
316.36 34.255581274952114
316.36 34.255581274952114
316.36 34.255581274952114
316.36 34.255581274952114
316.48 34.30359995243893
316.48 34.30359995243893
316.74 34.032254457122626
316.74 34.032254457122626
316.74 34.032254457122626
316.84 33.9865451690114
316.84 33.9865451690114
316.84 33.9865451690114
316.84 33.9865451690114
316.94 33.97498188284128
317.14 33.985445488480856
317.14 33.985445488480856
317.14 33.985445488480856
317.14 33.985445488480856
317.26 33.93119002578093
317.32 33.837663553316936
317.44 33.8828403279133
317.6 33.7225758389261
317.64 33.66547252607693
317.8 33.65721439465959
317.8 33.65721439465959
317.8 33.65721439465959
317.8 33.65721439465959
317.8 33.65721439465959
317.8 33.65721439465959
317.8 33.65721439465959
317.8 33.65721439465959
317.8 33.65721439465959
317.8 33.65721439465959
317.8 33.65721439465959
317.8 33.65721439465959
317.8 33.65721439465959
319.0 36.076797994491606
319.44 35.99447769092399
319.44 35.99447769092399
319.44 35.99447769092399
319.6 35.996632839163944
319.6 35.996632839163944
319.6 35.996632839163944
319.88 35.66717076958966
319.88 35.66717076958966
319.92 35.61513694762354
319.92 35.61513694762354
319.92 35.61513694762354
319.92 35.61513694762354
319.96 35.55389137519537
319.96 35.55389137519537
319.96 35.55389137519537
320.1 35.406299730500805
320.1 35.406299730500805
320.1 35.406299730500805
320.14 35.408445035019255
320.14 35.408445035019255
320.22 35.3166284124666
320.34 35.15283226372544
320.34 35.15283226372544
320.34 35.15283226372544
320.34 35.15283226372544
320.34 35.15283226372544
320.7 34.76602893165636
320.7 34.76602893165636
321.0 34.66258717255464
321.0 34.66258717255464
321.0 34.66258717255464
321.0 34.66258717255464
321.0 34.66258717255464
321.0 34.66258717255464
321.0 34.66258717255464
321.12 34.55380228752334
321.12 34.55380228752334
321.12 34.55380228752334
321.2 34.50428168424108
321.26 34.43589271487973
321.26 34.43589271487973
321.28 34.426346499931334
321.28 34.426346499931334
321.28 34.426346499931334
321.28 34.426346499931334
321.28 34.426346499931334
321.28 34.426346499931334
321.28 34.426346499931334
321.28 34.426346499931334
321.28 34.426346499931334
321.28 34.426346499931334
321.28 34.426346499931334
321.28 34.426346499931334
321.28 34.426346499931334
321.28 34.426346499931334
321.28 34.426346499931334
321.28 34.426346499931334
321.28 34.426346499931334
321.28 34.426346499931334
321.5 34.319208627357376
321.5 34.319208627357376
321.5 34.319208627357376
321.5 34.319208627357376
321.52 34.300066260206336
321.52 34.300066260206336
321.52 34.300066260206336
321.52 34.300066260206336
321.66 34.19853502680778
321.66 34.19853502680778
321.66 34.19853502680778
321.66 34.19853502680778
321.66 34.19853502680778
321.98 34.029689948334806
321.98 34.029689948334806
321.98 34.029689948334806
322.0 34.01247542959031
322.0 34.01247542959031
322.0 34.01247542959031
322.02 34.01068756562957
322.04 33.983929654286214
322.3 33.66426634107491
322.3 33.66426634107491
322.3 33.66426634107491
322.98 33.2404706478246
323.02 33.21980059415095
323.02 33.21980059415095
323.14 33.24504064176683
323.14 33.24504064176683
323.14 33.24504064176683
323.42 33.02927382327576
323.52 33.00948134378755
323.54 33.0079329307916
323.54 33.0079329307916
323.54 33.0079329307916
323.54 33.0079329307916
323.54 33.0079329307916
323.54 33.0079329307916
323.54 33.0079329307916
323.54 33.0079329307916
323.54 33.0079329307916
323.54 33.0079329307916
323.54 33.0079329307916
323.54 33.0079329307916
323.64 32.9448636422135
323.64 32.9448636422135
323.64 32.9448636422135
323.64 32.9448636422135
323.64 32.9448636422135
323.64 32.9448636422135
323.64 32.9448636422135
323.66 32.94446505526806
323.66 32.94446505526806
323.72 32.90269707406179
323.72 32.90269707406179
323.72 32.90269707406179
323.74 32.90224885624049
323.98 33.02095447353747
323.98 33.02095447353747
323.98 33.02095447353747
323.98 33.02095447353747
323.98 33.02095447353747
323.98 33.02095447353747
323.98 33.02095447353747
323.98 33.02095447353747
323.98 33.02095447353747
323.98 33.02095447353747
324.1 33.0428249825629
324.1 33.0428249825629
324.1 33.0428249825629
324.1 33.0428249825629
324.1 33.0428249825629
324.1 33.0428249825629
324.1 33.0428249825629
324.1 33.0428249825629
324.1 33.0428249825629
324.1 33.0428249825629
324.1 33.0428249825629
324.1 33.0428249825629
324.1 33.0428249825629
324.1 33.0428249825629
324.1 33.0428249825629
324.1 33.0428249825629
324.16 33.033414365555124
324.2 33.00137738172316
324.2 33.00137738172316
324.2 33.00137738172316
324.2 33.00137738172316
324.2 33.00137738172316
324.2 33.00137738172316
324.2 33.00137738172316
324.22 33.000636663586064
324.22 33.000636663586064
324.22 33.000636663586064
324.34 33.02163967565341
325.46 35.24557999368018
325.58 35.19216510600742
325.58 35.19216510600742
325.58 35.19216510600742
325.58 35.19216510600742
325.58 35.19216510600742
325.62 35.192624342052234
325.62 35.192624342052234
325.62 35.192624342052234
325.62 35.192624342052234
325.62 35.192624342052234
325.62 35.192624342052234
325.62 35.192624342052234
325.64 35.18192832702722
325.64 35.18192832702722
325.64 35.18192832702722
325.76 35.16917842530745
325.84 35.15584926258696
325.84 35.15584926258696
325.84 35.15584926258696
325.84 35.15584926258696
325.88 35.11000893296279
325.88 35.11000893296279
325.92 35.07558361106152
325.92 35.07558361106152
325.92 35.07558361106152
325.92 35.07558361106152
325.92 35.07558361106152
325.96 35.022624722088494
325.96 35.022624722088494
325.96 35.022624722088494
326.34 34.936080160339934
326.34 34.936080160339934
326.46 34.90692385950577
326.5 34.90636826503934
326.58 34.80542741840383
326.58 34.80542741840383
326.64 34.76080458438116
326.64 34.76080458438116
326.64 34.76080458438116
326.64 34.76080458438116
326.64 34.76080458438116
326.84 34.70764477835692
326.92 34.66365954323481
326.92 34.66365954323481
326.92 34.66365954323481
327.0 34.67540682362412
327.0 34.67540682362412
327.14 34.62614764899643
327.18 34.55470848940675
327.18 34.55470848940675
327.24 34.48059621223964
327.32 34.49165614223741
327.48 34.419421344011084
327.48 34.419421344011084
327.48 34.419421344011084
327.48 34.419421344011084
327.48 34.419421344011084
327.48 34.419421344011084
327.48 34.419421344011084
327.48 34.419421344011084
327.48 34.419421344011084
327.48 34.419421344011084
327.78 34.50181667007339
327.78 34.50181667007339
327.78 34.50181667007339
327.78 34.50181667007339
327.78 34.50181667007339
327.78 34.50181667007339
327.78 34.50181667007339
327.78 34.50181667007339
327.78 34.50181667007339
327.78 34.50181667007339
328.14 34.59345999965129
328.14 34.59345999965129
328.2 34.57154782754047
328.62 34.13425069789976
328.86 34.01515407977316
328.86 34.01515407977316
328.86 34.01515407977316
328.86 34.01515407977316
328.86 34.01515407977316
329.02 34.08663353660181
329.02 34.08663353660181
329.64 34.51760493581574
329.72 34.52303578771717
329.72 34.52303578771717
329.72 34.52303578771717
329.72 34.52303578771717
329.72 34.52303578771717
329.72 34.52303578771717
329.72 34.52303578771717
329.72 34.52303578771717
329.76 34.49055499464141
329.76 34.49055499464141
329.76 34.49055499464141
329.76 34.49055499464141
329.76 34.49055499464141
330.88 36.45760787157012
330.88 36.45760787157012
330.88 36.45760787157012
330.9 36.452127177403185
332.04 38.2759570603909
332.04 38.2759570603909
332.04 38.2759570603909
332.04 38.2759570603909
332.04 38.2759570603909
332.04 38.2759570603909
332.04 38.2759570603909
332.1 38.26476080144654
332.1 38.26476080144654
332.1 38.26476080144654
332.38 38.188998362874024
332.38 38.188998362874024
332.38 38.188998362874024
332.48 38.1269755242435
332.5 38.11770711834063
332.5 38.11770711834063
332.5 38.11770711834063
332.5 38.11770711834063
332.5 38.11770711834063
332.52 38.09782199029285
332.52 38.09782199029285
332.52 38.09782199029285
332.52 38.09782199029285
332.52 38.09782199029285
332.52 38.09782199029285
332.52 38.09782199029285
332.52 38.09782199029285
332.52 38.09782199029285
332.52 38.09782199029285
332.52 38.09782199029285
332.54 38.08003798487199
332.54 38.08003798487199
333.1 38.42282044974226
333.1 38.42282044974226
333.1 38.42282044974226
333.34 38.46557427155358
333.34 38.46557427155358
333.36 38.45908753651617
333.36 38.45908753651617
333.36 38.45908753651617
333.36 38.45908753651617
333.36 38.45908753651617
333.36 38.45908753651617
333.4 38.41769373503818
333.4 38.41769373503818
333.4 38.41769373503818
333.4 38.41769373503818
333.4 38.41769373503818
333.4 38.41769373503818
333.4 38.41769373503818
333.4 38.41769373503818
333.4 38.41769373503818
333.4 38.41769373503818
333.4 38.41769373503818
333.52 38.4067754965241
333.52 38.4067754965241
333.52 38.4067754965241
333.52 38.4067754965241
333.52 38.4067754965241
333.52 38.4067754965241
333.52 38.4067754965241
333.8 38.172918635751664
333.8 38.172918635751664
333.82 38.16613867571805
333.82 38.16613867571805
333.82 38.16613867571805
333.84 38.15722921563017
333.84 38.15722921563017
333.84 38.15722921563017
333.84 38.15722921563017
333.84 38.15722921563017
333.84 38.15722921563017
333.84 38.15722921563017
333.84 38.15722921563017
333.84 38.15722921563017
333.84 38.15722921563017
333.84 38.15722921563017
333.84 38.15722921563017
333.84 38.15722921563017
333.9 38.10816609641985
333.9 38.10816609641985
333.92 38.10238201414075
333.92 38.10238201414075
333.92 38.10238201414075
333.92 38.10238201414075
334.2 37.68395955948378
334.2 37.68395955948378
334.28 37.67915588065619
334.28 37.67915588065619
334.28 37.67915588065619
334.44 37.600322371280846
334.44 37.600322371280846
334.44 37.600322371280846
334.46 37.59416997569725
334.46 37.59416997569725
334.46 37.59416997569725
334.46 37.59416997569725
334.46 37.59416997569725
334.46 37.59416997569725
334.46 37.59416997569725
334.56 37.548169735754776
335.76 39.216858877299444
335.8 39.20678152018752
335.8 39.20678152018752
335.88 39.14110190817139
337.0 40.715321117944946
337.0 40.715321117944946
337.0 40.715321117944946
337.0 40.715321117944946
337.0 40.715321117944946
337.0 40.715321117944946
337.08 40.70531695347461
337.08 40.70531695347461
337.32 40.72198919552437
337.32 40.72198919552437
337.36 40.65512006966389
337.64 40.463356661592385
337.64 40.463356661592385
337.64 40.463356661592385
337.64 40.463356661592385
337.64 40.463356661592385
337.64 40.463356661592385
337.66 40.45604173830299
337.9 40.373383571483096
337.9 40.373383571483096
337.9 40.373383571483096
337.9 40.373383571483096
337.9 40.373383571483096
337.9 40.373383571483096
337.9 40.373383571483096
337.9 40.373383571483096
337.9 40.373383571483096
337.9 40.373383571483096
337.9 40.373383571483096
337.92 40.35290784710777
337.92 40.35290784710777
337.92 40.35290784710777
337.92 40.35290784710777
337.92 40.35290784710777
337.92 40.35290784710777
337.96 40.324922739410106
337.96 40.324922739410106
337.96 40.324922739410106
337.96 40.324922739410106
337.96 40.324922739410106
337.96 40.324922739410106
337.96 40.324922739410106
338.0 40.30088852819025
338.0 40.30088852819025
338.0 40.30088852819025
338.0 40.30088852819025
338.0 40.30088852819025
338.0 40.30088852819025
338.08 40.264699931901404
338.08 40.264699931901404
338.08 40.264699931901404
338.08 40.264699931901404
338.16 40.24036869522039
338.16 40.24036869522039
338.16 40.24036869522039
338.16 40.24036869522039
338.16 40.24036869522039
338.16 40.24036869522039
338.22 40.21447048468544
338.22 40.21447048468544
338.22 40.21447048468544
338.22 40.21447048468544
338.38 39.99565127875931
338.38 39.99565127875931
338.38 39.99565127875931
338.38 39.99565127875931
338.38 39.99565127875931
338.38 39.99565127875931
338.42 39.95077273876242
338.42 39.95077273876242
338.42 39.95077273876242
338.42 39.95077273876242
338.42 39.95077273876242
338.42 39.95077273876242
338.42 39.95077273876242
338.42 39.95077273876242
338.42 39.95077273876242
338.42 39.95077273876242
338.42 39.95077273876242
338.42 39.95077273876242
338.42 39.95077273876242
338.42 39.95077273876242
338.42 39.95077273876242
338.42 39.95077273876242
338.5 39.93770401538128
338.8 39.696830904221855
338.8 39.696830904221855
338.8 39.696830904221855
338.8 39.696830904221855
338.8 39.696830904221855
338.8 39.696830904221855
338.8 39.696830904221855
338.8 39.696830904221855
338.8 39.696830904221855
338.82 39.68573007665566
338.82 39.68573007665566
338.86 39.66654443576789
338.86 39.66654443576789
338.86 39.66654443576789
338.86 39.66654443576789
338.86 39.66654443576789
338.86 39.66654443576789
338.86 39.66654443576789
338.86 39.66654443576789
338.86 39.66654443576789
338.86 39.66654443576789
338.86 39.66654443576789
338.86 39.66654443576789
338.86 39.66654443576789
338.86 39.66654443576789
338.86 39.66654443576789
338.86 39.66654443576789
339.0 39.60155083178976
339.0 39.60155083178976
339.0 39.60155083178976
339.0 39.60155083178976
339.0 39.60155083178976
339.24 39.606937459862955
339.36 39.57846572942097
339.46 39.518163577338115
339.62 39.536399288337684
339.68 39.427949887398825
339.68 39.427949887398825
339.68 39.427949887398825
339.68 39.427949887398825
339.68 39.427949887398825
339.68 39.427949887398825
339.68 39.427949887398825
339.68 39.427949887398825
339.68 39.427949887398825
339.68 39.427949887398825
339.68 39.427949887398825
339.68 39.427949887398825
339.68 39.427949887398825
339.68 39.427949887398825
339.68 39.427949887398825
339.7 39.40709570520508
339.82 39.34010727494321
339.9 39.27460947603361
339.9 39.27460947603361
339.9 39.27460947603361
339.9 39.27460947603361
339.9 39.27460947603361
340.04 39.15571607071055
340.04 39.15571607071055
340.08 39.11229107494616
340.08 39.11229107494616
340.08 39.11229107494616
340.08 39.11229107494616
340.08 39.11229107494616
340.34 38.90839280030762
340.5 38.773494018257345
340.82 39.000745913612754
340.84 38.9894365388391
340.86 38.98018662724629
340.86 38.98018662724629
340.94 38.93683566646334
341.08 38.86409368270124
341.08 38.86409368270124
341.08 38.86409368270124
341.08 38.86409368270124
341.08 38.86409368270124
341.08 38.86409368270124
341.08 38.86409368270124
341.08 38.86409368270124
341.08 38.86409368270124
341.08 38.86409368270124
341.08 38.86409368270124
341.08 38.86409368270124
341.08 38.86409368270124
341.08 38.86409368270124
341.08 38.86409368270124
341.08 38.86409368270124
341.08 38.86409368270124
341.08 38.86409368270124
341.08 38.86409368270124
341.08 38.86409368270124
341.08 38.86409368270124
341.08 38.86409368270124
341.08 38.86409368270124
341.08 38.86409368270124
341.08 38.86409368270124
341.08 38.86409368270124
341.08 38.86409368270124
341.08 38.86409368270124
341.36 38.63622626238205
341.4 38.62013919595774
341.4 38.62013919595774
341.4 38.62013919595774
341.4 38.62013919595774
341.4 38.62013919595774
341.42 38.58433763991693
341.42 38.58433763991693
341.42 38.58433763991693
341.42 38.58433763991693
341.42 38.58433763991693
341.42 38.58433763991693
341.42 38.58433763991693
341.42 38.58433763991693
341.42 38.58433763991693
341.5 38.539367253275294
341.5 38.539367253275294
341.5 38.539367253275294
341.5 38.539367253275294
341.5 38.539367253275294
341.5 38.539367253275294
341.5 38.539367253275294
341.5 38.539367253275294
341.5 38.539367253275294
341.5 38.539367253275294
341.5 38.539367253275294
341.5 38.539367253275294
341.5 38.539367253275294
341.5 38.539367253275294
341.5 38.539367253275294
341.5 38.539367253275294
341.54 38.52309290372059
341.54 38.52309290372059
341.54 38.52309290372059
341.54 38.52309290372059
341.54 38.52309290372059
341.58 38.50257239208935
341.58 38.50257239208935
341.58 38.50257239208935
341.58 38.50257239208935
341.58 38.50257239208935
341.66 38.36460384629077
341.66 38.36460384629077
341.66 38.36460384629077
341.66 38.36460384629077
341.66 38.36460384629077
341.66 38.36460384629077
341.66 38.36460384629077
341.66 38.36460384629077
341.66 38.36460384629077
341.66 38.36460384629077
341.66 38.36460384629077
341.66 38.36460384629077
341.66 38.36460384629077
341.66 38.36460384629077
341.72 38.32874280813976
341.72 38.32874280813976
341.76 38.31214697795733
341.76 38.31214697795733
341.76 38.31214697795733
341.76 38.31214697795733
341.76 38.31214697795733
341.76 38.31214697795733
341.76 38.31214697795733
341.76 38.31214697795733
341.76 38.31214697795733
341.76 38.31214697795733
341.76 38.31214697795733
341.76 38.31214697795733
341.76 38.31214697795733
341.76 38.31214697795733
341.76 38.31214697795733
341.76 38.31214697795733
341.76 38.31214697795733
341.76 38.31214697795733
341.76 38.31214697795733
341.76 38.31214697795733
341.76 38.31214697795733
341.76 38.31214697795733
341.76 38.31214697795733
341.76 38.31214697795733
341.8 38.29550175341034
341.8 38.29550175341034
341.8 38.29550175341034
341.94 38.24794706314907
341.94 38.24794706314907
341.94 38.24794706314907
341.94 38.24794706314907
341.98 38.231083656832936
341.98 38.231083656832936
341.98 38.231083656832936
341.98 38.231083656832936
341.98 38.231083656832936
341.98 38.231083656832936
342.06 38.0912832362715
342.24 37.99232245673547
342.24 37.99232245673547
342.24 37.99232245673547
342.28 37.9750263497292
342.28 37.9750263497292
342.28 37.9750263497292
342.28 37.9750263497292
342.28 37.9750263497292
342.34 37.941001514978446
342.34 37.941001514978446
342.34 37.941001514978446
342.34 37.941001514978446
342.34 37.941001514978446
342.58 37.92528007394105
342.58 37.92528007394105
342.58 37.92528007394105
342.58 37.92528007394105
342.58 37.92528007394105
342.58 37.92528007394105
342.58 37.92528007394105
342.58 37.92528007394105
342.58 37.92528007394105
342.58 37.92528007394105
342.88 37.69984593918634
342.88 37.69984593918634
342.88 37.69984593918634
342.88 37.69984593918634
342.88 37.69984593918634
342.88 37.69984593918634
342.88 37.69984593918634
342.88 37.69984593918634
342.88 37.69984593918634
342.88 37.69984593918634
342.88 37.69984593918634
342.88 37.69984593918634
342.88 37.69984593918634
342.88 37.69984593918634
342.88 37.69984593918634
342.88 37.69984593918634
342.88 37.69984593918634
342.88 37.69984593918634
342.88 37.69984593918634
342.88 37.69984593918634
343.04 37.704304070683314
343.04 37.704304070683314
343.08 37.68601809154104
343.08 37.68601809154104
343.08 37.68601809154104
343.18 37.641686541075266
343.18 37.641686541075266
343.18 37.641686541075266
343.46 37.601692418390854
343.46 37.601692418390854
343.46 37.601692418390854
343.46 37.601692418390854
343.46 37.601692418390854
343.46 37.601692418390854
343.46 37.601692418390854
343.46 37.601692418390854
343.46 37.601692418390854
343.46 37.601692418390854
343.46 37.601692418390854
343.46 37.601692418390854
343.62 37.60366949641963
343.62 37.60366949641963
343.62 37.60366949641963
343.62 37.60366949641963
344.26 38.822731027639534
344.26 38.822731027639534
344.5 38.494260361878375
344.5 38.494260361878375
344.5 38.494260361878375
344.5 38.494260361878375
345.46 39.85616056964764
345.46 39.85616056964764
345.46 39.85616056964764
345.46 39.85616056964764
345.46 39.85616056964764
346.02 40.001510072506115
346.02 40.001510072506115
346.06 39.98126328846318
346.06 39.98126328846318
346.06 39.98126328846318
346.22 39.843020249803615
346.22 39.843020249803615
346.22 39.843020249803615
346.22 39.843020249803615
346.22 39.843020249803615
346.22 39.843020249803615
346.22 39.843020249803615
346.22 39.843020249803615
346.22 39.843020249803615
346.22 39.843020249803615
346.22 39.843020249803615
346.22 39.843020249803615
346.22 39.843020249803615
346.22 39.843020249803615
346.22 39.843020249803615
346.3 39.81408816187576
346.3 39.81408816187576
346.46 39.80442592516972
346.52 39.747302811739075
346.52 39.747302811739075
346.52 39.747302811739075
346.52 39.747302811739075
346.52 39.747302811739075
346.52 39.747302811739075
346.56 39.72641794610084
346.56 39.72641794610084
346.56 39.72641794610084
346.56 39.72641794610084
346.56 39.72641794610084
346.56 39.72641794610084
346.56 39.72641794610084
346.56 39.72641794610084
346.56 39.72641794610084
346.56 39.72641794610084
346.56 39.72641794610084
346.56 39.72641794610084
346.56 39.72641794610084
346.56 39.72641794610084
346.56 39.72641794610084
346.56 39.72641794610084
346.56 39.72641794610084
346.82 39.36988029887157
346.82 39.36988029887157
346.82 39.36988029887157
347.46 40.48479450186931
347.46 40.48479450186931
347.46 40.48479450186931
347.46 40.48479450186931
347.62 40.27450756490958
347.62 40.27450756490958
347.7 40.243074565756665
347.7 40.243074565756665
347.94 40.19593928935528
348.18 40.14729949281342
348.18 40.14729949281342
348.18 40.14729949281342
348.18 40.14729949281342
348.18 40.14729949281342
348.18 40.14729949281342
348.18 40.14729949281342
348.18 40.14729949281342
348.18 40.14729949281342
348.18 40.14729949281342
348.18 40.14729949281342
348.18 40.14729949281342
348.18 40.14729949281342
348.18 40.14729949281342
348.18 40.14729949281342
348.18 40.14729949281342
348.18 40.14729949281342
348.18 40.14729949281342
348.18 40.14729949281342
348.18 40.14729949281342
348.18 40.14729949281342
348.18 40.14729949281342
348.18 40.14729949281342
348.18 40.14729949281342
348.18 40.14729949281342
348.18 40.14729949281342
348.18 40.14729949281342
348.18 40.14729949281342
348.26 40.11463875475189
348.26 40.11463875475189
348.26 40.11463875475189
348.26 40.11463875475189
348.26 40.11463875475189
348.26 40.11463875475189
348.42 40.097149700962724
348.42 40.097149700962724
348.42 40.097149700962724
348.42 40.097149700962724
348.42 40.097149700962724
348.42 40.097149700962724
348.42 40.097149700962724
348.42 40.097149700962724
348.42 40.097149700962724
348.42 40.097149700962724
348.42 40.097149700962724
348.42 40.097149700962724
348.42 40.097149700962724
348.58 40.07900783061962
348.58 40.07900783061962
348.58 40.07900783061962
348.58 40.07900783061962
348.58 40.07900783061962
348.58 40.07900783061962
348.58 40.07900783061962
348.58 40.07900783061962
348.58 40.07900783061962
348.58 40.07900783061962
348.58 40.07900783061962
348.58 40.07900783061962
348.58 40.07900783061962
348.58 40.07900783061962
348.58 40.07900783061962
348.66 40.04548424080807
348.66 40.04548424080807
348.66 40.04548424080807
348.74 39.987528358757366
348.74 39.987528358757366
348.74 39.987528358757366
348.74 39.987528358757366
348.74 39.987528358757366
348.74 39.987528358757366
348.8 39.93125405625335
348.8 39.93125405625335
348.8 39.93125405625335
348.8 39.93125405625335
348.8 39.93125405625335
348.8 39.93125405625335
348.8 39.93125405625335
348.8 39.93125405625335
348.8 39.93125405625335
348.8 39.93125405625335
348.8 39.93125405625335
348.84 39.90815718748499
348.84 39.90815718748499
349.12 39.830266142847975
349.12 39.830266142847975
349.12 39.830266142847975
349.12 39.830266142847975
349.12 39.830266142847975
349.16 39.80678587904582
349.16 39.80678587904582
349.16 39.80678587904582
349.16 39.80678587904582
349.16 39.80678587904582
349.16 39.80678587904582
349.16 39.80678587904582
349.42 39.51350108098203
349.42 39.51350108098203
349.42 39.51350108098203
349.42 39.51350108098203
349.42 39.51350108098203
349.42 39.51350108098203
349.44 39.474405465677215
349.6 39.4517990013693
349.6 39.4517990013693
349.6 39.4517990013693
349.6 39.4517990013693
349.6 39.4517990013693
349.6 39.4517990013693
349.6 39.4517990013693
349.6 39.4517990013693
349.68 39.41565089343999
349.68 39.41565089343999
349.68 39.41565089343999
349.68 39.41565089343999
349.68 39.41565089343999
349.84 39.27698068998191
349.84 39.27698068998191
349.84 39.27698068998191
349.92 39.215457682043194
350.04 39.11648493844245
350.04 39.11648493844245
350.04 39.11648493844245
350.04 39.11648493844245
350.04 39.11648493844245
350.04 39.11648493844245
350.04 39.11648493844245
350.04 39.11648493844245
350.2 39.09119097854672
350.2 39.09119097854672
350.2 39.09119097854672
350.2 39.09119097854672
350.2 39.09119097854672
351.16 40.29605590144178
351.16 40.29605590144178
351.16 40.29605590144178
351.16 40.29605590144178
351.16 40.29605590144178
351.16 40.29605590144178
351.16 40.29605590144178
351.16 40.29605590144178
351.16 40.29605590144178
351.16 40.29605590144178
351.16 40.29605590144178
351.16 40.29605590144178
351.16 40.29605590144178
351.16 40.29605590144178
351.16 40.29605590144178
351.16 40.29605590144178
351.16 40.29605590144178
351.16 40.29605590144178
351.16 40.29605590144178
351.16 40.29605590144178
351.16 40.29605590144178
351.16 40.29605590144178
351.16 40.29605590144178
351.16 40.29605590144178
351.16 40.29605590144178
351.16 40.29605590144178
351.16 40.29605590144178
351.16 40.29605590144178
351.16 40.29605590144178
351.16 40.29605590144178
351.16 40.29605590144178
351.16 40.29605590144178
351.16 40.29605590144178
351.16 40.29605590144178
351.16 40.29605590144178
351.16 40.29605590144178
351.16 40.29605590144178
351.16 40.29605590144178
351.24 40.25753458557902
351.24 40.25753458557902
351.28 40.181929704127874
351.28 40.181929704127874
351.28 40.181929704127874
351.28 40.181929704127874
351.28 40.181929704127874
351.28 40.181929704127874
351.28 40.181929704127874
351.36 40.14305731387498
351.36 40.14305731387498
351.36 40.14305731387498
351.5 39.908354609990724
351.5 39.908354609990724
351.5 39.908354609990724
351.5 39.908354609990724
351.5 39.908354609990724
351.5 39.908354609990724
351.66 39.87764620268687
351.66 39.87764620268687
351.66 39.87764620268687
351.98 40.00857988789985
351.98 40.00857988789985
351.98 40.00857988789985
351.98 40.00857988789985
351.98 40.00857988789985
351.98 40.00857988789985
352.24 39.698133686381496
352.24 39.698133686381496
352.24 39.698133686381496
352.24 39.698133686381496
352.24 39.698133686381496
352.24 39.698133686381496
352.24 39.698133686381496
352.24 39.698133686381496
352.24 39.698133686381496
352.24 39.698133686381496
352.24 39.698133686381496
352.24 39.698133686381496
352.24 39.698133686381496
352.24 39.698133686381496
352.24 39.698133686381496
352.24 39.698133686381496
352.24 39.698133686381496
352.24 39.698133686381496
352.24 39.698133686381496
352.24 39.698133686381496
352.24 39.698133686381496
352.24 39.698133686381496
352.24 39.698133686381496
352.24 39.698133686381496
352.24 39.698133686381496
352.24 39.698133686381496
352.24 39.698133686381496
352.4 39.6642474434159
352.72 39.78987232191051
352.72 39.78987232191051
352.72 39.78987232191051
352.72 39.78987232191051
352.72 39.78987232191051
352.72 39.78987232191051
352.72 39.78987232191051
352.72 39.78987232191051
352.72 39.78987232191051
353.2 39.87556402184935
353.2 39.87556402184935
353.2 39.87556402184935
353.2 39.87556402184935
353.2 39.87556402184935
353.2 39.87556402184935
353.2 39.87556402184935
353.2 39.87556402184935
353.2 39.87556402184935
353.2 39.87556402184935
353.2 39.87556402184935
353.2 39.87556402184935
353.2 39.87556402184935
354.44 40.87386856309458
354.44 40.87386856309458
354.44 40.87386856309458
354.44 40.87386856309458
354.44 40.87386856309458
354.44 40.87386856309458
354.44 40.87386856309458
354.44 40.87386856309458
354.44 40.87386856309458
354.44 40.87386856309458
354.44 40.87386856309458
354.44 40.87386856309458
354.44 40.87386856309458
354.44 40.87386856309458
354.44 40.87386856309458
354.44 40.87386856309458
354.44 40.87386856309458
354.44 40.87386856309458
354.44 40.87386856309458
354.52 40.82940117121484
354.52 40.82940117121484
354.52 40.82940117121484
354.52 40.82940117121484
354.52 40.82940117121484
354.52 40.82940117121484
354.52 40.82940117121484
354.52 40.82940117121484
354.52 40.82940117121484
354.52 40.82940117121484
354.52 40.82940117121484
354.52 40.82940117121484
354.52 40.82940117121484
354.52 40.82940117121484
354.6 40.784726790723255
354.6 40.784726790723255
354.66 40.734721991902404
354.66 40.734721991902404
354.66 40.734721991902404
354.66 40.734721991902404
354.66 40.734721991902404
354.66 40.734721991902404
354.66 40.734721991902404
354.66 40.734721991902404
354.66 40.734721991902404
354.66 40.734721991902404
354.66 40.734721991902404
354.66 40.734721991902404
354.66 40.734721991902404
354.66 40.734721991902404
354.66 40.734721991902404
354.66 40.734721991902404
354.7 40.70626487409524
354.7 40.70626487409524
354.7 40.70626487409524
354.7 40.70626487409524
354.7 40.70626487409524
354.7 40.70626487409524
354.7 40.70626487409524
354.78 40.66109748254277
354.78 40.66109748254277
354.78 40.66109748254277
354.92 40.56511911592138
354.92 40.56511911592138
354.92 40.56511911592138
354.92 40.56511911592138
354.92 40.56511911592138
354.92 40.56511911592138
354.92 40.56511911592138
354.92 40.56511911592138
354.92 40.56511911592138
354.92 40.56511911592138
354.92 40.56511911592138
354.92 40.56511911592138
354.92 40.56511911592138
354.92 40.56511911592138
354.92 40.56511911592138
354.92 40.56511911592138
355.08 40.5212701347494
355.08 40.5212701347494
355.08 40.5212701347494
355.08 40.5212701347494
355.08 40.5212701347494
355.16 40.47513764864512
355.16 40.47513764864512
355.16 40.47513764864512
355.16 40.47513764864512
355.16 40.47513764864512
355.16 40.47513764864512
355.16 40.47513764864512
355.16 40.47513764864512
355.16 40.47513764864512
355.16 40.47513764864512
355.16 40.47513764864512
355.16 40.47513764864512
355.16 40.47513764864512
355.16 40.47513764864512
355.16 40.47513764864512
355.16 40.47513764864512
355.16 40.47513764864512
355.16 40.47513764864512
355.16 40.47513764864512
355.16 40.47513764864512
355.16 40.47513764864512
355.16 40.47513764864512
355.32 40.43023171296001
355.32 40.43023171296001
355.32 40.43023171296001
355.32 40.43023171296001
355.32 40.43023171296001
355.32 40.43023171296001
355.32 40.43023171296001
355.32 40.43023171296001
355.32 40.43023171296001
355.32 40.43023171296001
355.32 40.43023171296001
355.64 40.530203228424284
355.64 40.530203228424284
355.64 40.530203228424284
355.64 40.530203228424284
355.64 40.530203228424284
355.64 40.530203228424284
355.64 40.530203228424284
355.64 40.530203228424284
355.64 40.530203228424284
355.64 40.530203228424284
355.64 40.530203228424284
355.64 40.530203228424284
355.64 40.530203228424284
355.64 40.530203228424284
355.64 40.530203228424284
355.64 40.530203228424284
355.64 40.530203228424284
355.64 40.530203228424284
355.64 40.530203228424284
355.64 40.530203228424284
355.64 40.530203228424284
355.64 40.530203228424284
355.64 40.530203228424284
355.64 40.530203228424284
355.64 40.530203228424284
355.64 40.530203228424284
355.64 40.530203228424284
355.64 40.530203228424284
355.64 40.530203228424284
355.64 40.530203228424284
355.64 40.530203228424284
355.64 40.530203228424284
355.76 40.45327021029411
355.76 40.45327021029411
355.76 40.45327021029411
355.76 40.45327021029411
355.76 40.45327021029411
355.76 40.45327021029411
355.76 40.45327021029411
355.76 40.45327021029411
355.76 40.45327021029411
355.76 40.45327021029411
355.76 40.45327021029411
355.76 40.45327021029411
355.76 40.45327021029411
355.76 40.45327021029411
355.76 40.45327021029411
355.76 40.45327021029411
355.76 40.45327021029411
355.76 40.45327021029411
356.0 40.35799396362109
356.0 40.35799396362109
356.0 40.35799396362109
356.0 40.35799396362109
356.0 40.35799396362109
356.24 40.1645906668342
356.24 40.1645906668342
356.24 40.1645906668342
356.24 40.1645906668342
356.24 40.1645906668342
356.24 40.1645906668342
356.24 40.1645906668342
356.24 40.1645906668342
356.24 40.1645906668342
356.24 40.1645906668342
356.24 40.1645906668342
356.24 40.1645906668342
356.24 40.1645906668342
356.24 40.1645906668342
356.24 40.1645906668342
356.24 40.1645906668342
356.24 40.1645906668342
356.24 40.1645906668342
356.24 40.1645906668342
356.24 40.1645906668342
356.24 40.1645906668342
356.24 40.1645906668342
356.24 40.1645906668342
356.24 40.1645906668342
356.24 40.1645906668342
356.24 40.1645906668342
356.24 40.1645906668342
356.24 40.1645906668342
356.24 40.1645906668342
356.24 40.1645906668342
356.24 40.1645906668342
356.24 40.1645906668342
356.24 40.1645906668342
356.24 40.1645906668342
356.24 40.1645906668342
356.24 40.1645906668342
356.24 40.1645906668342
356.24 40.1645906668342
356.24 40.1645906668342
356.24 40.1645906668342
356.24 40.1645906668342
356.24 40.1645906668342
356.24 40.1645906668342
356.24 40.1645906668342
356.4 40.11498624220281
356.4 40.11498624220281
356.4 40.11498624220281
356.4 40.11498624220281
356.4 40.11498624220281
356.4 40.11498624220281
356.4 40.11498624220281
356.44 40.08433533681131
356.44 40.08433533681131
356.44 40.08433533681131
356.44 40.08433533681131
356.44 40.08433533681131
356.44 40.08433533681131
356.44 40.08433533681131
356.44 40.08433533681131
356.44 40.08433533681131
356.44 40.08433533681131
356.44 40.08433533681131
356.44 40.08433533681131
356.44 40.08433533681131
356.44 40.08433533681131
356.44 40.08433533681131
356.44 40.08433533681131
356.44 40.08433533681131
356.44 40.08433533681131
356.44 40.08433533681131
356.44 40.08433533681131
356.44 40.08433533681131
356.44 40.08433533681131
356.44 40.08433533681131
356.44 40.08433533681131
356.44 40.08433533681131
356.44 40.08433533681131
356.44 40.08433533681131
356.44 40.08433533681131
356.44 40.08433533681131
356.44 40.08433533681131
356.52 40.034954424322464
356.52 40.034954424322464
356.52 40.034954424322464
356.52 40.034954424322464
356.52 40.034954424322464
356.52 40.034954424322464
356.52 40.034954424322464
356.56 40.00412099983822
356.56 40.00412099983822
356.56 40.00412099983822
356.56 40.00412099983822
356.56 40.00412099983822
356.56 40.00412099983822
356.56 40.00412099983822
356.56 40.00412099983822
356.56 40.00412099983822
356.56 40.00412099983822
356.56 40.00412099983822
356.56 40.00412099983822
356.56 40.00412099983822
356.56 40.00412099983822
356.56 40.00412099983822
356.56 40.00412099983822
356.56 40.00412099983822
356.56 40.00412099983822
356.56 40.00412099983822
356.72 39.953022919474314
356.72 39.953022919474314
356.72 39.953022919474314
356.72 39.953022919474314
356.72 39.953022919474314
356.72 39.953022919474314
356.72 39.953022919474314
356.72 39.953022919474314
356.72 39.953022919474314
356.72 39.953022919474314
356.72 39.953022919474314
356.72 39.953022919474314
356.72 39.953022919474314
356.72 39.953022919474314
356.72 39.953022919474314
356.72 39.953022919474314
356.72 39.953022919474314
356.72 39.953022919474314
356.72 39.953022919474314
356.72 39.953022919474314
356.72 39.953022919474314
356.72 39.953022919474314
356.72 39.953022919474314
356.72 39.953022919474314
356.72 39.953022919474314
356.72 39.953022919474314
356.72 39.953022919474314
356.72 39.953022919474314
356.72 39.953022919474314
356.72 39.953022919474314
356.72 39.953022919474314
357.0 39.819288762806366
357.0 39.819288762806366
357.0 39.819288762806366
357.0 39.819288762806366
357.0 39.819288762806366
357.0 39.819288762806366
357.0 39.819288762806366
357.0 39.819288762806366
357.0 39.819288762806366
357.0 39.819288762806366
357.0 39.819288762806366
357.16 39.76616499975675
357.16 39.76616499975675
357.16 39.76616499975675
357.16 39.76616499975675
357.16 39.76616499975675
357.16 39.76616499975675
357.16 39.76616499975675
357.16 39.76616499975675
357.16 39.76616499975675
357.16 39.76616499975675
357.16 39.76616499975675
357.16 39.76616499975675
357.16 39.76616499975675
357.16 39.76616499975675
357.16 39.76616499975675
357.16 39.76616499975675
357.16 39.76616499975675
357.16 39.76616499975675
357.16 39.76616499975675
357.16 39.76616499975675
357.16 39.76616499975675
357.16 39.76616499975675
357.16 39.76616499975675
357.16 39.76616499975675
357.16 39.76616499975675
357.16 39.76616499975675
357.16 39.76616499975675
357.16 39.76616499975675
357.16 39.76616499975675
357.16 39.76616499975675
357.16 39.76616499975675
357.16 39.76616499975675
357.16 39.76616499975675
357.16 39.76616499975675
357.16 39.76616499975675
357.16 39.76616499975675
357.16 39.76616499975675
357.16 39.76616499975675
357.16 39.76616499975675
357.16 39.76616499975675
357.16 39.76616499975675
357.16 39.76616499975675
357.16 39.76616499975675
357.16 39.76616499975675
357.16 39.76616499975675
357.32 39.712319031105245
357.32 39.712319031105245
357.32 39.712319031105245
357.32 39.712319031105245
357.32 39.712319031105245
357.32 39.712319031105245
357.32 39.712319031105245
357.32 39.712319031105245
357.32 39.712319031105245
357.32 39.712319031105245
357.32 39.712319031105245
357.32 39.712319031105245
358.56 40.587682860690634
359.04 40.60201517614163
359.04 40.60201517614163
359.36 40.67201157125775
359.36 40.67201157125775
359.36 40.67201157125775
359.36 40.67201157125775
359.36 40.67201157125775
359.36 40.67201157125775
359.36 40.67201157125775
359.36 40.67201157125775
359.36 40.67201157125775
359.36 40.67201157125775
359.36 40.67201157125775
359.36 40.67201157125775
359.36 40.67201157125775
359.36 40.67201157125775
359.36 40.67201157125775
359.36 40.67201157125775
359.36 40.67201157125775
359.36 40.67201157125775
359.44 40.61753614418583
359.44 40.61753614418583
359.44 40.61753614418583
359.44 40.61753614418583
359.44 40.61753614418583
359.44 40.61753614418583
359.44 40.61753614418583
359.44 40.61753614418583
359.44 40.61753614418583
359.44 40.61753614418583
359.44 40.61753614418583
359.44 40.61753614418583
359.44 40.61753614418583
359.44 40.61753614418583
359.44 40.61753614418583
359.44 40.61753614418583
359.44 40.61753614418583
359.44 40.61753614418583
359.44 40.61753614418583
359.44 40.61753614418583
359.44 40.61753614418583
359.44 40.61753614418583
359.44 40.61753614418583
359.44 40.61753614418583
359.44 40.61753614418583
359.44 40.61753614418583
359.44 40.61753614418583
359.44 40.61753614418583
359.44 40.61753614418583
359.44 40.61753614418583
359.44 40.61753614418583
359.44 40.61753614418583
359.44 40.61753614418583
359.44 40.61753614418583
359.44 40.61753614418583
359.44 40.61753614418583
359.44 40.61753614418583
359.44 40.61753614418583
359.44 40.61753614418583
359.44 40.61753614418583
359.44 40.61753614418583
359.44 40.61753614418583
359.44 40.61753614418583
359.44 40.61753614418583
359.44 40.61753614418583
359.44 40.61753614418583
359.44 40.61753614418583
359.44 40.61753614418583
360.56 41.499256412956136
360.56 41.499256412956136
360.56 41.499256412956136
360.56 41.499256412956136
360.56 41.499256412956136
360.56 41.499256412956136
360.56 41.499256412956136
360.56 41.499256412956136
360.56 41.499256412956136
360.56 41.499256412956136
360.56 41.499256412956136
360.56 41.499256412956136
360.56 41.499256412956136
360.56 41.499256412956136
360.56 41.499256412956136
360.56 41.499256412956136
360.56 41.499256412956136
360.56 41.499256412956136
360.56 41.499256412956136
360.56 41.499256412956136
360.56 41.499256412956136
360.56 41.499256412956136
360.56 41.499256412956136
360.56 41.499256412956136
360.56 41.499256412956136
360.56 41.499256412956136
360.64 41.44352857330155
360.64 41.44352857330155
360.64 41.44352857330155
360.64 41.44352857330155
360.64 41.44352857330155
360.64 41.44352857330155
360.64 41.44352857330155
360.64 41.44352857330155
360.92 41.28777547943708
360.92 41.28777547943708
360.92 41.28777547943708
360.92 41.28777547943708
360.92 41.28777547943708
360.92 41.28777547943708
360.92 41.28777547943708
360.92 41.28777547943708
360.92 41.28777547943708
360.92 41.28777547943708
360.92 41.28777547943708
360.92 41.28777547943708
360.92 41.28777547943708
360.92 41.28777547943708
360.92 41.28777547943708
360.92 41.28777547943708
361.4 41.27415117910428
361.4 41.27415117910428
361.4 41.27415117910428
361.4 41.27415117910428
361.4 41.27415117910428
361.72 41.32455429740034
361.72 41.32455429740034
361.72 41.32455429740034
361.72 41.32455429740034
361.72 41.32455429740034
361.72 41.32455429740034
361.72 41.32455429740034
361.72 41.32455429740034
361.72 41.32455429740034
361.72 41.32455429740034
361.72 41.32455429740034
361.72 41.32455429740034
361.72 41.32455429740034
361.72 41.32455429740034
361.72 41.32455429740034
362.68 42.20222599328002
362.68 42.20222599328002
362.68 42.20222599328002
362.68 42.20222599328002
362.68 42.20222599328002
363.0 42.24172861476713
363.0 42.24172861476713
363.0 42.24172861476713
363.0 42.24172861476713
363.0 42.24172861476713
363.0 42.24172861476713
363.0 42.24172861476713
363.0 42.24172861476713
363.0 42.24172861476713
363.0 42.24172861476713
363.0 42.24172861476713
363.0 42.24172861476713
363.0 42.24172861476713
363.0 42.24172861476713
363.0 42.24172861476713
363.0 42.24172861476713
363.0 42.24172861476713
363.0 42.24172861476713
363.0 42.24172861476713
363.0 42.24172861476713
363.0 42.24172861476713
363.0 42.24172861476713
363.0 42.24172861476713
363.0 42.24172861476713
363.0 42.24172861476713
363.0 42.24172861476713
363.0 42.24172861476713
363.0 42.24172861476713
363.0 42.24172861476713
363.0 42.24172861476713
363.0 42.24172861476713
363.0 42.24172861476713
363.0 42.24172861476713
363.0 42.24172861476713
363.0 42.24172861476713
363.0 42.24172861476713
363.0 42.24172861476713
363.0 42.24172861476713
363.0 42.24172861476713
363.0 42.24172861476713
363.0 42.24172861476713
363.0 42.24172861476713
363.0 42.24172861476713
363.0 42.24172861476713
363.0 42.24172861476713
363.0 42.24172861476713
363.0 42.24172861476713
363.0 42.24172861476713
363.0 42.24172861476713
363.0 42.24172861476713
363.0 42.24172861476713
363.0 42.24172861476713
363.0 42.24172861476713
363.0 42.24172861476713
363.0 42.24172861476713
363.0 42.24172861476713
363.0 42.24172861476713
363.0 42.24172861476713
363.0 42.24172861476713
363.0 42.24172861476713
363.0 42.24172861476713
363.0 42.24172861476713
363.0 42.24172861476713
363.0 42.24172861476713
363.16 42.16866566108494
363.16 42.16866566108494
363.16 42.16866566108494
363.16 42.16866566108494
363.16 42.16866566108494
363.16 42.16866566108494
363.16 42.16866566108494
363.24 42.10883445779449
363.24 42.10883445779449
363.24 42.10883445779449
363.24 42.10883445779449
363.24 42.10883445779449
363.24 42.10883445779449
363.24 42.10883445779449
363.24 42.10883445779449
363.24 42.10883445779449
363.24 42.10883445779449
363.24 42.10883445779449
363.24 42.10883445779449
363.24 42.10883445779449
363.64 41.84085287965543
363.64 41.84085287965543
363.64 41.84085287965543
363.64 41.84085287965543
363.64 41.84085287965543
363.64 41.84085287965543
363.64 41.84085287965543
363.64 41.84085287965543
363.64 41.84085287965543
363.64 41.84085287965543
363.64 41.84085287965543
363.8 41.764612152907965
363.8 41.764612152907965
363.8 41.764612152907965
363.96 41.6876117053612
363.96 41.6876117053612
363.96 41.6876117053612
363.96 41.6876117053612
363.96 41.6876117053612
363.96 41.6876117053612
363.96 41.6876117053612
363.96 41.6876117053612
363.96 41.6876117053612
363.96 41.6876117053612
364.36 41.65503352755604
364.36 41.65503352755604
364.36 41.65503352755604
364.36 41.65503352755604
364.36 41.65503352755604
364.36 41.65503352755604
364.36 41.65503352755604
364.36 41.65503352755604
364.36 41.65503352755604
364.36 41.65503352755604
364.36 41.65503352755604
364.36 41.65503352755604
364.36 41.65503352755604
364.92 41.53754052332988
364.92 41.53754052332988
364.92 41.53754052332988
364.92 41.53754052332988
364.92 41.53754052332988
364.92 41.53754052332988
364.92 41.53754052332988
364.92 41.53754052332988
364.92 41.53754052332988
364.92 41.53754052332988
364.92 41.53754052332988
364.92 41.53754052332988
364.92 41.53754052332988
364.92 41.53754052332988
364.92 41.53754052332988
364.92 41.53754052332988
364.92 41.53754052332988
364.92 41.53754052332988
365.08 41.455752241871025
365.08 41.455752241871025
365.08 41.455752241871025
366.04 42.25366399748217
366.04 42.25366399748217
366.04 42.25366399748217
366.04 42.25366399748217
366.04 42.25366399748217
366.04 42.25366399748217
366.04 42.25366399748217
366.04 42.25366399748217
366.04 42.25366399748217
366.04 42.25366399748217
366.04 42.25366399748217
366.04 42.25366399748217
366.04 42.25366399748217
366.04 42.25366399748217
366.04 42.25366399748217
366.04 42.25366399748217
366.04 42.25366399748217
366.04 42.25366399748217
366.04 42.25366399748217
366.04 42.25366399748217
366.04 42.25366399748217
366.04 42.25366399748217
366.04 42.25366399748217
366.04 42.25366399748217
366.04 42.25366399748217
366.04 42.25366399748217
366.04 42.25366399748217
