104.38 11.309047062177493
106.66 9.937400021732003
108.98 10.535155193422401
110.6 10.235608275411712
111.94 9.95121433125961
112.9 10.203485243342643
113.5 10.11998722401078
114.26 10.310943485227508
115.86 11.360946752410694
116.96 11.513645834575614
117.94 11.14986977321242
118.82 11.592735447318512
119.36 11.263169620448318
120.36 11.534331713662828
121.32 12.293449023316805
122.56 11.522766222315779
122.94 11.541598019706147
123.94 11.286731281921394
124.58 11.446123246485573
125.12 11.565605575292297
125.66 11.786158634327617
126.46 11.809446655243006
127.06 12.567249403738177
127.98 12.486744486806314
128.32 12.558453227796306
129.42 12.93431736337738
130.62 13.620231535135783
131.78 13.489674315242498
132.18 13.85085053727967
132.9 13.74625752558113
133.72 13.457062281661825
134.32 14.184128275981395
135.04 13.63145500878632
135.82 13.315427370558034
136.2 13.407370202898695
136.66 13.318340054908559
137.06 13.052976749393297
137.62 13.007208568615894
138.64 12.728334732026225
139.46 12.816829214400538
139.88 13.320660644277364
140.48 12.905624801424823
140.86 12.653118751573233
141.48 13.087491136288278
142.32 13.069263811158478
142.76 13.174140571512812
143.5 13.325376413657384
144.1 13.12373129991327
144.62 13.173879880699964
145.36 13.873541419376366
146.14 13.86880810970569
146.82 14.067930432962294
147.2 13.937812822054479
148.38 14.351137638359942
148.96 14.214745509469735
150.18 14.185196437829049
150.56 14.304283458199688
151.1 14.540434739863947
151.26 14.404418514028007
151.68 14.36527800361734
151.94 14.370157067388446
152.26 14.407223216431424
152.86 14.656346231188893
153.64 14.623573054793717
153.96 14.511521023801825
154.66 14.595017829881035
155.0 14.392759122264055
155.24 14.359820487890664
155.72 14.187830893217804
156.24 14.048343660231247
156.64 14.201664435103119
156.94 13.88976805298262
157.16 14.01638291068669
157.64 13.82832695095926
158.16 14.089698221026456
158.3 14.137492241153906
158.82 14.062185125543273
158.98 14.089167699500441
159.26 14.020634144652012
159.86 14.007948681467468
160.1 13.822467437494872
160.54 13.768225753670679
161.02 13.749549120247579
161.32 13.754617222936265
161.7 13.73743686854181
162.08 13.588230201170424
162.56 13.51416765001557
163.26 13.08759918874553
163.62 12.954294167330664
164.12 12.929708957953137
164.36 13.071304062678285
164.58 13.046288995942737
164.98 13.065476136240374
165.06 13.009569127718601
165.28 13.074827383606682
165.58 12.789816024454531
165.7 12.824770854668223
165.82 12.939938956657414
166.44 12.925833501835449
166.62 12.756285834161462
167.06 13.182342030691718
167.38 13.3051064853258
167.42 13.261305449397586
167.6 13.18094737632215
167.9 13.197413275779358
168.18 13.327559355855005
168.6 13.380220589747502
168.9 13.291981329988683
168.96 13.261869088374072
169.6 13.239060664289113
169.76 13.236863127438665
169.92 13.07297312253897
170.28 12.95530779256132
170.48 12.930646393804764
170.5 12.91268267004861
170.78 12.911180653162045
170.82 12.889883277558837
170.84 12.880742810627629
171.18 13.269833640573076
171.26 13.286751964937773
171.48 13.277519544422642
172.22 13.17449326263719
172.3 13.132964154171267
172.64 13.390423232423775
172.86 13.252040056405118
173.06 13.031291012579892
173.42 13.191043793560704
173.5 13.163693565364863
173.66 13.088834010620491
173.76 13.117279836270558
173.78 13.085252706151243
173.94 13.185406686748399
174.14 12.952921748323108
174.44 13.228619112982415
174.44 13.228619112982415
174.46 13.198882719779922
174.62 13.210632387619004
174.74 13.103026098168813
174.76 13.094157846038426
175.2 13.026778945578593
175.38 12.898030544202939
175.4 12.909944487358057
175.48 12.809781616034876
175.48 12.809781616034876
175.52 12.792421999217373
175.58 12.846553599854687
175.6 12.870763988845635
175.74 13.103026098168812
175.76 13.08335359967548
175.86 13.033771208640726
175.86 13.033771208640726
175.92 13.001693751355647
175.92 13.001693751355647
175.94 12.987810913438501
176.0 12.955245417914083
176.06 12.941062982271244
176.08 12.908129143287884
176.08 12.908129143287884
176.22 12.87357327585814
176.22 12.87357327585814
176.22 12.87357327585814
176.3 12.887626200775266
176.3 12.887626200775266
176.32 12.891842225205673
176.32 12.891842225205673
176.56 13.25455515372856
176.58 13.246062879896872
176.6 13.219208552234688
176.68 13.261076940285115
176.68 13.261076940285115
176.68 13.261076940285115
176.68 13.261076940285115
176.68 13.261076940285115
176.68 13.261076940285115
176.68 13.261076940285115
176.84 13.508485922530024
176.84 13.508485922530024
176.94 13.51229892439559
177.0 13.512433481274147
177.06 13.51229892439559
177.06 13.51229892439559
177.08 13.562932253503712
177.2 13.481000472419458
177.26 13.631973704152578
177.26 13.631973704152578
177.32 13.64845793635325
177.32 13.64845793635325
177.34 13.645008707445466
177.34 13.645008707445466
177.36 13.61781364554709
177.36 13.61781364554709
177.36 13.61781364554709
177.42 13.553619666369793
177.42 13.553619666369793
177.42 13.553619666369793
177.42 13.553619666369793
177.44 13.538064555880648
177.44 13.538064555880648
177.44 13.538064555880648
177.48 13.515782020895559
177.5 13.512059708858512
177.5 13.512059708858512
177.5 13.512059708858512
177.5 13.512059708858512
177.5 13.512059708858512
177.52 13.51428723965713
177.56 13.48273868411913
177.56 13.48273868411913
177.58 13.457887927707953
177.58 13.457887927707953
177.6 13.43596861135261
177.6 13.43596861135261
177.6 13.43596861135261
177.6 13.43596861135261
177.6 13.43596861135261
177.62 13.441064772636958
177.64 13.440117844601204
177.78 13.641573415575097
177.78 13.641573415575097
177.86 13.538586829257076
177.86 13.538586829257076
177.94 13.446354317972007
178.0 13.387767671733897
178.0 13.387767671733897
178.0 13.387767671733897
178.0 13.387767671733897
178.0 13.387767671733897
178.0 13.387767671733897
178.0 13.387767671733897
178.0 13.387767671733897
178.0 13.387767671733897
178.0 13.387767671733897
178.0 13.387767671733897
178.0 13.387767671733897
178.0 13.387767671733897
178.06 13.419283576896783
178.06 13.419283576896783
178.06 13.419283576896783
178.06 13.419283576896783
178.12 13.323693484946585
178.12 13.323693484946585
178.18 13.236298423637779
178.18 13.236298423637779
178.24 13.249067053108963
178.28 13.25132354738861
178.28 13.25132354738861
178.28 13.25132354738861
178.3 13.270686158262926
178.3 13.270686158262926
178.3 13.270686158262926
178.32 13.247359180324404
178.38 13.186142098215969
178.38 13.186142098215969
178.38 13.186142098215969
178.52 13.362453050063511
178.52 13.362453050063511
178.58 13.391675387977772
178.58 13.391675387977772
178.58 13.391675387977772
178.72 13.708421064470121
178.72 13.708421064470121
178.72 13.708421064470121
178.78 13.8764970982295
178.78 13.8764970982295
178.78 13.8764970982295
178.8 13.862237054733123
178.8 13.862237054733123
178.8 13.862237054733123
178.86 14.036762699095084
178.86 14.036762699095084
178.92 14.097553337406106
178.92 14.097553337406106
178.92 14.097553337406106
178.92 14.097553337406106
178.92 14.097553337406106
178.92 14.097553337406106
178.98 14.192030769898205
179.04 14.217587628701223
179.04 14.217587628701223
179.04 14.217587628701223
179.04 14.217587628701223
179.04 14.217587628701223
179.04 14.217587628701223
179.04 14.217587628701223
179.04 14.217587628701223
179.04 14.217587628701223
179.04 14.217587628701223
179.04 14.217587628701223
179.04 14.217587628701223
179.06 14.279900404258969
179.06 14.279900404258969
179.06 14.279900404258969
179.08 14.27980137371411
179.08 14.27980137371411
179.08 14.27980137371411
179.08 14.27980137371411
179.08 14.27980137371411
179.08 14.27980137371411
179.08 14.27980137371411
179.08 14.27980137371411
179.08 14.27980137371411
179.08 14.27980137371411
179.08 14.27980137371411
179.14 14.355528973925422
179.14 14.355528973925422
179.16 14.338420520765288
179.16 14.338420520765288
179.16 14.338420520765288
179.16 14.338420520765288
179.16 14.338420520765288
179.16 14.338420520765288
179.16 14.338420520765288
179.16 14.338420520765288
179.16 14.338420520765288
179.16 14.338420520765288
179.16 14.338420520765288
179.16 14.338420520765288
179.16 14.338420520765288
179.16 14.338420520765288
179.16 14.338420520765288
179.16 14.338420520765288
179.16 14.338420520765288
179.16 14.338420520765288
179.16 14.338420520765288
179.16 14.338420520765288
179.16 14.338420520765288
179.16 14.338420520765288
179.18 14.324084401433623
179.24 14.297785376297503
179.24 14.297785376297503
179.24 14.297785376297503
179.26 14.29460589088617
179.26 14.29460589088617
179.26 14.29460589088617
179.26 14.29460589088617
179.26 14.29460589088617
179.26 14.29460589088617
179.3 14.234330388752454
179.3 14.234330388752454
179.3 14.234330388752454
179.3 14.234330388752454
179.3 14.234330388752454
179.3 14.234330388752454
179.3 14.234330388752454
179.3 14.234330388752454
179.36 14.164630869767413
179.36 14.164630869767413
179.36 14.164630869767413
179.38 14.146977404978418
179.38 14.146977404978418
179.38 14.146977404978418
179.38 14.146977404978418
179.38 14.146977404978418
179.4 14.132132596220986
179.4 14.132132596220986
179.4 14.132132596220986
179.48 14.057946456928144
179.48 14.057946456928144
179.48 14.057946456928144
179.48 14.057946456928144
179.48 14.057946456928144
179.48 14.057946456928144
179.48 14.057946456928144
179.48 14.057946456928144
179.48 14.057946456928144
179.5 14.048616884363968
179.5 14.048616884363968
179.5 14.048616884363968
179.5 14.048616884363968
179.52 14.04788348125903
179.52 14.04788348125903
179.52 14.04788348125903
179.52 14.04788348125903
179.52 14.04788348125903
179.52 14.04788348125903
179.52 14.04788348125903
179.52 14.04788348125903
179.52 14.04788348125903
179.52 14.04788348125903
179.52 14.04788348125903
179.52 14.04788348125903
179.52 14.04788348125903
179.52 14.04788348125903
179.52 14.04788348125903
179.58 14.036877836397215
179.58 14.036877836397215
179.58 14.036877836397215
179.58 14.036877836397215
179.58 14.036877836397215
179.58 14.036877836397215
179.58 14.036877836397215
179.58 14.036877836397215
179.58 14.036877836397215
179.58 14.036877836397215
179.64 14.00830922248389
179.64 14.00830922248389
179.64 14.00830922248389
179.64 14.00830922248389
179.64 14.00830922248389
179.64 14.00830922248389
179.64 14.00830922248389
179.64 14.00830922248389
179.64 14.00830922248389
179.64 14.00830922248389
179.64 14.00830922248389
179.64 14.00830922248389
179.64 14.00830922248389
179.64 14.00830922248389
179.64 14.00830922248389
179.64 14.00830922248389
179.64 14.00830922248389
179.64 14.00830922248389
179.64 14.00830922248389
179.64 14.00830922248389
179.64 14.00830922248389
179.64 14.00830922248389
179.64 14.00830922248389
179.64 14.00830922248389
179.64 14.00830922248389
179.64 14.00830922248389
179.64 14.00830922248389
179.64 14.00830922248389
179.64 14.00830922248389
179.64 14.00830922248389
179.64 14.00830922248389
179.64 14.00830922248389
179.64 14.00830922248389
179.64 14.00830922248389
179.64 14.00830922248389
179.64 14.00830922248389
179.64 14.00830922248389
179.64 14.00830922248389
179.64 14.00830922248389
179.64 14.00830922248389
179.64 14.00830922248389
179.64 14.00830922248389
179.64 14.00830922248389
179.64 14.00830922248389
179.64 14.00830922248389
179.64 14.00830922248389
179.64 14.00830922248389
179.64 14.00830922248389
179.64 14.00830922248389
179.64 14.00830922248389
179.64 14.00830922248389
179.64 14.00830922248389
179.64 14.00830922248389
179.64 14.00830922248389
179.64 14.00830922248389
179.64 14.00830922248389
179.64 14.00830922248389
179.64 14.00830922248389
179.64 14.00830922248389
179.64 14.00830922248389
179.64 14.00830922248389
179.64 14.00830922248389
179.64 14.00830922248389
179.64 14.00830922248389
179.64 14.00830922248389
179.64 14.00830922248389
179.64 14.00830922248389
179.64 14.00830922248389
179.64 14.00830922248389
179.64 14.00830922248389
179.64 14.00830922248389
179.64 14.00830922248389
179.64 14.00830922248389
179.64 14.00830922248389
179.64 14.00830922248389
179.64 14.00830922248389
179.64 14.00830922248389
179.64 14.00830922248389
179.64 14.00830922248389
179.64 14.00830922248389
179.64 14.00830922248389
179.64 14.00830922248389
179.64 14.00830922248389
179.64 14.00830922248389
179.72 13.963936234153863
179.72 13.963936234153863
179.72 13.963936234153863
179.72 13.963936234153863
179.72 13.963936234153863
179.72 13.963936234153863
179.72 13.963936234153863
179.72 13.963936234153863
179.72 13.963936234153863
179.72 13.963936234153863
179.72 13.963936234153863
179.72 13.963936234153863
179.72 13.963936234153863
179.72 13.963936234153863
179.72 13.963936234153863
179.72 13.963936234153863
179.72 13.963936234153863
179.72 13.963936234153863
179.72 13.963936234153863
179.72 13.963936234153863
179.78 13.960680716233218
179.78 13.960680716233218
179.78 13.960680716233218
179.78 13.960680716233218
179.78 13.960680716233218
179.78 13.960680716233218
179.8 13.965325024155476
179.8 13.965325024155476
179.8 13.965325024155476
179.8 13.965325024155476
179.8 13.965325024155476
179.8 13.965325024155476
179.8 13.965325024155476
179.8 13.965325024155476
179.8 13.965325024155476
179.8 13.965325024155476
179.8 13.965325024155476
179.8 13.965325024155476
179.8 13.965325024155476
179.8 13.965325024155476
179.8 13.965325024155476
179.8 13.965325024155476
179.8 13.965325024155476
179.8 13.965325024155476
179.86 13.996406465210773
179.86 13.996406465210773
179.86 13.996406465210773
179.9 13.990978334179308
179.92 13.992552131456048
179.92 13.992552131456048
179.92 13.992552131456048
179.92 13.992552131456048
179.92 13.992552131456048
179.92 13.992552131456048
179.92 13.992552131456048
179.92 13.992552131456048
179.92 13.992552131456048
179.92 13.992552131456048
179.92 13.992552131456048
179.92 13.992552131456048
179.92 13.992552131456048
179.92 13.992552131456048
179.92 13.992552131456048
179.92 13.992552131456048
179.92 13.992552131456048
179.92 13.992552131456048
179.92 13.992552131456048
180.06 14.083316299075227
180.06 14.083316299075227
180.06 14.083316299075227
180.12 14.164459721144292
180.12 14.164459721144292
180.18 14.270390338180677
180.18 14.270390338180677
180.18 14.270390338180677
180.18 14.270390338180677
180.18 14.270390338180677
180.18 14.270390338180677
180.2 14.311117385029059
180.2 14.311117385029059
180.2 14.311117385029059
180.2 14.311117385029059
180.2 14.311117385029059
180.2 14.311117385029059
180.2 14.311117385029059
180.2 14.311117385029059
180.2 14.311117385029059
180.2 14.311117385029059
180.24 14.282234496822342
180.24 14.282234496822342
180.24 14.282234496822342
180.26 14.305907517490455
180.26 14.305907517490455
180.26 14.305907517490455
180.26 14.305907517490455
180.26 14.305907517490455
180.26 14.305907517490455
180.26 14.305907517490455
180.26 14.305907517490455
180.28 14.349237124690848
180.28 14.349237124690848
180.28 14.349237124690848
180.28 14.349237124690848
180.28 14.349237124690848
180.28 14.349237124690848
180.28 14.349237124690848
180.58 14.487319429156805
180.58 14.487319429156805
180.58 14.487319429156805
180.58 14.487319429156805
180.64 14.572369038489914
180.64 14.572369038489914
180.64 14.572369038489914
180.64 14.572369038489914
180.64 14.572369038489914
180.64 14.572369038489914
180.64 14.572369038489914
180.64 14.572369038489914
180.64 14.572369038489914
180.64 14.572369038489914
180.64 14.572369038489914
180.64 14.572369038489914
180.64 14.572369038489914
180.64 14.572369038489914
180.64 14.572369038489914
180.64 14.572369038489914
180.64 14.572369038489914
180.64 14.572369038489914
180.64 14.572369038489914
180.64 14.572369038489914
180.64 14.572369038489914
180.64 14.572369038489914
180.64 14.572369038489914
180.64 14.572369038489914
180.64 14.572369038489914
180.64 14.572369038489914
180.64 14.572369038489914
180.64 14.572369038489914
180.64 14.572369038489914
180.64 14.572369038489914
180.64 14.572369038489914
180.64 14.572369038489914
180.64 14.572369038489914
180.66 14.556209407783065
180.66 14.556209407783065
180.66 14.556209407783065
180.66 14.556209407783065
180.66 14.556209407783065
180.66 14.556209407783065
180.66 14.556209407783065
180.66 14.556209407783065
180.66 14.556209407783065
180.66 14.556209407783065
180.66 14.556209407783065
180.72 14.5241561238893
180.72 14.5241561238893
180.72 14.5241561238893
180.72 14.5241561238893
180.72 14.5241561238893
180.72 14.5241561238893
180.72 14.5241561238893
180.74 14.507831392636593
180.74 14.507831392636593
180.88 14.470646010444591
180.88 14.470646010444591
180.96 14.57680459919911
180.96 14.57680459919911
180.96 14.57680459919911
180.96 14.57680459919911
180.98 14.585159193058841
180.98 14.585159193058841
180.98 14.585159193058841
180.98 14.585159193058841
180.98 14.585159193058841
180.98 14.585159193058841
180.98 14.585159193058841
180.98 14.585159193058841
180.98 14.585159193058841
180.98 14.585159193058841
181.0 14.59624969129074
181.0 14.59624969129074
181.0 14.59624969129074
181.0 14.59624969129074
181.0 14.59624969129074
181.02 14.585159193058836
181.02 14.585159193058836
181.02 14.585159193058836
181.02 14.585159193058836
181.02 14.585159193058836
181.02 14.585159193058836
181.02 14.585159193058836
181.02 14.585159193058836
181.02 14.585159193058836
181.02 14.585159193058836
181.02 14.585159193058836
181.02 14.585159193058836
181.02 14.585159193058836
181.02 14.585159193058836
181.02 14.585159193058836
181.08 14.576638290030514
181.08 14.576638290030514
181.08 14.576638290030514
181.08 14.576638290030514
181.08 14.576638290030514
181.08 14.576638290030514
181.08 14.576638290030514
181.08 14.576638290030514
181.08 14.576638290030514
181.08 14.576638290030514
181.08 14.576638290030514
181.1 14.609738000540752
181.1 14.609738000540752
181.16 14.658896013112049
181.16 14.658896013112049
181.18 14.650390417799088
181.2 14.685937752720037
181.2 14.685937752720037
181.2 14.685937752720037
181.2 14.685937752720037
181.2 14.685937752720037
181.2 14.685937752720037
181.2 14.685937752720037
181.34 14.702586867829098
181.34 14.702586867829098
181.36 14.71584043118026
181.36 14.71584043118026
181.36 14.71584043118026
181.36 14.71584043118026
181.36 14.71584043118026
181.36 14.71584043118026
181.36 14.71584043118026
181.36 14.71584043118026
181.36 14.71584043118026
181.36 14.71584043118026
181.36 14.71584043118026
181.36 14.71584043118026
181.36 14.71584043118026
181.38 14.753722351743075
181.38 14.753722351743075
181.38 14.753722351743075
181.38 14.753722351743075
181.4 14.76961117096229
181.4 14.76961117096229
181.42 14.788188024585871
181.42 14.788188024585871
181.42 14.788188024585871
181.42 14.788188024585871
181.42 14.788188024585871
181.42 14.788188024585871
181.44 14.828528333089986
181.44 14.828528333089986
181.46 14.871449156017043
181.52 15.015466773438726
181.54 15.017444401882646
181.56 15.038213949398342
181.56 15.038213949398342
181.68 15.009007396570333
181.74 15.030353127971248
181.76 15.042780744438588
181.76 15.042780744438588
181.76 15.042780744438588
181.76 15.042780744438588
181.82 15.087877266336724
181.82 15.087877266336724
181.82 15.087877266336724
181.82 15.087877266336724
181.82 15.087877266336724
181.82 15.087877266336724
181.82 15.087877266336724
181.82 15.087877266336724
181.82 15.087877266336724
181.82 15.087877266336724
181.82 15.087877266336724
181.82 15.087877266336724
181.82 15.087877266336724
181.82 15.087877266336724
181.82 15.087877266336724
181.82 15.087877266336724
181.82 15.087877266336724
181.82 15.087877266336724
181.82 15.087877266336724
181.82 15.087877266336724
181.88 15.156610052476386
181.88 15.156610052476386
181.94 15.23275312203174
181.94 15.23275312203174
181.94 15.23275312203174
181.94 15.23275312203174
181.96 15.260644571159922
181.96 15.260644571159922
182.02 15.359648038896847
182.02 15.359648038896847
182.02 15.359648038896847
182.02 15.359648038896847
182.02 15.359648038896847
182.02 15.359648038896847
182.16 15.677765249943096
182.16 15.677765249943096
182.16 15.677765249943096
182.16 15.677765249943096
182.16 15.677765249943096
182.16 15.677765249943096
182.16 15.677765249943096
182.16 15.677765249943096
182.16 15.677765249943096
182.16 15.677765249943096
182.16 15.677765249943096
182.16 15.677765249943096
182.16 15.677765249943096
182.16 15.677765249943096
182.16 15.677765249943096
182.16 15.677765249943096
182.16 15.677765249943096
182.16 15.677765249943096
182.16 15.677765249943096
182.16 15.677765249943096
182.16 15.677765249943096
182.16 15.677765249943096
182.16 15.677765249943096
182.16 15.677765249943096
182.16 15.677765249943096
182.16 15.677765249943096
182.16 15.677765249943096
182.16 15.677765249943096
182.16 15.677765249943096
182.3 15.648603384289215
182.44 15.744372090536116
182.44 15.744372090536116
182.44 15.744372090536116
182.44 15.744372090536116
182.44 15.744372090536116
182.44 15.744372090536116
182.44 15.744372090536116
182.44 15.744372090536116
182.44 15.744372090536116
182.44 15.744372090536116
182.44 15.744372090536116
182.44 15.744372090536116
182.44 15.744372090536116
182.44 15.744372090536116
182.44 15.744372090536116
182.46 15.768156121587184
182.46 15.768156121587184
182.46 15.768156121587184
182.46 15.768156121587184
182.46 15.768156121587184
182.46 15.768156121587184
182.46 15.768156121587184
182.46 15.768156121587184
182.46 15.768156121587184
182.46 15.768156121587184
182.46 15.768156121587184
182.46 15.768156121587184
182.46 15.768156121587184
182.46 15.768156121587184
182.46 15.768156121587184
182.46 15.768156121587184
182.46 15.768156121587184
182.46 15.768156121587184
182.46 15.768156121587184
182.46 15.768156121587184
182.46 15.768156121587184
182.46 15.768156121587184
182.46 15.768156121587184
182.46 15.768156121587184
182.46 15.768156121587184
182.46 15.768156121587184
182.46 15.768156121587184
182.46 15.768156121587184
182.46 15.768156121587184
182.46 15.768156121587184
182.46 15.768156121587184
182.46 15.768156121587184
182.46 15.768156121587184
182.46 15.768156121587184
182.46 15.768156121587184
182.46 15.768156121587184
182.46 15.768156121587184
182.46 15.768156121587184
182.52 15.854438883897222
182.52 15.854438883897222
182.52 15.854438883897222
182.52 15.854438883897222
182.52 15.854438883897222
182.52 15.854438883897222
182.52 15.854438883897222
182.52 15.854438883897222
182.52 15.854438883897222
182.52 15.854438883897222
182.52 15.854438883897222
182.52 15.854438883897222
182.52 15.854438883897222
182.52 15.854438883897222
182.52 15.854438883897222
182.52 15.854438883897222
182.52 15.854438883897222
182.52 15.854438883897222
182.52 15.854438883897222
182.52 15.854438883897222
182.52 15.854438883897222
182.52 15.854438883897222
182.52 15.854438883897222
182.52 15.854438883897222
182.52 15.854438883897222
182.52 15.854438883897222
182.52 15.854438883897222
182.52 15.854438883897222
182.52 15.854438883897222
182.52 15.854438883897222
182.52 15.854438883897222
182.52 15.854438883897222
182.52 15.854438883897222
182.52 15.854438883897222
182.52 15.854438883897222
182.52 15.854438883897222
182.52 15.854438883897222
182.52 15.854438883897222
182.52 15.854438883897222
182.52 15.854438883897222
182.52 15.854438883897222
182.52 15.854438883897222
182.52 15.854438883897222
182.52 15.854438883897222
182.52 15.854438883897222
182.52 15.854438883897222
182.52 15.854438883897222
182.52 15.854438883897222
182.52 15.854438883897222
182.52 15.854438883897222
182.52 15.854438883897222
182.52 15.854438883897222
182.52 15.854438883897222
182.52 15.854438883897222
182.52 15.854438883897222
182.52 15.854438883897222
182.52 15.854438883897222
182.52 15.854438883897222
182.52 15.854438883897222
182.52 15.854438883897222
182.52 15.854438883897222
182.52 15.854438883897222
182.52 15.854438883897222
182.52 15.854438883897222
182.52 15.854438883897222
182.52 15.854438883897222
182.52 15.854438883897222
182.52 15.854438883897222
182.52 15.854438883897222
182.52 15.854438883897222
182.52 15.854438883897222
182.52 15.854438883897222
182.52 15.854438883897222
182.52 15.854438883897222
182.52 15.854438883897222
182.52 15.854438883897222
182.52 15.854438883897222
182.58 15.840862643585078
182.58 15.840862643585078
182.58 15.840862643585078
182.58 15.840862643585078
182.58 15.840862643585078
182.58 15.840862643585078
182.64 15.850003983047648
182.64 15.850003983047648
182.64 15.850003983047648
182.64 15.850003983047648
182.64 15.850003983047648
182.7 15.789972524460966
182.7 15.789972524460966
182.7 15.789972524460966
182.7 15.789972524460966
182.7 15.789972524460966
182.7 15.789972524460966
182.7 15.789972524460966
182.72 15.77498339175357
182.72 15.77498339175357
182.72 15.77498339175357
182.72 15.77498339175357
182.72 15.77498339175357
182.72 15.77498339175357
182.72 15.77498339175357
182.72 15.77498339175357
182.72 15.77498339175357
182.72 15.77498339175357
182.72 15.77498339175357
182.72 15.77498339175357
182.72 15.77498339175357
182.74 15.767643636846499
182.74 15.767643636846499
182.88 15.733436055134627
182.88 15.733436055134627
182.94 15.75687760691159
182.94 15.75687760691159
182.94 15.75687760691159
182.94 15.75687760691159
182.96 15.764632452538702
182.98 15.77748043538286
183.0 15.78773337919428
183.0 15.78773337919428
183.0 15.78773337919428
183.0 15.78773337919428
183.0 15.78773337919428
183.0 15.78773337919428
183.0 15.78773337919428
183.06 15.779938676891764
183.06 15.779938676891764
183.06 15.779938676891764
183.06 15.779938676891764
183.2 15.634719199411432
183.2 15.634719199411432
183.22 15.64736399525492
183.22 15.64736399525492
183.26 15.651907941916297
183.26 15.651907941916297
183.28 15.669619322018315
183.28 15.669619322018315
183.28 15.669619322018315
183.28 15.669619322018315
183.28 15.669619322018315
183.28 15.669619322018315
183.28 15.669619322018315
183.28 15.669619322018315
183.42 15.738507110288642
183.42 15.738507110288642
183.48 15.805944413032677
183.48 15.805944413032677
183.48 15.805944413032677
183.48 15.805944413032677
183.48 15.805944413032677
183.48 15.805944413032677
183.5 15.797647184491003
183.5 15.797647184491003
183.5 15.797647184491003
183.5 15.797647184491003
183.5 15.797647184491003
183.5 15.797647184491003
183.5 15.797647184491003
183.5 15.797647184491003
183.5 15.797647184491003
183.5 15.797647184491003
183.5 15.797647184491003
183.5 15.797647184491003
183.52 15.791878746477076
183.52 15.791878746477076
183.52 15.791878746477076
183.52 15.791878746477076
183.52 15.791878746477076
183.52 15.791878746477076
183.52 15.791878746477076
183.52 15.791878746477076
183.52 15.791878746477076
183.52 15.791878746477076
183.52 15.791878746477076
183.52 15.791878746477076
183.52 15.791878746477076
183.6 15.870689584223735
183.6 15.870689584223735
183.6 15.870689584223735
183.6 15.870689584223735
183.6 15.870689584223735
183.6 15.870689584223735
183.6 15.870689584223735
183.6 15.870689584223735
183.6 15.870689584223735
183.6 15.870689584223735
183.6 15.870689584223735
183.6 15.870689584223735
183.62 15.890267652264574
183.62 15.890267652264574
183.62 15.890267652264574
183.62 15.890267652264574
183.68 15.986661106476657
183.68 15.986661106476657
183.74 15.983969241939644
183.74 15.983969241939644
183.74 15.983969241939644
183.74 15.983969241939644
183.74 15.983969241939644
183.74 15.983969241939644
183.74 15.983969241939644
183.76 15.988076365172441
183.76 15.988076365172441
183.84 16.00929023215501
183.84 16.00929023215501
183.84 16.00929023215501
183.84 16.00929023215501
183.84 16.00929023215501
183.84 16.00929023215501
183.84 16.00929023215501
183.84 16.00929023215501
183.86 16.02083239744648
183.86 16.02083239744648
183.86 16.02083239744648
183.86 16.02083239744648
183.86 16.02083239744648
183.86 16.02083239744648
183.86 16.02083239744648
183.86 16.02083239744648
183.86 16.02083239744648
183.86 16.02083239744648
183.86 16.02083239744648
183.86 16.02083239744648
183.86 16.02083239744648
183.86 16.02083239744648
183.86 16.02083239744648
183.86 16.02083239744648
183.88 16.03486101208138
183.88 16.03486101208138
183.88 16.03486101208138
183.88 16.03486101208138
183.9 16.05136955672209
183.9 16.05136955672209
183.9 16.05136955672209
183.96 16.11569283510813
183.96 16.11569283510813
183.96 16.11569283510813
183.96 16.11569283510813
183.96 16.11569283510813
183.96 16.11569283510813
183.96 16.11569283510813
183.96 16.11569283510813
183.96 16.11569283510813
183.96 16.11569283510813
183.96 16.11569283510813
183.96 16.11569283510813
183.96 16.11569283510813
183.96 16.11569283510813
183.96 16.11569283510813
183.96 16.11569283510813
183.96 16.11569283510813
183.96 16.11569283510813
183.96 16.11569283510813
183.96 16.11569283510813
183.96 16.11569283510813
183.96 16.11569283510813
183.96 16.11569283510813
184.1 16.350640181455717
184.16 16.48673785964116
184.16 16.48673785964116
184.16 16.48673785964116
184.16 16.48673785964116
184.16 16.48673785964116
184.16 16.48673785964116
184.16 16.48673785964116
184.16 16.48673785964116
184.16 16.48673785964116
184.16 16.48673785964116
184.16 16.48673785964116
184.16 16.48673785964116
184.16 16.48673785964116
184.16 16.48673785964116
184.16 16.48673785964116
184.16 16.48673785964116
184.16 16.48673785964116
184.16 16.48673785964116
184.16 16.48673785964116
184.16 16.48673785964116
184.16 16.48673785964116
184.16 16.48673785964116
184.16 16.48673785964116
184.16 16.48673785964116
184.16 16.48673785964116
184.16 16.48673785964116
184.16 16.48673785964116
184.16 16.48673785964116
184.16 16.48673785964116
184.16 16.48673785964116
184.16 16.48673785964116
184.16 16.48673785964116
184.16 16.48673785964116
184.16 16.48673785964116
184.16 16.48673785964116
184.16 16.48673785964116
184.16 16.48673785964116
184.16 16.48673785964116
184.16 16.48673785964116
184.16 16.48673785964116
184.16 16.48673785964116
184.16 16.48673785964116
184.16 16.48673785964116
184.16 16.48673785964116
184.16 16.48673785964116
184.16 16.48673785964116
184.22 16.423425004818238
184.22 16.423425004818238
184.22 16.423425004818238
184.22 16.423425004818238
184.22 16.423425004818238
184.22 16.423425004818238
184.22 16.423425004818238
184.22 16.423425004818238
184.22 16.423425004818238
184.28 16.381857419879243
184.28 16.381857419879243
184.3 16.372864962208258
184.3 16.372864962208258
184.3 16.372864962208258
184.3 16.372864962208258
184.3 16.372864962208258
184.3 16.372864962208258
184.3 16.372864962208258
184.3 16.372864962208258
184.3 16.372864962208258
184.3 16.372864962208258
184.3 16.372864962208258
184.3 16.372864962208258
184.3 16.372864962208258
184.3 16.372864962208258
184.3 16.372864962208258
184.3 16.372864962208258
184.3 16.372864962208258
184.3 16.372864962208258
184.3 16.372864962208258
184.3 16.372864962208258
184.3 16.372864962208258
184.3 16.372864962208258
184.3 16.372864962208258
184.3 16.372864962208258
184.3 16.372864962208258
184.32 16.366311790264827
184.32 16.366311790264827
184.32 16.366311790264827
184.32 16.366311790264827
184.32 16.366311790264827
184.32 16.366311790264827
184.32 16.366311790264827
184.32 16.366311790264827
184.32 16.366311790264827
184.32 16.366311790264827
184.32 16.366311790264827
184.32 16.366311790264827
184.32 16.366311790264827
184.32 16.366311790264827
184.32 16.366311790264827
184.32 16.366311790264827
184.32 16.366311790264827
184.32 16.366311790264827
184.32 16.366311790264827
184.32 16.366311790264827
184.32 16.366311790264827
184.32 16.366311790264827
184.32 16.366311790264827
184.32 16.366311790264827
184.32 16.366311790264827
184.32 16.366311790264827
184.32 16.366311790264827
184.32 16.366311790264827
184.32 16.366311790264827
184.32 16.366311790264827
184.32 16.366311790264827
184.32 16.366311790264827
184.32 16.366311790264827
184.32 16.366311790264827
184.32 16.366311790264827
184.32 16.366311790264827
184.32 16.366311790264827
184.32 16.366311790264827
184.32 16.366311790264827
184.32 16.366311790264827
184.32 16.366311790264827
184.32 16.366311790264827
184.32 16.366311790264827
184.32 16.366311790264827
184.32 16.366311790264827
184.32 16.366311790264827
184.32 16.366311790264827
184.32 16.366311790264827
184.32 16.366311790264827
184.32 16.366311790264827
184.32 16.366311790264827
184.36 16.390142393425617
184.36 16.390142393425617
184.36 16.390142393425617
184.36 16.390142393425617
184.36 16.390142393425617
184.36 16.390142393425617
184.36 16.390142393425617
184.36 16.390142393425617
184.36 16.390142393425617
184.36 16.390142393425617
184.36 16.390142393425617
184.5 16.54958878307521
184.5 16.54958878307521
184.5 16.54958878307521
184.5 16.54958878307521
184.5 16.54958878307521
184.5 16.54958878307521
184.5 16.54958878307521
184.5 16.54958878307521
184.5 16.54958878307521
184.5 16.54958878307521
184.5 16.54958878307521
184.5 16.54958878307521
184.5 16.54958878307521
184.5 16.54958878307521
184.5 16.54958878307521
184.5 16.54958878307521
184.5 16.54958878307521
184.5 16.54958878307521
184.5 16.54958878307521
184.5 16.54958878307521
184.5 16.54958878307521
184.5 16.54958878307521
184.5 16.54958878307521
184.5 16.54958878307521
184.5 16.54958878307521
184.5 16.54958878307521
184.5 16.54958878307521
184.5 16.54958878307521
184.5 16.54958878307521
184.5 16.54958878307521
184.5 16.54958878307521
184.5 16.54958878307521
184.5 16.54958878307521
184.5 16.54958878307521
184.5 16.54958878307521
184.5 16.54958878307521
184.5 16.54958878307521
184.5 16.54958878307521
184.5 16.54958878307521
184.5 16.54958878307521
184.5 16.54958878307521
184.5 16.54958878307521
184.5 16.54958878307521
184.5 16.54958878307521
184.5 16.54958878307521
184.5 16.54958878307521
184.5 16.54958878307521
184.5 16.54958878307521
184.5 16.54958878307521
184.5 16.54958878307521
184.5 16.54958878307521
184.5 16.54958878307521
184.5 16.54958878307521
184.5 16.54958878307521
184.5 16.54958878307521
184.5 16.54958878307521
184.5 16.54958878307521
184.52 16.581893496196145
184.52 16.581893496196145
184.52 16.581893496196145
184.52 16.581893496196145
184.52 16.581893496196145
184.52 16.581893496196145
184.52 16.581893496196145
184.52 16.581893496196145
184.52 16.581893496196145
184.52 16.581893496196145
184.58 16.69281585024231
184.58 16.69281585024231
184.58 16.69281585024231
184.58 16.69281585024231
184.58 16.69281585024231
184.58 16.69281585024231
184.58 16.69281585024231
184.58 16.69281585024231
184.58 16.69281585024231
184.58 16.69281585024231
184.58 16.69281585024231
184.58 16.69281585024231
184.58 16.69281585024231
184.58 16.69281585024231
184.58 16.69281585024231
184.62 16.65743987022925
184.62 16.65743987022925
184.62 16.65743987022925
184.62 16.65743987022925
184.62 16.65743987022925
184.62 16.65743987022925
184.62 16.65743987022925
184.62 16.65743987022925
184.62 16.65743987022925
184.62 16.65743987022925
184.62 16.65743987022925
184.62 16.65743987022925
184.62 16.65743987022925
184.62 16.65743987022925
184.62 16.65743987022925
184.64 16.643329115306354
184.64 16.643329115306354
184.64 16.643329115306354
184.64 16.643329115306354
184.64 16.643329115306354
184.64 16.643329115306354
184.64 16.643329115306354
184.74 16.60389390863761
184.74 16.60389390863761
184.74 16.60389390863761
184.74 16.60389390863761
184.74 16.60389390863761
184.74 16.60389390863761
184.74 16.60389390863761
184.76 16.592026806130512
184.76 16.592026806130512
184.76 16.592026806130512
184.9 16.54226298444275
184.9 16.54226298444275
184.9 16.54226298444275
184.9 16.54226298444275
184.9 16.54226298444275
184.9 16.54226298444275
184.9 16.54226298444275
184.9 16.54226298444275
184.9 16.54226298444275
184.9 16.54226298444275
184.9 16.54226298444275
184.9 16.54226298444275
184.9 16.54226298444275
184.96 16.557167571169835
184.96 16.557167571169835
184.96 16.557167571169835
184.96 16.557167571169835
184.96 16.557167571169835
184.96 16.557167571169835
184.96 16.557167571169835
184.96 16.557167571169835
184.96 16.557167571169835
184.96 16.557167571169835
184.96 16.557167571169835
184.96 16.557167571169835
184.96 16.557167571169835
184.98 16.547440218286873
184.98 16.547440218286873
184.98 16.547440218286873
184.98 16.547440218286873
184.98 16.547440218286873
184.98 16.547440218286873
184.98 16.547440218286873
184.98 16.547440218286873
184.98 16.547440218286873
184.98 16.547440218286873
185.04 16.532746812665987
185.04 16.532746812665987
185.04 16.532746812665987
185.04 16.532746812665987
185.04 16.532746812665987
185.04 16.532746812665987
185.04 16.532746812665987
185.04 16.532746812665987
185.04 16.532746812665987
185.04 16.532746812665987
185.04 16.532746812665987
185.04 16.532746812665987
185.04 16.532746812665987
185.04 16.532746812665987
185.12 16.605512045794626
185.12 16.605512045794626
185.12 16.605512045794626
185.12 16.605512045794626
185.12 16.605512045794626
185.12 16.605512045794626
185.14 16.62966802392214
185.14 16.62966802392214
185.14 16.62966802392214
185.14 16.62966802392214
185.14 16.62966802392214
185.14 16.62966802392214
185.14 16.62966802392214
185.14 16.62966802392214
185.14 16.62966802392214
185.14 16.62966802392214
185.14 16.62966802392214
185.14 16.62966802392214
185.14 16.62966802392214
185.14 16.62966802392214
185.14 16.62966802392214
185.14 16.62966802392214
185.14 16.62966802392214
185.14 16.62966802392214
185.14 16.62966802392214
185.14 16.62966802392214
185.14 16.62966802392214
185.14 16.62966802392214
185.14 16.62966802392214
185.14 16.62966802392214
185.14 16.62966802392214
185.14 16.62966802392214
185.14 16.62966802392214
185.14 16.62966802392214
185.14 16.62966802392214
185.14 16.62966802392214
185.14 16.62966802392214
185.14 16.62966802392214
185.14 16.62966802392214
185.14 16.62966802392214
185.14 16.62966802392214
185.14 16.62966802392214
185.14 16.62966802392214
185.14 16.62966802392214
185.14 16.62966802392214
185.14 16.62966802392214
185.14 16.62966802392214
185.14 16.62966802392214
185.14 16.62966802392214
185.14 16.62966802392214
185.14 16.62966802392214
185.14 16.62966802392214
185.14 16.62966802392214
185.14 16.62966802392214
185.14 16.62966802392214
185.14 16.62966802392214
185.14 16.62966802392214
185.14 16.62966802392214
185.14 16.62966802392214
185.14 16.62966802392214
185.14 16.62966802392214
185.14 16.62966802392214
185.14 16.62966802392214
185.14 16.62966802392214
185.14 16.62966802392214
185.14 16.62966802392214
185.14 16.62966802392214
185.14 16.62966802392214
185.22 16.662775303294488
185.22 16.662775303294488
185.22 16.662775303294488
185.22 16.662775303294488
185.22 16.662775303294488
185.22 16.662775303294488
185.22 16.662775303294488
185.22 16.662775303294488
185.22 16.662775303294488
185.22 16.662775303294488
185.22 16.662775303294488
185.22 16.662775303294488
185.22 16.662775303294488
185.22 16.662775303294488
185.24 16.669769408159553
185.24 16.669769408159553
185.24 16.669769408159553
185.26 16.67915895464587
185.26 16.67915895464587
185.26 16.67915895464587
185.26 16.67915895464587
185.26 16.67915895464587
185.26 16.67915895464587
185.26 16.67915895464587
185.26 16.67915895464587
185.26 16.67915895464587
185.26 16.67915895464587
185.26 16.67915895464587
185.26 16.67915895464587
185.26 16.67915895464587
185.26 16.67915895464587
185.26 16.67915895464587
185.26 16.67915895464587
185.26 16.67915895464587
185.26 16.67915895464587
185.26 16.67915895464587
185.26 16.67915895464587
185.26 16.67915895464587
185.26 16.67915895464587
185.26 16.67915895464587
185.26 16.67915895464587
185.26 16.67915895464587
185.26 16.67915895464587
185.26 16.67915895464587
185.26 16.67915895464587
185.26 16.67915895464587
185.26 16.67915895464587
185.26 16.67915895464587
185.26 16.67915895464587
185.26 16.67915895464587
185.26 16.67915895464587
185.26 16.67915895464587
185.26 16.67915895464587
185.26 16.67915895464587
185.26 16.67915895464587
185.26 16.67915895464587
185.28 16.690939900061785
185.36 16.567901301473086
185.42 16.617612659616615
185.42 16.617612659616615
185.44 16.592757334439504
185.44 16.592757334439504
185.44 16.592757334439504
185.44 16.592757334439504
185.44 16.592757334439504
185.44 16.592757334439504
185.44 16.592757334439504
185.44 16.592757334439504
185.44 16.592757334439504
185.44 16.592757334439504
185.5 16.663939170762376
185.5 16.663939170762376
185.5 16.663939170762376
185.5 16.663939170762376
185.52 16.64148400531004
185.52 16.64148400531004
185.62 16.54060201901718
185.68 16.508877318068308
185.7 16.503137136724504
185.7 16.503137136724504
185.72 16.499819405194724
185.72 16.499819405194724
185.72 16.499819405194724
185.74 16.498925584853865
185.74 16.498925584853865
185.74 16.498925584853865
185.74 16.498925584853865
185.74 16.498925584853865
185.74 16.498925584853865
185.74 16.498925584853865
185.76 16.500456069607605
185.76 16.500456069607605
185.76 16.500456069607605
185.76 16.500456069607605
185.78 16.504410185024955
185.78 16.504410185024955
185.78 16.504410185024955
185.78 16.504410185024955
185.84 16.449936292898037
185.84 16.449936292898037
185.84 16.449936292898037
185.84 16.449936292898037
185.84 16.449936292898037
185.84 16.449936292898037
185.84 16.449936292898037
185.84 16.449936292898037
185.84 16.449936292898037
185.84 16.449936292898037
185.84 16.449936292898037
185.86 16.456259746627868
185.86 16.456259746627868
185.86 16.456259746627868
185.94 16.4665685189076
185.94 16.4665685189076
185.94 16.4665685189076
186.0 16.49977042999157
186.0 16.49977042999157
186.0 16.49977042999157
186.0 16.49977042999157
186.06 16.53268571556651
186.06 16.53268571556651
186.18 16.473045016669264
186.2 16.459316234555157
186.2 16.459316234555157
186.2 16.459316234555157
186.2 16.459316234555157
186.2 16.459316234555157
186.2 16.459316234555157
186.22 16.44800807687574
186.24 16.446497278365158
186.24 16.446497278365158
186.24 16.446497278365158
186.24 16.446497278365158
186.26 16.447418513480336
186.26 16.447418513480336
186.26 16.447418513480336
186.3 16.461464029052763
186.3 16.461464029052763
186.32 16.48683588733016
186.32 16.48683588733016
186.32 16.48683588733016
186.32 16.48683588733016
186.32 16.48683588733016
186.34 16.502353673572653
186.34 16.502353673572653
186.34 16.502353673572653
186.34 16.502353673572653
186.34 16.502353673572653
186.34 16.502353673572653
186.34 16.502353673572653
186.34 16.502353673572653
186.34 16.502353673572653
186.34 16.502353673572653
186.34 16.502353673572653
186.34 16.502353673572653
186.34 16.502353673572653
186.34 16.502353673572653
186.34 16.502353673572653
186.34 16.502353673572653
186.34 16.502353673572653
186.34 16.502353673572653
186.4 16.519348924485158
186.4 16.519348924485158
186.42 16.537181859022528
186.42 16.537181859022528
186.42 16.537181859022528
186.42 16.537181859022528
186.42 16.537181859022528
186.42 16.537181859022528
186.44 16.55253039949671
186.44 16.55253039949671
186.44 16.55253039949671
186.44 16.55253039949671
186.56 16.723732607382605
186.56 16.723732607382605
186.62 16.761415528082654
186.62 16.761415528082654
186.62 16.761415528082654
186.68 16.827634799023087
186.68 16.827634799023087
186.76 16.73749797263135
186.84 16.721558092788634
186.84 16.721558092788634
186.84 16.721558092788634
186.96 16.79461193058625
186.98 16.811479964175028
186.98 16.811479964175028
186.98 16.811479964175028
186.98 16.811479964175028
186.98 16.811479964175028
186.98 16.811479964175028
187.1 16.832808272639312
187.1 16.832808272639312
187.12 16.868642835483566
187.18 16.98982464341941
187.18 16.98982464341941
187.18 16.98982464341941
187.18 16.98982464341941
187.18 16.98982464341941
187.18 16.98982464341941
187.24 17.131175433027693
187.24 17.131175433027693
187.24 17.131175433027693
187.24 17.131175433027693
187.24 17.131175433027693
187.24 17.131175433027693
187.24 17.131175433027693
187.24 17.131175433027693
187.24 17.131175433027693
187.24 17.131175433027693
187.24 17.131175433027693
187.24 17.131175433027693
187.24 17.131175433027693
187.24 17.131175433027693
187.24 17.131175433027693
187.24 17.131175433027693
187.24 17.131175433027693
187.24 17.131175433027693
187.26 17.12852190430519
187.26 17.12852190430519
187.26 17.12852190430519
187.26 17.12852190430519
187.26 17.12852190430519
187.26 17.12852190430519
187.26 17.12852190430519
187.32 17.289501689952456
187.32 17.289501689952456
187.34 17.307801709055944
187.34 17.307801709055944
187.34 17.307801709055944
187.34 17.307801709055944
187.34 17.307801709055944
187.34 17.307801709055944
187.5 17.35051595891039
187.5 17.35051595891039
187.56 17.404469413215548
187.56 17.404469413215548
187.56 17.404469413215548
187.56 17.404469413215548
187.56 17.404469413215548
187.56 17.404469413215548
187.56 17.404469413215548
187.56 17.404469413215548
187.56 17.404469413215548
187.56 17.404469413215548
187.56 17.404469413215548
187.56 17.404469413215548
187.56 17.404469413215548
187.56 17.404469413215548
187.56 17.404469413215548
187.56 17.404469413215548
187.56 17.404469413215548
187.58 17.41541172802313
187.58 17.41541172802313
187.58 17.41541172802313
187.58 17.41541172802313
187.58 17.41541172802313
187.58 17.41541172802313
187.58 17.41541172802313
187.6 17.437912950832395
187.64 17.443426593222195
187.64 17.443426593222195
187.64 17.443426593222195
187.64 17.443426593222195
187.64 17.443426593222195
187.64 17.443426593222195
187.64 17.443426593222195
187.64 17.443426593222195
187.66 17.442673782619128
187.66 17.442673782619128
187.66 17.442673782619128
187.66 17.442673782619128
187.66 17.442673782619128
187.66 17.442673782619128
187.66 17.442673782619128
187.66 17.442673782619128
187.66 17.442673782619128
187.66 17.442673782619128
187.66 17.442673782619128
187.66 17.442673782619128
187.66 17.442673782619128
187.66 17.442673782619128
187.66 17.442673782619128
187.66 17.442673782619128
187.66 17.442673782619128
187.66 17.442673782619128
187.66 17.442673782619128
187.66 17.442673782619128
187.66 17.442673782619128
187.66 17.442673782619128
187.66 17.442673782619128
187.66 17.442673782619128
187.66 17.442673782619128
187.66 17.442673782619128
187.66 17.442673782619128
187.66 17.442673782619128
187.9 17.445731149869736
187.9 17.445731149869736
187.9 17.445731149869736
187.9 17.445731149869736
187.9 17.445731149869736
187.9 17.445731149869736
187.9 17.445731149869736
187.9 17.445731149869736
187.9 17.445731149869736
187.9 17.445731149869736
187.96 17.491077090270277
187.96 17.491077090270277
187.96 17.491077090270277
187.98 17.50612014194586
187.98 17.50612014194586
187.98 17.50612014194586
187.98 17.50612014194586
187.98 17.50612014194586
187.98 17.50612014194586
187.98 17.50612014194586
187.98 17.50612014194586
187.98 17.50612014194586
187.98 17.50612014194586
188.12 17.67454369848045
188.12 17.67454369848045
188.18 17.780013748276147
188.18 17.780013748276147
188.18 17.780013748276147
188.18 17.780013748276147
188.18 17.780013748276147
188.18 17.780013748276147
188.18 17.780013748276147
188.18 17.780013748276147
188.18 17.780013748276147
188.18 17.780013748276147
188.18 17.780013748276147
188.18 17.780013748276147
188.18 17.780013748276147
188.18 17.780013748276147
188.18 17.780013748276147
188.18 17.780013748276147
188.18 17.780013748276147
188.18 17.780013748276147
188.18 17.780013748276147
188.18 17.780013748276147
188.18 17.780013748276147
188.18 17.780013748276147
188.24 17.904979274723622
188.24 17.904979274723622
188.24 17.904979274723622
188.24 17.904979274723622
188.24 17.904979274723622
188.24 17.904979274723622
188.24 17.904979274723622
188.24 17.904979274723622
188.24 17.904979274723622
188.24 17.904979274723622
188.24 17.904979274723622
188.24 17.904979274723622
188.24 17.904979274723622
188.24 17.904979274723622
188.24 17.904979274723622
188.24 17.904979274723622
188.24 17.904979274723622
188.24 17.904979274723622
188.24 17.904979274723622
188.24 17.904979274723622
188.24 17.904979274723622
188.24 17.904979274723622
188.26 17.883246490794253
188.26 17.883246490794253
188.26 17.883246490794253
188.26 17.883246490794253
188.26 17.883246490794253
188.26 17.883246490794253
188.26 17.883246490794253
188.26 17.883246490794253
188.26 17.883246490794253
188.26 17.883246490794253
188.26 17.883246490794253
188.26 17.883246490794253
188.26 17.883246490794253
188.28 17.863726578536944
188.28 17.863726578536944
188.28 17.863726578536944
188.28 17.863726578536944
188.28 17.863726578536944
188.28 17.863726578536944
188.28 17.863726578536944
188.28 17.863726578536944
188.28 17.863726578536944
188.28 17.863726578536944
188.28 17.863726578536944
188.28 17.863726578536944
188.28 17.863726578536944
188.28 17.863726578536944
188.28 17.863726578536944
188.28 17.863726578536944
188.56 17.76179079150557
188.56 17.76179079150557
188.56 17.76179079150557
188.56 17.76179079150557
188.56 17.76179079150557
188.56 17.76179079150557
188.56 17.76179079150557
188.56 17.76179079150557
188.56 17.76179079150557
188.56 17.76179079150557
188.56 17.76179079150557
188.56 17.76179079150557
188.58 17.77137637274666
188.58 17.77137637274666
188.58 17.77137637274666
188.58 17.77137637274666
188.58 17.77137637274666
188.58 17.77137637274666
188.58 17.77137637274666
188.58 17.77137637274666
188.58 17.77137637274666
188.6 17.753645236737135
188.62 17.738151544115876
188.62 17.738151544115876
188.62 17.738151544115876
188.68 17.780297801189665
188.68 17.780297801189665
188.72 17.785523565103404
188.72 17.785523565103404
188.72 17.785523565103404
188.72 17.785523565103404
188.78 17.854394247338494
188.78 17.854394247338494
188.78 17.854394247338494
188.78 17.854394247338494
188.78 17.854394247338494
188.78 17.854394247338494
188.78 17.854394247338494
188.78 17.854394247338494
188.78 17.854394247338494
188.78 17.854394247338494
188.78 17.854394247338494
188.78 17.854394247338494
188.78 17.854394247338494
188.78 17.854394247338494
188.78 17.854394247338494
188.78 17.854394247338494
188.78 17.854394247338494
188.78 17.854394247338494
188.78 17.854394247338494
188.78 17.854394247338494
188.78 17.854394247338494
188.78 17.854394247338494
188.78 17.854394247338494
188.78 17.854394247338494
188.78 17.854394247338494
188.78 17.854394247338494
188.78 17.854394247338494
188.78 17.854394247338494
188.78 17.854394247338494
188.78 17.854394247338494
188.78 17.854394247338494
188.78 17.854394247338494
188.78 17.854394247338494
188.78 17.854394247338494
188.78 17.854394247338494
188.78 17.854394247338494
188.78 17.854394247338494
188.78 17.854394247338494
188.78 17.854394247338494
188.78 17.854394247338494
188.78 17.854394247338494
188.78 17.854394247338494
188.78 17.854394247338494
188.78 17.854394247338494
188.78 17.854394247338494
188.78 17.854394247338494
188.78 17.854394247338494
188.78 17.854394247338494
188.78 17.854394247338494
188.78 17.854394247338494
188.78 17.854394247338494
188.78 17.854394247338494
188.78 17.854394247338494
188.78 17.854394247338494
188.78 17.854394247338494
188.78 17.854394247338494
188.78 17.854394247338494
188.78 17.854394247338494
188.78 17.854394247338494
188.78 17.854394247338494
188.78 17.854394247338494
188.78 17.854394247338494
188.78 17.854394247338494
188.78 17.854394247338494
188.78 17.854394247338494
188.78 17.854394247338494
188.78 17.854394247338494
188.78 17.854394247338494
188.78 17.854394247338494
188.78 17.854394247338494
188.78 17.854394247338494
188.78 17.854394247338494
188.78 17.854394247338494
188.78 17.854394247338494
188.78 17.854394247338494
188.78 17.854394247338494
188.78 17.854394247338494
188.78 17.854394247338494
188.78 17.854394247338494
188.78 17.854394247338494
188.78 17.854394247338494
188.78 17.854394247338494
188.78 17.854394247338494
188.78 17.854394247338494
188.78 17.854394247338494
188.78 17.854394247338494
188.86 17.868780969426357
188.86 17.868780969426357
188.86 17.868780969426357
188.86 17.868780969426357
188.86 17.868780969426357
188.86 17.868780969426357
188.86 17.868780969426357
188.86 17.868780969426357
188.88 17.87797019188191
188.88 17.87797019188191
188.88 17.87797019188191
188.88 17.87797019188191
188.88 17.87797019188191
188.88 17.87797019188191
188.88 17.87797019188191
188.88 17.87797019188191
188.9 17.878094490919963
188.9 17.878094490919963
188.9 17.878094490919963
188.9 17.878094490919963
188.9 17.878094490919963
188.9 17.878094490919963
188.96 17.89188631641717
188.96 17.89188631641717
188.96 17.89188631641717
188.96 17.89188631641717
188.96 17.89188631641717
188.96 17.89188631641717
188.96 17.89188631641717
188.96 17.89188631641717
188.96 17.89188631641717
188.96 17.89188631641717
188.96 17.89188631641717
188.96 17.89188631641717
188.96 17.89188631641717
188.96 17.89188631641717
188.96 17.89188631641717
188.96 17.89188631641717
188.96 17.89188631641717
189.02 17.92576160984323
189.02 17.92576160984323
189.04 17.898659732002848
189.04 17.898659732002848
189.04 17.898659732002848
189.04 17.898659732002848
189.04 17.898659732002848
189.04 17.898659732002848
189.04 17.898659732002848
189.06 17.873754812884485
189.06 17.873754812884485
189.06 17.873754812884485
189.06 17.873754812884485
189.06 17.873754812884485
189.06 17.873754812884485
189.06 17.873754812884485
189.06 17.873754812884485
189.08 17.862369451566117
189.08 17.862369451566117
189.08 17.862369451566117
189.14 17.800817141611528
189.14 17.800817141611528
189.14 17.800817141611528
189.14 17.800817141611528
189.14 17.800817141611528
189.14 17.800817141611528
189.14 17.800817141611528
189.16 17.8165284741076
189.16 17.8165284741076
189.16 17.8165284741076
189.16 17.8165284741076
189.16 17.8165284741076
189.16 17.8165284741076
189.16 17.8165284741076
189.16 17.8165284741076
189.16 17.8165284741076
189.22 17.877009670173443
189.22 17.877009670173443
189.22 17.877009670173443
189.22 17.877009670173443
189.22 17.877009670173443
189.22 17.877009670173443
189.22 17.877009670173443
189.22 17.877009670173443
189.22 17.877009670173443
189.22 17.877009670173443
189.22 17.877009670173443
189.22 17.877009670173443
189.22 17.877009670173443
189.22 17.877009670173443
189.22 17.877009670173443
189.22 17.877009670173443
189.22 17.877009670173443
189.22 17.877009670173443
189.22 17.877009670173443
189.22 17.877009670173443
189.22 17.877009670173443
189.22 17.877009670173443
189.22 17.877009670173443
189.22 17.877009670173443
189.22 17.877009670173443
189.22 17.877009670173443
189.22 17.877009670173443
189.24 17.88804690910169
189.24 17.88804690910169
189.24 17.88804690910169
189.24 17.88804690910169
189.26 17.901311954629747
189.26 17.901311954629747
189.26 17.901311954629747
189.26 17.901311954629747
189.26 17.901311954629747
189.26 17.901311954629747
189.26 17.901311954629747
189.26 17.901311954629747
189.26 17.901311954629747
189.26 17.901311954629747
189.26 17.901311954629747
189.26 17.901311954629747
189.26 17.901311954629747
189.26 17.901311954629747
189.26 17.901311954629747
189.26 17.901311954629747
189.26 17.901311954629747
189.26 17.901311954629747
189.26 17.901311954629747
189.26 17.901311954629747
189.26 17.901311954629747
189.26 17.901311954629747
189.26 17.901311954629747
189.26 17.901311954629747
189.26 17.901311954629747
189.26 17.901311954629747
189.26 17.901311954629747
189.26 17.901311954629747
189.26 17.901311954629747
189.26 17.901311954629747
189.26 17.901311954629747
189.26 17.901311954629747
189.26 17.901311954629747
189.26 17.901311954629747
189.26 17.901311954629747
189.26 17.901311954629747
189.26 17.901311954629747
189.26 17.901311954629747
189.26 17.901311954629747
189.26 17.901311954629747
189.26 17.901311954629747
189.26 17.901311954629747
189.26 17.901311954629747
189.26 17.901311954629747
189.26 17.901311954629747
189.26 17.901311954629747
189.4 18.118576883486966
189.4 18.118576883486966
189.4 18.118576883486966
189.4 18.118576883486966
189.4 18.118576883486966
189.4 18.118576883486966
189.4 18.118576883486966
189.4 18.118576883486966
189.4 18.118576883486966
189.46 18.170583397626533
189.46 18.170583397626533
189.46 18.170583397626533
189.46 18.170583397626533
189.46 18.170583397626533
189.46 18.170583397626533
189.46 18.170583397626533
189.46 18.170583397626533
189.46 18.170583397626533
189.46 18.170583397626533
189.46 18.170583397626533
189.46 18.170583397626533
189.46 18.170583397626533
189.46 18.170583397626533
189.46 18.170583397626533
189.46 18.170583397626533
189.46 18.170583397626533
189.46 18.170583397626533
189.46 18.170583397626533
189.46 18.170583397626533
189.46 18.170583397626533
189.46 18.170583397626533
189.46 18.170583397626533
189.46 18.170583397626533
189.46 18.170583397626533
189.46 18.170583397626533
189.46 18.170583397626533
189.46 18.170583397626533
189.46 18.170583397626533
189.46 18.170583397626533
189.46 18.170583397626533
189.46 18.170583397626533
189.46 18.170583397626533
189.46 18.170583397626533
189.46 18.170583397626533
189.46 18.170583397626533
189.46 18.170583397626533
189.46 18.170583397626533
189.46 18.170583397626533
189.46 18.170583397626533
189.46 18.170583397626533
189.48 18.16561298028489
189.48 18.16561298028489
189.48 18.16561298028489
189.48 18.16561298028489
189.48 18.16561298028489
189.48 18.16561298028489
189.48 18.16561298028489
189.48 18.16561298028489
189.48 18.16561298028489
189.5 18.162843634433703
189.5 18.162843634433703
189.5 18.162843634433703
189.5 18.162843634433703
189.5 18.162843634433703
189.5 18.162843634433703
189.5 18.162843634433703
189.5 18.162843634433703
189.5 18.162843634433703
189.5 18.162843634433703
189.5 18.162843634433703
189.5 18.162843634433703
189.5 18.162843634433703
189.5 18.162843634433703
189.5 18.162843634433703
189.5 18.162843634433703
189.5 18.162843634433703
189.5 18.162843634433703
189.5 18.162843634433703
189.5 18.162843634433703
189.5 18.162843634433703
189.5 18.162843634433703
189.5 18.162843634433703
189.52 18.162276366917304
189.58 18.173785094098168
189.58 18.173785094098168
189.58 18.173785094098168
189.58 18.173785094098168
189.58 18.173785094098168
189.58 18.173785094098168
189.58 18.173785094098168
189.58 18.173785094098168
189.58 18.173785094098168
189.58 18.173785094098168
189.6 18.157559574374794
189.6 18.157559574374794
189.6 18.157559574374794
189.6 18.157559574374794
189.6 18.157559574374794
189.6 18.157559574374794
189.6 18.157559574374794
189.6 18.157559574374794
189.6 18.157559574374794
189.6 18.157559574374794
189.6 18.157559574374794
189.6 18.157559574374794
189.6 18.157559574374794
189.6 18.157559574374794
189.6 18.157559574374794
189.6 18.157559574374794
189.6 18.157559574374794
189.6 18.157559574374794
189.6 18.157559574374794
189.6 18.157559574374794
189.6 18.157559574374794
189.6 18.157559574374794
189.6 18.157559574374794
189.6 18.157559574374794
189.6 18.157559574374794
189.6 18.157559574374794
189.6 18.157559574374794
189.6 18.157559574374794
189.6 18.157559574374794
189.6 18.157559574374794
189.6 18.157559574374794
189.6 18.157559574374794
189.6 18.157559574374794
189.6 18.157559574374794
189.6 18.157559574374794
189.6 18.157559574374794
189.6 18.157559574374794
189.6 18.157559574374794
189.6 18.157559574374794
189.6 18.157559574374794
189.6 18.157559574374794
189.6 18.157559574374794
189.6 18.157559574374794
189.74 18.292030610032988
189.74 18.292030610032988
189.74 18.292030610032988
189.74 18.292030610032988
189.74 18.292030610032988
189.74 18.292030610032988
189.74 18.292030610032988
189.74 18.292030610032988
189.74 18.292030610032988
189.76 18.31327828697422
189.76 18.31327828697422
189.76 18.31327828697422
189.78 18.33668288960518
189.78 18.33668288960518
189.78 18.33668288960518
189.8 18.362236170241278
189.8 18.362236170241278
189.8 18.362236170241278
189.8 18.362236170241278
189.8 18.362236170241278
189.8 18.362236170241278
189.8 18.362236170241278
189.8 18.362236170241278
189.8 18.362236170241278
189.8 18.362236170241278
189.8 18.362236170241278
189.8 18.362236170241278
189.86 18.451695057773158
189.86 18.451695057773158
189.86 18.451695057773158
189.86 18.451695057773158
189.86 18.451695057773158
189.86 18.451695057773158
189.86 18.451695057773158
189.94 18.565646563565522
189.96 18.592884486688817
189.96 18.592884486688817
190.02 18.700175551490567
190.02 18.700175551490567
190.02 18.700175551490567
190.02 18.700175551490567
190.08 18.806661188273296
190.08 18.806661188273296
190.08 18.806661188273296
190.08 18.806661188273296
190.08 18.806661188273296
190.08 18.806661188273296
190.08 18.806661188273296
190.08 18.806661188273296
190.08 18.806661188273296
190.08 18.806661188273296
190.08 18.806661188273296
190.08 18.806661188273296
190.08 18.806661188273296
190.08 18.806661188273296
190.08 18.806661188273296
190.14 18.931572688090235
190.14 18.931572688090235
190.14 18.931572688090235
190.14 18.931572688090235
190.14 18.931572688090235
190.14 18.931572688090235
190.14 18.931572688090235
190.14 18.931572688090235
190.2 19.055474570608602
190.2 19.055474570608602
190.2 19.055474570608602
190.2 19.055474570608602
190.2 19.055474570608602
190.2 19.055474570608602
190.2 19.055474570608602
190.2 19.055474570608602
190.2 19.055474570608602
190.2 19.055474570608602
190.2 19.055474570608602
190.2 19.055474570608602
190.2 19.055474570608602
190.2 19.055474570608602
190.22 19.058432212116465
190.22 19.058432212116465
190.22 19.058432212116465
190.22 19.058432212116465
190.22 19.058432212116465
190.24 19.063487762121746
190.24 19.063487762121746
190.24 19.063487762121746
190.24 19.063487762121746
190.24 19.063487762121746
190.24 19.063487762121746
190.24 19.063487762121746
190.24 19.063487762121746
190.24 19.063487762121746
190.24 19.063487762121746
190.24 19.063487762121746
190.24 19.063487762121746
190.3 19.091221738661662
190.3 19.091221738661662
190.3 19.091221738661662
190.3 19.091221738661662
190.3 19.091221738661662
190.3 19.091221738661662
190.3 19.091221738661662
190.3 19.091221738661662
190.36 19.137735741015174
190.36 19.137735741015174
190.36 19.137735741015174
190.36 19.137735741015174
190.36 19.137735741015174
190.36 19.137735741015174
190.36 19.137735741015174
190.36 19.137735741015174
190.36 19.137735741015174
190.36 19.137735741015174
190.36 19.137735741015174
190.36 19.137735741015174
190.36 19.137735741015174
190.36 19.137735741015174
190.42 19.20289330051883
190.42 19.20289330051883
190.44 19.228724304639616
190.44 19.228724304639616
190.44 19.228724304639616
190.44 19.228724304639616
190.44 19.228724304639616
190.44 19.228724304639616
190.44 19.228724304639616
190.44 19.228724304639616
190.44 19.228724304639616
190.44 19.228724304639616
190.44 19.228724304639616
190.44 19.228724304639616
190.44 19.228724304639616
190.44 19.228724304639616
190.44 19.228724304639616
190.44 19.228724304639616
190.44 19.228724304639616
190.44 19.228724304639616
190.44 19.228724304639616
190.44 19.228724304639616
190.44 19.228724304639616
190.44 19.228724304639616
190.44 19.228724304639616
190.44 19.228724304639616
190.44 19.228724304639616
190.44 19.228724304639616
190.44 19.228724304639616
190.44 19.228724304639616
190.44 19.228724304639616
190.44 19.228724304639616
190.44 19.228724304639616
190.44 19.228724304639616
190.44 19.228724304639616
190.44 19.228724304639616
190.44 19.228724304639616
190.44 19.228724304639616
190.44 19.228724304639616
190.44 19.228724304639616
190.44 19.228724304639616
190.44 19.228724304639616
190.44 19.228724304639616
190.44 19.228724304639616
190.44 19.228724304639616
190.44 19.228724304639616
190.44 19.228724304639616
190.44 19.228724304639616
190.44 19.228724304639616
190.44 19.228724304639616
190.44 19.228724304639616
190.44 19.228724304639616
190.44 19.228724304639616
190.44 19.228724304639616
190.44 19.228724304639616
190.44 19.228724304639616
190.44 19.228724304639616
190.44 19.228724304639616
190.44 19.228724304639616
190.44 19.228724304639616
190.44 19.228724304639616
190.44 19.228724304639616
190.44 19.228724304639616
190.44 19.228724304639616
190.44 19.228724304639616
190.44 19.228724304639616
190.44 19.228724304639616
190.44 19.228724304639616
190.44 19.228724304639616
190.9 20.179747823553747
190.9 20.179747823553747
190.9 20.179747823553747
190.9 20.179747823553747
190.9 20.179747823553747
190.9 20.179747823553747
190.9 20.179747823553747
190.9 20.179747823553747
190.9 20.179747823553747
190.9 20.179747823553747
190.9 20.179747823553747
190.9 20.179747823553747
190.92 20.243806884371256
190.92 20.243806884371256
190.92 20.243806884371256
190.92 20.243806884371256
190.92 20.243806884371256
190.92 20.243806884371256
190.94 20.309633480720723
190.94 20.309633480720723
190.94 20.309633480720723
190.94 20.309633480720723
190.94 20.309633480720723
190.94 20.309633480720723
190.94 20.309633480720723
