498.92 15.240547421739343
501.57 15.023627173009315
503.56 15.256418181845582
505.0975 15.269114525603314
506.27 15.356322528652804
507.3325 15.661742213844942
508.41 15.786225396867417
509.44 16.094065594759492
510.2775 16.107579863923746
511.0225 16.192668093924482
511.9125 16.323325983939206
512.5775 16.461970871144374
513.43 16.689711386522347
514.17 16.78557382759983
515.0825 17.057934416757966
515.8075 17.39099077540942
516.285 17.515443239601424
516.9775 17.72363709936747
517.59 17.875562630260646
518.205 18.01859176303206
518.8775 18.265309951354446
519.495 18.527767551058737
520.195 18.70686617542508
520.74 18.868557341258253
521.42 19.113789324879814
522.0275 19.347676221912803
522.59 19.51650930208437
523.1875 19.662499292971766
523.745 19.87403880811261
524.25 19.972976731042042
524.8775 20.22027801137124
525.4925 20.464283789753534
526.055 20.70600932229912
526.655 20.91050209211537
527.1625 21.037050350956306
527.6425 21.235514154442054
528.315 21.504811491692585
528.815 21.774436622460843
529.2825 21.916283957511272
529.7775 22.075582032081023
530.39 22.38382203114125
530.8725 22.54666547541234
531.375 22.715729923665503
531.8325 22.92615242277431
532.235 22.987187779391636
532.6025 23.023895046402775
533.14 23.155795758146205
533.63 23.33998687807411
534.1 23.42042464872952
534.5275 23.526005314654743
534.9175 23.679368127915573
535.42 23.834403642476165
535.8225 23.97024039954607
536.315 24.04612891484768
536.685 24.138401584978535
537.17 24.324273384609516
537.55 24.399094029772577
538.12 24.57530190372335
538.545 24.712643765990748
538.9575 24.820976934640893
539.41 25.020631086163178
539.81 24.98107353753475
540.2075 25.033700468525822
540.6375 25.156773479118893
540.9875 25.267438579740368
541.43 25.478382404006958
541.8525 25.676330122730317
542.245 25.780060196970037
542.5625 25.822725002726106
542.9425 25.94275931067528
543.3925 26.049758512246626
543.755 26.144383660596816
544.145 26.260674640638108
544.4325 26.286076891500255
544.8275 26.4275193348806
545.2875 26.602425949827204
545.6 26.63246553647217
545.975 26.805329492902278
546.3775 26.89448413601488
546.725 26.90565294507832
547.13 27.053054715199153
547.57 27.12008198951092
547.9325 27.197006022565773
548.2625 27.278267052425804
548.6175 27.44073027353431
549.0525 27.590357251822745
549.43 27.67589180981655
549.79 27.70333168530756
550.165 27.748562698445728
550.5225 27.824359493131336
550.8725 27.914769022399877
551.26 28.020354220219392
551.6125 28.014359793445088
551.935 28.072958563469317
552.29 28.188426143029904
552.6375 28.24350070512154
553.07 28.37742581241908
553.3525 28.36855973968826
553.74 28.398919814255994
554.0375 28.370995350762392
554.3825 28.377886723419316
554.7075 28.44670422391683
555.0075 28.479468817207174
555.2875 28.48787006080838
555.66 28.646044922891377
556.025 28.68949446629949
556.3575 28.79344282339401
556.7275 28.849071320236643
557.0475 28.925714964638953
557.455 29.07001271237671
557.7775 29.103100692620576
558.12 29.168778584477536
558.4975 29.38858990819363
558.83 29.408301898467034
559.1475 29.423120906179356
559.4275 29.465408013865325
559.83 29.54782199183474
560.22 29.8004491059664
560.535 29.877507235318202
560.855 30.01426519653981
561.19 30.107474987539455
561.515 30.18663374977172
561.8 30.241384779527863
562.1825 30.40774195294172
562.4575 30.48395269941961
562.83 30.575697591519003
563.1 30.593297872029343
563.435 30.69848150833022
563.7325 30.789216999765465
564.035 30.918743453475837
564.2925 30.93273393707798
564.5975 30.97675567632248
564.99 31.075700279634468
565.375 31.25045363079272
565.6375 31.281502918050954
566.01 31.400555524035642
566.325 31.535306624635414
566.61 31.624169875282924
566.95 31.665189254547577
567.24 31.680934392944053
567.495 31.761879943477215
567.8 31.831716029196556
568.0825 31.884592860890688
568.3875 31.98327168880319
568.67 32.00448120252235
568.935 32.125783100955275
569.19 32.1142056653093
569.54 32.26104986428471
569.8375 32.32496484345072
570.115 32.36790041759905
570.355 32.38519688752268
570.635 32.4911674907548
570.85 32.52224995068199
571.1775 32.536557326438846
571.3925 32.54830139283612
571.695 32.6036727023845
571.985 32.66776288376009
572.21 32.71646094923176
572.4775 32.759616526103336
572.84 32.85998854409104
573.1425 32.87375706408948
573.4225 32.97935852881968
573.665 32.937059670671474
573.9475 32.97655799493002
574.1975 33.04418692408218
574.4675 33.03933925786791
574.7275 33.0853418201837
574.94 33.16717585029983
575.16 33.226486400103155
575.45 33.29457646607234
575.7 33.340274966428986
575.9775 33.40429029744068
576.33 33.49411499574769
576.57 33.50808977247883
576.92 33.56217586991056
577.265 33.742200806826766
577.4975 33.794751171844965
577.835 33.85406947547259
578.12 33.90692848812387
578.41 33.98749438302402
578.685 34.097248141559284
578.9925 34.24806225424187
579.2975 34.32498368553918
579.605 34.36818157485066
579.92 34.45935603062126
580.16 34.47892676661272
580.4825 34.49688073872411
580.72 34.603686766652665
580.945 34.61498907513449
581.21 34.68311109875701
581.4675 34.77437399100328
581.695 34.850083152545686
581.935 34.93862538594854
582.185 35.00183704452138
582.425 34.992936988737384
582.6975 35.148036287781686
582.9775 35.23735477698627
583.2075 35.316534197444945
583.4125 35.38293690906361
583.6075 35.38486492009733
583.9 35.449565289266864
584.1775 35.51752708982483
584.465 35.56572897740512
584.71 35.68409009228463
584.93 35.728650143865735
585.24 35.86667598363819
585.4975 35.946911478764825
585.76 35.993419058750824
586.0725 36.05297194010899
586.3225 36.17332951458057
586.6425 36.21025614899651
586.92 36.23542624681294
587.16 36.252586460315605
587.4275 36.35035232339691
587.68 36.44960953271953
587.9175 36.480786906030524
588.1325 36.51325771171074
588.385 36.58987321725972
588.6175 36.61136673473778
588.8525 36.67831772625444
589.16 36.72794241971588
589.385 36.77905003263758
589.715 36.675557477572525
589.99 36.7828403383751
590.32 36.85489530945213
590.55 36.882493079228645
590.875 36.94850952189715
591.155 37.046823654088676
591.3575 37.059522585776975
591.5725 37.083117962822534
591.8275 37.17772453707175
592.0575 37.21938204416311
592.2725 37.24777490789178
592.445 37.268745262398944
592.75 37.35345635619796
592.9475 37.42688436047451
593.23 37.50237553043892
593.465 37.56536525400315
593.6575 37.609925018533986
593.91 37.683976770812784
594.1525 37.755900383707726
594.3525 37.794434669405355
594.575 37.83209674151896
594.8325 37.91554318201136
595.0375 38.02434378857022
595.315 38.11407195778231
595.52 38.159533211732864
595.7875 38.19856239667839
596.0125 38.23240295009387
596.275 38.26977677667248
596.505 38.39238091445621
596.725 38.42839091180081
597.0075 38.54213517970335
597.2625 38.60368122680339
597.5475 38.69367836758396
597.77 38.721835588959955
598.015 38.81541402477612
598.305 38.922929760655
598.565 38.98615878027872
598.8075 39.03279828689281
599.04 39.11999917995396
599.245 39.17936359013913
599.48 39.28559526069916
599.725 39.32009090620443
599.98 39.34793832752315
600.235 39.437076241224325
600.4875 39.4723321614731
600.74 39.56723790953158
600.985 39.623285918351336
601.2275 39.67412044813764
601.465 39.787074575270616
601.7225 39.893096415345
601.935 39.954683289847
602.21 40.044910877888675
602.38 40.06073834681821
602.59 40.103898897325664
602.8225 40.13212506715806
603.0675 40.19255587318438
603.2775 40.24044890492869
603.4275 40.27256438763106
603.6325 40.31955617657131
603.895 40.40991683295221
604.09 40.46455672409119
604.29 40.50193720420339
604.5975 40.566483613099
604.8625 40.63621350926938
605.0575 40.702160365218816
605.2725 40.784085103681825
605.5275 40.84832564524587
605.73 40.93006566925128
605.94 41.00316510797896
606.1675 41.078864718568056
606.375 41.153351879613865
606.57 41.21683112418758
606.8475 41.33728548996895
607.0875 41.37117085840679
607.305 41.45035953721524
607.4875 41.48224663291858
607.72 41.56568133282136
607.9575 41.6940244271566
608.1925 41.76399192250734
608.47 41.83718411816626
608.7 41.90579003067763
608.885 41.93217790503672
609.1775 42.04450433304605
609.3475 42.11348486850053
609.575 42.138860734005384
609.76 42.20646709524092
609.995 42.345635632764534
610.1725 42.39505981233222
610.3875 42.43452681974953
610.6025 42.55798926023981
610.795 42.63969199388445
611.0225 42.66582855242779
611.2925 42.76604119448772
611.525 42.84318172768425
611.7275 42.875506017897074
611.935 42.95892746125719
612.1575 43.060867263371335
612.385 43.10768442099797
612.605 43.18630126025328
612.78 43.21435294843463
612.935 43.257528934554415
613.1625 43.35048159347211
613.365 43.41132493753305
613.56 43.491207304258104
613.8275 43.55410593859407
614.0775 43.6373927827062
614.3225 43.743997726462226
614.4925 43.80046970771594
614.69 43.889972935862886
614.895 43.95513747306098
615.13 44.02685555459374
615.32 44.064234270603606
615.5625 44.08667805249405
615.85 44.19292972404053
616.035 44.25981363219792
616.24 44.29376076952338
616.485 44.3398786319125
616.715 44.40533029261229
616.93 44.464793879392275
617.1225 44.504427914647124
617.3675 44.607814186150904
617.5825 44.65763040773754
617.78 44.74182805770082
618.0475 44.82956019657728
618.2675 44.87857126901289
618.4675 44.96240639380643
618.67 45.054198494757536
618.885 45.08840411307168
619.0825 45.13794722236072
619.3025 45.22116072363671
619.545 45.35261982855326
619.77 45.42301427210561
619.9775 45.47931302838505
620.21 45.486244030365675
620.455 45.530875530418
620.6525 45.62807850018502
620.8725 45.67111637487442
621.08 45.71540600131056
621.2875 45.80442070521524
621.48 45.877734428486384
621.75 45.90452661677031
621.9325 45.93984236522099
622.135 46.01598038864129
622.32 46.12207404579411
622.5225 46.19436428808118
622.76 46.28464183911806
622.9675 46.33290719859572
623.18 46.34914463094276
623.4025 46.34387641266514
623.68 46.41981903236476
623.895 46.48765136381174
624.1425 46.49749710298508
624.3625 46.594191058015774
624.565 46.63838142081999
624.75 46.68770560475843
624.9625 46.77071566010503
625.1575 46.82118379408727
625.3675 46.915830821847976
625.5375 46.98929215996167
625.7 47.01815358898406
625.925 47.09101064118309
626.095 47.167445285247744
626.32 47.236010646056734
626.49 47.343515089742034
626.72 47.39226378499625
626.885 47.43878022962
627.09 47.521180082053704
627.315 47.57967358385157
627.4975 47.62747036725717
627.7025 47.70879706136601
627.905 47.76625390933778
628.1025 47.871821272329115
628.3075 47.93801285453018
628.54 48.0499259986025
628.74 48.11845659060205
628.9075 48.195029265108495
629.095 48.26608553147155
629.2725 48.3492748103497
629.44 48.40883119166747
629.68 48.51920117031517
629.89 48.62791982458396
630.065 48.69825021430275
630.2625 48.731102950136936
630.45 48.81690512070497
630.66 48.91734525366915
630.8525 49.002948545627476
631.0625 49.09995527258069
631.27 49.13407670582948
631.415 49.19240293242101
631.6275 49.247609702436414
631.8425 49.33576530363382
632.0275 49.41945416407073
632.225 49.489163645142945
632.39 49.56227342816734
632.5325 49.623585060287496
632.7725 49.71563995253127
632.9825 49.802086435040124
633.15 49.80158626979128
633.3925 49.852750029097265
633.59 49.93325771030677
633.8 49.99929824068936
634.0225 50.08596113190066
634.235 50.16638756281696
634.435 50.240282542745895
634.6425 50.33501493066408
634.8225 50.40553330955393
635.0025 50.49194078226642
635.21 50.532015708151036
635.385 50.607554638276724
635.565 50.67401122403705
635.74 50.747914015675114
635.9325 50.820169892669554
636.1325 50.89868991770165
636.4025 50.940532372030304
636.6425 50.98321207548454
636.825 51.06155678642825
636.9775 51.078071785192066
637.1675 51.15629835027409
637.385 51.224277364143425
637.54 51.28307014218258
637.6975 51.33589806192701
637.885 51.40342942247119
638.05 51.49477429262721
638.2925 51.60110103301623
638.465 51.66824744933986
638.6375 51.74979417100957
638.84 51.79857266687775
639.0075 51.88079109807797
639.175 51.907227586235265
639.3425 51.978742461893
639.55 52.04357630473204
639.7075 52.09132085117492
639.9075 52.15735728108132
640.125 52.26949037498022
640.3025 52.329647177142434
640.49 52.431025462770556
640.655 52.52898448024971
640.86 52.59902130844751
641.0475 52.64098143143955
641.255 52.74775625060922
641.44 52.82772303253288
641.66 52.936472069717375
641.815 53.00570523035626
642.0375 53.12505786521986
642.2375 53.210379202625646
642.38 53.270817997523906
642.5425 53.321253585787915
642.77 53.38850936606892
642.9275 53.442187570127636
643.1175 53.527438388185566
643.285 53.59729891634296
643.475 53.65049219982245
643.645 53.73469567046036
643.8 53.79707532276459
643.9825 53.8451059273805
644.155 53.94581868304031
644.3475 53.994632089553285
644.52 54.05547693311166
644.7375 54.09653113140552
644.8775 54.14593196742996
645.065 54.23600867128293
645.27 54.32125824890618
645.5025 54.358551526509125
645.665 54.4270938629458
645.845 54.516981098279565
646.0525 54.59396483349237
646.26 54.66519100642952
646.48 54.701006391570424
646.665 54.78641851896632
646.84 54.88538433439119
647.0275 54.98787055816314
647.2175 55.05577207566083
647.43 55.11632810755948
647.57 55.167824155526894
647.735 55.223172418196185
647.9075 55.29691053337738
648.09 55.395338330692844
648.27 55.48173263914532
648.4575 55.56750455667993
648.6375 55.6109480012163
648.805 55.6849531743097
649.03 55.800927041104046
649.2 55.8662922209474
649.4175 55.93092942116004
649.585 56.01568680217887
649.7575 56.08285755048125
649.9475 56.17717000547962
650.1225 56.24416421969417
650.2875 56.30150524170028
650.4475 56.38621957664268
650.5925 56.445608425512745
650.825 56.566321666404704
650.99 56.63850015005798
651.165 56.70587859002508
651.3625 56.778963715018406
651.575 56.86738188810012
651.825 56.9391300982097
651.985 57.02261588005685
652.135 57.091508790185685
652.3075 57.14053329391302
652.4725 57.244139197223305
652.6475 57.3001440663552
652.875 57.423977203732036
653.045 57.52687483533935
653.18 57.61563593122442
653.3675 57.692534309367915
653.5475 57.74542474471349
653.765 57.849513312353736
653.9075 57.91882612587641
654.045 57.99250642975359
654.23 58.074078524684545
654.4475 58.150287045367605
654.6025 58.22654308430883
654.77 58.28503206146511
654.9125 58.339855077607055
655.11 58.44383718804882
655.285 58.51695789172791
655.46 58.6437218744532
655.64 58.726718524634734
655.78 58.78474048837602
655.94 58.86977600021754
656.105 58.95645540638627
656.2925 59.05315513652889
656.47 59.1085751744015
656.6325 59.17106964096679
656.8025 59.257083954130465
657.015 59.35838879890528
657.2 59.43105354369281
657.3575 59.50994267298831
657.5425 59.58644606903354
657.76 59.61473972921844
657.96 59.684243501160054
658.1625 59.786387447814185
658.3075 59.858295017951676
658.45 59.93018076408614
658.6175 59.99499723295647
658.7975 60.043563915453696
658.965 60.09886403790521
659.13 60.179748298436365
659.3 60.223268802541405
659.47 60.31640965096448
659.6575 60.389837928766276
659.825 60.48023662781411
659.9625 60.543661361679284
660.155 60.6272639811876
660.3275 60.72131370940923
660.48 60.77535445617067
660.655 60.85288538062818
660.88 60.94535618980953
661.0375 61.026319099278965
661.18 61.101932993472865
661.34 61.17721003420245
661.5275 61.25802484384739
661.6875 61.36643579641798
661.855 61.43708377810501
662.0225 61.46875640343198
662.175 61.519965379955124
662.3725 61.64026727817871
662.5425 61.69967843959056
662.705 61.758913392794135
662.86 61.815720964783615
663.04 61.89107093639709
663.165 61.97349886365552
663.345 62.02769189163425
663.5 62.09972576307905
663.6225 62.15652481995946
663.81 62.21185326540911
663.9775 62.295938500307436
664.1125 62.36463913377286
664.2925 62.47752031821352
664.4425 62.56322471281482
664.5725 62.63211395119111
664.7225 62.73032143084429
664.8725 62.78815273648486
665.0625 62.863807070112856
665.2425 62.95734876214132
665.42 63.00991368870174
665.5975 63.10075083260974
665.7375 63.183692843592006
665.915 63.2607507183849
666.075 63.35106762654874
666.2375 63.44840695093558
666.3825 63.529885168507974
666.545 63.60354945881085
666.7325 63.67469757705036
666.86 63.74884460105864
667.035 63.83000429752102
667.185 63.913442210837744
667.3225 63.963558655218655
667.4775 64.0109600088386
667.66 64.10755686436502
667.8375 64.21042392088881
667.9975 64.27363568649983
668.175 64.35688694493467
668.3225 64.42830130285857
668.51 64.48473153781259
668.6425 64.54269200675391
668.8575 64.64390365261539
669.0075 64.72960875344015
669.18 64.79586298251702
669.355 64.88234174778752
669.53 64.93277109368394
669.645 64.99584698512115
669.815 65.02874455998376
669.985 65.08286428129637
670.1225 65.12788648301402
670.2725 65.2304435879191
670.41 65.27099399152434
670.6125 65.31007470824076
670.7325 65.37641879213949
670.885 65.4270473222142
671.015 65.50975955146859
671.135 65.56935355265662
671.2675 65.6490322269173
671.43 65.74481768650345
671.565 65.82338162782511
671.755 65.86075517849537
671.8975 65.94329601615074
672.055 66.02010003796235
672.2025 66.10139923786038
672.3925 66.19897434447645
672.5525 66.30091834343591
672.715 66.3864570465844
672.8625 66.4387602677442
673.02 66.49544126685062
673.1675 66.55259245631713
673.3075 66.59147095356434
673.46 66.67076478632131
673.625 66.75180810069327
673.77 66.83516625715504
673.9175 66.91453190601054
674.06 66.98573820453886
674.215 67.053779149617
674.39 67.12695412369618
674.6125 67.22030024973229
674.7775 67.28645227979406
674.905 67.35222178554038
675.0925 67.44004257194136
675.2625 67.52969155752625
675.39 67.59790375062454
675.565 67.68462747915866
675.7475 67.77046431398661
675.8625 67.8492992762689
676.0375 67.94938477261914
676.1875 68.02607007076907
676.37 68.10270218657098
676.5275 68.17233979799897
676.7025 68.28195264043771
676.8725 68.37986368913997
677.0275 68.45463341395961
677.18 68.50576764405501
677.33 68.57914294534304
677.435 68.63762513344922
677.5675 68.66106099524302
677.72 68.7499672362647
677.85 68.80889593941326
678.015 68.88426802218616
678.2 68.95209190041737
678.325 69.01479536990509
678.465 69.10370525666842
678.5925 69.16959248877107
678.7725 69.24925553556932
678.885 69.34094889012162
679.0425 69.42806589979632
679.185 69.4805702993492
679.3225 69.5564788724446
679.4225 69.6377234339453
679.5675 69.73451584761492
679.7725 69.7933989722542
679.925 69.8628041486224
680.07 69.93645594162024
680.19 70.00006373072645
680.345 70.07987548054308
680.46 70.12129412471158
680.6225 70.21631449173334
680.7675 70.2759932824117
680.925 70.3443330195825
681.06 70.40211320592336
681.235 70.47511354423405
681.38 70.52101554916246
681.535 70.5585220763161
681.675 70.62335676887116
681.83 70.67580046897116
681.9775 70.72476209704922
682.1225 70.8169123970654
682.2775 70.91539308352225
682.455 70.98334002710433
682.6275 71.03138311491652
682.7575 71.09987111755079
682.905 71.16964782777714
683.0625 71.22254010703526
683.2075 71.26004792185144
683.375 71.32163988432595
683.5575 71.40948803347503
683.67 71.464179294985
683.7925 71.5394238631167
683.95 71.63302818405096
684.1 71.70511878625109
684.2575 71.79063959586905
684.4275 71.8737039329587
684.605 71.93054973349227
684.76 71.98341078728785
684.895 72.04815275764864
685.045 72.13790729687778
685.205 72.193682510911
685.38 72.24818406195845
685.4975 72.2863284234464
685.645 72.36034150386793
685.8275 72.38284281225738
685.9725 72.46588857017947
686.1375 72.55766762774931
686.2475 72.630049248811
686.4 72.71963533605299
686.6 72.71319013803569
686.7325 72.78537091544042
686.875 72.88549315729404
687.05 72.96339247598077
687.16 73.03371968157117
687.325 73.08517621553725
687.445 73.1376083104543
687.585 73.20971199113244
687.73 73.28005879872
687.855 73.34099282168313
687.9575 73.38831860056166
688.1025 73.48610421386705
688.2575 73.54783752607483
688.3775 73.62115987747175
688.5175 73.70250907098342
688.6725 73.76074064773384
688.7975 73.83281591212531
688.99 73.9305702876533
689.1525 74.00717464203208
689.285 74.04847545217916
689.4075 74.12146397843044
689.5575 74.19926226082121
689.68 74.24478648903238
689.83 74.32571479440507
689.98 74.38000782407714
690.115 74.449840307448
690.25 74.52343158119191
690.4 74.55374337770759
690.5475 74.64252481009109
690.67 74.70618203392016
690.815 74.78299952224343
690.945 74.84220309029207
691.1175 74.92294249447279
691.24 74.9846928406125
691.3675 75.07404828277151
691.4925 75.13529947246532
691.625 75.19591370943299
691.735 75.254454068466
691.8825 75.33077397397957
692.0125 75.37992223025033
692.1625 75.4642513168788
692.2725 75.53347939837711
692.4175 75.6162862789926
692.545 75.69578988633576
692.685 75.7608079752497
692.8175 75.84289390007375
692.94 75.90695663220141
693.04 75.94202643099617
693.1575 76.00127088866165
693.3125 76.08914995320623
693.485 76.15220068502897
693.595 76.21724638568716
693.7425 76.23342463334778
693.865 76.31350570431294
694.0325 76.32663908055518
694.21 76.43101563093308
694.3575 76.5068817239849
694.485 76.5605221958239
694.67 76.65690969841712
694.82 76.73714271903606
694.9475 76.79122328550451
695.13 76.88192359351184
695.27 76.96493424123022
695.41 77.04405470842502
695.5425 77.08556059913043
695.6425 77.15102329027684
695.7625 77.19880330568321
695.885 77.25109127227194
696.0275 77.32632245303193
696.1825 77.40781043629482
696.285 77.44778352498106
696.435 77.52400081106748
696.5975 77.61827739788829
696.7625 77.70892991298068
696.87 77.7433803159947
697.005 77.7997878691273
697.17 77.90960059364735
697.3 77.98994215726945
697.4225 78.02678669762001
697.58 78.09751375130541
697.715 78.16891789138937
697.8675 78.24849526526499
697.9725 78.28958994325943
698.1125 78.34637982593438
698.225 78.40646215887233
698.3425 78.43209916353123
698.51 78.4748408831077
698.6525 78.53385039519418
698.785 78.60831344301877
698.9275 78.68548632464162
699.04 78.73612158409418
699.14 78.77199991065868
699.3075 78.8270079777026
699.435 78.8954180702606
699.565 78.96079909984583
699.6925 79.00260421296933
699.7825 79.0454340576571
699.89 79.09477136412275
700.0275 79.1665339268113
700.145 79.23252778150281
700.3075 79.32568533984812
700.435 79.39445493033011
700.55 79.45956238954406
700.695 79.51253097124776
700.81 79.56270772889069
700.9325 79.5880870655709
701.055 79.66478626360626
701.2025 79.7521630586364
701.3425 79.82452681634656
701.47 79.90262933995726
701.6025 79.97405277051648
701.715 80.03447737645511
701.85 80.10589795525699
701.9825 80.19020117608919
702.105 80.23414341428195
702.2625 80.29022290094669
702.3975 80.36953807491957
702.5225 80.44225808593959
702.65 80.50400447705759
702.775 80.56155899042312
702.905 80.61792045038347
703.0125 80.6839332610041
703.135 80.72569833037876
703.2775 80.81068252263705
703.385 80.83348257227263
703.485 80.88941536936085
703.6225 80.94876001595271
703.76 81.01583990670883
703.9 81.09872074370637
704.02 81.16840749909936
704.1475 81.20326760929062
704.2625 81.2428124833237
704.3875 81.31357258457018
704.4925 81.38078411891544
704.6375 81.44771586606647
704.7675 81.52074904625603
704.89 81.55474136798547
705.0175 81.61663667540775
705.16 81.6729795524348
705.29 81.74985318788409
705.39 81.80650132567621
705.5075 81.86534541979138
705.6375 81.92261213913558
705.7525 81.98649710787777
705.8725 82.07155777270283
706.0225 82.15058606441478
706.1675 82.17988365130701
706.3225 82.25322166904677
706.48 82.29843364518628
706.6275 82.33182901480028
706.775 82.40893432231941
706.8875 82.46855461325848
707.02 82.51521983100692
707.1175 82.58477041507881
707.2275 82.6310199464673
707.38 82.66768088956617
707.4925 82.73119769124929
707.5975 82.7633065193449
707.695 82.80234020762727
707.785 82.84023803438753
707.8825 82.8552422703549
708.0025 82.92665173313806
708.1675 82.93971868827519
708.3125 82.99349156926188
708.4425 83.06145138097325
708.5775 83.12869506740151
708.7025 83.1805355686878
708.8225 83.21766003140652
708.9975 83.22465591476076
709.1175 83.29458965271114
709.265 83.35312912745593
709.4175 83.4483808976309
709.5375 83.51332097756472
709.6525 83.56338217695674
709.7875 83.65436315541073
709.915 83.733332385502
710.035 83.7727788197213
710.155 83.84892713358731
710.2425 83.89349790793126
710.34 83.96066270704107
710.425 84.01011023414907
710.595 84.1092258893116
710.7275 84.14492953628675
710.8475 84.21757978957861
710.9675 84.27176734041299
711.065 84.32444666740727
711.195 84.41229509917244
711.315 84.47158929780025
711.44 84.51528550332935
711.535 84.57358039750436
711.685 84.63580106583228
711.7925 84.70147752245066
711.9225 84.77803241820226
712.0525 84.86149555197747
712.165 84.93348584359327
712.3225 84.97405467948249
712.4425 85.04704105216906
712.565 85.10562963452372
712.68 85.17258080687267
712.8075 85.2410143067885
712.9 85.29030478445702
713.015 85.34053722137611
713.1375 85.41300866303783
713.245 85.47165310036581
713.355 85.53724642701441
713.51 85.61430618511662
713.62 85.67105359197411
713.7425 85.72197405472879
713.9175 85.79105989930778
714.025 85.84566424797146
714.1375 85.91855789191042
714.2625 85.99363847631979
714.365 86.05719829535535
714.53 86.14372265221047
714.63 86.19319152731357
714.7225 86.22704478224743
714.8225 86.26345955784072
714.935 86.32999446809993
715.0725 86.3938190710667
715.16 86.45275934866098
715.2825 86.52270302699603
715.395 86.5739950362772
715.5325 86.64359020180108
715.65 86.6881455936518
715.7725 86.73247401563141
715.9075 86.77796368435368
716.0175 86.82201535108513
716.0975 86.86597283656072
716.21 86.92967168665064
716.3225 86.98594645661093
716.4225 87.04300779940293
716.555 87.11500752649255
716.6725 87.18275244887259
716.7975 87.24379745423502
716.88 87.28816448492815
716.995 87.34794866130714
717.0875 87.37904547269498
717.2 87.43344049212934
717.3325 87.47417488567598
717.445 87.522324971524
717.565 87.57874094014855
717.7225 87.63052130628363
717.8575 87.67267784121587
717.97 87.69841292219992
718.08 87.76642846164061
718.21 87.82273613624291
718.3475 87.86060241879449
718.465 87.89041807257735
718.585 87.95360918359775
718.705 88.02402255274359
718.815 88.07740828171578
718.9525 88.11217072757782
719.055 88.18581984681629
719.18 88.2579529881821
719.275 88.31354698716181
719.3925 88.39024568684853
719.49 88.42994140188517
719.6025 88.48343228096743
719.7125 88.53273381151378
719.805 88.58829884205545
719.915 88.64602681550616
720.055 88.73136487613584
720.16 88.78025814103589
720.2725 88.83706040839607
720.3975 88.89637736444216
720.51 88.91428047947616
720.66 89.0001233419776
720.7625 89.06577836599111
720.8825 89.13273981549956
721.03 89.17808546564729
721.1725 89.23348182968444
721.29 89.26944316903332
721.3775 89.31777065139578
721.4975 89.37275152717886
721.615 89.41938459222432
721.7325 89.48256123773034
721.84 89.52486332233191
721.9725 89.5950328899229
722.11 89.65876776195107
722.195 89.69556963993587
722.33 89.76204186849252
722.4275 89.82240759418018
722.54 89.88515869923113
722.6175 89.92172142318711
722.7175 89.95672974723483
722.86 90.05417695458343
722.9775 90.11280590582312
723.075 90.1230535821297
723.185 90.16037382086876
723.2825 90.2182132874063
723.3875 90.28349859773724
723.47 90.32549938748745
723.6125 90.36740570462587
723.685 90.39656865202433
723.8325 90.46435176964876
723.9775 90.54243106581725
724.0775 90.57397864601853
724.1825 90.63227746253047
724.285 90.69289817537324
724.4125 90.73190199068415
724.5025 90.79128613388299
724.58 90.8312964293011
724.6675 90.88102301697276
724.78 90.91931811235187
724.89 90.9681036942307
724.9625 90.9921701649561
725.0875 91.05205123353666
725.2025 91.08838690702183
725.2825 91.1351564194025
725.3375 91.1776123081513
725.45 91.22426852499177
725.5525 91.27472230074264
725.6875 91.34272591560992
725.7975 91.37376212437522
725.895 91.42872636656672
725.99 91.47795055966485
726.0625 91.51590843942782
726.1725 91.57665342422682
726.32 91.63484578699311
726.465 91.66077688984598
726.595 91.70646741322847
726.7275 91.7288870287809
726.82 91.79173113500968
726.9325 91.86817920054831
727.0625 91.94601005842591
727.165 92.0127090219274
727.3175 92.09304814992205
727.405 92.15488202315579
727.5225 92.22052948718765
727.62 92.27441149930927
727.7025 92.32075497008033
727.7975 92.3788185084793
727.8775 92.41015412395453
727.99 92.4608968354137
728.0875 92.52107986452735
728.1825 92.57954213975688
728.2775 92.62293459929057
728.365 92.6683080307567
728.48 92.71807376670162
728.6075 92.76554889291339
728.72 92.82277073497264
728.835 92.90274525108491
728.9475 92.9536750646259
729.025 92.98219505094093
729.155 93.0509385654965
729.255 93.10204052476341
729.365 93.16063565201625
729.51 93.18074655647516
729.64 93.25938925497272
729.7325 93.25490408869378
729.8375 93.29158264404444
729.9325 93.3503543936151
730.0325 93.39613771511245
730.1725 93.45733479678466
730.29 93.51718858799971
730.385 93.53868445045508
730.49 93.57352677055998
730.59 93.6018438007888
730.6675 93.6373688002797
730.79 93.70497562104343
730.8675 93.75120353446349
730.985 93.81282903862657
731.09 93.8653218532624
731.1825 93.92229601095751
731.2975 93.96169962405217
731.415 94.01619747932367
731.52 94.06215403686615
731.63 94.10612630173871
731.7225 94.16859776891876
731.86 94.23981779558657
731.9475 94.29851679333859
732.025 94.34721972413486
732.135 94.40799196767406
732.22 94.45886826807858
732.345 94.50947612644052
732.455 94.55863956185854
732.5475 94.61407030404487
732.625 94.65809401157811
732.7425 94.67242663342716
732.8375 94.72369047706063
732.9475 94.78718938722591
733.075 94.83751769160114
733.17 94.88178160849955
733.295 94.9435287902649
733.3775 94.98792955239959
733.4825 95.06103932075358
733.605 95.11024588434442
733.71 95.17640079436931
733.81 95.17541594077089
733.8975 95.22924191149268
734.0 95.28230051788186
734.095 95.32638025189996
734.19 95.38513884132811
734.3225 95.45048707291198
734.4825 95.50871415713789
734.6 95.56058058322745
734.695 95.6218899604008
734.7975 95.64557849406143
734.8925 95.66954897066584
735.0425 95.74664089071031
735.1275 95.78804527598673
735.2675 95.79741021164476
735.375 95.84241648139137
735.4625 95.89451490425195
735.57 95.94591782806435
735.6575 95.99710309826096
735.7625 96.0513443196608
735.855 96.10118401415409
735.9325 96.14333985381211
736.04 96.2105741925811
736.1275 96.27048488191228
736.225 96.31500831681254
736.3175 96.36320023561444
736.405 96.40779081757766
736.4875 96.44521264092566
736.575 96.48838996737506
736.71 96.53971042645117
736.8 96.59841164756315
736.8675 96.64969141635788
736.9675 96.7012371529821
737.0825 96.75512689362
737.175 96.80548864387251
737.285 96.87600930026413
737.39 96.90513098400707
737.5125 96.96910519415651
737.61 97.00191404462493
737.73 97.05442288997584
737.825 97.0931876741712
737.9075 97.14541689554643
738.005 97.18393265821922
738.085 97.22329297417285
738.1675 97.26858376278567
738.255 97.3135643140192
738.375 97.36819701254453
738.4775 97.41616532648621
738.57 97.46881822570636
738.64 97.49733188303553
738.72 97.54177358437238
738.8125 97.6101002608456
738.9125 97.67330767066468
738.995 97.71774080057273
739.085 97.75968066082902
739.1575 97.7963855483207
739.255 97.83047572178047
739.3375 97.87393351093158
739.4625 97.94885675749491
739.5425 97.99855859893383
739.6275 98.05189533710195
739.705 98.09781306083379
739.815 98.16389943804293
739.895 98.19697342063262
740.0175 98.2677136837506
740.125 98.31061395923945
740.2225 98.37299481576515
740.31 98.4299499014095
740.385 98.47283393178233
740.485 98.50951775193754
740.6025 98.52818887891628
740.6825 98.57822202898568
740.81 98.6346586637999
740.9075 98.66575531525528
741.0175 98.71747587868953
741.1175 98.78433355111449
741.22 98.82706396240137
741.3425 98.86422777011641
741.4525 98.8858116876877
741.5425 98.92916984066639
741.64 98.97781022680402
741.705 99.01212793742363
741.79 99.06308412618438
741.855 99.10645386651157
741.95 99.15774374885413
742.045 99.21351358658505
742.15 99.27417036800479
742.265 99.33074179560003
742.3525 99.39288509631575
742.4375 99.44843423316715
742.5175 99.48854013299463
742.6025 99.53072594565043
742.7275 99.59478423273939
742.8125 99.63329930085591
742.9 99.68104522396605
743.0075 99.74726178866183
743.1 99.78842279196652
743.2 99.82337785768073
743.2925 99.85993671714839
743.3875 99.91177734321263
743.4925 99.96736281316788
743.575 100.01315389677973
743.68 100.04912377387323
743.78 100.10554129765363
743.86 100.14558525274113
743.9575 100.20027910931165
744.0675 100.27097593664995
744.1425 100.31685237749096
744.2175 100.36160282725233
744.3 100.40302245098609
744.3725 100.41671941262562
744.4625 100.45028243790377
744.55 100.4921598208718
744.6125 100.52988604749227
744.715 100.54619644246927
744.7675 100.57311181822905
744.8475 100.60560602500811
744.9225 100.64574212190088
745.045 100.7205268867317
745.1575 100.7724934311483
745.2625 100.81409772198896
745.365 100.88508947409173
745.465 100.94723689428785
745.555 101.00046886910698
745.66 101.02643342525049
745.7125 101.06421117636926
745.7775 101.1023352808832
745.86 101.15610111100543
745.95 101.20698906988332
746.0575 101.25351786951595
746.17 101.29428627063666
746.2725 101.34334921357475
746.3825 101.39800334056699
746.495 101.46829313277227
746.585 101.52401483871898
746.68 101.56880996592771
746.7825 101.61929638234616
746.8525 101.66422566813637
746.955 101.70645743368152
747.055 101.75638988390614
747.135 101.79268712870393
747.2 101.83051425817912
747.28 101.84646954311174
747.3825 101.88138069874546
747.48 101.9245364366184
747.5775 101.98281831676142
747.6425 102.01852352197619
747.715 102.04101968937844
747.78 102.08619189900809
747.84 102.12751575204504
747.91 102.16587770100169
748.01 102.19951934518073
748.1 102.23578330736835
748.2275 102.30273881805012
748.3 102.35326314383173
748.4025 102.4105477696815
748.4975 102.46571646838002
748.58 102.5096540474717
748.6725 102.56187199792768
748.7675 102.6155852665617
748.8625 102.67074460743726
748.9425 102.71816659247916
749.04 102.78487352506646
749.135 102.82928293327454
749.2175 102.88668216619641
749.295 102.92717319763591
749.385 102.95212297014643
749.4625 102.9956983492326
749.5575 103.0478230159221
749.6275 103.07825454551688
749.71 103.13183960762133
749.79 103.18281170611188
749.8725 103.22987582044628
749.9925 103.30036232216092
750.085 103.31261547502672
750.1625 103.36853354899729
750.2175 103.40106209733604
750.31 103.44663801831949
750.405 103.45902764380932
750.52 103.52588382406539
750.5725 103.54672643371129
750.6275 103.58183593463177
750.725 103.63604802928283
750.8175 103.68372572975476
750.9225 103.74661388924318
751.0 103.79153002177321
751.0875 103.81270412427364
751.175 103.85535234414402
751.25 103.88576963584609
751.33 103.93291696123117
751.4175 103.96294497835004
751.5 103.99614413519123
751.5575 104.03655947800296
751.6575 104.09249883894775
751.75 104.14022020170279
751.825 104.1923437024791
751.91 104.24540594987451
751.9775 104.2917970940321
752.09 104.3227683681755
752.175 104.37958190084147
752.2675 104.40232544174533
752.3925 104.44575497875778
752.47 104.48476810960193
752.5675 104.54242315609666
752.685 104.61127842606092
752.785 104.62317523853156
752.9 104.6827645938314
752.9675 104.70675817141371
753.05 104.7601270070168
753.135 104.80556899913803
753.2325 104.85090712799726
753.29 104.88373274003796
753.395 104.91086549661155
753.4525 104.93004111106085
753.5475 104.97682161525516
753.625 105.00165591247074
753.6925 105.03284099732772
753.76 105.06352011114689
753.845 105.11848417041465
753.9325 105.14159419957005
754.0175 105.18634708355431
754.0925 105.21515821184633
754.1625 105.25725065661497
754.28 105.3331585290894
754.3525 105.36685284255607
754.4575 105.4407538629536
754.54 105.47761477225922
754.615 105.5266385972475
754.715 105.5867661592584
754.785 105.6354623327585
754.89 105.68273274286584
754.95 105.7301976103175
755.0375 105.770622837291
755.1225 105.82224891137805
755.215 105.8531814119802
755.3025 105.89613293778932
755.39 105.95162701993029
755.47 105.99207470254262
755.56 106.0359867035266
755.6525 106.08334427978767
755.75 106.13649177930296
755.825 106.1685158575672
755.9125 106.21298337936783
756.0125 106.25902217333397
756.095 106.31075164247014
756.1925 106.3743116508774
756.27 106.42783616506043
756.3425 106.45556425877484
756.4275 106.44263633914309
756.5175 106.47825477815411
756.6175 106.53600797965257
756.7025 106.5473125812929
756.79 106.58316390062582
756.865 106.6208083205023
756.945 106.67004368871041
757.0025 106.67145584682534
757.0925 106.72461901787837
757.155 106.76329884351584
757.2475 106.79986785189838
757.325 106.85400704725647
757.425 106.89767142173143
757.51 106.94687459183837
757.58 106.97353384064624
757.67 107.02093159517322
757.77 107.08917933585575
757.8375 107.12144324437055
757.9425 107.17294104380989
758.025 107.22063718143993
758.12 107.2521709357254
758.1975 107.296878071357
758.265 107.3413722685771
758.3475 107.37546493461534
758.445 107.42498449258946
758.5225 107.47747677436635
758.585 107.51540205569616
758.6675 107.55010230126483
758.74 107.58756950866564
758.8 107.60384038762469
758.875 107.63201662380142
758.9525 107.67602127513861
759.025 107.71827813147134
759.12 107.72333262101321
759.2175 107.77899132566577
759.2975 107.82459995120126
759.3925 107.88510756743531
759.4725 107.93128438558864
759.565 107.96978494538592
759.635 108.00265370823091
759.705 108.04393413912997
759.7875 108.08871481067558
759.8675 108.13212443389092
759.9425 108.1811540842373
760.02 108.22206169072678
760.1125 108.27193483739714
760.21 108.27388413168896
760.2925 108.31598601228968
760.37 108.33672144306647
760.49 108.39630666330662
760.6075 108.46018843307135
760.71 108.51067836068364
760.8075 108.56390166908166
760.8825 108.60975504519588
760.96 108.65492686865186
761.0075 108.68089199330835
761.09 108.69055152116455
761.175 108.72858012196399
761.265 108.77349842631588
761.325 108.80883595533444
761.37 108.83699660305743
761.4625 108.89549653987835
761.5475 108.9201392561953
761.6225 108.94985162529105
761.6975 108.98267776983968
761.795 109.03784252614726
761.88 109.08788207238052
761.96 109.1158745793344
762.0325 109.13715563730577
762.09 109.14305941536715
762.165 109.181910125931
762.2475 109.19115355093774
762.325 109.21469222359113
762.4275 109.24346699667505
762.52 109.28647415661261
762.6025 109.33494326287335
762.6775 109.38984797892411
762.7475 109.42389004706689
762.7975 109.45392591632445
762.8575 109.48671401185071
762.9375 109.51855723894124
763.0075 109.56735351435822
763.11 109.6233144805166
763.1975 109.64672592016842
763.2775 109.69029307435024
763.3425 109.72910454711537
763.415 109.77010734332646
763.4825 109.8013914194356
763.555 109.83704938929473
763.65 109.87177534537182
763.725 109.90439853364654
763.8025 109.93679429836719
763.8825 109.97454111285239
763.97 110.0025249197572
764.03 110.03876783236518
764.095 110.06241553447393
764.1575 110.10467880379204
764.24 110.15060275922482
764.3075 110.17674542220594
764.375 110.20413673898982
764.4775 110.2551585810584
764.55 110.27337867823208
764.6275 110.31253729045784
764.7075 110.36118394187619
764.785 110.3695945153542
764.8575 110.41286017933987
764.9275 110.4356705828906
765.02 110.4450763375989
765.0775 110.47362830162366
765.145 110.49258120459099
765.225 110.54154403387663
765.2975 110.58615300679425
765.355 110.62175149925038
765.4325 110.66880502093584
765.4875 110.70912844726885
765.5825 110.76316803085123
765.655 110.79505781889696
765.73 110.81969415013212
765.7975 110.85089669006958
765.87 110.8814901692586
765.9425 110.9293355585828
766.025 110.9700195462506
766.0875 110.98388803000027
766.15 111.02566932074896
766.2375 111.06107553954263
766.2825 111.09115990154514
766.3375 111.11852640773982
766.4225 111.15023585704934
766.475 111.1811472046153
766.545 111.21021650747336
766.6175 111.24202517106748
766.69 111.27814684344938
766.76 111.32090216192722
766.805 111.32477256868157
766.8875 111.35996789634365
767.0 111.3757666797799
767.0725 111.41523967946249
767.12 111.43612801316463
767.185 111.47633474428575
767.2575 111.50266051536623
767.3375 111.53471915818068
767.4075 111.58231480028758
767.4575 111.60713945664153
767.55 111.65197224979131
767.625 111.70081492602391
767.7 111.74465163004358
767.77 111.78520443164453
767.8475 111.81883953940789
767.945 111.82304305192865
768.04 111.85760461083183
768.135 111.89718147950661
768.225 111.95046512455411
768.2975 111.98206978634606
768.39 112.03180670812068
768.445 112.06562244656406
768.51 112.097768372905
768.5675 112.13595151782064
768.6625 112.18970504706022
768.735 112.22555954656166
768.8275 112.2834657706274
768.895 112.30273253280991
768.9925 112.34255457158329
769.0725 112.3822569311202
769.145 112.39328093350379
769.2 112.42026414073969
769.2475 112.43217390084646
769.31 112.46969583493593
769.4025 112.50958408075758
769.475 112.55133888458094
769.5425 112.59298888748155
769.64 112.61258537998725
769.72 112.64801613365022
769.7825 112.68836169233384
769.85 112.71612489803788
769.9125 112.75383991149468
769.97 112.76092703887579
770.025 112.79084098243
770.09 112.83284107502855
770.155 112.86055438833401
770.245 112.89949386195542
770.31 112.93566780542204
770.37 112.94784699298557
770.455 112.98904498098156
770.545 113.03333274205859
770.625 113.07616868647447
770.6875 113.10688645329202
770.755 113.13418286854478
770.825 113.17402650647907
770.885 113.20490338486199
770.9575 113.23323322468671
771.05 113.27223400945935
771.1425 113.32041291713192
771.205 113.34416714398631
771.26 113.3733928906551
771.365 113.43292885388679
771.405 113.45265416393794
771.4875 113.49620396531475
771.575 113.49028366435404
771.6575 113.51380379884293
771.7375 113.52214227063493
771.79 113.55815486498915
771.8725 113.61373793414434
771.965 113.63016020524952
772.025 113.66183134527573
772.1075 113.71232199803792
772.1775 113.7439898712436
772.2375 113.77908548800265
772.3225 113.800240468008
772.4 113.84611255268398
772.4675 113.87344663428307
772.5425 113.89743085618355
772.6325 113.92904375653382
772.6925 113.96744882741994
772.785 114.00619415524936
772.8525 114.02482139202722
772.915 114.03610550345883
772.9675 114.06849036867048
773.045 114.11680238451375
773.1025 114.15122974317757
773.19 114.19950840217412
773.2625 114.24913898207444
773.3425 114.3006640323914
773.41 114.34471428190517
773.4725 114.36212652670147
773.54 114.39470604853103
773.625 114.4078330169709
773.7025 114.44896420356183
773.7675 114.48445383183225
773.845 114.5206024957517
773.9225 114.56279097700576
773.9825 114.59584509497972
774.0775 114.62842441103948
774.1525 114.67346796179999
774.2475 114.71866532602908
774.3125 114.73475936378506
774.39 114.74873017900563
774.485 114.7871945169088
774.555 114.82043068747892
774.6125 114.85517673490821
774.6775 114.85553089072586
774.7475 114.8961337366016
774.8325 114.93092376224126
774.9075 114.97365479531594
774.9775 114.99056077094349
775.055 115.03725875669868
775.1075 115.04938873532066
775.17 115.06847084434618
775.23 115.0993995616338
775.29 115.13037569868906
775.3525 115.16468863118936
775.425 115.19792002003483
775.48 115.21549864414746
775.545 115.25229152496009
775.5975 115.27743800515596
775.64 115.30178512987268
775.705 115.33680862395533
775.7725 115.37221334785056
775.82 115.39685300826244
775.895 115.4232658555106
775.955 115.4495538046129
776.0375 115.4801726246699
776.1375 115.47601642624407
776.2075 115.4894105692556
776.265 115.51497326156053
776.3575 115.57043743437133
776.4075 115.59867680448319
776.4725 115.64046019380321
776.5375 115.6831884674042
776.6025 115.71967032012098
776.6475 115.73885237301069
776.725 115.78222308695494
776.78 115.80476440391648
776.8475 115.83156574443352
776.91 115.86190855771619
776.9675 115.88827237012526
777.0225 115.90931548971044
777.1 115.94091486334052
777.16 115.97612060841857
777.215 115.98115297155617
777.275 115.98083142547893
777.34 116.00740793907019
777.3925 116.0411665081035
777.455 116.06461762164703
777.53 116.1040674835104
777.5925 116.1361289386819
777.6475 116.14882529666188
777.7 116.17614747919546
777.745 116.2035633935699
777.825 116.25296234132203
777.8825 116.28815947393177
777.955 116.32739631244259
778.015 116.36040621851723
778.0725 116.39231146932744
778.1425 116.4244339294354
778.1975 116.45375557154345
778.265 116.492127693404
778.3275 116.51052312450952
778.39 116.55030172453526
778.46 116.58760686791702
778.53 116.62262297888944
778.6225 116.67475085668137
778.6825 116.71519947384978
778.755 116.71892839472967
778.8175 116.73584426855672
778.8675 116.76281012514559
778.915 116.78686014168883
778.9875 116.79499141143417
779.05 116.80100035620636
779.1125 116.838233364294
779.175 116.87550678056127
779.2525 116.90963776462414
779.3075 116.91913081967844
779.39 116.94440081596686
779.475 116.95985805390659
779.5425 116.97718730429473
779.605 117.01410053626348
779.6675 117.04634364280832
779.7275 117.08199574687038
779.82 117.1137980951034
779.8625 117.13434479509603
779.9375 117.17439220761104
779.995 117.20451022910814
780.0675 117.22637502393876
780.1525 117.27272262734876
780.22 117.31066054580988
780.29 117.34547627414112
780.3675 117.35716511683745
780.44 117.39491178617243
780.4925 117.4202227707768
780.57 117.44807459283402
780.6475 117.44576199794602
780.715 117.46562991158869
780.81 117.49852619989696
780.8775 117.53317664720016
780.95 117.5429852584094
781.0075 117.57029548189138
781.06 117.60780326352149
781.13 117.65364018006014
781.21 117.66553806071595
781.25 117.68803543355853
781.31 117.71680855996672
781.3525 117.74369276830416
781.42 117.76885138222981
781.4975 117.79017917264501
781.565 117.82462552858966
781.625 117.86183821436084
781.6975 117.9013265436478
781.7825 117.94096137336756
781.86 117.96900914136089
781.95 118.01313592404266
782.005 118.04652655236283
782.0625 118.07426656478553
782.13 118.11051322102252
782.175 118.12776896013376
782.2525 118.16618323743157
782.3075 118.18887201178696
782.385 118.24042782369241
782.465 118.27949472406635
782.545 118.31836740406327
782.6125 118.34240429950904
782.665 118.37010382143266
782.7475 118.38852711361146
782.82 118.4357215977339
782.885 118.46910608991847
782.97 118.51710788808248
783.0475 118.55176737450627
783.1 118.58252205253882
783.155 118.6164010645398
783.205 118.62245230341593
783.2925 118.64887624134217
783.3625 118.66397490857426
783.435 118.68460668790055
783.495 118.69744176562637
783.575 118.73138688053987
783.6775 118.77861504593561
783.7275 118.81222203127936
783.8025 118.84984943417605
783.86 118.86830774628773
783.915 118.89601941858253
783.985 118.93790538909732
784.07 118.9487794402524
784.1525 118.96200713506813
784.23 119.00355758040169
784.295 119.03929544334983
784.3575 119.08030900923265
784.4075 119.10599076595953
784.4525 119.12823588559111
784.5125 119.15817858022331
784.56 119.18277028089916
784.62 119.20917611145936
784.6875 119.24743065594794
784.765 119.28120047588142
784.8275 119.31415428305523
784.875 119.34656837738841
784.95 119.39254142268865
785.015 119.42013102586843
785.0625 119.42566649718032
785.1125 119.44846035194892
785.2025 119.49476553903133
785.27 119.5138947050464
785.3225 119.52631443894849
785.3675 119.55004381509227
785.445 119.58611571868073
785.49 119.61986532533435
785.5575 119.65575809321572
785.615 119.68576976278038
785.6725 119.71417607632812
785.75 119.763582901789
785.81 119.78997451785132
785.8725 119.83847208735003
785.9475 119.88189569755767
785.9925 119.8836212765361
786.0725 119.92408728244014
786.145 119.96465216647591
786.2 120.00507508065142
786.2825 120.04887347996869
786.3375 120.08444645102306
786.385 120.11135925279459
786.44 120.14340387110038
786.4925 120.160773434724
786.5625 120.19950455800546
786.61 120.22425953797192
786.67 120.24849417301326
786.72 120.27029541786177
786.79 120.30556709348164
786.855 120.33649136019464
786.9075 120.36345936215052
786.9525 120.38087110946111
787.015 120.42216789820408
787.0675 120.45483120094902
787.1325 120.47718382875766
787.1875 120.50970423907559
787.245 120.53217407592325
787.325 120.58503743472004
787.3925 120.62164979699693
787.445 120.64686543939251
787.5 120.68173101385833
787.5775 120.71858363498592
787.65 120.71556701726898
787.71 120.74431196615619
787.79 120.75512577527509
787.845 120.78509250494687
787.9075 120.82064398845279
787.9975 120.8680694778329
788.0625 120.89115050086818
788.115 120.91597685437031
788.16 120.9270763497002
788.2375 120.97213206184706
788.3175 121.0092964126961
788.3875 121.05580785442812
788.44 121.07385595780468
788.5175 121.11675302537022
788.5925 121.15553269043792
788.6525 121.18701446498856
788.7175 121.21952452705966
788.8125 121.24166444231065
788.8725 121.2722294172064
788.9325 121.31050465685256
788.975 121.34362390606543
789.03 121.36722832081026
789.09 121.40178286254903
789.165 121.4396836578443
789.215 121.45700178749686
789.2725 121.47948966708098
789.335 121.50995617076634
789.3925 121.54033724527112
789.465 121.57138965215003
789.5125 121.57743427570207
789.58 121.61351989212127
789.6475 121.65965198475881
789.685 121.68197085055445
789.7175 121.69476872729155
789.785 121.72323170966426
789.8575 121.7144124137444
789.915 121.74750063050342
789.9675 121.77612658590216
790.0375 121.82108617288246
790.1075 121.85309345565169
790.1425 121.87625588325356
790.1925 121.90491155981377
790.23 121.93238234637121
790.31 121.94246106063225
790.3625 121.96394591849688
790.4375 121.98404141382234
790.5225 122.01121397062842
790.5925 122.0491763485867
790.645 122.08076530782957
790.7025 122.11141218664021
790.755 122.13117962909386
790.81 122.15942949907243
790.8725 122.20196210620563
790.9125 122.21905984839503
790.9725 122.25550197499454
791.035 122.29234366179979
791.1 122.3272450732789
791.1475 122.350356632788
791.2025 122.37743699908968
791.275 122.42186142755905
791.3575 122.43254884339673
791.4 122.45404232283641
791.4725 122.49629627156335
791.5375 122.49050331456576
791.6125 122.53836734848021
791.6825 122.58063355627446
791.75 122.60007931735424
791.8125 122.62965556834949
791.8825 122.67547380562091
791.9575 122.7208895648535
792.0375 122.7596265411446
792.09 122.78592287857288
792.1775 122.80436994236952
792.2375 122.81012544178742
792.2625 122.8248690816004
792.31 122.84898690652639
792.3625 122.8661112634093
792.4175 122.89687668732168
792.475 122.92073928090176
792.5275 122.9480165789662
792.5825 122.98202975580271
792.6425 123.01685885542942
792.68 123.02974598035215
792.7225 123.05743913745185
792.77 123.08249408781573
792.825 123.1126768574525
792.875 123.12395439297508
792.935 123.13191888629676
792.9875 123.15064981609035
793.065 123.18800260156186
793.1225 123.2227336938988
793.21 123.26817719416444
793.26 123.2914000379113
793.3075 123.32046783977329
793.3525 123.34268030861942
793.4075 123.38062404496222
793.46 123.40496490582754
793.5275 123.43372291895793
793.5825 123.45836591351389
793.635 123.48466679037854
793.7025 123.50667488278316
793.745 123.52414951653974
793.805 123.55690083666272
793.8625 123.58808044394712
793.945 123.63405851975078
794.0 123.65117886655072
794.05 123.6735232411416
794.1125 123.7098831205666
794.175 123.72442648593359
794.285 123.74077024389084
794.34 123.76813312376633
794.3925 123.79487619518206
794.4575 123.81696084637626
794.5175 123.84234740700852
794.5575 123.86398755199475
794.625 123.87356872056654
794.67 123.90222153477771
794.7375 123.94237724015073
794.8175 123.98562530372178
794.855 124.00646347048263
794.91 124.02745229305386
794.9625 124.05013980933994
795.02 124.07827426815463
795.095 124.11699539694763
795.14 124.13995012905838
795.205 124.17242024650514
795.2975 124.21115094385445
795.3575 124.24026643265921
795.4275 124.27544290011627
795.505 124.2946211915176
795.5525 124.31664737994453
795.5775 124.33090697740677
795.6325 124.3588164620007
795.6825 124.3618968866393
795.7525 124.39675488256631
795.8225 124.44296332679433
795.885 124.45366028726211
795.9425 124.48856453707403
795.9725 124.50572650920104
796.0225 124.53505306682086
796.0875 124.57428194879411
796.13 124.59105275285687
796.1875 124.62208473524827
796.2325 124.64692367927404
796.3025 124.67877922373884
796.3475 124.70320351204053
796.41 124.73654200867004
796.46 124.76011428051922
796.5275 124.80641348049652
796.57 124.82117574669357
796.625 124.84966147300845
796.6875 124.88039327818151
796.735 124.90413276170003
796.7825 124.92457952771119
796.835 124.95792885992633
796.8875 124.97584666395919
796.945 125.00511057221993
796.9875 125.01992760955649
797.0325 125.03114977791319
797.085 125.06921502258629
797.145 125.09671035785027
797.1975 125.12773821550245
797.245 125.15151709258836
797.3 125.15450100898096
797.3875 125.1827429864197
797.435 125.19633012869923
797.525 125.208915642581
797.5975 125.24982751277528
797.6675 125.27954483728217
797.705 125.294032025284
797.75 125.31839149989239
797.795 125.33501162023568
797.87 125.37801728391273
797.955 125.39500685577917
797.9875 125.40431791261342
798.055 125.44162378350978
798.125 125.47946890943747
798.1875 125.51361085565605
798.215 125.52529735351841
798.2875 125.5478015336183
798.3425 125.58059726635494
798.42 125.6019435381132
798.485 125.64107199650547
798.5525 125.6626236444354
798.5625 125.6652516905773
798.615 125.684977459111
798.66 125.71152639942841
798.72 125.74769503659913
798.7625 125.76122537678569
798.825 125.79051039830334
798.875 125.81176764195384
798.93 125.84889734282937
798.9975 125.87789960024527
799.05 125.90395949907158
799.115 125.93699652100581
799.1575 125.96064028498151
799.21 125.98568124870081
799.2525 126.00522622629923
799.3025 126.02758974602737
799.3675 126.04944903789502
799.42 126.05615409396879
799.4725 126.0874870068368
799.5175 126.1080202671076
799.56 126.13356250012298
799.6 126.15549143834417
799.665 126.19022429161026
799.7025 126.20990986098437
799.75 126.22104372765759
799.7925 126.24221634111466
799.8325 126.26087662520571
799.8775 126.27462411541251
799.95 126.31689274789701
800.03 126.35350061551318
800.0975 126.38552625545049
800.1575 126.40624605356086
800.2075 126.4335717438599
800.2525 126.45794864574238
800.31 126.47844041465842
800.3625 126.51700468686943
800.4025 126.53552303691464
800.44 126.55424268214846
800.4925 126.57815774768166
800.5525 126.59998473177328
800.59 126.61465189774827
800.6575 126.64637165107
800.69 126.66538279259645
800.7625 126.68796586688383
800.8225 126.71753757698235
800.89 126.73024219070317
800.9425 126.75717987702292
800.9875 126.78028413307072
801.06 126.82107617982317
801.11 126.85259892740312
801.1725 126.86299022754307
801.2275 126.90153957148836
801.265 126.9196449162389
801.3225 126.95460674660632
801.38 126.96586717922037
801.4325 126.99251233526746
801.49 127.01530269142567
801.555 127.0439387808501
801.6125 127.06362680520425
801.6925 127.08792742425412
801.73 127.10415321464136
801.785 127.13438423233637
801.8275 127.15888170608399
801.8825 127.18279109071345
801.9375 127.21571518182436
802.0025 127.25414152430449
802.08 127.27821085085021
802.13 127.30006428087452
802.175 127.31284607981382
802.225 127.32198000140707
802.31 127.34349143961022
802.3475 127.36648813364822
802.405 127.40321787463624
802.455 127.42106692277908
802.53 127.44634371497595
802.6125 127.49338709569541
802.65 127.50781586933968
802.7025 127.53606396930223
802.75 127.55722093056443
802.8075 127.5904335779196
802.865 127.61864311367458
802.9 127.63314832510574
802.94 127.64597579964912
803.0 127.67410344987476
803.03 127.69178548442538
803.1075 127.72939340103548
803.155 127.75336897009026
803.22 127.76141454922552
803.26 127.78107217430534
803.3075 127.80676573314854
803.3525 127.82094401180962
803.4125 127.85634695780058
803.48 127.89241876257701
803.5325 127.91195257981934
803.57 127.93529105271091
803.63 127.97022719218344
803.685 127.99459878563526
803.7275 128.01786859829812
803.7825 128.03929219037227
803.8275 128.05932500427835
803.885 128.08028017780904
803.93 128.09526177898059
803.9775 128.10636242585676
804.0175 128.12265893698392
804.085 128.14628926985787
804.1475 128.16223953589898
804.2075 128.19056711589093
804.25 128.21581704044306
804.3 128.24213470143866
804.37 128.2509214279484
804.4525 128.29558502377031
804.4875 128.31356425053704
804.5425 128.3362523916951
804.5925 128.36428599320908
804.655 128.38853146808452
804.705 128.41239165605114
804.7375 128.4283972757468
804.7825 128.42639347151444
804.825 128.44881127435357
804.88 128.47515426399727
804.91 128.49296870848144
804.9425 128.5105505308586
804.9975 128.52688588282547
805.0475 128.5471749367155
805.08 128.5563122274975
805.1425 128.5919979960711
805.17 128.6014460642825
805.2075 128.61897817825744
805.245 128.63858164142204
805.2975 128.6638253108037
805.37 128.64800376290515
805.4125 128.67118180197065
805.455 128.69048557564088
805.5 128.7157891867385
805.56 128.73483617542215
805.6125 128.7421987076117
805.6575 128.76586042417043
805.7075 128.78820967436354
805.74 128.78577888146373
805.79 128.81064146018156
805.845 128.83822879097255
805.895 128.84563231797398
805.955 128.86503975546643
806.0125 128.89220435934647
806.0675 128.9129719212692
806.09 128.9293171550022
806.15 128.93773632891208
806.2025 128.96348492833994
806.265 128.99276183769499
806.3075 129.0041787660297
806.3775 129.0263519304533
806.4425 129.06026916305845
806.505 129.08230156160488
806.5975 129.1138507670643
806.6525 129.11967887363676
806.7075 129.1444643623512
806.7625 129.16990071947757
806.81 129.19422110495998
806.85 129.19813425408609
806.9 129.234336708404
806.96 129.25195770830155
807.0125 129.27204065453395
807.0475 129.29704000918906
807.08 129.3131793200703
807.135 129.3481508771515
807.1825 129.37605885658738
807.2275 129.38237996095486
807.275 129.4074383013561
807.3175 129.4029927400259
807.3675 129.43126970594946
807.43 129.4349784026142
807.465 129.4515083246186
807.51 129.44297435172967
807.5675 129.4725193890285
807.615 129.4943579731069
807.6875 129.50818804491357
807.7575 129.54798491191144
807.8125 129.5720635123835
807.8575 129.58376470042396
807.925 129.61864007401323
807.96 129.63717790331924
808.0125 129.64539005168731
808.0675 129.67061778422033
808.13 129.69330740235756
808.185 129.7165051343145
808.2375 129.74330196492573
808.2825 129.77137287087612
808.325 129.7820010420791
808.3875 129.8072692943432
808.44 129.82481506444094
808.4975 129.84455713001887
808.56 129.88007346667646
808.605 129.90507031379906
808.645 129.92497922094856
808.7125 129.94610351332483
808.76 129.9704512398442
808.8125 129.98711076935825
808.85 129.99792749456512
808.89 130.02680618170442
808.9275 130.03923542772222
808.975 130.0676876993615
809.02 130.08803496903647
809.0725 130.10863879263044
809.1175 130.13587922399998
809.1675 130.16130129434245
809.2175 130.19330218403695
809.2425 130.19928312808665
809.32 130.2035137293486
809.35 130.21456170567288
809.405 130.2381507653842
809.46 130.26538710530218
809.515 130.26404561101035
809.5525 130.285525054962
809.5925 130.30529582118916
809.6375 130.32227681150044
809.71 130.3442940349468
809.7525 130.33291185857024
809.785 130.34386284537388
809.815 130.3538110879882
809.835 130.36479672658535
809.905 130.3489858813668
809.965 130.3282102269205
810.03 130.34219123922466
810.0675 130.3615483067855
810.135 130.35942899083688
810.175 130.38198891174144
810.2025 130.39229990085144
810.2575 130.4201853841617
810.2875 130.43974148681784
810.325 130.45024930547146
810.3875 130.47112373652917
810.45 130.49830273817307
810.4875 130.51901346524141
810.52 130.53183903747873
810.5575 130.54866555789593
810.6275 130.56589284605195
810.6725 130.59010177058263
810.7125 130.60775554411254
810.7425 130.62157625832927
810.79 130.64419491183062
810.8325 130.6632567342518
810.8675 130.67708749716556
810.915 130.68526838719652
810.9675 130.7027715082961
811.02 130.73022059356092
811.05 130.7486731819758
811.105 130.78241117475125
811.145 130.80408344395843
811.1975 130.81963896371406
811.2575 130.84976249352357
811.2975 130.86875322312596
811.3575 130.88407579607414
811.4075 130.90240656252135
811.465 130.94242464315596
811.5125 130.97142294340222
811.5475 130.9860148411268
811.5875 131.00510749288762
811.62 131.01898922998575
811.675 131.04145922221608
811.71 131.0600730844151
811.755 131.078808776536
811.815 131.11058591642544
811.8575 131.1071504762995
811.9025 131.12577135534355
811.945 131.1448795171161
811.98 131.16411346726716
812.0325 131.187219882125
812.075 131.19357362080854
812.125 131.20698364184346
812.18 131.23373550018815
812.215 131.24846350693917
812.2725 131.29357658270908
812.35 131.33394081510323
812.3925 131.3458899271381
812.43 131.35349043181742
812.485 131.38004630238203
812.535 131.40607927022606
812.57 131.42551794426106
812.605 131.4446202607346
812.6525 131.45927352316417
812.725 131.43146483956826
812.78 131.45130358057543
812.8275 131.48156238373187
812.875 131.50114353829665
812.925 131.5121019427242
812.99 131.54823162288338
813.0575 131.5821372407826
813.1325 131.60501374513493
813.175 131.63035649833859
813.2 131.64482861949293
813.245 131.66658725926357
813.3075 131.70116147393674
813.3625 131.72414059993707
813.42 131.7551789036006
813.49 131.77547891055173
813.55 131.80285460187503
813.61 131.8327637349114
813.645 131.843432531751
813.68 131.81939722100566
813.7225 131.83642364783196
813.755 131.84470995781228
813.805 131.86541698068046
813.87 131.8923883522592
813.93 131.90995295739836
813.9675 131.92766470888068
814.03 131.91291309649716
814.075 131.93413475968595
814.1225 131.95545877872487
814.165 131.97188800292903
814.23 132.00205853942813
814.26 132.01703922833804
814.31 132.02946014380527
814.365 132.0552849024858
814.42 132.0830360835661
814.455 132.10331634927334
814.495 132.12295850991808
814.5425 132.13712097893426
814.59 132.14724414583281
814.6275 132.168263469038
814.665 132.16300702566193
814.7275 132.19691109101228
814.7675 132.21636192109176
814.815 132.23958956235097
814.865 132.26388817545103
814.9025 132.29130912469196
814.9575 132.30704281214298
815.0075 132.3193806287459
815.06 132.32072148130595
815.1075 132.34011375248264
815.165 132.37541653288812
815.2 132.39306935043876
815.245 132.4143832717696
815.3 132.44644257350188
815.33 132.4625301916051
815.3675 132.48294899036233
815.42 132.49604372965263
815.465 132.50561542931212
815.52 132.5282571656642
815.56 132.5520142858194
815.63 132.5634972456785
815.6625 132.58019219383937
815.7 132.60626324812716
815.74 132.61757407063718
815.7725 132.63877016969934
815.8225 132.65218618628188
815.88 132.66503166458904
815.91 132.67926125026014
815.97 132.68491744842643
816.0125 132.7035339150162
816.055 132.71592129210057
816.13 132.74204014952326
816.1975 132.77460688827455
816.235 132.79486422641602
816.27 132.81419776446924
816.3 132.82694566139187
816.3425 132.8462098911977
816.39 132.837069817858
816.4225 132.85626051732234
816.4575 132.86974492540185
816.5075 132.88180416613147
816.5375 132.89530276685372
816.565 132.90787045948477
816.605 132.92245831616276
816.65 132.94204175566657
816.6925 132.9599896241427
816.7575 132.98114021500268
816.8075 132.99023064634636
816.845 133.01094222611798
816.8825 133.02981252825722
816.9175 133.0451548415689
816.9475 133.06310238676977
816.99 133.07871641214746
817.0275 133.1003606635682
817.08 133.10916092367393
817.125 133.12354815239001
817.175 133.11989573915693
817.21 133.13501880828613
817.245 133.15675641682108
817.2875 133.1709845332454
817.3225 133.19072007288588
817.37 133.2177748607412
817.43 133.24825644116893
817.465 133.2673224127267
817.53 133.28308238529496
817.5675 133.30766210420623
817.5975 133.3223259632483
817.635 133.34915360405284
817.6575 133.36499070450992
817.7025 133.38896330874402
817.7675 133.42401719578694
817.8175 133.44661551245622
817.8475 133.46132044111025
817.88 133.47525880019657
817.94 133.4957459451935
817.98 133.51543179091993
818.0225 133.5377768211897
818.0575 133.5353639577108
818.1025 133.56577606216243
818.13 133.57968382139757
818.18 133.60283265047406
818.225 133.6258172007056
818.2725 133.64334852607954
818.3 133.65541299759963
818.34 133.67693596136942
818.3875 133.70375491715765
818.4175 133.71562310892668
818.47 133.7343684445331
818.505 133.7534108435396
818.5425 133.7782296585526
818.5775 133.79469925082626
818.6325 133.82280748533918
818.6675 133.84179470095256
818.735 133.86268269965635
818.78 133.88386318767144
818.8325 133.89722031382667
818.875 133.92226217386118
818.925 133.95135979892095
818.9625 133.97643564081534
819.0025 133.99956044423473
819.04 134.01031793590823
819.075 134.02219684858295
819.1075 134.03331027924
819.125 134.04601901225035
819.155 134.06623498632496
819.1775 134.07231054504587
819.2225 134.09175773507184
819.2575 134.10756238733777
819.32 134.11799540602044
819.37 134.14574462876192
819.4175 134.1663695960222
819.465 134.19188660674573
819.4975 134.20561785338393
819.555 134.23096458953356
819.595 134.24690519294924
819.63 134.26642089312065
819.6625 134.2737397509907
819.6925 134.28797822772975
819.74 134.31141534034558
819.78 134.3326085666127
819.825 134.35688969875648
819.87 134.3767684152447
819.915 134.3958085596273
819.9475 134.40834703668082
819.9975 134.4092709751085
820.0525 134.43566160631937
820.0975 134.46016821289348
820.13 134.47657033819988
820.17 134.4961677813523
820.2275 134.49957651963035
820.285 134.52371668548707
820.3225 134.5348563111309
820.3575 134.5520543584534
820.4025 134.56721864773183
820.4375 134.57725918771044
820.485 134.60123888275294
820.5125 134.61712100218645
820.5725 134.65137290169295
820.6075 134.66916091296667
820.6475 134.6882718360268
820.7 134.70703382676808
820.7475 134.72924205759315
820.805 134.73178395992002
820.8475 134.7538152356043
820.9 134.77676707190997
820.9225 134.7877436317313
820.9625 134.8027468010677
821.0075 134.82232787630156
821.0725 134.85271737049095
821.105 134.87060158882784
821.1525 134.89789787419664
821.185 134.91211573624915
821.2225 134.93185133619315
821.2375 134.941168258532
821.27 134.95140534470656
821.33 134.9811686485352
821.3625 135.00233393972474
821.395 135.02300546578178
821.4425 135.03476464565435
821.475 135.05513354828216
821.52 135.07289260169662
821.5575 135.09317936716434
821.5925 135.11365843425568
821.625 135.12813699789285
821.67 135.14375934249816
821.715 135.16626269683044
821.7575 135.18495153512424
821.7825 135.19665503473618
821.8275 135.20165109901484
821.8675 135.22336462164736
821.8875 135.23370597535805
821.945 135.2591200210625
822.0075 135.28594961843012
822.04 135.28322985759084
822.08 135.29560544278715
822.11 135.3120144448852
822.1575 135.3296085530725
822.205 135.35555322731935
822.245 135.37581580090074
822.2875 135.3898847624518
822.35 135.40035317198303
822.395 135.42762117249606
822.4275 135.44605504894116
822.4825 135.4767861765691
822.5375 135.4929682857646
822.5675 135.506607016458
822.5875 135.51432645826995
822.64 135.50806799312008
822.67 135.52493726821598
822.7075 135.5375705342094
822.74 135.5563395898824
