499.056 15.41584121352582
501.964 15.04751006373605
504.234 14.941410089778739
506.102 14.972907932124867
507.35 15.029413379539015
508.508 15.210676031349202
509.778 15.113754236928314
510.73 15.319349363790206
511.656 15.289774963578559
512.342 15.336343856531501
513.218 15.372283180463493
513.946 15.457715417611489
514.738 15.67931880140691
515.488 15.735981005211997
516.318 15.953617515273683
516.974 16.2104559394092
517.508 16.28878709942335
518.15 16.44592462811828
518.74 16.57594413141211
519.288 16.695584478602843
519.978 16.938575698487377
520.654 17.20122228494801
521.26 17.333588970932308
521.814 17.461305747188373
522.478 17.690772817651897
523.066 17.86493649336106
523.62 17.995312237498133
524.162 18.106890261718036
524.718 18.30947705151078
525.208 18.385668375210248
525.804 18.59098796910306
526.358 18.803749572784472
526.928 19.019102726918494
527.536 19.20266097124964
528.024 19.310650596313604
528.512 19.487672893128604
529.11 19.708138457066042
529.626 19.92808020762468
530.06 20.04554933385943
530.556 20.169394461557136
531.136 20.440869901367936
531.576 20.585522862026266
532.076 20.743935154434507
532.49 20.923323611268927
532.92 20.972680005503037
533.252 20.993092097917902
533.77 21.09908630452446
534.232 21.262039522334117
534.658 21.327229953159637
535.076 21.425412963144566
535.464 21.559367259575765
535.944 21.693549367688476
536.34 21.820372529235826
536.796 21.884246033366058
537.144 21.956489675668955
537.586 22.111364246868977
537.942 22.177879806361343
538.512 22.34646695051235
538.898 22.468940842977233
539.302 22.56069071484874
539.736 22.743721281167492
540.13 22.710363740866963
540.556 22.743909841312245
540.966 22.856896539969682
541.302 22.95449004500976
541.698 23.140219002225166
542.108 23.30791397159804
542.516 23.392138171969496
542.828 23.431271090785074
543.208 23.548456331385776
543.638 23.643709649968738
543.996 23.732729909091262
544.342 23.82898817312035
544.638 23.84374140121504
545.058 23.970394147597617
545.49 24.121143404039454
545.798 24.149110855479154
546.156 24.30599157518379
546.534 24.38684646609977
546.876 24.39012875655894
547.242 24.518682010562262
547.662 24.57183970754382
548.0 24.641883955772936
548.312 24.715670833896834
548.646 24.86469767322258
549.048 24.995504525673955
549.408 25.074908535748484
549.74 25.1028425763064
550.076 25.146748137358976
550.412 25.2128068103198
550.748 25.287059274132037
551.102 25.377699882034324
551.42 25.376357481681158
551.734 25.42337388860416
552.062 25.52632646279859
552.374 25.57800995359828
552.814 25.697317140441594
553.082 25.686784497005284
553.454 25.711282038204487
553.746 25.695953924619957
554.07 25.70631691742164
554.374 25.77243801277335
554.674 25.801922455600288
554.956 25.81423664622401
555.306 25.95487767936313
555.654 25.996498222639158
555.968 26.088391755122345
556.306 26.138684466730588
556.626 26.208699239597205
557.0 26.33345594113327
557.316 26.366389912805072
557.642 26.427156964957476
557.996 26.62679019168145
558.298 26.644117812906803
558.608 26.658050177733482
558.88 26.697849169935036
559.266 26.779722759995206
559.626 27.006755704960447
559.934 27.075594538980642
560.248 27.192524022706134
560.564 27.28021855941223
560.872 27.35405096523027
561.16 27.399340278470056
561.502 27.55548230770822
561.784 27.618669878393906
562.13 27.69894516269984
562.402 27.71730314780958
562.704 27.812289205704065
562.984 27.890131999075432
563.272 28.01134210588891
563.516 28.021565986229994
563.8 28.060055835064485
564.156 28.15644214862627
564.52 28.31354647209805
564.782 28.343061483695415
565.132 28.446035397920028
565.42 28.566899297455112
565.69 28.648549330769168
566.0 28.68738279912839
566.29 28.700825332200782
566.538 28.76991435412853
566.824 28.834491147920744
567.088 28.88419723134777
567.388 28.97365011181029
567.658 28.999361405449076
567.918 29.10727990532566
568.16 29.098519682200184
568.482 29.231535048344025
568.758 29.2940218377549
569.046 29.33634480047754
569.282 29.35387155983183
569.54 29.44837539877632
569.752 29.47901831883287
570.056 29.49326311445166
570.304 29.495211798494964
570.608 29.545493876678275
570.888 29.59816817166626
571.124 29.63824345250406
571.382 29.672698125179924
571.748 29.76145130815929
572.034 29.778690111714777
572.298 29.877860852783247
572.528 29.838933289911015
572.806 29.872950143911137
573.042 29.931924030244105
573.296 29.93259602188256
573.55 29.97332648541372
573.764 30.042259880999566
573.988 30.091707790610876
574.256 30.156214260364873
574.51 30.192267985233975
574.786 30.2504609017704
575.12 30.32934781160576
575.358 30.34084655938062
575.686 30.39168822929805
576.008 30.55354273971997
576.228 30.60446507562466
576.546 30.661116942870315
576.822 30.71222553959896
577.104 30.788456312133725
577.374 30.887573689379245
577.65 31.0253548777541
577.922 31.103291553965516
578.208 31.144641809255937
578.508 31.22267841320775
578.744 31.245399885872082
579.064 31.268568094836102
579.3 31.362225341271884
579.532 31.372367249758277
579.8 31.437184880112497
580.05 31.517840162311185
580.27 31.583224980999006
580.518 31.660170701018572
580.774 31.715148198463474
581.01 31.710392586595226
581.272 31.851389892376
581.54 31.931044191606595
581.766 32.0053108694119
581.972 32.06542685196
582.174 32.063747313493586
582.48 32.11954124609689
582.736 32.178645628256916
583.002 32.22612359692318
583.252 32.324824586827035
583.464 32.35822636714278
583.752 32.48144986250367
583.984 32.55665239594607
584.224 32.6001743359367
584.538 32.6474542428208
584.788 32.7516778318546
585.086 32.7872629724784
585.356 32.81119340751941
585.596 32.821628579417144
585.85 32.91087588477413
586.084 33.00526684149904
586.328 33.03014375980806
586.544 33.06191531791495
586.782 33.13448753985882
587.018 33.15473040603092
587.252 33.21305028778354
587.538 33.260503275752114
587.76 33.308336652873585
588.068 33.21846336929564
588.318 33.31769821023138
588.616 33.387812687747974
588.842 33.41373956898522
589.162 33.47382185378596
589.448 33.557823992359886
589.654 33.567063910314204
589.886 33.58232495075639
590.13 33.66957648622157
590.354 33.71037619080882
590.566 33.7362997354434
590.762 33.74763935928926
591.048 33.82499010955986
591.24 33.891350626591866
591.518 33.960629037891806
591.746 34.01876006076861
591.952 34.051265370712606
592.202 34.115640839647156
592.442 34.18138924534057
592.652 34.21854341474595
592.87 34.25276051950284
593.12 34.32675709275507
593.316 34.42729471280722
593.578 34.511418284155866
593.768 34.55503257925108
594.022 34.59235143142352
594.232 34.62785515600714
594.484 34.663595799447826
594.7 34.77488440196945
594.912 34.808382654268954
595.176 34.91399430022283
595.404 34.9741499729824
595.68 35.05583293612762
595.886 35.08405315198261
596.108 35.17241153327608
596.39 35.271547515359416
596.638 35.32719884106169
596.874 35.374465786204034
597.116 35.45669045181162
597.33 35.507783729920696
597.564 35.59837626613849
597.798 35.62942755948279
598.036 35.657616791795576
598.284 35.735548167134795
598.53 35.76774753219795
598.79 35.85332371821734
599.024 35.90227528641437
599.256 35.95045666843941
599.506 36.04614560846212
599.746 36.1426349914925
599.962 36.19116130096732
600.226 36.274434429586535
600.406 36.288771181009366
600.62 36.329040702952696
600.852 36.36155140861957
601.094 36.418591290481935
601.298 36.46423558713259
601.454 36.49421240523155
601.658 36.53873553352356
601.914 36.622903737365135
602.1 36.67407771099235
602.298 36.70874910046709
602.576 36.77102719372633
602.842 36.833659510641795
603.046 36.89143314753928
603.262 36.96352201725154
603.504 37.02138774142049
603.734 37.08571077770758
603.94 37.154721728111326
604.156 37.22863961004255
604.382 37.28985307405446
604.598 37.343882056557895
604.858 37.449576466965674
605.086 37.480450535508375
605.292 37.55336531514833
605.464 37.584756642337446
605.694 37.657729261684025
605.914 37.77613899480345
606.146 37.84014319309255
606.416 37.90657939623471
606.64 37.96647608895547
606.828 37.98742561703831
607.094 38.09187769449788
607.26 38.15137553103189
607.478 38.17706763210047
607.666 38.23231439146021
607.892 38.35286456629911
608.076 38.39571180966355
608.286 38.43371573254428
608.492 38.542508817822736
608.676 38.61815308239107
608.894 38.64263539849585
609.154 38.732812259000546
609.382 38.80241397981992
609.602 38.83018365041103
609.794 38.90674792459705
610.002 38.99886946616888
610.224 39.03980066639869
610.446 39.10920792203005
610.624 39.13302199960592
610.786 39.166007663695126
611.014 39.252098778498876
611.202 39.30968963752825
611.392 39.382130979429775
611.652 39.43649795229646
611.898 39.508599758910954
612.144 39.602474366532995
612.318 39.651549361071204
612.526 39.728403139719354
612.732 39.78398807830647
612.968 39.84734115589633
613.138 39.88504217345592
613.356 39.911390632304546
613.63 40.00607544041638
613.83 40.06454086682811
614.03 40.09429141921349
614.266 40.1397763732509
614.506 40.196535758370366
614.728 40.24999553143529
614.924 40.283492195773796
615.164 40.384637448957854
615.376 40.431324588937635
615.604 40.498091001299045
615.852 40.58319958032331
616.062 40.629097986620536
616.258 40.70406709600788
616.448 40.78777489839724
616.664 40.81660316817627
616.876 40.86176687300694
617.084 40.9397737432475
617.314 41.06116709113092
617.526 41.12590429410661
617.73 41.17951681613591
617.942 41.191894595426454
618.172 41.23273812623621
618.372 41.31948954709951
618.602 41.35335289418722
618.808 41.3889989546611
619.008 41.46993425234464
619.208 41.535178802508035
619.472 41.56070018177267
619.65 41.595623469105114
619.86 41.66403946293178
620.062 41.754437153961106
620.262 41.81835608691024
620.49 41.90448510295154
620.68 41.95437926938925
620.884 41.968813500183984
621.098 41.96382156859983
621.364 42.03261811940748
621.572 42.09866281512567
621.814 42.111591947499505
622.032 42.19630353554831
622.232 42.2343658567124
622.404 42.27954474456431
622.61 42.3541928893778
622.81 42.40034762779565
623.016 42.48795354441994
623.198 42.55185208933292
623.362 42.575677712343364
623.594 42.63802488780016
623.768 42.70721236484477
623.98 42.767578040648104
624.168 42.85988468755906
624.39 42.905520243142035
624.554 42.949556608021574
624.774 43.01636594924029
625.01 43.06342784353412
625.206 43.099637138181166
625.406 43.175750774130385
625.6 43.22676377214038
625.8 43.31920020282489
626.008 43.379251433258034
626.24 43.48001176225336
626.44 43.540762464522636
626.6 43.61105189851985
626.776 43.67609215637435
626.966 43.747646303706794
627.134 43.801291651052956
627.364 43.899907833794245
627.578 43.994305470454414
627.768 44.05782973231253
627.978 44.087605399928435
628.166 44.16187253697405
628.37 44.25238578082076
628.57 44.324919593767895
628.78 44.4101804573739
628.99 44.43758880269265
629.152 44.48521963001943
629.368 44.52988206579473
629.576 44.6099127170772
629.758 44.68266461430055
629.966 44.74009607044653
630.14 44.802622131966785
630.294 44.85679243609946
630.514 44.94278041045128
630.716 45.022587784595906
630.876 45.025806717271415
631.106 45.07529621264086
631.298 45.147467078089036
631.502 45.20749308313527
631.722 45.28684702014541
631.94 45.36130173827447
632.136 45.42228386754115
632.332 45.50850276209158
632.502 45.57094928611511
632.682 45.647917156003544
632.88 45.68544538296281
633.06 45.75153336896174
633.236 45.81071432639083
633.408 45.874682658499516
633.59 45.938334331168825
633.778 46.00876360713591
634.044 46.045569308086634
634.282 46.084901130678865
634.468 46.156362460566406
634.618 46.16863829835843
634.8 46.23989896737476
635.012 46.30135513107521
635.18 46.355509559631294
635.352 46.3986828643129
635.542 46.45911249979422
635.72 46.53959031764107
635.964 46.63561369736504
636.138 46.695265838234654
636.32 46.764039075997275
636.516 46.80790214703936
636.684 46.88283421774514
636.872 46.90560614442108
637.04 46.969294536521616
637.236 47.03237600616804
637.406 47.069397918827065
637.606 47.132172104567644
637.8 47.23598709621619
637.976 47.289957752237605
638.164 47.37676878429848
638.344 47.463071437704116
638.542 47.52331181991282
638.736 47.5596272092261
638.938 47.65602111693125
639.148 47.72186972132797
639.352 47.820976438955626
639.508 47.88306079421035
639.726 47.98662685283713
639.92 48.0669789870122
640.064 48.12308767249111
640.218 48.166903337813906
640.43 48.228882946846284
640.594 48.27627119736407
640.778 48.35018300268144
640.94 48.413843065809196
641.136 48.462012311444
641.308 48.535229194327435
641.466 48.588625758568384
641.644 48.634266188515504
641.816 48.72369177597857
642.012 48.766548046963855
642.194 48.819330372671786
642.408 48.85984142635359
642.566 48.89973427355252
642.748 48.979408539934845
642.948 49.0584422654759
643.17 49.09172123880332
643.348 49.14759269522234
643.526 49.22767567237161
643.734 49.29563228852484
643.938 49.357212490675565
644.162 49.38389711828316
644.362 49.45813553239429
644.544 49.545631524952945
644.74 49.63716446567414
644.928 49.697671304258606
645.134 49.752695458746935
645.286 49.797950517581555
645.456 49.84468928682574
645.638 49.91024966922213
645.814 49.997028007865
645.986 50.07379127993297
646.168 50.149713493967795
646.346 50.19112054101126
646.524 50.25172530164097
646.724 50.360542018377544
646.9 50.4127055588522
647.104 50.47300498746762
647.288 50.54723634586175
647.478 50.601685516930246
647.67 50.687034347077386
647.836 50.74733182517825
648.008 50.79784225294527
648.17 50.87220323638684
648.33 50.925119888630036
648.558 51.031078549800526
648.728 51.09559212955791
648.904 51.1545536655481
649.104 51.21815872878618
649.314 51.297663734415984
649.556 51.36250654082523
649.716 51.43510945813122
649.864 51.4968090923446
650.028 51.54218086982384
650.184 51.6352451440115
650.342 51.68810653054941
650.554 51.800440686451914
650.732 51.89109313836233
650.884 51.964749729300706
651.08 52.03164598942394
651.264 52.07638816593195
651.468 52.17153163773181
651.626 52.23035653993356
651.772 52.29448769120668
651.946 52.36651207760881
652.15 52.437265695946955
652.312 52.50321734582869
652.484 52.5539873575198
652.634 52.600814969646045
652.818 52.69377709263761
652.986 52.75893112665625
653.176 52.86941814271742
653.362 52.941217411408346
653.51 52.99009152284226
653.666 53.06643512686853
653.834 53.14145719629723
654.012 53.2268546140405
654.184 53.27546051782914
654.356 53.32865228288279
654.53 53.403154343049586
654.742 53.49327525020305
654.918 53.56092625826485
655.092 53.62610422274041
655.276 53.69377866881296
655.49 53.71700786406235
655.674 53.77992454967863
655.868 53.87064756747109
656.026 53.93142424451709
656.172 53.9940842896382
656.334 54.05124900534743
656.508 54.093383368472104
656.668 54.14366860214955
656.838 54.21514844249052
657.004 54.25328397104902
657.172 54.33694344408499
657.364 54.402046554690195
657.536 54.480978865253846
657.678 54.53908083821504
657.876 54.61085345084122
658.046 54.69430333805588
658.2 54.7389139223166
658.37 54.80818345783683
658.586 54.89328875464286
658.75 54.964111993321865
658.908 55.02951964231678
659.07 55.09708229075211
659.256 55.17022722396463
659.432 55.264325449015224
659.612 55.32521318918578
659.778 55.35175108971162
659.944 55.39391515023417
660.136 55.50068608866584
660.308 55.55402447411477
660.482 55.604580879902876
660.652 55.654521357163624
660.826 55.72336953041922
660.962 55.79748448226941
661.13 55.848430545439456
661.284 55.91078048775121
661.402 55.96356168501921
661.582 56.01205205981926
661.738 56.087190175686345
661.882 56.14506757700496
662.058 56.247793419200526
662.228 56.325386054855095
662.364 56.387397361133125
662.516 56.47335853700305
662.65 56.52718057968733
662.842 56.5939111349897
663.03 56.67444826526628
663.196 56.725277418417214
663.374 56.805103322915016
663.532 56.87740372158538
663.72 56.94258965865592
663.89 57.02168750301399
664.054 57.10591260551765
664.2 57.1797783670784
664.374 57.24505320315868
664.56 57.30838421909665
664.694 57.372149088054584
664.872 57.44694874264156
665.036 57.520952913248024
665.186 57.56616306703546
665.348 57.60583095068625
665.528 57.69379832121873
665.686 57.78964171353513
665.848 57.84459257164462
666.018 57.917895691077746
666.176 57.97930858891734
666.362 58.032771440990494
666.504 58.082571863758034
666.714 58.174433675515374
666.862 58.252912026087046
667.03 58.314133590002896
667.196 58.39151240927817
667.372 58.436763485440444
667.504 58.49065136065065
667.694 58.51677357458423
667.844 58.56797828302016
667.974 58.60749953720946
668.138 58.697476466088155
668.272 58.734397715052
668.476 58.76843439945903
668.592 58.825627450030474
668.736 58.871878687539805
668.878 58.941014602777315
669.014 58.99432570112023
669.156 59.064582567115906
669.322 59.149976800595816
669.454 59.2232274140025
669.642 59.257275379237086
669.784 59.33057878664523
669.94 59.39943590617627
670.102 59.470101580238854
670.292 59.55740848804307
670.464 59.64602249940895
670.636 59.721929990947956
670.788 59.766270338212394
670.948 59.81803817731542
671.098 59.866421078476804
671.236 59.90015326125166
671.396 59.967218700197165
671.558 60.03872027170237
671.712 60.111295041640545
671.862 60.183444983651476
672.008 60.247152420255496
672.158 60.30577591921389
672.334 60.37138272147997
672.538 60.4599318782733
672.708 60.51931850098483
672.834 60.57895727171488
673.006 60.65898935837917
673.164 60.740958438800824
673.3 60.79739011907156
673.482 60.87535868140063
673.686 60.94939755341517
673.812 61.020255646780086
673.98 61.11131470988939
674.134 61.17899789606834
674.314 61.24754630069446
674.474 61.30943661489699
674.644 61.40702655087312
674.806 61.49425543009529
674.956 61.560225688130366
675.114 61.60642586138908
675.262 61.67015300405122
675.374 61.72047438181134
675.508 61.741249580807796
675.646 61.82152121203373
675.766 61.875847347490456
675.926 61.943704838653915
676.104 62.005504183888384
676.244 62.06274270497662
676.388 62.141843176290614
676.516 62.198319961330355
676.702 62.26912625184598
676.832 62.34865263155207
676.996 62.4249768880931
677.138 62.47098690119133
677.282 62.53872929091735
677.388 62.610395136577125
677.53 62.69496324932063
677.728 62.746859305509574
677.892 62.80692442327535
678.052 62.86908891244856
678.188 62.924268634338006
678.34 62.99477027630413
678.464 63.03252257211038
678.626 63.11409431976037
678.782 63.167164391910354
678.958 63.227649864713676
679.104 63.28031273595226
679.266 63.34720974095012
679.41 63.38976593149483
679.57 63.422882495579586
679.718 63.4763339043132
679.87 63.52192668945651
680.036 63.56029047329866
680.184 63.64060336603972
680.348 63.726077251339454
680.522 63.78506553395034
680.688 63.82719230041303
680.826 63.89043511668087
680.976 63.95087844359462
681.136 63.99810167525339
681.286 64.02958518965366
681.448 64.08692193518307
681.622 64.16629756723519
681.752 64.2138406471792
681.884 64.2790645566701
682.054 64.36054415001921
682.208 64.42417002466337
682.368 64.5000860324728
682.54 64.57296443149363
682.722 64.62182818022646
682.886 64.66752493766194
683.024 64.72652059965742
683.17 64.80614765241869
683.334 64.85620323605437
683.512 64.90364259148546
683.646 64.93441028667743
683.794 65.00139942997927
683.982 65.02052763572479
684.122 65.09459061592533
684.27 65.17773680291067
684.394 65.24035078646861
684.55 65.31532502687817
684.742 65.31207215774951
684.886 65.37584420879033
685.03 65.46422097953133
685.204 65.53484581527646
685.328 65.59504429201448
685.48 65.64061990843724
685.61 65.68731648571273
685.752 65.75047334803739
685.908 65.81412107645389
686.038 65.86654202793275
686.14 65.90842313756987
686.29 65.99609738264435
686.446 66.051500250719
686.574 66.11592209376364
686.72 66.1885144030122
686.878 66.23834352023466
687.02 66.30015853709617
687.196 66.3900962022763
687.368 66.4561314764984
687.506 66.49234864898155
687.638 66.55561776824726
687.786 66.62580731518983
687.914 66.66783185020509
688.072 66.73894657529405
688.232 66.7870286087109
688.366 66.85035515214521
688.508 66.9158381460591
688.658 66.94355768729099
688.812 67.02223972111398
688.94 67.07944322522965
689.084 67.1485129364691
689.214 67.20116216549222
689.388 67.27240600140924
689.508 67.32782491671655
689.636 67.40744046513058
689.766 67.4615844369927
689.898 67.5155114367738
690.02 67.56527015755151
690.164 67.63376195001294
690.294 67.67871438466845
690.448 67.75423654014764
690.57 67.8142362729432
690.718 67.88776010404152
690.84 67.95892311139815
690.982 68.01545324232951
691.122 68.08767126254145
691.25 68.14257348120397
691.356 68.17342955282491
691.494 68.22165603901313
691.65 68.29984801210723
691.83 68.35593733053969
691.952 68.41223694872616
692.112 68.42701197579706
692.24 68.49839750623252
692.392 68.51144409471956
692.57 68.60266577548576
692.728 68.6686010454493
692.87 68.71699316981643
693.064 68.80465147159937
693.216 68.8765948245793
693.354 68.92429034527086
693.534 69.00623569743719
693.686 69.07762909714957
693.832 69.14736793968348
693.964 69.18462059919753
694.066 69.24318653675263
694.198 69.28303597669705
694.322 69.33056881017984
694.464 69.39764239179222
694.616 69.47092170054927
694.734 69.50600991878086
694.88 69.57343260936673
695.038 69.65748262585683
695.186 69.74045358134302
695.312 69.76934986339434
695.454 69.81900364901436
695.62 69.9163800579006
695.762 69.98692517456944
695.892 70.01935272130851
696.05 70.0812833254721
696.198 70.14444584259773
696.362 70.21606331242296
696.478 70.25174825059182
696.61 70.30102679717756
696.736 70.35317649463856
696.846 70.3762169188969
697.008 70.41372110775342
697.15 70.46751621622094
697.288 70.53390048931412
697.446 70.60348992492612
697.578 70.6491792525441
697.688 70.68110279689448
697.854 70.72884718166475
697.986 70.78850067387576
698.13 70.84280136337091
698.256 70.88209228015224
698.354 70.91975682287435
698.48 70.96210849237339
698.622 71.02458799739995
698.758 71.0807173060704
698.92 71.16450219558547
699.052 71.22532829535828
699.184 71.28020678813664
699.338 71.32395087161025
699.466 71.36662549447702
699.598 71.39208678916883
699.726 71.46095619652064
699.876 71.53647712264163
700.008 71.6017706703281
700.14 71.67246531666912
700.276 71.73643464873498
700.394 71.79040666396831
700.53 71.8548769861405
700.672 71.92949409137037
700.808 71.96641902258212
700.962 72.01759245661087
701.11 72.08735724208714
701.24 72.15304931220923
701.37 72.20762412629244
701.502 72.25745827631293
701.632 72.30998578404076
701.752 72.36969837221221
701.884 72.40480270610387
702.04 72.47916154120041
702.168 72.49987752045483
702.282 72.54897092560815
702.426 72.60064898101759
702.572 72.66041486102014
702.716 72.73345623102631
702.836 72.79543567360399
702.97 72.82708746983282
703.086 72.86297159228766
703.22 72.92428609870657
703.322 72.98339171985546
703.462 73.04401009543261
703.598 73.10919439173986
703.716 73.13957984758021
703.854 73.19305383887543
704.004 73.24327367258067
704.142 73.31091881592579
704.264 73.36101130682371
704.394 73.41341719091473
704.536 73.46254961810668
704.658 73.51875305049865
704.796 73.59349420144113
704.942 73.66548610908212
705.084 73.69232022483914
705.236 73.75684679335063
705.388 73.79762621704398
705.536 73.82721462467941
705.68 73.89654253073007
705.81 73.94867621145664
705.948 73.98922967713905
706.052 74.04955076120227
706.18 74.09115059974694
706.324 74.12321854219574
706.436 74.17977610079939
706.546 74.20688112576103
706.644 74.24150366022671
706.74 74.27566323027075
706.838 74.2899572721846
706.976 74.35272745609483
707.134 74.36531748664675
707.288 74.41217238327057
707.42 74.47343274194321
707.544 74.5341716898967
707.662 74.57978307884905
707.786 74.61175532088846
707.958 74.61857744690926
708.084 74.67984401566736
708.228 74.73249566163057
708.38 74.8168612376308
708.5 74.87334663331234
708.622 74.91862730613039
708.77 74.9969478336868
708.892 75.06865485596346
709.012 75.1022272977984
709.134 75.16845506776457
709.25 75.20773835062208
709.36 75.26782107766613
709.458 75.31193804453613
709.61 75.402526363272
709.748 75.43480174713304
709.864 75.5005574306885
709.982 75.54869215129756
710.092 75.59572052652086
710.222 75.67309661367246
710.342 75.72429844342892
710.472 75.7634041131047
710.574 75.81559557944615
710.724 75.8701811832921
710.85 75.92660402254786
710.978 75.994947068604
711.102 76.06992087365049
711.214 76.13417780511011
711.366 76.17065038425186
711.502 76.23364830747991
711.624 76.28636735149581
711.746 76.34657217036224
711.872 76.40780012433078
711.978 76.45257031005585
712.106 76.49620973753159
712.238 76.56004334163443
712.348 76.61241296055955
712.448 76.67028081284063
712.602 76.73941276125251
712.714 76.7897488931312
712.846 76.83273274876602
713.026 76.89501290734037
713.144 76.94351091380932
713.266 77.00750323903657
713.386 77.07252007493594
713.506 77.12996841731562
713.666 77.2088651757261
713.778 77.25153925089951
713.886 77.27931929294381
714.0 77.31008795363512
714.12 77.36987653855464
714.26 77.425951436917
714.356 77.47845562588572
714.484 77.54141529642297
714.604 77.58728476699663
714.746 77.64771612635673
714.866 77.68839693310748
714.988 77.72769806248081
715.14 77.76698404602838
715.256 77.805744851288
715.344 77.84433920518939
715.47 77.90149154393352
715.59 77.95130988910228
715.694 78.00295690916565
715.83 78.06847297690591
715.96 78.12855138220705
716.092 78.1844815952926
716.196 78.22285608713649
716.304 78.2765227384563
716.408 78.30361708693792
716.528 78.352123944749
716.654 78.38700996122583
716.776 78.42953658167843
716.91 78.47975563218947
717.052 78.5259571600104
717.19 78.56249761854653
717.306 78.58437103356798
717.428 78.64440667589022
717.562 78.69556620471427
717.698 78.7299409577221
717.824 78.75649939143301
717.94 78.81451551403093
718.056 78.87750112908459
718.176 78.92413485192124
718.324 78.95600753744144
718.428 79.02114589777851
718.546 79.08568121947171
718.654 79.13501744469345
718.774 79.20316411869427
718.88 79.23872254334117
718.994 79.28658580982508
719.122 79.33043395509068
719.224 79.3812609699945
719.346 79.4323440328756
719.472 79.51073594339644
719.584 79.55514430866141
719.702 79.60537184419725
719.838 79.65768292448504
719.968 79.6732491446064
720.114 79.74951394176576
720.222 79.8086182507515
720.35 79.86772318285291
720.51 79.91013176260331
720.646 79.95938776268095
720.77 79.99086308043375
720.878 80.03285344945868
720.998 80.08235988486761
721.128 80.12339941782638
721.258 80.17772990516441
721.37 80.21574803282041
721.504 80.27993347928786
721.64 80.33461084363826
721.736 80.36733241958744
721.876 80.42594911209416
721.978 80.48028123294966
722.096 80.53689320015181
722.196 80.57176429993832
722.306 80.6020703921618
722.448 80.68928564335708
722.574 80.74155635014532
722.674 80.750684641929
722.784 80.78255372276834
722.884 80.83553247564619
722.992 80.89467121920532
723.078 80.93273832179736
723.234 80.9696944964825
723.324 80.99495904549592
723.454 81.05541218010913
723.58 81.1260159315238
723.704 81.15155904275738
723.818 81.2041939695018
723.92 81.25763475768186
724.04 81.29341694921278
724.134 81.34732212946695
724.228 81.38323216089363
724.32 81.42743059255776
724.432 81.4618772856469
724.54 81.5053043013675
724.628 81.52559390106794
724.756 81.57918110387702
724.878 81.61272197873046
724.968 81.65428231047822
725.03 81.69200859653941
725.156 81.73403556131484
725.262 81.78059358413795
725.392 81.84223015824132
725.5 81.87104332711867
725.598 81.92078139794381
725.696 81.96418632353621
725.78 81.99816460138598
725.9 82.05376066505757
726.046 82.10694846340313
726.186 82.13171519749582
726.314 82.17189205371493
726.452 82.19088988909614
726.55 82.24714393442937
726.662 82.31546286606003
726.784 82.38563059330501
726.896 82.44515504978062
727.038 82.51553904791953
727.126 82.57100014005074
727.244 82.62836897045368
727.348 82.67605188390563
727.44 82.7158159750894
727.548 82.76661356272398
727.636 82.79312112616373
727.76 82.83875251255098
727.874 82.89212467216254
727.978 82.94415580355212
728.074 82.9824360535817
728.174 83.02362053737642
728.296 83.06766433285235
728.424 83.11155928373104
728.534 83.16280989661065
728.648 83.2340550004843
728.768 83.2784051331619
728.858 83.30412348725577
729.002 83.36482101441551
729.106 83.41125607062014
729.222 83.4631710267209
729.37 83.47997911971258
729.5 83.55045995515187
729.608 83.54686405237464
729.714 83.57853160885148
729.814 83.63011057501706
729.93 83.67024872104834
730.076 83.72451141465822
730.196 83.77607322433883
730.284 83.79619889887488
730.404 83.82714814146469
730.508 83.85199012842212
730.588 83.88381993264844
730.712 83.94203706829097
730.81 83.9852662667673
730.922 84.0403562519693
731.046 84.08495968298834
731.148 84.13646049108519
731.262 84.1726286796229
731.384 84.22089326125338
731.494 84.2612953602755
731.6 84.30232359506495
731.708 84.3572820690434
731.848 84.42126981747641
731.944 84.47236248648488
732.03 84.51507970412615
732.128 84.56861899450222
732.234 84.6136524703239
732.368 84.65862473181906
732.474 84.70319111562647
732.572 84.75283418153997
732.658 84.79269212187185
732.768 84.80614565396401
732.86 84.85232013601595
732.976 84.90786840000439
733.12 84.95264270760512
733.222 84.9931077955471
733.34 85.04863868330739
733.432 85.08916327838007
733.548 85.15394344461289
733.674 85.19791719395707
733.792 85.25743602052307
733.902 85.25717546304178
733.986 85.3058261313018
734.108 85.35361043111914
734.212 85.39442294987356
734.312 85.44612769151657
734.44 85.50380225698036
734.602 85.55324840486915
734.728 85.59859961771002
734.83 85.65380463526996
734.94 85.6749250689555
735.048 85.6976889056382
735.2 85.76693964384968
735.282 85.80377060537725
735.418 85.81374758480774
735.518 85.85286894572846
735.606 85.89901072822767
735.716 85.94393558668493
735.816 85.99020161359722
735.93 86.03991418909791
736.03 86.08427326874767
736.128 86.12217876569719
736.242 86.18133138771711
736.33 86.23369178690194
736.438 86.27242908392044
736.534 86.31526802941629
736.63 86.3534535376307
736.722 86.38565667608671
736.816 86.42414251132395
736.95 86.46912349872228
737.046 86.52114018781073
737.134 86.56573975076513
737.242 86.61137625620545
737.356 86.6586909746673
737.456 86.70425202167006
737.562 86.76586186727558
737.664 86.79205508369589
737.782 86.85010280197385
737.888 86.8802383031678
738.012 86.92696042596789
738.114 86.96142583448326
738.196 87.00755261714268
738.292 87.04124938319977
738.386 87.07643547614052
738.472 87.11667950338439
738.578 87.15682727751262
738.694 87.20615914248704
738.798 87.24903428673545
738.894 87.29540503072867
738.968 87.32171057804902
739.06 87.36221559362409
739.156 87.42240569805928
739.274 87.47822473968714
739.368 87.51815486435785
739.458 87.5554690257132
739.54 87.58785111718778
739.654 87.61826410291872
739.744 87.6570017963645
739.87 87.72281164763662
739.974 87.768307923484
740.072 87.81622968673149
740.148 87.85647167528677
740.266 87.91480689019959
740.352 87.9442805927592
740.476 88.00875243411883
740.582 88.04714575584782
740.698 88.1041399421724
740.8 88.15462822197091
740.874 88.19255056948919
740.976 88.22522771640335
741.1 88.24288988485392
741.202 88.28802152891963
741.34 88.34000403342334
741.454 88.36669751926301
741.572 88.41250113368262
741.692 88.47336440091351
741.796 88.5103074961675
741.922 88.54368347752163
742.032 88.56212212311705
742.132 88.6020271462728
742.24 88.64539701995616
742.31 88.67683498030495
742.396 88.72257082133213
742.464 88.76135341306734
742.568 88.80677148350036
742.682 88.85585857559653
742.786 88.90911012785725
742.902 88.95836992188167
743.002 89.01526515638608
743.096 89.06482960037303
743.2 89.10008782993773
743.31 89.13902305310353
743.434 89.1968935312843
743.526 89.2321807879666
743.63 89.27569321376119
743.742 89.33389348422071
743.848 89.37193957370685
743.962 89.40359367006589
744.056 89.43593481858255
744.156 89.4820750066458
744.264 89.53244339814302
744.362 89.57424880006639
744.472 89.60662872702918
744.59 89.6580561582066
744.674 89.6932186452347
744.782 89.74212932369669
744.888 89.8045721461703
744.978 89.84523274885198
745.068 89.88536105653982
745.158 89.92188235269377
745.232 89.93352129492654
745.334 89.96406788836333
745.434 90.00183500689984
745.5 90.0355641155828
745.61 90.05025261481497
745.674 90.0752286571356
745.764 90.10408312385843
745.856 90.14121221883234
745.974 90.20756139185082
746.09 90.25329475663955
746.2 90.2913343023582
746.3 90.35471181900695
746.402 90.40913681724906
746.498 90.45679000337913
746.62 90.482892901452
746.68 90.5183337091163
746.752 90.55269226341261
746.852 90.6021832364675
746.96 90.64897613182124
747.07 90.6905433289414
747.176 90.72708433352925
747.276 90.77053709662411
747.386 90.81879271505676
747.494 90.88159821321132
747.588 90.93205999574705
747.68 90.97151880928965
747.792 91.01807136294009
747.878 91.05805981083185
747.996 91.09617450815398
748.098 91.1418348736092
748.192 91.17284745045781
748.26 91.20715921342776
748.342 91.22214641188825
748.45 91.25363528048524
748.548 91.29212562100199
748.64 91.3432733548254
748.71 91.37474809365195
748.8 91.39554853812722
748.882 91.43875638008576
748.952 91.47437246374128
749.03 91.50781639249101
749.132 91.53773478615017
749.228 91.56959100046251
749.346 91.62876155382531
749.426 91.6738606006907
749.546 91.72416545849909
749.658 91.77381927220648
749.742 91.81367511365477
749.844 91.86109396893956
749.942 91.91018223895753
750.042 91.95986880668046
750.126 92.0022987209552
750.224 92.06235266141698
750.328 92.10284623489729
750.42 92.15398153430625
750.516 92.19197614179811
750.616 92.21439982491971
750.708 92.25299977743744
750.814 92.2988491754813
750.906 92.32684146720618
750.99 92.37480234466777
751.088 92.42285553070137
751.188 92.46636530883465
751.314 92.52812714318418
751.42 92.53921662315096
751.51 92.59019271810136
751.586 92.62107714696327
751.676 92.66103365663822
751.776 92.6725538034693
751.884 92.73150925990166
751.95 92.75180480502355
752.026 92.7832462547585
752.132 92.83296016494336
752.222 92.87613616714827
752.33 92.9323730026507
752.428 92.97357143818857
752.512 92.99280175560212
752.608 93.03178037810883
752.686 93.05905317999705
752.764 93.10082615993974
752.86 93.12706212159175
752.94 93.15735604863386
753.022 93.19487155508254
753.122 93.24432489030366
753.216 93.28666650865277
753.306 93.33393171628015
753.404 93.38072983978448
753.474 93.42265736864722
753.584 93.44981905473509
753.664 93.50101595152823
753.754 93.52108784516719
753.866 93.56041441920081
753.952 93.5965508159851
754.054 93.64874403064363
754.17 93.70931635618672
754.272 93.71924353737835
754.388 93.77163587882413
754.46 93.79278529367964
754.556 93.84135155956062
754.644 93.88218677676815
754.746 93.92301394811713
754.816 93.95254283205549
754.92 93.97629855117063
754.992 93.99375291568238
755.084 94.03628336540294
755.174 94.05995041751355
755.254 94.08746135787453
755.332 94.11548877019607
755.428 94.16604113269933
755.53 94.1872793278071
755.618 94.22792515894379
755.704 94.25440132076953
755.794 94.29361662526544
755.918 94.36038915818527
756.01 94.39189350319353
756.114 94.45749011527758
756.202 94.49100643232235
756.278 94.53495878703144
756.376 94.58822595322295
756.458 94.63144539165523
756.574 94.67588695725163
756.652 94.71932430498832
756.748 94.75506075708121
756.84 94.80232783389576
756.942 94.83187652688949
757.044 94.87076994512044
757.134 94.9209989205348
757.22 94.95745065485774
757.31 94.99664533682493
757.402 95.03936741538965
757.508 95.08727104207198
757.594 95.11626238841322
757.686 95.15572830501858
757.798 95.19845949057549
757.884 95.24459885590599
757.984 95.30329049071031
758.072 95.3511116084649
758.158 95.37697085323211
758.256 95.36645104001688
758.342 95.39732877116292
758.446 95.45001043994709
758.534 95.46045380408039
758.64 95.49387708707945
758.722 95.52874015914158
758.804 95.57329173040121
758.876 95.57525769657929
758.97 95.62198611437069
759.036 95.656149315157
759.134 95.68877011149704
759.226 95.73738149977193
759.33 95.7748544529877
759.412 95.81897938101424
759.48 95.84273190240893
759.562 95.88410545736302
759.666 95.94432276138222
759.742 95.97314794385197
759.846 96.01869329940837
759.93 96.06236023598534
760.03 96.09172878391436
760.132 96.13443834793514
760.2 96.17379475509532
760.296 96.20654750882154
760.39 96.25016409428272
760.456 96.29588703428324
760.528 96.3302873686623
760.614 96.36329577980968
760.694 96.39666486967275
760.756 96.4112790780567
760.836 96.43742768716841
760.912 96.47716799267994
760.998 96.5151404738208
761.094 96.51972481600386
761.186 96.56915972099185
761.272 96.61151891557415
761.374 96.66595438661408
761.456 96.70764603485712
761.548 96.74131205910861
761.632 96.77246714222798
761.716 96.81014281315264
761.798 96.84961999815785
761.888 96.88966234505455
761.986 96.93682117027156
762.08 96.97485160435863
762.178 97.02094848479781
762.27 97.02214021233898
762.36 97.06057856732389
762.44 97.07829206150647
762.56 97.13112431461528
762.672 97.1872581272081
762.782 97.2322513232867
762.88 97.28087549706234
762.962 97.3227619624104
763.044 97.36439654941051
763.104 97.3879767735221
763.2 97.3965100007215
763.286 97.429735248646
763.384 97.47018733355176
763.46 97.50266632189991
763.518 97.52842284444604
763.616 97.58151899667995
763.706 97.60428657346472
763.794 97.63136448222625
763.874 97.66127981523846
763.968 97.710909419774
764.06 97.7560273423768
764.148 97.78221115128899
764.234 97.80332419937933
764.308 97.81015688352184
764.396 97.8455245647684
764.49 97.85438601168295
764.586 97.87746728028063
764.682 97.90253668510718
764.786 97.94121280815685
764.87 97.98462672352387
764.96 98.03354298964312
765.042 98.06588638331007
765.106 98.09430028036789
765.178 98.12491688979544
765.262 98.15376548741632
765.342 98.198773078222
765.452 98.2493030361752
765.548 98.27165579486963
765.65 98.31383789397543
765.732 98.34958799566891
765.816 98.38844808937105
765.89 98.41583843319643
765.954 98.44636742164248
766.05 98.47709874867306
766.138 98.50804345458548
766.226 98.53879801086904
766.322 98.57401274157382
766.406 98.59959901465983
766.47 98.63166586356554
766.538 98.65311668093278
766.608 98.68998816256432
766.7 98.73097594586233
766.788 98.75736473894173
766.862 98.78301029146913
766.976 98.83049305104898
767.054 98.84715780036561
767.138 98.88281234448336
767.22 98.92629794372021
767.3 98.93352153525484
767.374 98.97226451023829
767.452 98.99427978859048
767.538 99.00230031132551
767.61 99.03056095977654
767.68 99.0466661941145
767.766 99.09042875142016
767.842 99.13045308813496
767.9 99.16239388357579
767.986 99.20508607024348
768.046 99.24173379911758
768.146 99.2901089508464
768.23 99.32048236105616
768.31 99.34308227547591
768.38 99.3714898045307
768.444 99.39753822510113
768.528 99.44137161552814
768.624 99.47956066438957
768.696 99.49308182311611
768.754 99.52948165965135
768.858 99.56270033801391
768.916 99.59115291771133
768.988 99.61766517254284
769.084 99.6493297611363
769.148 99.67861228716511
769.228 99.70600076815018
769.302 99.73378792017184
769.37 99.76568289229486
769.458 99.8053026289973
769.526 99.81042814823645
769.62 99.84378379410833
769.734 99.85809191568842
769.81 99.8928980566904
769.872 99.91322696141735
769.94 99.94958849580607
770.024 99.9726787527171
770.104 100.00076745196489
770.186 100.04329425529183
770.238 100.06583682455661
770.346 100.10718846498854
770.424 100.15178972925014
770.504 100.19144992101148
770.588 100.22972738915846
770.678 100.26129347829045
770.772 100.26475981181143
770.872 100.29565320642867
770.968 100.33146955749794
771.054 100.37955565945057
771.138 100.40923755298587
771.244 100.45621616770894
771.31 100.48779774176549
771.38 100.51689854839128
771.456 100.55260173377347
771.552 100.60031880808619
771.626 100.6318222596739
771.724 100.68439063248121
771.794 100.70246042212739
771.894 100.7373555022524
771.982 100.77518022757293
772.07 100.78605438013251
772.142 100.81164521831418
772.208 100.8234867824653
772.266 100.85632970956743
772.366 100.89256992133096
772.444 100.92966093727763
772.52 100.96850438505821
772.618 100.98651706667835
772.712 101.01872411212928
772.784 101.0555381341129
772.854 101.07974531936483
772.92 101.11380520584919
772.986 101.1218327272019
773.05 101.15019636386724
773.126 101.18840006946068
773.196 101.2144768531129
773.29 101.25042813932588
773.358 101.2834364790709
773.428 101.29520350196749
773.512 101.3317230297816
773.604 101.37157182933638
773.694 101.4129060772744
773.772 101.44141529708148
773.856 101.4687887687065
773.934 101.50464042621951
773.996 101.53197263391404
774.072 101.55837248619186
774.174 101.59501374395933
774.266 101.63841783479275
774.34 101.66078018811832
774.4 101.68756424186229
774.512 101.74090760633658
774.56 101.75914823000922
774.64 101.79709080023254
774.738 101.79383737070386
774.82 101.81361217070375
774.894 101.82018200202673
774.956 101.85375023470537
775.04 101.90308571262946
775.148 101.92034934802
775.224 101.94962125750685
775.314 101.9956353146863
775.402 102.02681676244403
775.468 102.05912554109223
775.544 102.07706656756
775.636 102.1195000407716
775.708 102.14459247333203
775.782 102.16622902263447
775.876 102.19471681201817
775.944 102.23083267928813
776.034 102.2651316838571
776.108 102.28284262666743
776.182 102.29422805900818
776.252 102.32458716396835
776.328 102.3677817552132
776.398 102.40073934712429
776.494 102.44416810711246
776.566 102.48828880747973
776.65 102.53478563165305
776.716 102.5741793461545
776.786 102.59080832074488
776.856 102.62068638704918
776.944 102.63252766774747
777.03 102.67049996530776
777.102 102.70388391654461
777.188 102.7360601352038
777.272 102.77544258819029
777.338 102.80450032256931
777.43 102.8330607185914
777.516 102.87479862621738
777.622 102.91654262309329
777.692 102.931136074305
777.762 102.94274025662556
777.854 102.97806391311978
777.924 103.00731643178054
777.986 103.03853494380994
778.058 103.0392586038315
778.142 103.07783426048333
778.232 103.10994859371239
778.314 103.14881851733952
778.384 103.16454036527055
778.462 103.20584988701843
778.528 103.21868731398224
778.604 103.23680962584733
778.668 103.26477135017541
778.74 103.29303607990816
778.816 103.32495456796944
778.892 103.35380182995401
778.96 103.37203662457185
779.034 103.40579461868398
779.092 103.42935172181635
779.144 103.45348961260824
779.21 103.48437530305591
779.29 103.51781380782293
779.348 103.5418985024467
779.438 103.56767198968376
779.498 103.59185557312006
779.598 103.62186728078939
779.688 103.61677242152503
779.756 103.62811412002122
779.816 103.65180914522507
779.904 103.6993823887859
779.956 103.72505888009583
780.026 103.76254939675786
780.092 103.8003881358558
780.16 103.8327350778524
780.21 103.85122075403932
780.304 103.89151301696374
780.368 103.91236758092147
780.436 103.9352441376259
780.504 103.96244689660523
780.572 103.98732395386553
780.646 104.00898240460621
780.736 104.03925527066482
780.798 104.0709119082312
780.86 104.07714689118842
780.932 104.07729600199157
781.002 104.10177883549072
781.066 104.13353557073212
781.138 104.15538220988189
781.222 104.19134507615094
781.294 104.22168624507835
781.358 104.2342332766617
781.416 104.25947929106532
781.468 104.28530013212458
781.542 104.32840969812722
781.606 104.36145548420438
781.692 104.3987515953584
781.758 104.42862688087232
781.83 104.4579725826236
781.902 104.48564924330806
781.964 104.51306456769248
782.036 104.5482250769159
782.108 104.56561706672571
782.18 104.60230822391797
782.254 104.63626034007481
782.332 104.66793457911601
782.43 104.71525040477471
782.496 104.75159080200692
782.58 104.75573075613816
782.65 104.77258271215965
782.716 104.79826667170973
782.774 104.82141949033092
782.846 104.82883407205196
782.91 104.83416573145043
782.97 104.86646294264051
783.042 104.90096596944494
783.126 104.93216686644084
783.194 104.94082865614354
783.278 104.96340003398038
783.374 104.97898503318272
783.448 104.9960553510395
783.522 105.0295574201079
783.594 105.05878287758446
783.652 105.09026035576875
783.738 105.11784281346105
783.792 105.13838926764859
783.874 105.1754432923555
783.946 105.20457732523032
784.024 105.22434961311477
784.108 105.26538813817095
784.182 105.30024291670287
784.262 105.33223207655129
784.344 105.34277319174518
784.422 105.37614616392422
784.482 105.40051334042369
784.566 105.42735650199145
784.648 105.4261135907689
784.716 105.44338746417357
784.806 105.47263777225481
784.872 105.50327719553547
784.946 105.51163202692857
785.014 105.53606742272568
785.072 105.57013271680434
785.15 105.61245893816655
785.24 105.62493860500287
785.298 105.64894981586131
785.366 105.67545906831255
785.42 105.70094123495741
785.49 105.72358702629897
785.574 105.74202227378244
785.654 105.77428175772556
785.726 105.80826859658374
785.798 105.84297173327408
785.892 105.87791366098213
785.97 105.90295544480277
786.056 105.94136117690778
786.126 105.97308485378188
786.184 105.99776032722941
786.258 106.03143291275026
786.316 106.04869067361075
786.39 106.08272710474574
786.446 106.10288746994078
786.53 106.15084126941439
786.614 106.18549676602213
786.698 106.22081018818332
786.756 106.24070141558053
786.824 106.26846662108186
786.906 106.28434450931874
786.986 106.32636736385565
787.048 106.35540720284305
787.134 106.39882265761152
787.216 106.4305796308613
787.274 106.45794245157113
787.334 106.48922176777054
787.394 106.49631775507906
787.482 106.51981326135737
787.558 106.53291115104577
787.636 106.55208208379969
787.706 106.56500252675377
787.798 106.59674915240019
787.894 106.63756328708769
787.946 106.66789189969333
788.028 106.70320690930268
788.102 106.72108684207402
788.158 106.74544588146547
788.238 106.7844144918007
788.32 106.79387371439365
788.402 106.80561443364797
788.476 106.8424449368329
788.554 106.87579686679231
788.626 106.91285629746952
788.684 106.93674334931055
788.752 106.96002706984304
788.816 106.98666476189337
788.878 107.01146678766764
788.944 107.03628542131676
789.018 107.07146339032208
789.1 107.1014633275091
789.176 107.13318843443541
789.238 107.16401264983702
789.324 107.20618151351819
789.4 107.23207279013928
789.456 107.23711886901216
789.518 107.25947448002661
789.604 107.29960668702556
789.672 107.3165509145742
789.736 107.33032143713908
789.788 107.35284030076372
789.862 107.38410332677086
789.918 107.41590025342853
789.99 107.44898542535374
790.054 107.47642274886964
790.112 107.50151910191055
790.19 107.54523632272809
790.268 107.57148052734838
790.334 107.6158761410006
790.41 107.65553086884714
790.462 107.65813068321584
790.544 107.69456952237299
790.622 107.73123574111926
790.688 107.7688029337412
790.766 107.80691957298303
790.824 107.83934194598321
790.886 107.86589408247833
790.94 107.89429436960528
790.998 107.90956837042661
791.078 107.94496814718406
791.138 107.96898424602432
791.212 107.99281435310318
791.272 108.01390662339783
791.336 108.04461291874539
791.406 108.07249646874071
791.468 108.09869393874533
791.522 108.11491657663505
791.59 108.15272499501664
791.652 108.18353965601696
791.716 108.2025828799098
791.786 108.23445661709763
791.85 108.25555889682582
791.934 108.30354083738831
791.996 108.33516973727417
792.052 108.35837009081246
792.108 108.38969040444734
792.188 108.4233919402989
792.268 108.422206792943
792.33 108.44814013249095
792.406 108.45689909786215
792.468 108.48446309710411
792.536 108.5173937832411
792.624 108.55874273982037
792.704 108.5826540914297
792.764 108.60638562255907
792.816 108.61787066434015
792.898 108.65884725217893
792.976 108.691946815784
793.06 108.73560255282096
793.12 108.75341010017502
793.202 108.79298241175344
793.282 108.82809188424801
793.344 108.85625858933486
793.41 108.88571116630682
793.502 108.90464838968892
793.564 108.93116128913523
793.626 108.9661478016612
793.678 108.99735392349962
793.74 109.01957133408541
793.806 109.05043033713089
793.888 109.08504273775668
793.95 109.10240221157683
794.012 109.12350679606547
794.084 109.15283609350016
794.144 109.18008906249979
794.224 109.20882271096887
794.272 109.21445696986474
794.34 109.24633597447418
794.42 109.28978045647469
794.47 109.31202742002986
794.514 109.32475294833473
794.582 109.34966838519404
794.658 109.34260215163428
794.724 109.3739692719827
794.78 109.39994651092469
794.86 109.4432091637674
794.926 109.47043471253922
794.974 109.49366671228154
795.026 109.51989105671244
795.066 109.5450495447399
795.146 109.55364295800824
795.216 109.5757044879386
795.294 109.59409333804983
795.38 109.61879474032108
795.454 109.65423834934953
795.518 109.68399533964538
795.572 109.7106634532428
795.636 109.73040155787321
795.69 109.75568559779526
795.758 109.79470474654397
795.802 109.8106166956463
795.866 109.8440324593642
795.928 109.87706199888589
795.992 109.90854248611824
796.042 109.92905453091151
796.1 109.95383436416738
796.174 109.99342175630024
796.256 110.00270749081875
796.31 110.02440019047837
796.388 110.06298732251778
796.46 110.05859434127241
796.54 110.10199498009645
796.612 110.14021604473433
796.68 110.15728234532392
796.746 110.18396660582698
796.822 110.22604900729917
796.896 110.26681606653426
796.978 110.30197899012641
797.04 110.32670739548723
797.13 110.34426497841774
797.194 110.35016393899339
797.232 110.36558930484277
797.29 110.38833756398495
797.344 110.40431100176998
797.408 110.4335668235103
797.47 110.45562906427166
797.524 110.47934102621709
797.578 110.50944117666305
797.65 110.54131474036782
797.688 110.55314854542412
797.74 110.5796732146397
797.794 110.60320837754576
797.858 110.6311544759493
797.908 110.64067178259998
797.972 110.64731751717926
798.026 110.66377123760545
798.114 110.69894994550798
798.182 110.73143988750043
798.276 110.77316105637159
798.346 110.79744777234595
798.4 110.8255774504895
798.456 110.84713003263974
798.512 110.88099497250278
798.562 110.90204996018217
798.64 110.92969482689831
798.708 110.9537028871445
798.77 110.97908728959368
798.83 110.99716140370153
798.876 111.01319057194027
798.942 111.04327017745565
799.012 111.07301330462387
799.092 111.11255345400961
799.142 111.12708172441674
799.198 111.14812913053655
799.274 111.18277809215141
799.346 111.1977885587691
799.446 111.2105690360886
799.512 111.23668935255233
799.57 111.26127467580515
799.636 111.280592398176
799.698 111.3031517036167
799.746 111.32433561175566
799.818 111.33318927466388
799.872 111.35958661499295
799.942 111.39564000995037
800.028 111.43622067603118
800.084 111.45861559332215
800.15 111.47957162538596
800.22 111.50414318712912
800.29 111.53202538002589
800.368 111.56812927956567
800.43 111.59232408005116
800.508 111.62489942815034
800.6 111.65991165921405
800.672 111.68862571555104
800.75 111.72014268054406
800.822 111.73674649386412
800.87 111.75614511937992
800.906 111.77075900761469
800.974 111.79904909594495
801.04 111.80530959891409
801.114 111.83763372243385
801.174 111.8766843851661
801.238 111.8861670840928
801.3 111.91826211476646
801.332 111.93399937656508
801.39 111.96138890354307
801.46 111.99715677753838
801.51 112.01314113788236
801.57 112.04079336901138
801.62 112.06385776169262
801.692 112.09293817890207
801.744 112.11598660719984
801.806 112.14553761614613
801.868 112.16865064881877
801.942 112.21161048240111
801.998 112.2276975983043
802.07 112.25634982553247
802.136 112.28367981815971
802.188 112.30489497288053
802.24 112.3237983302857
802.298 112.35543905557377
802.358 112.37302714824824
802.416 112.39951176268058
802.47 112.4154953161456
802.522 112.42836737933699
802.582 112.46400125888421
802.652 112.48995900859553
802.708 112.51819151961917
802.768 112.54144716797146
802.822 112.544154398968
802.906 112.56864823355686
802.966 112.58231833108432
803.058 112.59375356868327
803.134 112.63006306582818
803.21 112.65709539254318
803.256 112.67086540815974
803.31 112.69478305696546
803.364 112.71205578392258
803.434 112.74929023678057
803.53 112.76668724185794
803.574 112.77724032743372
803.646 112.81133577330749
803.716 112.84450855145957
803.78 112.87558369634051
803.82 112.88841920401207
803.892 112.90817884325011
803.958 112.94111575176909
804.04 112.96149343026586
804.1 112.99547759052936
804.168 113.01483301302507
804.196 113.02055066998903
804.25 113.03837777365437
804.304 113.0641348136641
804.368 113.0968893859488
804.414 113.11055919410175
804.48 113.13709207508565
804.54 113.15803941288279
804.596 113.19122444156683
804.662 113.21642846932906
804.728 113.24199536845886
804.794 113.27116259910602
804.866 113.29575411196842
804.918 113.31775281130676
804.968 113.33577091959927
805.026 113.35643204234482
805.092 113.37586917604135
805.15 113.3824442200583
805.202 113.4100740047883
805.252 113.42952441943868
805.296 113.45268355933071
805.342 113.47326292478594
805.418 113.50664647317872
805.462 113.52550654929719
805.514 113.53530876636285
805.566 113.555728393163
805.61 113.57323478407507
805.666 113.58781107870378
805.748 113.6280386098283
805.824 113.65964126330954
805.892 113.68751046650682
805.958 113.70714518327972
806.004 113.73003572518606
806.048 113.75120381225632
806.11 113.77017713976204
806.16 113.80385333576422
806.204 113.82028157140532
806.244 113.83705114076369
806.296 113.85829705214822
806.356 113.87813540555926
806.396 113.89183413997482
806.468 113.92161007677588
806.514 113.94210552215387
806.59 113.9635084688298
806.652 113.9909591746077
806.722 114.00235871061255
806.78 114.0274885116416
806.832 114.04984221391119
806.904 114.08613446055708
806.952 114.11361676444285
807.034 114.12671316267122
807.1 114.16283241322111
807.144 114.1809872952561
807.206 114.21359399873648
807.28 114.22670914529719
807.332 114.25002368412727
807.394 114.27126764510145
807.466 114.29842125858255
807.53 114.31730399193276
807.598 114.33654747357197
807.648 114.35340615389637
807.714 114.38217854866667
807.766 114.40566663026016
807.826 114.42815794489286
807.884 114.4579564363403
807.954 114.49325436281902
808.028 114.51435845598219
808.096 114.53731434232907
808.144 114.54961585699868
808.202 114.55891360069167
808.292 114.57877345587755
808.334 114.59993339207024
808.396 114.63270256342209
808.448 114.64915242732764
808.524 114.67125366382665
808.598 114.71115767609878
808.658 114.72810515398761
808.71 114.75252583001705
808.764 114.77329882968644
808.836 114.80600132344897
808.904 114.83295694181176
808.95 114.84751369884162
809.002 114.86160530284039
809.064 114.88767671304457
809.106 114.90657860895182
809.188 114.94072993851044
809.24 114.9628431738762
809.302 114.96885870941705
809.346 114.98752343228453
809.398 115.0117515821927
809.448 115.02586315428701
809.514 115.05820520575809
809.584 115.09051480115289
809.644 115.10941585829751
809.692 115.13288104009723
809.754 115.16481821593526
809.816 115.18815375519765
809.86 115.20909108806767
809.92 115.22946350008337
809.974 115.24937379578532
810.032 115.26768956005417
810.082 115.28212008121999
810.144 115.29512216216598
810.194 115.31268097128591
810.266 115.33486683138815
810.326 115.34836893702867
810.384 115.3732139666829
810.438 115.39859543189993
810.488 115.42212261424386
810.554 115.42940257125112
810.632 115.46818774347126
810.674 115.48552088928788
810.742 115.50835379136511
810.802 115.53534362806262
810.87 115.55809121342303
810.922 115.5804204143865
810.958 115.59540142090134
811.008 115.59494937341027
811.068 115.61784615143719
811.124 115.64195929462196
811.164 115.66076226558296
811.206 115.67787301212452
811.27 115.69322774428841
811.326 115.71270710328385
811.374 115.72393954739331
811.44 115.75657895403731
811.472 115.76652795168378
811.512 115.782732470246
811.56 115.80255118831991
811.622 115.8267273886089
811.708 115.8159635405311
811.76 115.8382640012083
811.808 115.85691513919716
811.872 115.88346547779057
811.942 115.90255147699624
811.99 115.90823671628065
812.038 115.92952974861684
812.094 115.95032608940987
812.134 115.95004471641869
812.184 115.97255455848875
812.24 115.9972116311958
812.296 116.00554709976514
812.36 116.02362415786475
812.41 116.04612577166552
812.462 116.06293881999996
812.492 116.07922600284188
812.562 116.08851468808179
812.616 116.11141315361324
812.676 116.13668879802769
812.72 116.14725985551225
812.792 116.16770035259547
812.858 116.19856302078874
812.926 116.21911326704033
813.008 116.24500737442001
813.074 116.25261228775662
813.14 116.27624318603918
813.208 116.30143930997217
813.262 116.32454666282872
813.302 116.32784331474782
813.358 116.36096245376436
813.418 116.37605444461582
813.484 116.39822523421627
813.534 116.42419865330469
813.572 116.43955150338148
813.632 116.47154079701731
813.688 116.49811275961987
813.748 116.5066353826096
813.792 116.52753351949171
813.844 116.52647984475469
813.898 116.55134502894472
813.958 116.5542535648017
814.0 116.57025885920045
814.058 116.56538772393147
814.122 116.59316896842714
814.182 116.6155360253726
814.26 116.62898885819158
814.344 116.66775215450741
814.398 116.68936717981487
814.44 116.69915074055658
814.514 116.73202875421184
814.548 116.74822479157432
814.606 116.75642547534403
814.662 116.77884377191538
814.728 116.79977049967843
814.786 116.82088186998823
814.834 116.8438934427886
814.882 116.86904133106975
814.936 116.88073458116385
815.0 116.90389660778706
815.056 116.92016727250285
815.116 116.9383928375915
815.182 116.97085636378387
815.242 116.99553558445461
815.292 117.01572584995738
815.36 117.034647080403
815.416 117.05808872637782
815.482 117.07513335332726
815.532 117.08822434626428
815.586 117.1165195961895
815.63 117.12920900956514
815.682 117.15599827522163
815.732 117.17515183867624
815.792 117.19540204513585
815.838 117.21972822597219
815.898 117.24383065925173
815.952 117.27361125074808
815.992 117.28288231864843
816.064 117.28544519807488
816.106 117.29820331531934
816.168 117.32113310288597
816.222 117.34499739156186
816.274 117.34287205981664
816.322 117.36406162843825
816.366 117.38182580817235
816.424 117.40045125940453
816.512 117.42227146359991
816.56 117.41321102945996
816.606 117.42521076944466
816.652 117.4381639020354
816.684 117.44992598647502
816.756 117.43636175445934
816.81 117.41672485020644
816.876 117.43001422328521
816.92 117.44863542812175
816.992 117.4479628770458
817.042 117.46997329211621
817.08 117.48123800235143
817.138 117.50643591294019
817.178 117.52583954996389
817.218 117.53608781935765
817.286 117.5558716948663
817.348 117.58030938175243
817.396 117.60145998575685
817.442 117.61667398800226
817.484 117.63375853169273
817.552 117.64861958978847
817.61 117.67230533513731
817.66 117.69011141404069
817.704 117.70596319449191
817.766 117.72941720466764
817.816 117.74900339110818
817.854 117.76157378585359
817.912 117.7724796798465
817.968 117.78931879948412
818.028 117.81543264079063
818.058 117.83169034899315
818.116 117.86309839779307
818.162 117.88404919287511
818.224 117.90052965863885
818.288 117.92834793421383
818.332 117.94636266087173
818.392 117.95946425112649
818.442 117.9755699550226
818.51 118.01359377899342
818.562 118.04067671238354
818.604 118.05594265089069
818.648 118.07383688995563
818.688 118.08834137516489
818.748 118.10932274905515
818.788 118.12697838361939
818.842 118.14630817876852
818.896 118.17302107426909
818.948 118.17197013272688
818.996 118.18922696566501
819.056 118.21038979934477
819.096 118.228485287882
819.146 118.24866247172824
819.192 118.25551941344419
819.256 118.27086902919865
819.318 118.29673330325076
819.352 118.30941776826275
819.408 118.34888445991291
819.486 118.38430424250487
819.536 118.39677485722828
819.578 118.40332178287241
819.634 118.42713378289646
819.688 118.4510530131321
819.724 118.4686010843623
819.766 118.48696792109362
819.818 118.50077528643843
819.896 118.47762268950332
819.948 118.49460425891537
820.014 118.52715797806304
820.076 118.5466695006628
820.136 118.5587696787356
820.208 118.59287193819486
820.28 118.62350809745384
820.366 118.64647494144978
820.406 118.66797943289238
820.434 118.68149070715677
820.486 118.70198872915527
820.556 118.73477484509343
820.612 118.75547643104609
820.67 118.78314683465781
820.736 118.80008933688941
820.8 118.82553182724696
820.868 118.853434337033
820.904 118.86243873775
820.942 118.84078803930745
820.982 118.85503234372061
821.034 118.86703322273318
821.082 118.88368237849859
821.15 118.90781992484162
821.216 118.9255225080286
821.258 118.94195986123347
821.322 118.92957076187243
821.374 118.94889576455603
821.428 118.96929099730234
821.47 118.98392938082773
821.54 119.01210089869285
821.58 119.02760495566966
821.636 119.04011341225447
821.688 119.06199297989555
821.746 119.08763669847869
821.79 119.10803225095016
821.852 119.13074483410844
821.906 119.1442817921512
821.958 119.15428537592294
822.0 119.17475085975623
822.034 119.16912101213809
822.1 119.2014091858976
822.142 119.21949678146484
822.192 119.24101633226671
822.246 119.26325894368193
822.288 119.28918171295963
822.336 119.30163815191919
822.388 119.31265009606442
822.442 119.31401554138236
822.484 119.32983265690034
822.546 119.36266911205995
822.588 119.37951748264348
822.636 119.4000680758308
822.702 119.43098725805989
822.734 119.44561001352459
822.778 119.46573080877774
822.834 119.47846941313998
822.888 119.4891575564373
822.952 119.51101816538024
823.0 119.53381389937603
823.072 119.54438730895797
823.11 119.56074373675408
823.158 119.58673425602039
823.202 119.59797886711212
823.242 119.61893166897643
823.298 119.632977454334
823.356 119.64410008592455
823.39 119.65753528927047
823.466 119.6664069063819
823.514 119.68422800380063
823.57 119.69904269309464
823.656 119.72544436357758
823.722 119.75360774998923
823.766 119.77321273547754
823.802 119.79076111661445
823.842 119.80488912777237
823.878 119.8203026446341
823.932 119.81344623955854
823.978 119.83417699451144
824.024 119.84876669267608
824.07 119.85843812757093
824.11 119.8731038308598
824.146 119.88685666411314
824.19 119.90083536256655
824.246 119.92023686776491
824.29 119.93587924495537
824.366 119.95799216295488
824.408 119.96406248780154
824.45 119.98317976638944
824.494 120.00144439678482
824.544 120.0195878468756
824.58 120.03711683824159
824.628 120.0527673562746
824.672 120.07335940698323
824.722 120.08045364127078
824.772 120.0947021769985
824.836 120.09484021093735
824.87 120.10847260031564
824.912 120.12967382402279
824.962 120.14365381118645
825.002 120.1622566859649
825.048 120.1861519403815
825.112 120.21385193226601
825.148 120.23061547624049
825.216 120.24492933201022
825.264 120.26982983248911
825.294 120.28259795473937
825.342 120.30910854627093
825.368 120.3242803464112
825.418 120.34662394845809
825.496 120.38121638576779
825.56 120.40463842355825
825.6 120.42067213129597
825.632 120.43253949468254
825.698 120.45179977126234
825.74 120.47007295155889
825.788 120.49102551833857
825.82 120.48826683494856
825.87 120.51582979202742
825.912 120.53160578032613
825.97 120.55450168181817
826.018 120.57591292441074
826.064 120.5907133418182
826.096 120.6027895601896
826.148 120.62528347750343
826.202 120.65064588598528
826.242 120.66269684048021
826.304 120.6813803995893
826.352 120.70180590155137
826.388 120.72380847150131
826.438 120.74155540825538
826.496 120.7676265530067
826.536 120.7861718186532
826.602 120.80454906231093
826.652 120.82431844564937
826.704 120.83558607348853
826.744 120.85647288447629
826.802 120.88447753876278
826.848 120.90857149649331
826.892 120.93051192080028
826.934 120.94122209736763
826.98 120.95461809818819
827.018 120.96527962083776
827.048 120.97989074192392
827.084 120.99931658165039
827.124 121.00913620918125
827.168 121.02541086958684
827.212 121.04201499805589
827.28 121.05351505435121
827.334 121.07934116815902
827.38 121.09720337534908
827.426 121.11961213977605
827.47 121.13420694495989
827.526 121.15601050613843
827.566 121.17053371377447
827.616 121.19158115432514
827.654 121.19945916464971
827.688 121.21381205318532
827.742 121.23636396682218
827.798 121.2594611146678
827.86 121.28510441561328
827.924 121.30733350595351
827.966 121.32336775381015
828.002 121.33526482015834
828.058 121.33804216713693
828.11 121.36005283803115
828.16 121.38297266134245
828.2 121.3987616025686
828.24 121.41580620327812
828.296 121.41779501330015
828.35 121.43847044577103
828.384 121.44748464687981
828.422 121.46299202994197
828.47 121.47698719030559
828.512 121.48799332050099
828.558 121.5083997855164
828.588 121.52325728073716
828.652 121.55465422569318
828.694 121.57295888751466
828.752 121.5941807224801
828.802 121.60987097038982
828.866 121.63401543738841
828.928 121.63704187422445
828.98 121.65900470928449
829.03 121.67854550771774
829.068 121.69237216393547
829.11 121.70598421271801
829.158 121.72450347194267
829.224 121.75138859680621
829.266 121.76987743321499
829.314 121.79342626497835
829.358 121.80891864441897
829.4 121.82748405734839
829.428 121.83965947606099
829.46 121.84847352758266
829.526 121.8767952912322
829.56 121.89541165591726
829.602 121.91627763964503
829.65 121.92715843456634
829.688 121.94628509674985
829.744 121.96544429963109
829.794 121.98638005054364
829.83 122.00517869031015
829.876 122.02155195818719
829.926 122.03687361220823
829.978 122.05863400953064
830.024 122.07591277955666
830.056 122.08768845114024
830.108 122.09374308374849
830.146 122.1123726208535
830.174 122.12331444840392
830.226 122.14433019505078
830.29 122.16873700174362
830.326 122.16718612922817
830.368 122.178474926932
830.41 122.19629195493232
830.458 122.21168367735756
830.518 122.23766100320756
830.564 122.25720245082576
830.608 122.27005466808731
830.666 122.2784628991465
830.708 122.30140638605927
830.744 122.31831426245222
830.802 122.34677053572369
830.862 122.36311707717195
830.898 122.37669593274215
830.938 122.38874198360185
830.992 122.38367318774945
831.032 122.4016638392683
831.072 122.4136471886859
831.112 122.43285123742018
