499.2266666666667 15.37202396422855
501.74666666666667 15.056016347936708
503.74833333333333 14.978504260172604
505.40833333333336 15.010233478219888
506.555 15.076664685203099
507.6116666666667 15.24636404468927
508.80833333333334 15.151927227916891
509.6716666666667 15.349262642278891
510.615 15.252360445690876
511.275 15.294418602897855
512.1216666666667 15.302957166910897
512.825 15.396193673525984
513.5766666666667 15.598278731573846
514.3133333333334 15.61596147034483
515.1533333333333 15.789299927775069
515.7833333333333 15.997591290588842
516.3233333333334 16.07044557328022
516.945 16.215019367502496
517.4966666666667 16.33374751044947
518.0583333333333 16.42583160132887
518.7133333333334 16.646711704513194
519.3683333333333 16.883851395701825
519.9783333333334 16.98239874106589
520.5383333333333 17.09665727675892
521.2 17.283552933449172
521.7883333333333 17.430430202684043
522.375 17.526351493140318
522.905 17.62821313019576
523.4466666666667 17.80033451193503
523.9416666666667 17.865055207064845
524.5233333333333 18.049073956115993
525.0633333333334 18.231931542447796
525.6533333333333 18.40700551354062
526.2566666666667 18.544737826599704
526.75 18.645023325936275
527.245 18.795667147133774
527.835 18.981348590758085
528.36 19.170887778879305
528.805 19.26193167068514
529.3133333333334 19.345513788174166
529.8966666666666 19.581923853183465
530.3566666666667 19.706260004403596
530.8633333333333 19.838782330647877
531.295 19.99427234345477
531.7333333333333 20.035833230597017
532.1016666666667 20.041559421919402
532.61 20.13853273788149
533.0766666666667 20.28216949822709
533.5083333333333 20.330079129652173
533.9333333333333 20.412496308997344
534.3333333333334 20.530336417390785
534.83 20.653378336918138
535.2183333333334 20.770725447487724
535.72 20.772998397857638
536.0916666666667 20.823607635257005
536.535 20.954488603982302
536.915 21.012464104579557
537.5033333333333 21.14509827021346
537.9033333333333 21.25661610972646
538.3266666666667 21.33749681130638
538.7483333333333 21.502843634338866
539.1416666666667 21.470908933708927
539.5833333333334 21.502177291366067
540.0016666666667 21.59039692288452
540.365 21.670050611134904
540.7883333333333 21.826915057418486
541.2066666666667 21.977996787549703
541.61 22.0507360027681
541.9466666666667 22.076142832467074
542.3516666666667 22.17575863431135
542.78 22.271693107090627
543.14 22.342613708162865
543.5083333333333 22.415039308484157
543.83 22.41767204759203
544.2483333333333 22.536558995874078
544.6833333333333 22.66787984903541
545.0233333333333 22.684880321796864
545.3883333333333 22.812384180723054
545.77 22.881135109659887
546.1366666666667 22.882905581138115
546.54 23.0009450339348
546.97 23.055549525871196
547.3333333333334 23.118600123602
547.67 23.18671616128308
548.0233333333333 23.3050351496789
548.4216666666666 23.422030578415878
548.7983333333333 23.491290551503987
549.1516666666666 23.509142836005225
549.505 23.55393714275543
549.8483333333334 23.621288548186428
550.1983333333334 23.683478964219653
550.565 23.759558835552895
550.9116666666666 23.76352328578004
551.2516666666667 23.80117273570529
551.5933333333334 23.897973640647976
551.9333333333333 23.940637957217277
552.39 24.04005908342485
552.68 24.027549574691825
553.06 24.048915093935644
553.385 24.039618975088718
553.7366666666667 24.04692106924308
554.0616666666666 24.108225597459196
554.39 24.12373293704832
554.7 24.120454539913233
555.0816666666667 24.22877186733205
555.4466666666667 24.26544543087602
555.79 24.344136082487513
556.145 24.392806111296544
556.48 24.463108404043425
556.8566666666667 24.576468288686215
557.1883333333334 24.605797541975406
557.5333333333333 24.657024089505867
557.8883333333333 24.83399032941929
558.21 24.84420705866776
558.5333333333333 24.852598287199886
558.835 24.881108447896654
559.22 24.954080030801357
559.585 25.162830824289582
559.9233333333333 25.225807376942097
560.2533333333333 25.329926256554582
560.5916666666667 25.40105548834715
560.9283333333333 25.462726640500208
561.2466666666667 25.506603071020535
561.6 25.64936288410687
561.9133333333333 25.69857031852647
562.2666666666667 25.766232167102675
562.5733333333334 25.787068666411642
562.8933333333333 25.872977676434896
563.2133333333334 25.947510047883764
563.5283333333333 26.058157581003627
563.8083333333333 26.06031780624505
564.11 26.097759579929825
564.4733333333334 26.18030371723687
564.8516666666667 26.326567268238847
565.1466666666666 26.344738202162056
565.5016666666667 26.440091931088848
565.82 26.54981018201768
566.1366666666667 26.624414007779624
566.4583333333334 26.662891444650164
566.7533333333333 26.675803387455197
567.0183333333333 26.737604537109547
567.3183333333334 26.801321770327252
567.6183333333333 26.848539451399297
567.94 26.92274981180504
568.225 26.945769596826764
568.5216666666666 27.04326954965779
568.7983333333333 27.04014817349001
569.1316666666667 27.159597507760086
569.4433333333334 27.219324169346116
569.7516666666667 27.259710506846623
570.02 27.27788613119263
570.3066666666666 27.3605608380233
570.56 27.3982512876772
570.8783333333333 27.40806817144128
571.1566666666666 27.417116661536003
571.4783333333334 27.46671132371795
571.7733333333333 27.513820273921688
572.0333333333333 27.548146753241305
572.3166666666667 27.584982768639414
572.705 27.67117872239053
573.0316666666666 27.68552228384185
573.315 27.779764226876274
573.5733333333334 27.749197925912004
573.8783333333333 27.79077921850174
574.14 27.848871900135975
574.425 27.851820674025955
574.7083333333334 27.89558274081462
574.965 27.965464780104753
575.225 28.017959450197647
575.52 28.08244955997989
575.795 28.124567442416588
576.0966666666667 28.181216388772274
576.44 28.25444370918538
576.705 28.26953459073261
577.0516666666666 28.31982258314466
577.38 28.465055166104094
577.6333333333333 28.523057870303415
577.9683333333334 28.57875503390066
578.265 28.625929645692448
578.5633333333334 28.69800134197379
578.855 28.788225223504128
579.16 28.922400351113986
579.45 28.999697770574116
579.77 29.041340058394567
580.0866666666667 29.111709699447918
580.3533333333334 29.14568476561011
580.6783333333333 29.16875424598485
580.9483333333334 29.26396469958886
581.2116666666667 29.285598411952133
581.4933333333333 29.348916283807586
581.775 29.43027823736205
582.025 29.497761014039714
582.31 29.576260050886486
582.59 29.62174279269865
582.855 29.621157922355135
583.1366666666667 29.755508835603287
583.4266666666666 29.830035320701167
583.6883333333334 29.912301374374522
583.9183333333333 29.963890297464488
584.15 29.972733853026728
584.465 30.019672598228674
584.735 30.07255736010758
585.0233333333333 30.129871182122695
585.305 30.226722165794747
585.545 30.271304808757556
585.8483333333334 30.38740398735479
586.11 30.46612667851491
586.385 30.515002604838326
586.7233333333334 30.56753308693052
586.9983333333333 30.668919689926053
587.3033333333333 30.70617914935265
587.6016666666667 30.73734380840697
587.8666666666667 30.75986298474508
588.1466666666666 30.848357993152213
588.4166666666666 30.95081545265324
588.6866666666666 30.98098650403977
588.945 31.0241756397094
589.2016666666667 31.095431717188823
589.4666666666667 31.12689664979951
589.7116666666667 31.17699802576764
590.0033333333333 31.225070011412047
590.2533333333333 31.279009729182384
590.575 31.199841214655176
590.8616666666667 31.301258950859104
591.175 31.370919644349243
591.4383333333334 31.405998765942268
591.7683333333333 31.462482582264357
592.06 31.535914814784455
592.3 31.557774878130456
592.56 31.584051680147446
592.8383333333334 31.67187042444017
593.085 31.720310083388373
593.34 31.760125565871636
593.5716666666667 31.789082615127604
593.8833333333333 31.87087452980199
594.1083333333333 31.94872661692419
594.395 32.01312817620362
594.6566666666666 32.08058700095899
594.9033333333333 32.12539063463563
595.1833333333333 32.1961287538338
595.445 32.265027946379234
595.6783333333333 32.30760229159601
595.9283333333333 32.35306887553328
596.215 32.432111321053945
596.4366666666666 32.52951897733888
596.7183333333334 32.61290644310418
596.95 32.67134107357563
597.2283333333334 32.71957336760088
597.4666666666667 32.76891655276828
597.7433333333333 32.81161062604738
597.985 32.92062759429113
598.2233333333334 32.96343077568017
598.5066666666667 33.065573877503404
598.755 33.128045832816156
599.065 33.214194951010626
599.2933333333333 33.254027417061025
599.5416666666666 33.34703843185861
599.8433333333334 33.446023925367435
600.12 33.50935782389176
600.3883333333333 33.56518881802303
600.6466666666666 33.649055267910974
600.8983333333333 33.71744514937666
601.1516666666666 33.80764596110285
601.4216666666666 33.850311715368335
601.6783333333333 33.88108731063895
601.945 33.95743149281633
602.2166666666667 34.00191081081865
602.49 34.08204624814609
602.7583333333333 34.14903891258599
603.02 34.20554973569642
603.295 34.30518986615468
603.5666666666667 34.40850860853065
603.7983333333333 34.45721739015902
604.0733333333334 34.532962485896086
604.2933333333333 34.56774272281128
604.5316666666666 34.617330869808626
604.7733333333333 34.65675171768973
605.0416666666666 34.71933636681169
605.275 34.77554129154863
605.4583333333334 34.811223755965166
605.685 34.86160247624915
605.935 34.93008674385482
606.1483333333333 34.9881878072054
606.3783333333333 35.03876027713433
606.6766666666666 35.107449502536944
606.9516666666667 35.163619420837655
607.1816666666666 35.226507660550446
607.415 35.29734568898649
607.665 35.353206224007415
607.9166666666666 35.420531885060605
608.1433333333333 35.497693812399795
608.3883333333333 35.57780906762401
608.6383333333333 35.649015194852545
608.8883333333333 35.71991579679007
609.1816666666666 35.83427813846771
609.4283333333333 35.87087113823578
609.655 35.94773578191553
609.8483333333334 35.99362766671213
610.11 36.07487899944652
610.3533333333334 36.19201005113505
610.6133333333333 36.26447769916924
610.905 36.34061606007862
611.1583333333333 36.413365025445664
611.3916666666667 36.45911466688008
611.6883333333334 36.564912853383284
611.8916666666667 36.63668938241729
612.135 36.67103374863675
612.3483333333334 36.73185328337801
612.5983333333334 36.85381939359041
612.8066666666666 36.90518405191063
613.0416666666666 36.95378963204146
613.28 37.07248145820717
613.485 37.1488874853923
613.735 37.190545430916735
614.0033333333333 37.271910528076084
614.2583333333333 37.35229024481779
614.5 37.392963547590774
614.7166666666667 37.47688955841779
614.9466666666667 37.57019681036423
615.185 37.62153294637784
615.4366666666666 37.70524452464576
615.6433333333333 37.74365856439018
615.8333333333334 37.79236245577769
616.0933333333334 37.888924149116704
616.32 37.96524550749109
616.5416666666666 38.04726342738395
616.8183333333334 38.10842974879383
617.0816666666667 38.18536194670096
617.355 38.28278456857433
617.555 38.34310844130362
617.8066666666666 38.437329981617474
618.04 38.5044940247261
618.2866666666666 38.57085263958346
618.495 38.62900864438641
618.7216666666667 38.65749000013762
619.005 38.74450760795614
619.225 38.80869188652511
619.455 38.85482557913035
619.7133333333334 38.90489009122857
619.965 38.9572400535208
620.2083333333334 39.01617656748888
620.4316666666666 39.0651439650563
620.6916666666667 39.166481665223344
620.9316666666666 39.22441316581497
621.1733333333333 39.29045076637065
621.445 39.3756402285179
621.6816666666666 39.433725350863085
621.9 39.512091089147184
622.115 39.594882238733405
622.3366666666667 39.62364670057486
622.5766666666667 39.67977986884025
622.8133333333334 39.76750238530828
623.0516666666666 39.877554624461844
623.2883333333333 39.95003386605224
623.515 40.01030470354838
623.7383333333333 40.02661715271524
623.98 40.06567563313889
624.205 40.16160561958696
624.46 40.21007108126771
624.7033333333334 40.265960415333105
624.9283333333333 40.352617678138564
625.15 40.42570836106844
625.4466666666667 40.46875365339689
625.6383333333333 40.509577967035575
625.8666666666667 40.58358372135629
626.1066666666667 40.691747559195065
626.3266666666667 40.76259647038244
626.5733333333334 40.850408590681184
626.7933333333333 40.916796827953064
627.02 40.94529433949131
627.2633333333333 40.96214289813097
627.5333333333333 41.024349081793666
627.7583333333333 41.097748991591345
628.0266666666666 41.12665346135569
628.2816666666666 41.22537507173501
628.5133333333333 41.276135411151195
628.715 41.342420925081036
628.9483333333334 41.42590783904888
629.1716666666666 41.48679453460844
629.4066666666666 41.580076882382
629.6033333333334 41.64676951746627
629.7916666666666 41.68486108042565
630.035 41.747237370235005
630.2383333333333 41.831822410287536
630.485 41.90819653195462
630.6966666666667 42.00669303005281
630.9333333333333 42.05786087829863
631.115 42.107880073375696
631.3583333333333 42.18118084230187
631.605 42.22895273484536
631.8233333333334 42.27798286674786
632.055 42.36291226484866
632.2866666666666 42.43672877123731
632.525 42.54502917512835
632.7533333333333 42.60917418933842
633.0016666666667 42.70434520109142
633.225 42.77168147532952
633.4016666666666 42.84421051335966
633.6 42.91825518020111
633.8183333333334 43.001013272475966
634.0216666666666 43.07059698250776
634.2666666666667 43.165661655214365
634.4966666666667 43.258434350536255
634.7 43.32264325998266
634.9366666666666 43.36735178553533
635.1483333333333 43.44873590383988
635.3633333333333 43.53838122800939
635.5766666666667 43.61017313529462
635.8083333333333 43.6990573114043
636.025 43.72750315938766
636.2133333333334 43.79113984323967
636.4483333333334 43.84272236524798
636.685 43.93487107633476
636.89 44.01169862691863
637.1116666666667 44.070506537437616
637.3033333333333 44.13771878172125
637.4816666666667 44.20199117606321
637.7183333333334 44.28789933229695
637.93 44.36039721871681
638.115 44.38680835857018
638.365 44.44330230980068
638.5833333333334 44.52726713021692
638.8116666666666 44.599155504056526
639.04 44.67166509960522
639.2666666666667 44.73832904454951
639.4783333333334 44.80511907190193
639.6883333333334 44.889303995988804
639.8766666666667 44.957536509881024
640.085 45.04497224116157
640.31 45.09748927858459
640.5133333333333 45.17245554674248
640.7183333333334 45.246152924637556
640.915 45.323520135382665
641.1083333333333 45.387038193175876
641.3 45.44757937211438
641.5866666666667 45.49364727218257
641.835 45.53566664232482
642.0433333333333 45.614060622059895
642.22 45.644137032142616
642.4283333333333 45.728912293954714
642.6466666666666 45.787035026483366
642.8516666666667 45.862205577027574
643.0483333333333 45.92149791226765
643.2666666666667 45.99824583527174
643.4683333333334 46.08584930756463
643.7283333333334 46.17938309383426
643.935 46.25483713368554
644.1416666666667 46.33371291125348
644.3533333333334 46.38506706149504
644.54 46.46292147278635
644.7416666666667 46.49531827605379
644.94 46.57716307591449
645.155 46.64333080782375
645.34 46.68540398141779
645.5583333333333 46.754463926459884
645.7716666666666 46.858607309869846
645.9866666666667 46.934791074897696
646.1833333333333 47.01475336472015
646.3733333333333 47.0966110618525
646.5833333333334 47.15572598363801
646.8016666666666 47.205574610909366
647.015 47.29700257332065
647.2366666666667 47.362918677642725
647.4716666666667 47.470147342339196
647.6566666666666 47.54685367487028
647.8933333333333 47.64716545800525
648.0983333333334 47.72110823147643
648.2616666666667 47.78474827286831
648.4283333333333 47.829813041465265
648.6533333333333 47.89592733536339
648.8466666666667 47.963186587927396
649.0566666666666 48.04606292395915
649.2483333333333 48.126086455803524
649.45 48.174566056075165
649.6433333333333 48.25405210753689
649.8316666666667 48.32589696789723
650.0366666666666 48.38723174435615
650.2383333333333 48.48583632804129
650.45 48.537552369101874
650.65 48.59897736580132
650.8916666666667 48.65736493577353
651.0766666666667 48.7141584923547
651.28 48.79949368904538
651.5016666666667 48.88349405003482
651.7433333333333 48.92910740525193
651.9416666666667 48.99277583510591
652.135 49.071275628617016
652.3583333333333 49.140083878929936
652.5866666666667 49.210553948539264
652.8233333333334 49.24503946668821
653.0416666666666 49.32397681016299
653.2416666666667 49.412710481725306
653.445 49.49339655115906
653.655 49.56521454092052
653.875 49.62378705893089
654.0583333333333 49.68920028467392
654.2433333333333 49.74187920119558
654.4616666666667 49.82884090764325
654.665 49.92491298501114
654.8566666666667 50.00733958373138
655.05 50.08161119245984
655.2466666666667 50.13296999004007
655.4433333333334 50.1996028114393
655.6633333333333 50.307335803189936
655.86 50.368462719522
656.0816666666667 50.433562610807556
656.2916666666666 50.5198345870218
656.49 50.5730424340385
656.7066666666667 50.66668013941169
656.8983333333333 50.73991422323444
657.105 50.815328767307534
657.305 50.913675099986406
657.4766666666667 50.96955904070156
657.7233333333334 51.07413959249909
657.9066666666666 51.13827491051683
658.1 51.202729737331985
658.3066666666666 51.259260710332505
658.5283333333333 51.33551163811916
658.7883333333333 51.40370380784018
658.9633333333334 51.47758630746288
659.1383333333333 51.556596748972076
659.33 51.62107766632142
659.5 51.71238037265683
659.685 51.77960654952913
659.905 51.8784309161705
660.1016666666667 51.96927945656243
660.275 52.05018165851563
660.4866666666667 52.11720919920224
660.6716666666666 52.15602504796126
660.88 52.2394218509886
661.05 52.299549757539985
661.2266666666667 52.379333837347474
661.405 52.44229812585638
661.635 52.525962496912356
661.7983333333333 52.583133929476816
661.9833333333333 52.63846250712569
662.1483333333333 52.6904811950872
662.3633333333333 52.79564650017245
662.5516666666666 52.86673955150724
662.7566666666667 52.970027643972685
662.9683333333334 53.05565160754685
663.1433333333333 53.12108060110663
663.3133333333334 53.19782423239376
663.51 53.28428716577345
663.7 53.36324634146768
663.8983333333333 53.42738504746955
664.0816666666667 53.48163678320406
664.275 53.56315020702354
664.5 53.65097742786185
664.685 53.715249122701266
664.88 53.78901092379623
665.0833333333334 53.861409883886374
665.3133333333334 53.895079753086385
665.52 53.96486459742454
665.7316666666667 54.056141568660244
665.9166666666666 54.130859702907344
666.085 54.20296157412135
666.2583333333333 54.26117755392082
666.445 54.30575937075848
666.63 54.37021212586007
666.8233333333334 54.45267620112588
667.0 54.492957992612595
667.1783333333333 54.572613529755024
667.385 54.64021134805635
667.575 54.722621622098146
667.7233333333334 54.77698103803851
667.9466666666667 54.85817643181912
668.135 54.944410593123195
668.32 55.007915047410286
668.51 55.08533280117643
668.7316666666667 55.16189253342083
668.9266666666666 55.25262627307717
669.0883333333334 55.308790450138396
669.2833333333333 55.39609734952594
669.485 55.471418214529336
669.6783333333333 55.567416353073426
669.885 55.64352713346887
670.0583333333333 55.67262042509958
670.2433333333333 55.72371736238856
670.4416666666667 55.81827116828248
670.63 55.875724553010265
670.805 55.918319052669375
671.0133333333333 55.994989838680596
671.2116666666667 56.074213261329156
671.3566666666667 56.14558456964062
671.545 56.20361244397837
671.715 56.27149583705382
671.855 56.33533608508698
672.0483333333333 56.38781168005781
672.225 56.46886099527343
672.3866666666667 56.5330623096999
672.5916666666667 56.64638516394897
672.7633333333333 56.711500709674944
672.9366666666666 56.79814584274896
673.105 56.88330298600518
673.2516666666667 56.93796229059512
673.4383333333334 56.98943636310035
673.6283333333333 57.05815383232688
673.8066666666666 57.1109626865736
673.995 57.1883071888991
674.1766666666666 57.270165956951686
674.3816666666667 57.33802181040758
674.57 57.42221362587964
674.7633333333333 57.52102603642161
674.9366666666666 57.60674338734178
675.1283333333333 57.67561001445747
675.325 57.73506969009559
675.4866666666667 57.81471026847694
675.6783333333333 57.88808092988687
675.8733333333333 57.978644006423565
676.0516666666666 58.0419139085929
676.23 58.088043531655984
676.415 58.16380164130389
676.5833333333334 58.2521408081864
676.77 58.31928496072763
676.9633333333334 58.40354108763306
677.1316666666667 58.46355825036976
677.32 58.51045538176605
677.485 58.575805443079545
677.7016666666667 58.655378437004416
677.8633333333333 58.73125450713781
678.0433333333333 58.79364429855841
678.2266666666667 58.87253389854175
678.41 58.91576199699146
678.5633333333334 58.97886768675354
678.7566666666667 59.00344452938981
678.9316666666666 59.068368162815524
679.0783333333334 59.11550785824127
679.265 59.21310464136112
679.4233333333333 59.26554476999008
679.63 59.297471138931826
679.7683333333333 59.3645931687599
679.9283333333333 59.4178199372802
680.0916666666667 59.49498033473585
680.24 59.550338409403324
680.3916666666667 59.61667980865675
680.5866666666667 59.71567990290322
680.7383333333333 59.7943877960861
680.935 59.829619871961164
681.0916666666667 59.904709505378285
681.2716666666666 59.98356366877706
681.4516666666667 60.057048537374776
681.6533333333333 60.140235300994505
681.8483333333334 60.23578044622229
682.0316666666666 60.31041569212693
682.2 60.362870432726545
682.3833333333333 60.42909769834903
682.5483333333333 60.4837841419426
682.6983333333334 60.52301812887339
682.885 60.60409669232896
683.0766666666667 60.69217430821969
683.2466666666667 60.76613663182386
683.4133333333333 60.84018712581947
683.5916666666667 60.92406064792418
683.7466666666667 60.97764298327062
683.9433333333334 61.05256600051823
684.15 61.1281051732353
684.3333333333334 61.19027132147896
684.48 61.26054486586049
684.68 61.35240660583101
684.8516666666667 61.43141999683009
685.005 61.49409875727874
685.1916666666667 61.56206687036378
685.41 61.637086650418915
685.5616666666666 61.72059556650464
685.7466666666667 61.8117597627169
685.9166666666666 61.88254037740764
686.105 61.94758386661677
686.2733333333333 62.00488931840668
686.4483333333334 62.09070856985554
686.625 62.176610767588805
686.7933333333333 62.247397694643816
686.9766666666667 62.31024849360213
687.1383333333333 62.3745688719274
687.2716666666666 62.43638122165352
687.4116666666666 62.4595404044473
687.575 62.549995029018284
687.715 62.61518621101752
687.8916666666667 62.68718158534553
688.085 62.751552734714856
688.24 62.812536630276945
688.3983333333333 62.8915089689343
688.5566666666666 62.967995068079716
688.7616666666667 63.04354853783708
688.9083333333333 63.126816188466016
689.0883333333334 63.2056864151814
689.2533333333333 63.26571008328909
689.405 63.32754749806916
689.525 63.39977861328611
689.6866666666666 63.48705510442218
689.8816666666667 63.52490340653999
690.0566666666666 63.58549610102061
690.235 63.655031590162395
690.3933333333333 63.72288677851832
690.5633333333334 63.79945092856889
690.71 63.851815352996226
690.8883333333333 63.93524372001816
691.06 63.992406686438486
691.2416666666667 64.04763928033985
691.4116666666666 64.1128142584808
691.5916666666667 64.18562602485513
691.7633333333333 64.24655650118007
691.94 64.28974790853962
692.1016666666667 64.34681176403289
692.26 64.38927730390773
692.4383333333334 64.4331611126898
692.6066666666667 64.51836680341903
692.7733333333333 64.59163067672175
692.9666666666667 64.65959837223178
693.1483333333333 64.70949333832246
693.2933333333333 64.76860537811964
693.465 64.83935799787008
693.6433333333333 64.89595722639002
693.82 64.9481436913192
693.9966666666667 65.0071267870742
694.1683333333333 65.0705280439778
694.3183333333334 65.12897437183211
694.4566666666667 65.1883219430581
694.64 65.26814141529044
694.815 65.34056747480757
694.985 65.41263483706507
695.165 65.48071457792791
695.355 65.5285354375811
695.5383333333333 65.58532041785546
695.7016666666667 65.65788294798196
695.8566666666667 65.73094439181561
696.0366666666666 65.78742507286952
696.2166666666667 65.82934167931582
696.38 65.88049280492949
696.5416666666666 65.94874519055881
696.7266666666667 65.95955624969478
696.88 66.03400449452263
697.0433333333333 66.11820842019773
697.18 66.1827862967656
697.3483333333334 66.25604452638785
697.54 66.25285504290031
697.6983333333334 66.31878290121179
697.8633333333333 66.41329584752667
698.04 66.47370147895974
698.1883333333334 66.54605041070678
698.3466666666667 66.58785970923417
698.4833333333333 66.63257127571752
698.6516666666666 66.70892342605545
698.825 66.77896444105518
698.9633333333334 66.8312253118508
699.0833333333334 66.88239788963921
699.2366666666667 66.95856732676543
699.405 67.016587598561
699.5516666666666 67.08699654725784
699.7216666666667 67.16991285198398
699.8983333333333 67.22914243994862
700.0483333333333 67.28857444599228
700.235 67.37399498570561
700.4083333333333 67.43077769230608
700.575 67.48680233311241
700.7216666666667 67.5531141839427
700.8733333333333 67.61491638007126
701.0133333333333 67.66096732771234
701.1766666666666 67.72559868137115
701.3566666666667 67.78510768299245
701.5183333333333 67.86540000682012
701.67 67.92604566339615
701.8383333333334 67.96509609867203
702.0033333333333 68.04125716565913
702.1483333333333 68.104772941289
702.3016666666666 68.17110455598363
702.45 68.23340209850721
702.625 68.29077848223372
702.7783333333333 68.36784918287283
702.915 68.4414701263429
703.0666666666667 68.50589257685657
703.2116666666667 68.560930559765
703.3483333333334 68.6173512948444
703.4966666666667 68.67804923190077
703.6383333333333 68.72665508438018
703.805 68.8019366428713
703.9583333333334 68.8813787448046
704.1216666666667 68.95669104073733
704.2633333333333 69.03325265533886
704.42 69.09561447660651
704.57 69.16401667054437
704.7216666666667 69.23284028681171
704.8483333333334 69.27582958601272
704.9816666666667 69.31107202362402
705.1366666666667 69.37311465751243
705.32 69.42204236847992
705.4683333333334 69.49396628104726
705.6466666666666 69.52544955469081
705.7816666666666 69.59161097252891
705.9483333333334 69.61841377429997
706.13 69.69609512825576
706.2816666666666 69.74321369842275
706.445 69.80351849051804
706.6466666666666 69.88221778698022
706.8066666666666 69.94948777717651
706.9566666666667 70.0007258885967
707.135 70.0663656899776
707.3066666666666 70.14403941889064
707.4666666666667 70.21304728398938
707.6183333333333 70.26424722397692
707.755 70.34644752555579
707.905 70.3972935552201
708.05 70.45658983908416
708.2083333333334 70.52790397628247
708.3716666666667 70.59891790415502
708.5133333333333 70.6511084184588
708.6683333333333 70.715081147695
708.84 70.79824658515604
709.0 70.87824920489066
709.16 70.93436313326472
709.32 70.99195279938748
709.4916666666667 71.0775395250176
709.6483333333333 71.15055868056469
709.8016666666666 71.20031464278051
709.97 71.26040866478232
710.1266666666667 71.32104721034915
710.3166666666667 71.40553881769459
710.435 71.43723052331606
710.575 71.48518210394421
710.72 71.5460900749185
710.8533333333334 71.58784712026488
711.0216666666666 71.62626427117803
711.1766666666666 71.68188480993928
711.335 71.75474907645516
711.4966666666667 71.81428926376458
711.645 71.8680085951488
711.7683333333333 71.90889708296442
711.9416666666667 71.95587312154142
712.0766666666667 72.00677571221806
712.23 72.05984644110188
712.3783333333333 72.1116866821817
712.5066666666667 72.17297406831274
712.6533333333333 72.22740351547
712.8083333333333 72.29152812711747
712.9533333333334 72.34572778981465
713.125 72.4243157430667
713.265 72.48297094348895
713.4166666666666 72.546454328347
713.5733333333334 72.58470123686509
713.7216666666667 72.63944069486625
713.8633333333333 72.66908546412667
714.01 72.74381534617592
714.1683333333333 72.81400824624139
714.31 72.87717317938242
714.4533333333334 72.94637147069153
714.61 73.01979903939016
714.7366666666667 73.07336621715237
714.875 73.12830475673783
715.0366666666666 73.20578620650426
715.1916666666667 73.25349858981686
715.35 73.30033468619706
715.5083333333333 73.36889614879298
715.655 73.43887314277634
715.8066666666666 73.50513108653688
715.9516666666667 73.55996041903713
716.09 73.61179520966719
716.225 73.6739945352811
716.3616666666667 73.70811131310086
716.53 73.78303097211707
716.6783333333333 73.82136674117311
716.7983333333333 73.86707592288926
716.965 73.92980771728814
717.1233333333333 73.99204570042497
717.2766666666666 74.06059506776782
717.4033333333333 74.11767471436217
717.56 74.16718289354081
717.685 74.20514209623576
717.8333333333334 74.2695911921471
717.965 74.34652727956352
718.105 74.39602535966242
718.2533333333333 74.4610854359245
718.3766666666667 74.49102615204194
718.525 74.54576554216275
718.685 74.59839571155604
718.84 74.67148575353959
718.9716666666667 74.72246387958546
719.1166666666667 74.78036659178366
719.2683333333333 74.82982137825391
719.3866666666667 74.87166865265935
719.5416666666666 74.9500329750462
719.6916666666667 75.01256387068088
719.835 75.03533574935454
720.005 75.10647961705729
720.1616666666666 75.14315017964326
720.3183333333334 75.17607821051902
720.4683333333334 75.23671490261772
720.6133333333333 75.29417314599091
720.7616666666667 75.33809070056286
720.8683333333333 75.39027669571182
721.0083333333333 75.43619354162146
721.1516666666666 75.46104478043276
721.28 75.52477465028694
721.4116666666666 75.56689833581709
721.5183333333333 75.60374466630715
721.6233333333333 75.63963056322919
721.7266666666667 75.65742108013193
721.8666666666667 75.71031838134456
722.025 75.72045311561058
722.1866666666666 75.76681004721071
722.3216666666667 75.82028790052007
722.45 75.8753975932465
722.5733333333334 75.91868918675611
722.7016666666667 75.94809314245826
722.8916666666667 75.97086646520945
723.0233333333333 76.02698836919491
723.1883333333334 76.08875537848745
723.3516666666667 76.16780085465216
723.48 76.22070317606907
723.6083333333333 76.26468449238759
723.7766666666666 76.34958341100457
723.9083333333333 76.41661531182258
724.04 76.45570083595594
724.1866666666666 76.5335272296129
724.325 76.58654280767651
724.4483333333334 76.64984885463217
724.565 76.7027027947954
724.7233333333334 76.78406807886729
724.8783333333333 76.82830105910364
725.0066666666667 76.89448110406012
725.1433333333333 76.95235905955234
725.2716666666666 77.00892906550018
725.4183333333333 77.08880898899095
725.5583333333333 77.14937875073869
725.6966666666667 77.18932336550786
725.8066666666666 77.23994629980147
725.9616666666667 77.2902527436084
726.11 77.35813921519873
726.2566666666667 77.43302856065804
726.395 77.50927980416022
726.5233333333333 77.57692798214859
726.685 77.61621116359855
726.825 77.67085883513195
726.9516666666667 77.7186355241464
727.0916666666667 77.78567315903072
727.2283333333334 77.8450337488172
727.35 77.89675222162849
727.4833333333333 77.93745441200008
727.6216666666667 77.99630912817769
727.7383333333333 78.04585269203143
727.8666666666667 78.12067773241073
728.0216666666666 78.17813568204407
728.1466666666666 78.23191298464859
728.2833333333333 78.27209330196813
728.4633333333334 78.32308833180637
728.6 78.38162709319245
728.7366666666667 78.4484177403566
728.8666666666667 78.50939496254274
728.9933333333333 78.56316082800959
729.1666666666666 78.64105956371914
729.2933333333333 78.6902845996431
729.425 78.73858000774506
729.545 78.76976430043813
729.6716666666666 78.82456925616272
729.8233333333334 78.88305489438994
729.9316666666666 78.93792280425156
730.0733333333334 79.0030617243741
730.2033333333334 79.05032307451924
730.3566666666667 79.11053606874391
730.4833333333333 79.15167740240835
730.6166666666667 79.19743332097283
730.7833333333333 79.24459539123211
730.9133333333333 79.28989406637706
731.02 79.34053904042607
731.1616666666666 79.4031294019339
731.31 79.47032856273957
731.4216666666666 79.5209815587622
731.57 79.58711336866835
731.72 79.65617852974916
731.8533333333334 79.7028820342349
731.9683333333334 79.74527893911556
732.105 79.81604878974746
732.22 79.85016184858618
732.3666666666667 79.91633075969126
732.515 79.9670828042412
732.64 80.00519849553854
732.7916666666666 80.06304859383727
732.9366666666666 80.1046851930148
733.0883333333334 80.14788416493442
733.2183333333334 80.1809972359524
733.345 80.23468898921044
733.4833333333333 80.28159781129241
733.64 80.33190997106524
733.7716666666666 80.35945661630838
733.8966666666666 80.41722995526737
734.02 80.47567016899319
734.1516666666666 80.52481443705672
734.3233333333334 80.57405964308758
734.4433333333334 80.64220605790345
734.5616666666666 80.69538879955537
734.6783333333333 80.74507917043172
734.8116666666666 80.81456874490263
734.93 80.85694058893358
735.055 80.90701587024685
735.1916666666667 80.95326212267628
735.2966666666666 80.99674547073054
735.425 81.0438639759169
735.5533333333333 81.11045142956239
735.6733333333333 81.15351570166335
735.8 81.20348932032626
735.9516666666667 81.26172804358723
736.0866666666667 81.27943405040901
736.2333333333333 81.34127423216178
736.3583333333333 81.40645930504034
736.49 81.45826527514603
736.6533333333333 81.49612989298807
736.79 81.53690173109668
736.925 81.57323721693345
737.055 81.62988242370258
737.18 81.67600146529539
737.32 81.71936341689221
737.4583333333334 81.77173079463847
737.585 81.81576339699902
737.7266666666667 81.87627757948377
737.8583333333333 81.91633174302062
737.9666666666667 81.95490568904171
738.1066666666667 82.00235321080166
738.2266666666667 82.06505393497977
738.3533333333334 82.11961524245088
738.4583333333334 82.15306938008989
738.5783333333334 82.18743916083068
738.725 82.26310273619819
738.8616666666667 82.317532503621
738.9816666666667 82.34560904770787
739.1033333333334 82.38431047987407
739.2233333333334 82.44749503746091
739.3516666666667 82.51514555501615
739.44 82.54936136500153
739.605 82.58852067880372
739.71 82.62330331339562
739.8516666666667 82.68418301438803
739.9933333333333 82.75863464458527
740.1316666666667 82.79359251873997
740.2483333333333 82.83906394175882
740.3716666666667 82.90312666746027
740.51 82.95045426702117
740.6133333333333 83.00471951235319
740.7216666666667 83.04913884558876
740.8266666666667 83.09842880788696
740.9516666666667 83.13923794072505
741.0616666666666 83.17675045898996
741.1616666666666 83.20420921608677
741.2883333333333 83.2458305927329
741.4233333333333 83.28570287106164
741.5283333333333 83.33538969638671
741.5983333333334 83.37427128562845
741.73 83.41342877598872
741.8516666666667 83.4661447899629
741.98 83.51421419907402
742.105 83.55461046455271
742.215 83.60840897752401
742.3316666666667 83.66389749145883
742.4433333333334 83.71808637045785
742.5783333333334 83.77713417697615
742.7233333333334 83.8198648200591
742.865 83.84191007370963
742.9866666666667 83.86844668569545
743.1333333333333 83.89226469515341
743.245 83.95134317986125
743.3666666666667 84.01644776300301
743.5016666666667 84.08642900687026
743.6266666666667 84.14710441160165
743.7766666666666 84.21228911676745
743.88 84.27300179408373
744.015 84.33695895677526
744.1216666666667 84.37752153737516
744.22 84.41566763089229
744.34 84.46750261686766
744.4516666666667 84.51300734940723
744.5733333333334 84.54733412948575
744.695 84.59872072070176
744.82 84.66245026066886
744.92 84.6978343203902
745.0366666666666 84.74752047070227
745.1766666666666 84.80073149640927
745.3 84.83276290898047
745.4083333333333 84.87214147107028
745.535 84.94227898755328
745.66 84.9833003334141
745.7666666666667 85.0218211540002
745.9066666666666 85.06761303144103
746.02 85.11578836531098
746.1533333333333 85.17496372936935
746.31 85.19623170360387
746.4583333333334 85.27158770660705
746.58 85.28221009642951
746.6983333333334 85.3201023420721
746.8166666666667 85.37981363599022
746.9533333333334 85.4323453476974
747.1066666666667 85.48343495462515
747.235 85.53346165939426
747.3333333333334 85.5606408402284
747.4616666666667 85.59335391418739
747.5816666666667 85.62898966085879
747.67 85.66258165905438
747.8066666666666 85.72263356545861
747.915 85.76810628136674
748.035 85.82213879595706
748.1666666666666 85.86615874478655
748.2766666666666 85.91635169183813
748.405 85.95934692558525
748.5316666666666 86.00337181662478
748.6533333333333 86.04839936887532
748.7666666666667 86.08914637801747
748.885 86.14429662724247
749.0266666666666 86.19916733726778
749.1366666666667 86.25435841818339
749.23 86.29661412447716
749.335 86.34745265089659
749.4533333333334 86.39678908479462
749.5816666666667 86.42860156898783
749.7033333333334 86.4812330026482
749.805 86.52431876586196
749.9166666666666 86.58403074194138
750.0366666666666 86.6054241259496
750.1433333333333 86.65776789638382
750.2533333333333 86.69673019940069
750.405 86.74115336916508
750.5116666666667 86.77797661810345
750.63 86.82321243209319
750.7416666666667 86.8761995829632
750.87 86.94151950030374
751.0016666666667 86.98209473926771
751.1316666666667 87.04231694289197
751.2583333333333 87.05731765999042
751.3583333333333 87.11295948406493
751.49 87.15966907457054
751.6 87.19875403070562
751.715 87.25592493192772
751.8466666666667 87.30620698736004
752.0133333333333 87.35212540006529
752.15 87.40045136132645
752.26 87.45367903426198
752.3866666666667 87.48798432484467
752.4983333333333 87.51049541952003
752.655 87.57163139991971
752.7583333333333 87.6225967601616
752.8916666666667 87.62732170812058
753.005 87.67024444627022
753.0966666666667 87.71162715466562
753.2166666666667 87.75757541256884
753.325 87.80350296859432
753.4466666666667 87.85099212255426
753.55 87.89009394896144
753.6583333333333 87.93238940078781
753.78 87.98927085906848
753.8683333333333 88.03190913298549
753.9933333333333 88.08007789748065
754.1 88.12595326802987
754.1966666666667 88.15897381054165
754.3033333333333 88.20121169876737
754.405 88.24000305170142
754.5516666666666 88.28972641369943
754.6566666666666 88.34275782611019
754.7533333333333 88.38755430006803
754.865 88.42944297937615
754.985 88.4743519893377
755.0866666666667 88.5136162179706
755.1983333333334 88.56995385059983
755.31 88.60069999761156
755.435 88.65496006940714
755.5416666666666 88.68009093422494
755.68 88.73080746649441
755.7933333333333 88.77040195166401
755.895 88.82772417797119
756.0083333333333 88.87246736934944
756.1133333333333 88.91171263278183
756.2033333333334 88.9484402932765
756.3166666666667 88.98828338525985
756.4533333333334 89.04931661841036
756.555 89.08230128559337
756.6583333333333 89.12837956544568
756.745 89.16155531717479
756.8516666666667 89.20911822891676
756.9533333333334 89.26338036402304
757.075 89.31256312273544
757.1766666666666 89.35247747511237
757.2866666666666 89.40211996356048
757.3766666666667 89.43585826424055
757.4983333333333 89.468081234717
757.6033333333334 89.51473324543971
757.7333333333333 89.57181889479764
757.8466666666667 89.61825823590652
757.9583333333334 89.67034747292674
758.0366666666666 89.7054091062914
758.1483333333333 89.74692482055752
758.2516666666667 89.78863139489606
758.3833333333333 89.84843324816971
758.495 89.8847712082453
758.6133333333333 89.93340416216815
758.72 89.97982485795981
758.8183333333334 90.03485875040789
758.9266666666666 90.06729790815501
759.06 90.09078930276569
759.1733333333333 90.13856864934398
759.3083333333333 90.17743553880948
759.4283333333333 90.20513552276286
759.5533333333333 90.24868529541844
759.6666666666666 90.29261773211081
759.7833333333333 90.3357845975427
759.915 90.36886629249953
760.04 90.39988180883729
760.155 90.4469571725308
760.2616666666667 90.48253060377453
760.3433333333334 90.51987923351223
760.4383333333334 90.56631065098347
760.515 90.6072434334272
760.63 90.65508078860215
760.755 90.70603222573952
760.87 90.7605212654008
760.9866666666667 90.8007403400401
761.0966666666667 90.85700659994647
761.2016666666667 90.90706511617009
761.3166666666667 90.9460923206868
761.4266666666666 90.9772281890942
761.5616666666666 91.03564509769127
761.6566666666666 91.06649933459238
761.77 91.11192423550551
761.8983333333333 91.1766781673084
762.0083333333333 91.21062013785514
762.1233333333333 91.23678922673069
762.2333333333333 91.27903369454144
762.3416666666667 91.32540069394021
762.4566666666667 91.37295268856793
762.56 91.4123629503523
762.6733333333333 91.44167132283128
762.7983333333333 91.49015472301379
762.8966666666666 91.53299844990845
763.005 91.5741850119399
763.115 91.62964455496257
763.2216666666667 91.68061275508288
763.3266666666667 91.72871351815125
763.4316666666666 91.77457682900236
763.5233333333333 91.80188141467664
763.6316666666667 91.83369957620123
763.7366666666667 91.86864028238607
763.8183333333334 91.91148749264558
763.9333333333333 91.92819776758863
764.005 91.95590313769847
764.1083333333333 91.99237790823162
764.22 92.04296884348383
764.3383333333334 92.09748698564293
764.4566666666667 92.13727213828305
764.565 92.16648093901132
764.675 92.22811981788371
764.7816666666666 92.27763868651033
764.8916666666667 92.3308267400423
765.01 92.3484901847291
765.0816666666667 92.38873196199197
765.1666666666666 92.43003339830734
765.2683333333333 92.47310485987947
765.3816666666667 92.51699837797558
765.4966666666667 92.55586223976917
765.6133333333333 92.59667414289835
765.7183333333334 92.63772761777923
765.8416666666667 92.6896193744938
765.96 92.75129687387835
766.0616666666666 92.79989708356418
766.1633333333333 92.84149158550778
766.2816666666666 92.88655545446755
766.385 92.93631532494162
766.5083333333333 92.97318584426526
766.6366666666667 93.0372391500844
766.7466666666667 93.07813054740207
766.8333333333334 93.12403394605592
766.9283333333333 93.14866784388664
767.0433333333333 93.18114615568449
767.1483333333333 93.21963042397704
767.2416666666667 93.262495600849
767.315 93.29153924029252
767.4133333333333 93.31669642642795
767.51 93.36749460285428
767.5866666666667 93.40374504377512
767.6783333333333 93.4444468028252
767.79 93.47849814811266
767.8933333333333 93.51152851653127
768.015 93.56433749253699
768.1116666666667 93.61673293290366
768.2366666666667 93.66182904072673
768.3516666666667 93.7049038857766
768.4433333333334 93.74522423747483
768.5583333333333 93.79729821522767
768.6583333333333 93.84006710468924
768.7666666666667 93.88951462836943
768.87 93.94338027679068
768.985 94.00929575213839
769.0916666666667 94.04525922054043
769.1983333333334 94.1016517672836
769.2966666666666 94.13451811844162
769.4033333333333 94.1596732275876
769.5066666666667 94.20134346568597
769.625 94.24998394760362
769.725 94.28013549124265
769.81 94.32078907688809
769.9133333333333 94.36578117437479
770.0083333333333 94.39574067183248
770.1416666666667 94.4535196601086
770.25 94.46486216387234
770.3433333333334 94.50974698948032
770.425 94.54105489204242
770.5183333333333 94.5778406594019
770.6233333333333 94.59241158485153
770.7483333333333 94.65675622860606
770.8233333333334 94.68266367304305
770.9166666666666 94.72613925409138
771.02 94.76389921443639
771.12 94.80903713537845
771.2366666666667 94.86398657448234
771.3383333333334 94.90176203818422
771.43 94.92498628760936
771.5333333333333 94.96477981106031
771.615 94.99073028318546
771.7016666666667 95.03359917511207
771.7966666666666 95.05372519446277
771.8866666666667 95.08843343177826
771.975 95.12522828756443
772.0766666666667 95.16717978941425
772.1666666666666 95.19775860962284
772.2583333333333 95.23813364783787
772.3583333333333 95.27902927500992
772.4416666666667 95.32604587550726
772.55 95.34657369403475
772.6333333333333 95.39202422651634
772.7233333333334 95.40912757661312
772.8316666666667 95.4375565971679
772.93 95.48029068792026
773.0433333333333 95.53362013718741
773.1633333333333 95.5869661742273
773.2633333333333 95.59379833103445
773.3816666666667 95.63896006174313
773.4733333333334 95.67552263566814
773.575 95.72027821262246
773.68 95.77056403139471
773.795 95.81632213587658
773.87 95.84520648425787
773.9766666666667 95.86805478766196
774.0633333333334 95.89596471682472
774.1633333333333 95.93923711175141
774.2633333333333 95.96740885056431
774.3416666666667 95.98877367523254
774.425 96.01647244075687
774.5333333333333 96.06998121703069
774.6383333333333 96.0898518572008
774.7383333333333 96.1348690762587
774.8366666666667 96.16919558355228
774.9383333333334 96.21255613042823
775.0633333333334 96.26822914194366
775.1616666666666 96.30054615215961
775.2683333333333 96.35602629603137
775.36 96.38721158740915
775.4383333333334 96.4249231625329
775.5383333333333 96.46948982969816
775.625 96.50922802244948
775.75 96.55483187943233
775.835 96.59671829298847
775.9316666666666 96.62710969375262
776.0283333333333 96.67008865529843
776.1316666666667 96.69542045921928
776.2466666666667 96.74066923496524
776.3416666666667 96.78695394859082
776.4266666666666 96.81525333171948
776.5183333333333 96.84786443333542
776.6183333333333 96.88905241573433
776.7316666666667 96.93625427504938
776.8233333333334 96.96509253767705
776.91 96.9916019633609
777.0083333333333 97.01268318310865
777.1116666666667 97.06712062829169
777.21 97.11313420297246
777.2983333333333 97.15252794806754
777.3916666666667 97.18057953600503
777.4883333333333 97.17036583865257
777.5916666666667 97.21209758607219
777.6966666666667 97.25606695636995
777.79 97.27038833793334
777.9033333333333 97.30516162921856
777.9933333333333 97.3416952369756
778.085 97.38743054271868
778.165 97.39733831502492
778.2666666666667 97.44338995522209
778.3483333333334 97.48724670098024
778.4633333333334 97.5300920416102
778.5616666666666 97.57604558330395
778.6666666666666 97.6074326425366
778.7516666666667 97.646649255057
778.835 97.68074010082236
778.925 97.72240696502725
779.0366666666666 97.77942873304772
779.1283333333333 97.81886021064848
779.2366666666667 97.86077802341347
779.3216666666667 97.89724876666534
779.4233333333333 97.92297468166709
779.5316666666666 97.96414626694762
779.6033333333334 98.0001328176447
779.7016666666667 98.02973551750321
779.8033333333333 98.07314562122646
779.8683333333333 98.1092420188064
779.9533333333334 98.14968206284358
780.0516666666666 98.18795133246743
780.1416666666667 98.22555011323323
780.2066666666667 98.24021166271363
780.3 98.27509003915323
780.38 98.31151606153358
780.4716666666667 98.3486313378702
780.5733333333334 98.35814742136264
780.6683333333333 98.40159103941039
780.755 98.43724630833572
780.8533333333334 98.4782976806516
780.9466666666667 98.52395023633855
781.045 98.55865930436109
781.1316666666667 98.58676338000521
781.2166666666667 98.61787632798264
781.2983333333333 98.65027009697381
781.3916666666667 98.68660838742963
781.5 98.73478412390095
781.595 98.76670700369598
781.7 98.8116367941714
781.795 98.81587559927175
781.8966666666666 98.85884435598686
781.9833333333333 98.88079730504647
782.0966666666667 98.91768549183026
782.205 98.95993173239764
782.3183333333334 98.99926812374571
782.425 99.04737087775896
782.515 99.08996489843267
782.6016666666667 99.12929617165675
782.6666666666666 99.15325428487456
782.7816666666666 99.17870077980206
782.8733333333333 99.21098050775971
782.965 99.23795003026987
783.045 99.26919762777763
783.1133333333333 99.29990571166788
783.215 99.34778346024687
783.2983333333333 99.36008609297237
783.395 99.3908440189101
783.48 99.42094249374175
783.5716666666667 99.4594817571854
783.67 99.50296058547936
783.7616666666667 99.52794188525867
783.86 99.55785593209771
783.945 99.57449694778279
784.0366666666666 99.60659840743176
784.135 99.61868924593651
784.2233333333334 99.62948113589624
784.325 99.65581523850699
784.4266666666666 99.6853712652767
784.5216666666666 99.73187525623769
784.62 99.77956806717893
784.7066666666667 99.81126072995498
784.78 99.8437423584819
784.8633333333333 99.87948324946012
784.95 99.90645457681995
785.0383333333333 99.95015551029977
785.1483333333333 99.99145037185934
785.2566666666667 100.02060283031582
785.36 100.05694739098331
785.4483333333334 100.09271493567452
785.5383333333333 100.13055849804692
785.615 100.1547722561243
785.695 100.19534496966077
785.8016666666666 100.23004756365847
785.905 100.2706652958121
785.9983333333333 100.30030865896688
786.1016666666667 100.3369681416009
786.1883333333334 100.36010053895522
786.2633333333333 100.39721106121593
786.3416666666667 100.42429983434084
786.4183333333333 100.46057539770322
786.5166666666667 100.50028308611637
786.615 100.53137671646364
786.6966666666667 100.56042289743553
786.8116666666666 100.60079720303092
786.8933333333333 100.61800000711244
786.9833333333333 100.65378795955249
787.0716666666667 100.69519552205193
787.155 100.70443525717943
787.2366666666667 100.74399689513136
787.315 100.76229871867646
787.41 100.77768670144613
787.49 100.80797080735812
787.575 100.83561247349502
787.6583333333333 100.8687386389522
787.7433333333333 100.91002019546248
787.81 100.94513576223851
787.9016666666666 100.98619881518854
787.9783333333334 101.03268713807157
788.0816666666667 101.07658378776904
788.1816666666666 101.1172413160808
788.2733333333333 101.14743345423808
788.345 101.17184495708291
788.4133333333333 101.19781363595114
788.5016666666667 101.23807869663399
788.605 101.2755327356258
788.695 101.30427550400978
788.7666666666667 101.34734511977578
788.875 101.37813004005037
788.9366666666666 101.40445796766078
789.02 101.43710075221503
789.1116666666667 101.45839314609968
789.1816666666666 101.48907355296903
789.26 101.50922423277879
789.3316666666667 101.52939818125235
789.4066666666666 101.56314822489081
789.4983333333333 101.59934732163649
789.5816666666667 101.61947414955928
789.675 101.64549039609737
789.7833333333333 101.65142108156701
789.8633333333333 101.68348213839131
789.9416666666667 101.71623231856377
790.015 101.7514145303718
790.1066666666667 101.77763228206777
790.19 101.80394871167235
790.2683333333333 101.83506418576277
790.3333333333334 101.86669521919477
790.4416666666667 101.90009476317206
790.5233333333333 101.94094392819068
790.6016666666667 101.97172836722554
790.6866666666666 102.00362602260022
790.785 102.03715701000532
790.875 102.03627644708185
790.9716666666667 102.05794385410896
791.0583333333333 102.0784090779666
791.145 102.1187268115371
791.24 102.15389418337442
791.3516666666667 102.19851053945466
791.4316666666666 102.23821734409486
791.4966666666667 102.25665762647006
791.58 102.29322284034811
791.68 102.33581304241328
791.7633333333333 102.37154818936115
791.86 102.4134981712834
791.9316666666666 102.4296672116891
792.0333333333333 102.45962870685605
792.1166666666667 102.48573200367667
792.2116666666667 102.50174572668135
792.285 102.52420427605082
792.3633333333333 102.54649821446345
792.435 102.5875046086822
792.535 102.6176694587336
792.6216666666667 102.65714464240888
792.71 102.70145348328468
792.8066666666666 102.71543241231232
792.9 102.74134012956692
792.9766666666667 102.77532486557388
793.0616666666666 102.80921207444314
793.1416666666667 102.85059717597476
793.2033333333334 102.85305005393802
793.28 102.88943252609845
793.3566666666667 102.92144656238096
793.4383333333334 102.95459652421869
793.5383333333333 102.98956232130571
793.625 103.03448233115333
793.6883333333334 103.03761018390114
793.7766666666666 103.07225591199057
793.87 103.10601915169093
793.97 103.14972390932972
794.0466666666666 103.17192074852758
794.1333333333333 103.19655082604689
794.2166666666667 103.23121715780559
794.2883333333333 103.26287118238704
794.375 103.29495367194929
794.4833333333333 103.33159610437654
794.5766666666667 103.36883467560483
794.66 103.39659484904374
794.73 103.42913714560547
794.84 103.47127576376113
794.8916666666667 103.49004902711631
794.97 103.51896473641999
795.06 103.50893632838208
795.1466666666666 103.52931478856543
795.2216666666667 103.53552629845808
795.28 103.55968946523974
795.3616666666667 103.59744969445057
795.47 103.61234625835833
795.5483333333333 103.63863150609592
795.64 103.67781286981857
795.73 103.70581111376838
795.8033333333333 103.739341977922
795.885 103.75940985547253
795.975 103.79233653569624
796.0466666666666 103.81260159202442
796.1216666666667 103.8310889004797
796.22 103.85834516189004
796.2933333333333 103.89303904252377
796.385 103.92258311102285
796.4683333333334 103.945483000863
796.54 103.95251452206006
796.6033333333334 103.97137137532143
796.6783333333333 104.00583422647071
796.7633333333333 104.04717044856534
796.8566666666667 104.07924996211632
796.945 104.13064210905162
797.0266666666666 104.16666347022809
797.095 104.2018683002474
797.1716666666666 104.22205104372983
797.2466666666667 104.25110540029875
797.345 104.26998461279219
797.4266666666666 104.29679281042061
797.5016666666667 104.32666686704896
797.5883333333334 104.35325358181572
797.675 104.38782210586966
797.7483333333333 104.41867855548806
797.8383333333334 104.4402627247697
797.9216666666666 104.47216336782485
798.03 104.50860817162359
798.105 104.52559483187967
798.1816666666666 104.54145999866905
798.28 104.57647280550601
798.3583333333333 104.60856330347073
798.4266666666666 104.64011601048
798.51 104.65167551763206
798.6016666666667 104.69081434507969
798.6933333333334 104.71897023351033
798.78 104.75527534618368
798.8466666666667 104.76541800727603
798.9366666666666 104.81048636615233
799.0066666666667 104.82479199717486
799.0833333333334 104.84066799194464
799.16 104.87606677552242
799.235 104.90206789229715
799.3116666666666 104.92885512710995
799.39 104.95518353525095
799.4666666666667 104.97840888857502
799.5483333333333 105.01408283278451
799.605 105.03203569643675
799.6566666666666 105.05150397003446
799.73 105.08362406552496
799.82 105.12119216283753
799.8816666666667 105.14399537536471
799.9783333333334 105.1711755068122
800.05 105.20247192992642
800.15 105.2269072211993
800.2483333333333 105.23096466231708
800.32 105.24359659558368
800.3833333333333 105.26627207047335
800.4716666666667 105.30545060489864
800.525 105.32724761499391
800.6033333333334 105.36562935149504
800.6766666666666 105.40377308802036
800.7483333333333 105.43422415544677
800.8116666666666 105.46231568957022
800.895 105.48484438846857
800.9566666666667 105.4997715252282
801.0216666666666 105.51614707100555
801.0983333333334 105.54666659162292
801.1683333333333 105.56928904059387
801.2516666666667 105.59674609190161
801.35 105.6293524554938
801.4116666666666 105.65556000271842
801.485 105.67171156957482
801.56 105.67474463065709
801.6316666666667 105.69662068042189
801.7016666666667 105.72877385046193
801.7816666666666 105.75448303354196
801.875 105.79300374348225
801.9616666666667 105.83271928539455
802.0266666666666 105.84396154661847
802.0933333333334 105.87287848903901
802.155 105.90387320080194
802.2366666666667 105.9467090766037
802.305 105.97784744266589
802.3816666666667 105.99894161387176
802.4416666666667 106.01755893196197
802.5133333333333 106.04116041295048
802.5866666666667 106.06500584388485
802.6566666666666 106.09515741194795
802.7283333333334 106.12388198595309
802.8033333333333 106.1408551128909
802.8733333333333 106.1693167944639
802.9466666666667 106.19612288787313
803.025 106.22220249161786
803.115 106.25319451153698
803.1816666666666 106.28345254254228
803.2633333333333 106.28511120407062
803.3366666666667 106.30177217165111
803.4083333333333 106.32808204926869
803.475 106.35621961479848
803.5566666666666 106.37116540807791
803.63 106.3841580396396
803.695 106.41625505799199
803.7683333333333 106.44613330717551
803.8533333333334 106.47313920033632
803.92 106.47888611667453
804.005 106.4988183291683
804.0966666666667 106.50707449312483
804.1766666666666 106.52628096601153
804.2483333333333 106.551609120804
804.32 106.57515990063733
804.38 106.60281046325392
804.4683333333334 106.62725393956917
804.5266666666666 106.64843695086358
804.6066666666667 106.67701375802307
804.6916666666667 106.71366489042605
804.7766666666666 106.73669155651027
804.865 106.77500461727156
804.94 106.8050026027259
805.0166666666667 106.82814927732724
805.0983333333334 106.83634840003954
805.1866666666666 106.87406263602705
805.26 106.90784760624298
805.345 106.93114493883378
805.4283333333333 106.931623717247
805.4933333333333 106.94316882259744
805.5883333333334 106.97277295716796
805.6633333333333 107.00681014738623
805.735 107.01182485796784
805.8066666666666 107.03557186731815
805.87 107.06815157554092
805.955 107.1097278401764
806.055 107.12912640613145
806.115 107.1509557611794
806.1866666666666 107.17631778543996
806.255 107.2111329108754
806.33 107.23383915739498
806.41 107.24417974953353
806.4916666666667 107.2715490672512
806.5716666666667 107.30748509688685
806.6433333333333 107.33542881711742
806.7316666666667 107.3581044987204
806.8183333333334 107.38747030505816
806.9016666666666 107.41650636791992
806.9766666666667 107.4478688935794
807.0333333333333 107.46697542454787
807.105 107.49259698079732
807.17 107.5141071614847
807.2533333333333 107.55137370360012
807.315 107.57386300430724
807.4 107.61510900493275
807.48 107.63998735660556
807.5616666666666 107.66752849261663
807.62 107.68427045537271
807.6883333333334 107.70759524756016
807.7716666666666 107.72204786648747
807.845 107.75090752186871
807.915 107.78229359696192
808.0083333333333 107.82508371595543
808.0883333333334 107.84907464628046
808.145 107.87012521944197
808.215 107.90484017204352
808.2833333333333 107.91830392829642
808.3733333333333 107.93932919407555
808.45 107.95027993585931
808.5316666666666 107.97012662906367
808.61 107.98904553978767
808.7 108.0129529114963
808.795 108.04509496460201
808.8566666666667 108.07914364501892
808.9433333333334 108.11193476957851
809.0233333333333 108.13175720889782
809.0783333333334 108.150835422385
809.155 108.17976896053128
809.2333333333333 108.18381788870816
809.325 108.20326220399262
809.395 108.2295633008243
809.4766666666667 108.26038043613113
809.5433333333333 108.28572290564239
809.61 108.31333033941559
809.6866666666666 108.33999452146196
809.75 108.36140683295889
809.815 108.3846675900902
809.8933333333333 108.41733788534845
809.9616666666667 108.44090208941228
810.0483333333333 108.4701908408818
810.125 108.49681395966887
810.195 108.53017232783321
810.2733333333333 108.55744940779256
810.35 108.57957161587595
810.41 108.58691033065905
810.475 108.60846670525632
810.5616666666666 108.64146450706241
810.6416666666667 108.66605011671687
810.7083333333334 108.67993748575994
810.7566666666667 108.69525543069545
810.8266666666667 108.71727414898798
810.8816666666667 108.74255178249757
810.9483333333334 108.76498533050726
811.0166666666667 108.79132460543244
811.08 108.81653672324225
811.1566666666666 108.85089028612649
811.2366666666667 108.87440799724303
811.2983333333333 108.90656728538156
811.3766666666667 108.94150666916536
811.4383333333334 108.95328154682595
811.52 108.98252881070718
811.605 109.01836534105644
811.675 109.05355184625489
811.7533333333333 109.08515836345863
811.815 109.11524948932905
811.8833333333333 109.14282683700374
811.9366666666666 109.16524664018422
811.995 109.17804136452378
812.0716666666667 109.20396378673009
812.1366666666667 109.22873331924359
812.2083333333334 109.24595826032129
812.2733333333333 109.26805480968368
812.34 109.29615951230967
812.4133333333333 109.32223656650123
812.4716666666667 109.34030074115326
812.5366666666666 109.36496917673077
812.61 109.40118341020168
812.6733333333333 109.42763499709434
812.7433333333333 109.44933096629921
812.825 109.48591835877698
812.8833333333333 109.49775943411223
812.965 109.53482050549931
813.03 109.5640736908754
813.0966666666667 109.59377406774959
813.1566666666666 109.62278068737177
813.24 109.6529312979688
813.325 109.65588628673291
813.3883333333333 109.6783468306061
813.4683333333334 109.68920579072737
813.5316666666666 109.71366130227116
813.605 109.74641726196072
813.6833333333333 109.77121323148769
813.7683333333333 109.79553617290055
813.8383333333334 109.82474518513814
813.895 109.83847896237434
813.9816666666667 109.87662529035714
814.0583333333333 109.90268087112341
814.1433333333333 109.93936463060533
814.2033333333334 109.95442365372995
814.2766666666666 109.9787054311094
814.3633333333333 110.01405884762681
814.43 110.04200943154791
814.505 110.07491746120078
814.6 110.09282773125184
814.6566666666666 110.10977428401631
814.72 110.13974247042898
814.7783333333333 110.17146689328389
814.8566666666667 110.20517875579421
814.925 110.23289675748302
815.0 110.25490271466859
815.0666666666667 110.27391403114554
815.1283333333333 110.29123018769931
815.2016666666667 110.31669843596613
815.2566666666667 110.33443222212424
815.345 110.36539392079457
815.4 110.37669602339854
815.4666666666667 110.40162931382608
815.5516666666666 110.44212557893334
815.6133333333333 110.47088689019415
815.6633333333333 110.48721961560169
815.7316666666667 110.50833974174238
815.8083333333333 110.50301560584457
815.87 110.52456393061881
815.93 110.54934205313316
816.01 110.58510301278042
816.0733333333334 110.60492924297547
816.1283333333333 110.63076941999294
816.1883333333334 110.65980383226724
816.2316666666667 110.68372120953562
816.31 110.68887603909434
816.3833333333333 110.71048312608991
816.4616666666667 110.72557119933006
816.5466666666666 110.74545324562928
816.6166666666667 110.77107070770671
816.6833333333333 110.7983009558965
816.7483333333333 110.83116699068188
816.8216666666667 110.85658227462892
816.8716666666667 110.87366751157825
816.9416666666667 110.90788608517447
816.9883333333333 110.92343400250046
817.055 110.9535027595991
817.1133333333333 110.97738713952536
817.185 111.00983175486638
817.245 111.03649616590633
817.305 111.05844680171796
817.3766666666667 111.08853478114615
817.4666666666667 111.10440677232056
817.5333333333333 111.13389879476203
817.605 111.15968889721762
817.67 111.14910994276309
817.75 111.18480532380082
817.8233333333334 111.21779437301191
817.89 111.23012842353097
817.955 111.25162702567435
818.03 111.2852180942156
818.1016666666667 111.3168168790728
818.1816666666666 111.343676760199
818.2483333333333 111.36822467083144
818.34 111.38428299134411
818.4033333333333 111.38864262151691
818.46 111.41843884290567
818.52 111.43889497023453
818.5833333333334 111.46070549902066
818.6483333333333 111.48597760507737
818.7083333333334 111.50241212819648
818.7633333333333 111.5230004151231
818.825 111.5550623154938
818.8966666666666 111.58094147174842
818.945 111.59992329656713
818.9983333333333 111.62324090621198
819.055 111.64497140968079
819.115 111.66434817234459
819.17 111.67723181940333
819.245 111.69285473116294
819.2983333333333 111.70601171069254
819.3833333333333 111.73238832088352
819.4566666666667 111.76439619119401
819.5466666666666 111.79471328624392
819.6133333333333 111.81125502443447
819.6716666666666 111.83863523446361
819.73 111.85827740362437
819.7866666666666 111.8865444110952
819.8433333333334 111.91028538751368
819.92 111.93205487339317
819.985 111.94855473167503
820.0466666666666 111.96911610122545
820.1033333333334 111.98110973337164
820.15 111.9948163897043
820.22 112.02337700226522
820.2916666666666 112.04987828013536
820.37 112.08069967095679
820.4316666666666 112.10392863431518
820.4883333333333 112.12208584445979
820.5616666666666 112.14794454796207
820.6366666666667 112.1627930396692
820.7366666666667 112.17343173348578
820.8066666666666 112.19918471468478
820.8733333333333 112.22812723701419
820.9383333333334 112.24316792184179
821.0016666666667 112.26305411586331
821.0516666666666 112.2826997879683
821.125 112.29122066631575
821.18 112.31391257659834
821.2566666666667 112.3505906270455
821.3433333333334 112.38485684900125
821.405 112.40888415539838
821.47 112.42562713216277
821.5383333333333 112.4442441566582
821.6083333333333 112.46709003581479
821.6833333333333 112.49455437262148
821.7483333333333 112.51691023591647
821.82 112.5379443337139
821.91 112.56518156235943
821.9866666666667 112.59355518858783
822.0616666666666 112.61691174911846
822.1366666666667 112.63364751771171
822.1933333333334 112.65781046745538
822.2366666666667 112.67693112123872
822.3033333333333 112.69887480742798
822.3716666666667 112.7065724925892
822.4416666666667 112.72957253872427
822.51 112.76997981397983
822.5816666666667 112.78503492956108
822.645 112.81269202000865
822.6833333333333 112.83187245318156
822.7483333333333 112.86129148538252
822.8233333333334 112.89535445410384
822.8783333333333 112.91359231482252
822.9333333333333 112.93174126818964
822.9833333333333 112.95088708687392
823.0533333333333 112.97344298664176
823.1066666666667 112.99403247301636
823.18 113.02899416759207
823.24 113.04610314259492
823.3066666666666 113.07475014678046
823.3616666666667 113.08655303801127
823.425 113.10196490678801
823.495 113.12798007032275
823.545 113.14365700382999
823.5966666666667 113.15910167861048
823.65 113.18115622107426
823.7083333333334 113.19419068676137
823.765 113.21523420942597
823.825 113.23368530379615
823.87 113.23774876887897
823.935 113.27203994538533
824.0016666666667 113.29020013354813
824.055 113.31053542100864
824.105 113.32034154560851
824.1683333333333 113.33207959059715
824.2483333333333 113.34866502814076
824.325 113.37552377233415
824.4083333333333 113.37687355151436
824.48 113.40332206668195
824.555 113.42437475979057
824.605 113.43918954462305
824.66 113.46038882823858
824.72 113.48060633145911
824.7883333333333 113.50915121509593
824.8766666666667 113.51651033698742
824.9333333333333 113.53738055604458
825.0083333333333 113.56863411602927
825.0716666666667 113.58968949610673
825.1383333333333 113.61782818741781
825.185 113.63468739179535
825.25 113.64464796028317
825.3183333333334 113.67418365929257
825.395 113.6862491556409
825.4566666666667 113.71609548715448
825.525 113.73249833254162
825.5633333333334 113.74732265526494
825.6216666666667 113.76598655449149
825.6783333333333 113.78971113926552
825.7416666666667 113.81663018234924
825.795 113.83496962202815
825.86 113.85559081250881
825.9166666666666 113.87014712483942
825.9666666666667 113.89204487304849
826.0333333333333 113.91367827901082
826.095 113.93110404588906
826.1633333333333 113.95686435567863
826.2366666666667 113.97842979991862
826.29 113.99766816582436
826.3416666666667 114.01437215977295
826.3983333333333 114.03039601753306
826.4666666666667 114.04823784909178
826.5266666666666 114.05595362138276
826.5833333333334 114.08349923141225
826.6383333333333 114.10448685491264
826.6883333333334 114.1291533159542
826.7316666666667 114.14355398100496
826.81 114.17292291612758
826.8616666666667 114.19613446069515
826.9183333333333 114.20830775307867
826.9716666666667 114.22645783707719
827.015 114.24019788595302
827.0716666666667 114.25259715713608
827.1466666666666 114.2794884980437
827.2183333333334 114.30133561231976
827.2883333333333 114.32675193308073
827.3516666666667 114.34050426430085
827.3966666666666 114.35849668985759
827.4416666666667 114.37681885639417
827.505 114.39425999381504
827.5516666666666 114.41918653632763
827.5983333333334 114.43498564886667
827.64 114.45014253031175
827.6933333333334 114.46825290779024
827.7466666666667 114.4782421923396
827.7866666666666 114.48933357038638
827.8566666666667 114.51183806627918
827.905 114.53086122069135
827.975 114.54273338490516
828.035 114.56378955904965
828.1 114.56877122016341
828.1633333333333 114.5950553036896
828.2133333333334 114.61201658697247
828.2833333333333 114.64027962170096
828.34 114.67001826319206
828.4183333333333 114.67748197448748
828.48 114.70328827268904
828.5266666666666 114.7205327012605
828.5916666666667 114.74997832868178
828.6616666666666 114.75713135087528
828.7166666666667 114.77906361627947
828.7816666666666 114.79923971708865
828.855 114.82257769670069
828.9183333333333 114.8378474890374
828.9933333333333 114.86025459530538
829.0483333333333 114.8790145204258
829.1066666666667 114.89556245859406
829.17 114.92519640160106
829.2316666666667 114.94524208662487
829.2983333333333 114.97789290547918
829.3616666666667 115.00109978666488
829.44 115.02234550995304
829.5083333333333 115.04192426148474
829.5533333333333 115.04906620632406
829.6066666666667 115.05248256830778
829.69 115.06257526687413
829.735 115.08294798330269
829.7983333333333 115.11118671122136
829.8566666666667 115.13103279920337
829.9266666666666 115.14404692148867
829.9983333333333 115.17483986002989
830.0633333333334 115.19375847765905
830.1166666666667 115.2150767568016
830.17 115.2316144769232
830.2416666666667 115.25830726189336
830.3083333333333 115.27952497597609
830.3616666666667 115.29858543608196
830.4183333333333 115.31417488223272
830.4833333333333 115.33866684249426
830.53 115.35883958233534
830.615 115.38965028974646
830.6633333333333 115.40427591900372
830.7266666666667 115.41022986496782
830.77 115.42462984689257
830.8233333333334 115.44550617954188
830.8766666666667 115.45994885039771
830.945 115.48844650928747
831.0133333333333 115.51383278564643
831.0766666666667 115.53250793407936
831.125 115.55218108104947
831.195 115.58639192539302
831.2566666666667 115.6055586792931
831.3033333333333 115.62530002367488
831.3666666666667 115.64570363905655
831.42 115.66144365884747
831.4733333333334 115.67207674190514
831.5216666666666 115.68249765772451
831.5783333333334 115.68821664141808
831.63 115.70450432258131
831.6916666666667 115.7135225289117
831.75 115.72312028118101
831.81 115.74527570523186
831.8666666666667 115.7685888565285
831.9233333333333 115.79424842727266
831.9866666666667 115.7974160253694
832.0683333333334 115.83308034146035
832.11 115.84732296027288
832.1816666666666 115.86944468196549
832.2383333333333 115.88840206614557
832.3083333333333 115.90889259612617
832.3666666666667 115.93295320264222
832.4033333333333 115.94628018484859
832.45 115.94245089641002
832.5083333333333 115.95995479366344
832.5683333333334 115.98358641528469
832.6133333333333 116.00348487463924
832.6616666666666 116.02358805661642
832.7233333333334 116.03460765008742
832.7766666666666 116.04813112145979
832.825 116.05785950516899
832.8883333333333 116.08204396937997
832.9266666666666 116.0958441573451
832.9616666666667 116.10468276296203
833.015 116.12603872423686
833.0766666666667 116.14565774022171
833.16 116.13420249140157
833.21 116.15109855769889
833.265 116.17298184683614
833.3266666666667 116.19309222162171
833.3916666666667 116.20443500607307
833.4466666666667 116.21549189537095
833.4933333333333 116.23182158716835
833.555 116.2542130207552
833.6016666666667 116.25998295465463
833.6466666666666 116.27392024771439
833.7016666666667 116.29363559551435
833.7583333333333 116.30126068082326
833.8233333333334 116.31746089217604
833.875 116.33751216278885
833.925 116.34985255103575
833.9583333333334 116.36632588606786
834.025 116.37092145635428
834.08 116.39068513406318
834.14 116.41152493874597
834.1883333333334 116.4239254388026
834.26 116.4409000538137
834.3266666666667 116.46673684020654
834.3883333333333 116.47786349787934
834.4633333333334 116.492859435194
834.5233333333333 116.4935077639127
834.59 116.51393791967226
834.6533333333333 116.53084950790463
834.7083333333334 116.55081904297435
834.75 116.55469028047432
834.8033333333333 116.5799130028345
834.8633333333333 116.59278616277062
834.9333333333333 116.61498179416591
834.9866666666667 116.63995006918717
835.03 116.65700662765846
835.0866666666667 116.68035967024122
835.14 116.70005099901181
835.1983333333334 116.70611034077737
835.245 116.72608937837886
835.2983333333333 116.72673736516147
835.3483333333334 116.74373143172707
835.41 116.74807101965908
835.455 116.76445465745309
835.51 116.75729960771686
835.5716666666667 116.77818048027079
835.63 116.79494080222393
835.7166666666667 116.8143786268576
835.7916666666666 116.83823669135069
835.8416666666667 116.85261723275951
835.885 116.86189689790956
835.95 116.88090552692803
835.9833333333333 116.8938693146957
836.045 116.90393717012466
836.1016666666667 116.92310729244426
836.1666666666666 116.93970117860636
836.2216666666667 116.95446310975498
836.2683333333333 116.97267776191809
836.3233333333334 117.00015890671203
836.3716666666667 117.00464524498047
836.4333333333333 117.02178880011553
836.4916666666667 117.0370998235776
836.5516666666666 117.05227916327706
836.6183333333333 117.07946874049475
836.6783333333333 117.10032311374923
836.7233333333334 117.11252007999842
836.7883333333333 117.12547755737849
836.85 117.14975148838191
836.915 117.16307617603644
836.9666666666667 117.17590427697765
837.02 117.1988148560931
837.0583333333333 117.20403679463065
837.1066666666667 117.22308094711317
837.155 117.23771625143969
837.2166666666667 117.25610736081613
837.2716666666666 117.28461393122802
837.3283333333334 117.30186162969399
837.3833333333333 117.32765809680036
837.4216666666666 117.33400748607991
837.49 117.33246814131866
837.5366666666666 117.3476861921301
837.6083333333333 117.37539450817107
837.6566666666666 117.38998880373545
837.7066666666667 117.38651233291259
837.7516666666667 117.40161226103918
837.7983333333333 117.41884988252579
837.86 117.43786934059547
837.94 117.44878356657756
837.9866666666667 117.44025507213404
838.0316666666666 117.44932767584518
838.0733333333334 117.45618138891766
838.1116666666667 117.47193404967493
838.185 117.46214866478586
838.24 117.44674806503483
838.31 117.46184931034274
838.3566666666667 117.47912593565964
838.4266666666666 117.47653318274517
838.485 117.50291343668968
838.5266666666666 117.51544191027763
838.5833333333334 117.53466318767374
838.6233333333333 117.55032221411945
838.6633333333333 117.55883685383358
838.725 117.56983947249947
838.7816666666666 117.58505179045152
838.8333333333334 117.60571441186885
838.88 117.6188587197829
838.9233333333333 117.6341238787598
838.99 117.6455298108438
839.045 117.66242838486028
839.095 117.67685574897439
839.1383333333333 117.68940985723026
839.2016666666667 117.71004100533648
839.2483333333333 117.72326848926348
839.2916666666666 117.73842685866879
839.345 117.74333014934548
839.4 117.75670285995352
839.4633333333334 117.78137689576106
839.4933333333333 117.7949888062675
839.5483333333333 117.81819132701098
839.5883333333334 117.83019755697642
839.6466666666666 117.84060917544635
839.71 117.86289493873339
839.7583333333333 117.88224478952112
839.8133333333334 117.88855475034079
839.8633333333333 117.90186344822187
839.9266666666666 117.92954217279076
839.9816666666667 117.95526159007713
840.0333333333333 117.97635181765266
840.0783333333334 117.99204380475932
840.1166666666667 118.00277177167723
840.18 118.02282227446257
840.2316666666667 118.04826831983206
840.2883333333333 118.06675284530613
840.345 118.09137109972808
840.3966666666666 118.08985849776543
840.4466666666667 118.10614827061755
840.5133333333333 118.1298618582956
840.555 118.14624214317722
840.6066666666667 118.16422157739007
840.65 118.16767818208535
840.71 118.1768117330369
840.7683333333333 118.1949437939414
840.8016666666666 118.20472180776719
840.8566666666667 118.23672297551578
840.9316666666666 118.26343784862324
840.985 118.27683821906345
841.0333333333333 118.28814690570728
841.09 118.3085094389923
841.1516666666666 118.3355151851962
841.1933333333334 118.35564789171943
841.235 118.3707276184793
841.2883333333333 118.38324565569023
841.37 118.36725805573401
841.4166666666666 118.37659433223419
841.4766666666667 118.398323724015
841.5333333333333 118.40981249477295
841.595 118.42143824801266
841.6583333333333 118.4416972887926
841.7216666666667 118.45949497812751
841.8033333333333 118.47454727835104
841.8433333333334 118.49206473246706
841.8733333333333 118.50500558825082
841.9216666666666 118.51891587248093
841.9916666666667 118.54665937076767
842.0416666666666 118.55846707038252
842.1016666666667 118.58321112404451
842.1683333333333 118.59832461530883
842.2266666666667 118.61415381267406
842.295 118.63810366433054
842.3316666666667 118.6462243034223
842.375 118.63293808352952
842.41 118.64038576819185
842.475 118.66195884019852
842.5266666666666 118.6787274794819
842.5916666666667 118.69620709970188
842.6483333333333 118.70254907041908
842.69 118.7156529011215
842.7533333333333 118.70457917628083
842.8083333333333 118.7236726519561
842.86 118.73809396425304
842.9 118.74855240309118
842.9666666666667 118.7689029561381
843.01 118.78476164614803
843.06 118.78998906685774
843.11 118.80649338926064
843.165 118.82544727400119
843.2083333333334 118.8417316961642
843.265 118.85556718731793
843.32 118.86772828672525
843.3766666666667 118.88018738970719
843.42 118.89829663022628
843.4566666666667 118.89609718334444
843.5233333333333 118.92377486975006
843.5666666666667 118.93987295205915
843.6166666666667 118.95798162043423
843.67 118.97603369722778
843.71 118.9958371067993
843.7533333333333 119.00200958820938
843.8 119.006235719956
843.8466666666667 119.00081994451968
843.8866666666667 119.01225574389791
843.945 119.03605032564099
843.99 119.05312249843648
844.0433333333333 119.07458187611026
844.1133333333333 119.10383436798953
844.1533333333333 119.12329924463597
844.1933333333334 119.13658197280338
844.245 119.14319175640367
844.3016666666666 119.15478911975178
844.3616666666667 119.16938827732936
844.4133333333333 119.19182147305935
844.4816666666667 119.19721595339638
844.5233333333333 119.21414685447061
844.585 119.247947137442
844.6333333333333 119.26128589254546
844.6716666666666 119.27692780416321
844.7283333333334 119.28916284044486
844.7833333333333 119.29593002455253
844.8216666666667 119.31094543274585
844.89 119.31149688447742
844.935 119.3238215906544
844.9883333333333 119.3338838033644
845.075 119.35656394711657
845.135 119.37441319594605
845.1766666666666 119.38903505644224
845.2183333333334 119.40875770331625
845.2583333333333 119.42046310789337
845.3 119.43827905731737
845.3583333333333 119.43625201076732
845.4083333333333 119.45694426491384
845.46 119.47448257533661
845.5033333333333 119.47977101456003
845.55 119.49813320605848
845.5833333333334 119.50713918457895
845.6266666666667 119.5179687898923
845.68 119.53167209735942
845.72 119.54122765186155
845.7933333333333 119.55725483715274
845.835 119.56194854928346
845.8816666666667 119.58247200114823
845.9233333333333 119.5955375835795
845.97 119.60788369949445
846.01 119.62582132862272
846.0583333333333 119.63923900517948
846.1033333333334 119.65717301515551
846.1533333333333 119.66299292324163
846.1983333333334 119.67055081253362
846.2616666666667 119.67023358058154
846.3033333333333 119.68856912080562
846.3483333333334 119.70884404584955
846.3966666666666 119.71892229781031
846.4333333333333 119.73138643250829
846.4866666666667 119.75814451434225
846.5516666666666 119.78198335496712
846.5866666666667 119.79504961422944
846.6466666666666 119.79989641421642
846.69 119.81659844154947
846.72 119.8273031114011
846.7666666666667 119.84822993792737
846.7983333333333 119.8663599081005
846.8483333333334 119.88487241911356
846.9183333333333 119.90652312406421
846.975 119.91971872840521
847.015 119.93290322979992
847.05 119.94558101075124
847.1116666666667 119.95796090518449
847.1583333333333 119.97775223880475
847.21 119.99807691836921
847.24 119.99398593722033
847.29 120.01702397329171
847.33 120.02839577778383
847.3866666666667 120.04626468573358
847.435 120.06454486326106
847.4833333333333 120.07913245984659
847.5183333333333 120.0918249003739
847.5683333333334 120.10869589086066
847.62 120.1278906701581
847.665 120.14249792647624
847.7233333333334 120.15478382354027
847.7733333333333 120.17368602809101
847.81 120.19234959639694
847.86 120.2069184312251
847.9133333333333 120.22442490107215
847.955 120.24120017156274
848.0183333333333 120.25466021209641
848.0716666666667 120.2742547589408
848.125 120.28487072449586
848.1616666666666 120.29927426854292
848.2166666666667 120.31989798855179
848.2633333333333 120.34069883133574
848.3066666666666 120.35815759247063
848.355 120.37209550928107
848.4033333333333 120.38508325094841
848.445 120.39720145639137
848.48 120.41371199630001
848.515 120.42907336347533
848.5566666666666 120.43879203396166
848.5983333333334 120.45028344449285
848.6433333333333 120.46488743224029
848.7133333333334 120.47606384182812
848.7616666666667 120.49256807852986
848.81 120.50956320851822
848.8533333333334 120.52584489519967
848.8933333333333 120.53451610019458
848.9466666666667 120.55060307629734
848.985 120.56132532286635
849.035 120.57873981687807
849.0683333333334 120.58117610392837
849.105 120.59567226320496
849.1583333333333 120.61398268271606
849.215 120.63379693631516
849.2716666666666 120.65070320638794
849.335 120.66871040629603
849.3766666666667 120.68157077517462
849.415 120.69340331741645
849.465 120.69053726221071
849.5133333333333 120.70560423489765
849.5583333333333 120.72037502205112
849.605 120.73970253378374
849.64 120.74956658189792
849.6983333333334 120.7531070075445
849.75 120.768425181701
849.79 120.78135670242384
849.8316666666667 120.79773791907762
849.8816666666667 120.81138183351383
849.92 120.81719631275502
849.965 120.83310048142128
849.9916666666667 120.84273474834134
850.0566666666666 120.87006553924473
850.0966666666667 120.88368554637293
850.1516666666666 120.89908869231925
850.2 120.91070671504062
850.2583333333333 120.92585897774194
850.3166666666667 120.92551987822323
850.3683333333333 120.94374027238455
850.4166666666666 120.95882819822342
850.4533333333334 120.9693782451186
850.4916666666667 120.97752904891135
850.5383333333333 120.99187405166151
850.6016666666667 121.01167729034778
850.6433333333333 121.02698876243977
850.6866666666666 121.04262617417382
850.7283333333334 121.05335347634393
850.7666666666667 121.06592068293571
850.795 121.07625175717139
850.8316666666667 121.08754540955512
850.89 121.10450749756203
850.9233333333333 121.11959950614826
850.9633333333334 121.13557846274874
851.01 121.14349402082065
851.045 121.15685955003421
851.0966666666667 121.16907152974811
851.1466666666666 121.18664183462687
851.185 121.20459988543742
851.225 121.21304403848262
851.2733333333333 121.22413445148374
851.3233333333334 121.24021929009946
851.3666666666667 121.2521574999233
851.395 121.25887665216474
851.45 121.26678669745709
851.4933333333333 121.28705979484522
851.52 121.29506896927192
851.5733333333334 121.31376538412707
851.6333333333333 121.33081843205052
851.67 121.33007078541847
851.7133333333334 121.34078924299287
851.7566666666667 121.35659504461883
851.805 121.36975737393702
851.8666666666667 121.39305036402773
851.915 121.41159637595416
851.9583333333334 121.42187632646734
852.0133333333333 121.42648176164275
852.0566666666666 121.44651311641586
852.0916666666667 121.45983183122584
852.1483333333333 121.48270003544565
852.2016666666667 121.49057960232568
852.24 121.50383135958482
852.2866666666666 121.52001074133094
852.335 121.51075761165735
852.3716666666667 121.52280932345724
852.41 121.53114112758483
852.4483333333334 121.54551761367235
