499.835 15.338574406738026
501.96625 15.02097360351508
503.6975 14.940968322636333
505.17125 14.961257382505707
506.20375 15.032121999313759
507.1725 15.164025796203815
508.28875 15.07794926805905
509.12125 15.21169922063192
510.05875 15.102828136135207
510.72125 15.13869292464952
511.53625 15.133901666856348
512.23 15.194511887170382
513.015 15.32672210595407
513.785 15.309122657607858
514.66 15.466201998400232
515.33875 15.670863677474742
515.965 15.779813945677583
516.60875 15.929622234006295
517.1725 16.08216523974611
517.8275 16.14841192686451
518.5075 16.273628436156987
519.235 16.46826583841345
519.87 16.55681914877995
520.4675 16.651517499729717
521.1525 16.80594518293645
521.82625 16.94963638709007
522.45875 17.068244040638398
523.03 17.143481960125442
523.59875 17.228065946525223
524.1325 17.28636650177074
524.745 17.45804841091631
525.2825 17.6157056374811
525.9 17.743690376729152
526.57625 17.887401568033017
527.16375 18.00943810237994
527.68375 18.147393636752877
528.26625 18.302980899973118
528.8175 18.451755413708167
529.27 18.51602424772737
529.835 18.608280687308888
530.39125 18.791609275457258
530.84625 18.88301674360255
531.3875 18.981180159576844
531.86375 19.12092304414395
532.36125 19.204928665418265
532.8175 19.252077728678742
533.35875 19.352731298149433
533.855 19.489388659932924
534.305 19.535006926528695
534.77625 19.612164137728563
535.2425 19.73215373733674
535.78125 19.853616951832418
536.1875 19.948051275428107
536.7425 19.98162344115665
537.15 20.011511080366933
537.59 20.11629268874919
538.01 20.1517372860147
538.62875 20.28398934423765
539.05875 20.38724719641692
539.51 20.444800986050193
539.96 20.589580217112168
540.3875 20.556886333286233
540.88875 20.60387154980955
541.36125 20.687090009322645
541.77625 20.778314630549485
542.26875 20.94910749455748
542.73125 21.08369455664017
543.18625 21.171250275675597
543.60875 21.254066495985413
544.05625 21.348484329489455
544.495 21.410347468535022
544.91875 21.486198345372134
545.32375 21.559741742829896
545.69 21.57430678820852
546.1275 21.679973946892172
546.59625 21.80498928880397
546.9925 21.866243607713937
547.3925 21.980670624468598
547.7975 22.06876257523293
548.2075 22.065313079619493
548.6525 22.183199987876584
549.11875 22.236180159204256
549.48375 22.289925682270688
549.86875 22.357579254587353
550.24625 22.462888006877275
550.69125 22.58186992920149
551.09625 22.644766895956675
551.50125 22.692260173398804
551.885 22.735388656711255
552.25875 22.811340271753938
552.64125 22.88557920628203
553.03375 22.96370561684398
553.39625 22.971424506706885
553.78 23.02116564347864
554.1375 23.093618984413155
554.5475 23.16864749037297
555.02375 23.278865262236724
555.35 23.284817551583092
555.75875 23.314695305944078
556.14 23.330630035906452
556.55375 23.37857583767128
556.9225 23.45461879200656
557.29 23.483723226326642
557.65375 23.51057836498967
558.055 23.608073861272526
558.47 23.65588935924245
558.86 23.755648034033825
559.2425 23.791095267295326
559.63125 23.885841836489575
560.04375 24.005408984500605
560.38375 24.023330044365753
560.755 24.061612092097807
561.14625 24.202832113006174
561.49875 24.22903849351847
561.8325 24.218383645135752
562.1725 24.24747757935248
562.575 24.31421088713001
562.985 24.473423556497348
563.3475 24.527918118116155
563.71 24.624710566077297
564.08875 24.708835091966638
564.4825 24.764769553011533
564.81875 24.8000948449375
565.18125 24.934123939057063
565.525 24.99089947001507
565.885 25.038129121149595
566.23875 25.074092926916332
566.61875 25.183151855143105
566.9525 25.227778236369314
567.3025 25.342233124266205
567.615 25.3567640256464
567.94375 25.41087812032586
568.31 25.490068251661125
568.71375 25.623915435395503
569.04625 25.648468099133915
569.4125 25.72269260582211
569.72375 25.793197693317474
570.09375 25.893591070198013
570.44375 25.958845564012822
570.7925 26.00682386142528
571.10875 26.055720084540066
571.44625 26.11138384681085
571.7725 26.15264221103238
572.1225 26.211472590627412
572.47125 26.266358244087797
572.79125 26.34255276249925
573.1025 26.332322966099817
573.41125 26.40248070109066
573.75875 26.470103539923475
574.10125 26.527261787827815
574.40625 26.558245168318738
574.71625 26.613785956552217
575.03125 26.694259735306765
575.39 26.732118466315395
575.71375 26.76087613573106
576.07375 26.827886243382288
576.4025 26.898045929835757
576.7 26.94643088930498
577.00625 26.988918338437514
577.4125 27.07108047340365
577.7525 27.072724452141447
578.08125 27.174993077247237
578.39 27.16722239143306
578.72125 27.209400724698924
579.0 27.25974811575059
579.32625 27.301263884656052
579.665 27.366245892848255
579.9675 27.44267332365663
580.25875 27.50154026292967
580.575 27.54692208115419
580.89 27.596600614148524
581.21375 27.645630976297078
581.55375 27.690803286846688
581.85375 27.731771939530518
582.21625 27.777850838104435
582.5675 27.887633350059193
582.83375 27.935041957171556
583.20625 28.000692123351765
583.53 28.06458847743914
583.8475 28.12642197768114
584.15875 28.20590389804733
584.485 28.315534373530248
584.79375 28.379842851711803
585.1225 28.414154905587978
585.43875 28.463423134052835
585.75 28.514976413278205
586.09 28.531025643680444
586.3675 28.608574009964276
586.67375 28.659579992459438
586.96875 28.71320835181639
587.2725 28.78652590783233
587.535 28.835362363828843
587.8675 28.927987820606987
588.1625 28.977589955853176
588.4375 28.979144781900708
588.73625 29.08094414867274
589.04625 29.139586567402553
589.3425 29.224694989795157
589.5975 29.262447903783666
589.87375 29.303176553620705
590.205 29.334341726134447
590.49375 29.37274942780619
590.81125 29.433842125440087
591.12125 29.517081852528417
591.3975 29.566953676141715
591.70875 29.6689101371015
592.005 29.74564639319821
592.3025 29.802831320083786
592.64125 29.838112199199447
592.94125 29.93698510678899
593.27375 29.979739690787994
593.6175 30.03920998329559
593.92375 30.072219054903602
594.23875 30.163953297531638
594.54375 30.252224418881294
594.8275 30.274798893800714
595.12375 30.32458427500391
595.42 30.395615914693035
595.7125 30.42625576784081
595.98125 30.478756399779385
596.29375 30.53396247653003
596.5675 30.57767464152734
596.9 30.51776806566368
597.21875 30.609427792343954
597.5525 30.668476291585776
597.8325 30.69881863495693
598.165 30.738149216756533
598.48625 30.8114669247517
598.77125 30.84819179642277
599.045 30.874253017266966
599.34625 30.957864067503557
599.6275 31.02881286457363
599.91375 31.075849891766723
600.17375 31.112232718311898
600.48875 31.171653202737577
600.74625 31.251843274798837
601.0625 31.309526534503338
601.345 31.36946810852498
601.62625 31.43965849202431
601.9375 31.510311302778295
602.2125 31.574452113739973
602.485 31.62732417614836
602.7675 31.68763286118787
603.07625 31.759624968821655
603.34625 31.86354449480181
603.64125 31.931090517151425
603.91125 32.00662280398614
604.21 32.04999848679801
604.47875 32.102418211191775
604.78875 32.15282068941008
605.06 32.24552088308199
605.31 32.28466004300828
605.635 32.379620516321296
605.9225 32.43866253846026
606.23125 32.50651650756842
606.495 32.55975502148048
606.77 32.65336740680438
607.09 32.751262670439665
607.38375 32.80688724568272
607.67375 32.85474248212819
607.94875 32.92668114693144
608.24625 33.02307928774292
608.52 33.10161243704627
608.80625 33.14161536911105
609.09 33.18864651989107
609.3625 33.241462622703864
609.6525 33.27962831562323
609.9475 33.34992527194859
610.21625 33.398672504964445
610.50125 33.45005427650867
610.7975 33.529565811077106
611.07875 33.61692535800464
611.3325 33.66680503034389
611.63625 33.74644372400627
611.885 33.78321931646288
612.18625 33.87518961610268
612.4525 33.91829605477069
612.74 33.97407389644932
612.99875 34.0332054364241
613.225 34.091563008102504
613.4625 34.129783861504954
613.7325 34.19631088798811
613.97875 34.26570401329745
614.23875 34.322285362839125
614.54125 34.37758093621894
614.87625 34.470003806070125
615.14125 34.53863699169462
615.39875 34.60291100832866
615.6675 34.665025945175984
615.9425 34.72375076707825
616.19875 34.80184203024854
616.48125 34.89648053715225
616.75 34.95518317844721
617.02625 35.01975928476599
617.33 35.110141020837965
617.5975 35.14754160465655
617.8625 35.2270105400598
618.09375 35.28017608329195
618.37 35.3489750565265
618.64125 35.45301388710976
618.91375 35.514721317015585
619.225 35.582432630300396
619.50625 35.65622903889443
619.76625 35.7055348294816
620.0775 35.79896578379026
620.31375 35.872745619555744
620.58375 35.92152461757523
620.8125 35.96803397581117
621.09375 36.07532740664831
621.32625 36.127812478485325
621.6025 36.1956440688925
621.85 36.29192582172812
622.075 36.36034196875909
622.34625 36.40601747751622
622.6325 36.47774288394753
622.9025 36.54736832405675
623.16 36.583703464780584
623.415 36.66965509117357
623.65375 36.7472013484862
623.925 36.80734098570617
624.2075 36.88692519461186
624.4325 36.92525947416002
624.64125 36.972066693410284
624.9175 37.05377067386582
625.1825 37.1388720011378
625.43125 37.2186015833115
625.7125 37.265879514241526
625.99125 37.339710643310546
626.27625 37.42138942397149
626.495 37.47813680565013
626.7575 37.55704805456918
627.0225 37.62594361994945
627.28375 37.68336211995064
627.50625 37.73585767715892
627.76375 37.79117823484699
628.06 37.86315389701159
628.30875 37.933951208057934
628.56 37.981108537761216
628.8425 38.033878498544595
629.09625 38.07310648915671
629.365 38.12878217354371
629.60125 38.173338249737995
629.8825 38.263544233011
630.13 38.301786950539345
630.4025 38.36532113879149
630.6775 38.42572920037727
630.9225 38.47039716551662
631.16125 38.54649840272639
631.4075 38.62714737581579
631.67 38.67354591891501
631.9325 38.7279002344655
632.175 38.79395040770262
632.44 38.891381750563774
632.68875 38.94882073610726
632.9425 39.01425167220211
633.17625 39.02876171798242
633.43625 39.06957224339165
633.69125 39.16872041899728
633.96625 39.214950929562704
634.22625 39.26467501862073
634.465 39.33666217714781
634.71 39.40811654420898
635.00375 39.435360661792586
635.2175 39.4826391245608
635.4575 39.54222652238914
635.725 39.64775284151338
635.9925 39.737246440755904
636.25625 39.80953509893702
636.5025 39.87973150588187
636.75 39.912325692418904
637.00125 39.93068146915021
637.2725 39.97534589092223
637.51375 40.0455599227231
637.79375 40.07300860255656
638.06 40.157062106761586
638.30625 40.202895442243054
638.53125 40.26587512164164
638.77375 40.33374610398814
639.00625 40.387840782112974
639.265 40.46883904520965
639.48875 40.540094320275976
639.71625 40.59107389608638
639.95875 40.64082484697873
640.18 40.71824000170003
640.44 40.78855271446481
640.66875 40.8785131760789
640.92 40.92511063944803
641.11125 40.970502816829445
641.3775 41.041296016614794
641.62125 41.072271215090566
641.84875 41.11662187218484
642.085 41.18568441523026
642.3425 41.25748925072988
642.61 41.363590066978404
642.8575 41.428856264858034
643.11625 41.50133355442923
643.36375 41.56390722631112
643.57625 41.64612449609723
643.80875 41.72593306686352
644.06125 41.81349014834188
644.27875 41.878524472006404
644.53125 41.95741357769998
644.78 42.038501930441015
644.995 42.09530845286892
645.23875 42.134170917274574
645.445 42.18719206071266
645.69 42.276950880114875
645.92 42.33886304750277
646.16125 42.41360502009943
646.4 42.449469334828166
646.61375 42.51789947371658
646.855 42.55828926285958
647.1 42.635780304842065
647.32375 42.70771443226081
647.5675 42.76182480701721
647.8025 42.84373321262392
648.02375 42.92043091786497
648.29125 43.00608477409907
648.52 43.07314964424294
648.72 43.1045136716979
648.99 43.16414982120268
649.22875 43.24241328048653
649.4825 43.31324555260635
649.71625 43.367345367716474
649.94875 43.42531889738028
650.17125 43.483162318235216
650.39 43.55645021629179
650.59875 43.62122490847369
650.82125 43.70124766235582
651.065 43.7489798915579
651.29375 43.824573043448424
651.515 43.895253349117695
651.735 43.97131588633629
651.95625 44.03848966134124
652.1775 44.10444985340016
652.46 44.140586643547735
652.7375 44.19210643983246
652.97375 44.276473081346
653.17 44.30905907255163
653.4 44.38516140774406
653.63875 44.442487180298116
653.8725 44.52433901481169
654.07375 44.57217921402722
654.29375 44.632499772951014
654.495 44.70271682027722
654.7775 44.791722077950816
654.9925 44.85825199687646
655.22375 44.937683854703536
655.45125 44.988304678936906
655.655 45.055559916054584
655.86 45.0833509809285
656.08 45.16174353198247
656.315 45.22529639806541
656.53125 45.28072938905696
656.77 45.35028015224777
656.99625 45.438001726954006
657.225 45.50362732931479
657.43625 45.57111853458411
657.63375 45.640123652837595
657.86 45.699162101410195
658.095 45.749669565273
658.32 45.827478626328066
658.56125 45.89566170283877
658.7925 45.97530973393669
658.98625 46.039092720324525
659.23375 46.128015925834795
659.4675 46.20283889169653
659.66875 46.27897690168104
659.85625 46.328376660989875
660.09875 46.387862536183384
660.31125 46.449152609710765
660.54375 46.52694414639758
660.7575 46.60583465114012
660.96375 46.64686321981157
661.18375 46.7272327319517
661.38875 46.79203448827524
661.61625 46.85486323422973
661.84375 46.94605149132121
662.0625 46.99174261071821
662.27375 47.047004013760954
662.5175 47.09272076644629
662.7325 47.15796099659843
662.9525 47.242645758073046
663.175 47.30503760942413
663.43 47.34926124741382
663.6375 47.40493253117603
663.86875 47.493379009601895
664.095 47.548812676908426
664.33125 47.614077739006596
664.5675 47.63666664199911
664.8025 47.71062642212935
665.01375 47.7866143556642
665.23 47.85754936568642
665.4525 47.92362241872128
665.68125 47.973158415388276
665.87625 48.02863075971785
666.06875 48.07179677830207
666.27875 48.132623918649195
666.495 48.21273752936146
666.72 48.300054027131054
666.935 48.37047553652476
667.1425 48.41841201472362
667.3625 48.48824580479817
667.5975 48.57738874333821
667.81125 48.63789859679787
668.03375 48.688919422499644
668.24375 48.75603321031675
668.46 48.80982379217611
668.69 48.891864538208466
668.90625 48.964879354495
669.12125 49.02699364707248
669.34125 49.11884184524075
669.53375 49.179743491603084
669.78 49.26436665864936
669.98125 49.32879545472161
670.1775 49.382428799043616
670.40125 49.43678026015262
670.625 49.4949397547533
670.91 49.568520229548774
671.12125 49.65373515866158
671.31125 49.72632862111546
671.52125 49.7874033300637
671.71 49.87153358708662
671.90375 49.930910824430114
672.14625 50.02659979247034
672.355 50.10458623671528
672.54125 50.17517048405393
672.76875 50.240376119992824
672.9725 50.28481328202889
673.20625 50.370131512864596
673.40125 50.432499885921075
673.60125 50.50988823437754
673.79875 50.57183144901552
674.03125 50.63934441163857
674.22 50.70157702074452
674.43 50.75916879264917
674.6175 50.8148490094166
674.84625 50.90465809931113
675.07375 50.98978582776114
675.2975 51.078667578569494
675.51625 51.150515197245895
675.72 51.2242521175884
675.9175 51.30790699688015
676.14375 51.393065143738795
676.34875 51.466159565417534
676.5575 51.523635838929145
676.7575 51.57925181477735
676.97125 51.656930527538215
677.19125 51.72072568389856
677.38875 51.77771033511363
677.59125 51.839640805913284
677.80625 51.90630059047495
678.03375 51.93063739077602
678.2475 51.98836149479653
678.475 52.073519559360705
678.67 52.13915721071165
678.85125 52.201871783582995
679.03625 52.25589233562321
679.23875 52.300295406067775
679.43 52.356677005266405
679.635 52.428166722023484
679.8225 52.46650752398812
680.02375 52.54521324755986
680.235 52.59943584120947
680.435 52.67175397766676
680.61875 52.7361809331294
680.85125 52.806744965295735
681.045 52.876439671562835
681.235 52.92921359764455
681.4525 53.012433837985434
681.68 53.076822025205786
681.8975 53.16041319123965
682.06125 53.204354874949665
682.2625 53.27575881060783
682.4875 53.352792751344886
682.67875 53.424533450517934
682.9025 53.49535199067073
683.08875 53.52917512136691
683.28375 53.573882975838906
683.48125 53.6457778887968
683.6975 53.71272954704721
683.90125 53.766230180497885
684.1125 53.82898190441729
684.315 53.89721153978844
684.49 53.97586629854446
684.69 54.02874495675432
684.86875 54.08651136676572
685.03375 54.15575840710118
685.2575 54.21801531992427
685.46375 54.30204486050726
685.64 54.36397890840446
685.83875 54.45141360876218
686.04625 54.53080433768281
686.2375 54.61182709196705
686.42375 54.69214499672625
686.5925 54.751265465627434
686.8 54.806543372991726
687.0175 54.87913394842026
687.21625 54.93484123864283
687.41875 55.005230366275754
687.605 55.072522217338296
687.815 55.13041336773764
688.02125 55.21081044891055
688.23125 55.29936978674365
688.4125 55.3736186356012
688.62125 55.438904558177946
688.82625 55.48905166341942
688.9975 55.558603670379
689.205 55.62884760497306
689.4075 55.70424263069037
689.60125 55.76407255727223
689.79 55.81029821398032
689.98125 55.87356904731539
690.165 55.95320568594051
690.38 56.026795841948676
690.5925 56.104599645454414
690.775 56.16406660821899
690.97625 56.21154559572552
691.16875 56.28463576960547
691.38625 56.35074372921838
691.5775 56.42899771818873
691.7775 56.49329481627886
691.97375 56.564564865607686
692.16875 56.60733841022619
692.325 56.660324438330115
692.52875 56.686403651017656
692.735 56.75990559897458
692.89875 56.806841753657025
693.09875 56.892815794692496
693.27 56.94403286208529
693.47625 56.96923558545868
693.63375 57.0340750611869
693.8 57.07913396695884
693.9675 57.14370654540338
694.13125 57.19872061932942
694.29875 57.259915043387664
694.50125 57.34045175700243
694.68 57.42274649273107
694.875 57.44777788548461
695.04125 57.51386227580135
695.235 57.58669602824345
695.42375 57.65213696870931
695.63875 57.72858031052149
695.85 57.814536673863444
696.05375 57.88753812155707
696.235 57.93868214423554
696.42375 57.99578497426327
696.5975 58.04327498482236
696.765 58.087843150717646
696.9675 58.162294567758664
697.1675 58.236167952761754
697.34375 58.29881238365135
697.5275 58.37052459441142
697.7075 58.437750273871224
697.89 58.5029584310185
698.1025 58.572715042366724
698.3275 58.64451566661809
698.51875 58.69950330324418
698.6925 58.77344929198127
698.8925 58.8455771165746
699.07875 58.917371115924006
699.2575 58.9840452218939
699.44375 59.03497477127678
699.66 59.09060013047526
699.83625 59.173675234333935
700.02625 59.250876735537915
700.21375 59.319466111574215
700.395 59.36555661020579
700.575 59.418832216962564
700.7675 59.50001056993419
700.95875 59.578742699595324
701.16375 59.661052936437144
701.35125 59.71415325164291
701.51875 59.7671924642302
701.6825 59.837842566420726
701.84875 59.87154270159846
702.015 59.944256750724236
702.17375 60.010020531096984
702.36625 60.079314376559324
702.56375 60.13125764625379
702.73875 60.19306026501385
702.90875 60.262944265127636
703.08875 60.33988731294312
703.29375 60.39850938439901
703.47 60.48284316975654
703.65375 60.54755460709074
703.83 60.60637355628987
703.99625 60.665943343771836
704.13625 60.73570793784236
704.32125 60.82147740378787
704.52625 60.860716759606994
704.7075 60.912230451060935
704.9 60.979735652101915
705.08 61.05012282437351
705.2725 61.12615030872181
705.43875 61.17903923722558
705.6225 61.2463377362895
705.80375 61.29777326458519
705.99125 61.34713124162345
706.18125 61.41398860139595
706.35875 61.46906218126564
706.5375 61.521274188057376
706.71625 61.55509339478782
706.905 61.618438920657326
707.09625 61.67502936762061
707.275 61.71193019108917
707.44625 61.78082792672531
707.645 61.86072996975135
707.8475 61.920771726570244
708.02375 61.95410458380445
708.18875 62.01421471704054
708.35875 62.06716494768633
708.5525 62.125411082162344
708.74 62.17750761381752
708.93625 62.23894917517922
709.1225 62.29790349381475
709.2775 62.34702826652674
709.4225 62.398786080984586
709.6225 62.4748860181331
709.805 62.53837450203425
709.97625 62.594414781910565
710.16125 62.65212973345494
710.3575 62.695139719363716
710.545 62.741382486724305
710.725 62.81085399215662
710.89 62.87570749694633
711.0625 62.91342239257401
711.255 62.95507645984622
711.4375 63.00824265167666
711.605 63.06721269126937
711.80375 63.08456478275643
711.965 63.14771030406259
712.12875 63.2151078521856
712.29 63.28184288995886
712.46 63.33970553982978
712.6625 63.34318465749233
712.84375 63.410037667815594
713.025 63.49753377884039
713.195 63.54104031848981
713.35875 63.6094942452396
713.53375 63.65271751068931
713.6925 63.705108663570286
713.875 63.774099717231834
714.0575 63.837886779604496
714.20625 63.8869363542613
714.3575 63.9492304397974
714.515 64.01270817978751
714.6875 64.06164774762023
714.85125 64.13234613448502
715.02 64.19625026576891
715.19625 64.24193738584135
715.3625 64.30118114094148
715.55625 64.37320267367132
715.7375 64.42407679461589
715.90875 64.47293131250927
716.06375 64.53177607653451
716.22875 64.59186527545243
716.38375 64.63916586050152
716.55 64.69377176460983
716.73625 64.74557260850351
716.92 64.82467816058386
717.075 64.87636745238814
717.25625 64.91666429019357
717.4425 64.99076043891189
717.605 65.05493182837098
717.7725 65.12005467327877
717.94 65.18489271140396
718.10625 65.22419186884339
718.27875 65.29878224086704
718.43 65.36907904827423
718.60125 65.43222806097761
718.75625 65.48331403081289
718.915 65.54470161567109
719.07375 65.5992750878587
719.23375 65.65140321705213
719.41375 65.71737614852951
719.58125 65.79250881527301
719.75375 65.85852102748292
719.90375 65.92544798332622
720.07125 65.981669039583
720.23875 66.04979157534439
720.38875 66.10406422885029
720.525 66.1453012397336
720.665 66.17820425486022
720.835 66.23765589771072
721.025 66.28143337702589
721.18625 66.34958096744614
721.38 66.38580001064841
721.53875 66.45642609371153
721.71625 66.48602277899252
721.91 66.55692435971847
722.0725 66.60110267365462
722.2425 66.6511001799219
722.45375 66.72282428103253
722.615 66.77797839106464
722.77375 66.82647142069288
722.955 66.87966123088498
723.14875 66.95792206749694
723.32125 67.02236974320584
723.4725 67.06236608509397
723.62875 67.14202102388239
723.7825 67.18584386438643
723.945 67.24452958009343
724.1225 67.31548270282549
724.29375 67.37615968987636
724.4575 67.4361381950979
724.61875 67.49147926334052
724.81 67.56939713573458
724.975 67.63449494254135
725.13875 67.68299811422116
725.30875 67.73857147903271
725.49 67.81381342775612
725.64875 67.87635356037707
725.80625 67.92030381649977
725.97 67.96735283438764
726.145 68.02742931291506
726.33 68.0906125276678
726.47 68.1303807855385
726.64 68.1879930999861
726.80375 68.24824183874708
726.9475 68.28659141411805
727.12125 68.31947736313171
727.2825 68.36752036640874
727.4675 68.4412097550951
727.635 68.49327292183105
727.805 68.54973236460572
727.94125 68.59129869201941
728.11375 68.62878914356308
728.2625 68.68076443229049
728.42875 68.73059574838132
728.5775 68.77280434169656
728.71 68.82182760537302
728.865 68.87077213207056
729.03125 68.9313403724636
729.1975 68.99094637778663
729.365 69.05051949698498
729.5025 69.09589566136734
729.66 69.14910627494243
729.81375 69.17776749311632
729.97375 69.23241271001294
730.13 69.26534277426948
730.27875 69.32570674329128
730.4575 69.3964554482863
730.615 69.45611538918796
730.7625 69.51389300276978
730.93375 69.5819942826299
731.08 69.63682725136924
731.23 69.68911547738298
731.3925 69.75383818240019
731.55625 69.79865077851149
731.71625 69.83822347224832
731.88125 69.89840400209461
732.035 69.96125353540562
732.1825 70.01163281671182
732.3375 70.05980705408447
732.4925 70.11181803044633
732.6375 70.17090592830137
732.78625 70.20672539936345
732.955 70.26627684798446
733.12 70.30812286055725
733.24875 70.35036133604885
733.41875 70.40176780148695
733.58 70.45534788116738
733.7325 70.50769541433614
733.88 70.56608651262397
734.0575 70.62225975722184
734.2025 70.66529185598377
734.35375 70.72036710766072
734.495 70.79060044518077
734.6425 70.83593265740421
734.8075 70.90121064437858
734.9425 70.93033966580434
735.09125 70.976263362399
735.2525 71.01892954834463
735.415 71.08152716691224
735.555 71.12872904192018
735.7 71.17539899275057
735.85875 71.21902122795802
735.98375 71.2587766699873
736.13625 71.31962069660693
736.3125 71.38686818972675
736.46875 71.4145052695257
736.6525 71.4770799623903
736.82 71.51601761822288
736.975 71.54351800625176
737.12875 71.59416406976591
737.285 71.64918549591326
737.4325 71.68480545356971
737.56125 71.74107767674163
737.71875 71.79000211688552
737.87125 71.81738539165232
738.00125 71.86791700965483
738.15875 71.92109811369576
738.285 71.96572174572405
738.40625 72.00598786766625
738.52875 72.0350295362462
738.67625 72.08180192426043
738.84125 72.09586198306637
739.00125 72.13265660311758
739.14375 72.17816633551291
739.28875 72.23647284058143
739.42375 72.27808684681196
739.56875 72.31609291890915
739.74125 72.32357965182977
739.8875 72.38106532112731
740.0525 72.43050093421958
740.21375 72.49173660343793
740.345 72.53930599090431
740.475 72.57648419131323
740.66625 72.65676925507859
740.8175 72.72406879071632
740.94625 72.75339979970362
741.0975 72.8195808690728
741.2475 72.87166179397704
741.38875 72.93412683379958
741.5175 72.98424877644372
741.685 73.05531893387821
741.835 73.08719071635267
741.97625 73.14773697947886
742.11125 73.1931377774558
742.2525 73.24557930250262
742.4 73.30996138348141
742.54 73.35954558652084
742.68125 73.39334354717582
742.8125 73.45239214034437
742.9825 73.502554211364
743.14 73.56279464474508
743.30125 73.63250083972693
743.45 73.70220497904718
743.585 73.75975122738969
743.7575 73.7957380710215
743.91125 73.84829271119239
744.05 73.89543740710246
744.19125 73.94924128275666
744.33 73.99738587541788
744.46375 74.04591266515331
744.6125 74.09069869620363
744.7675 74.1497044301854
744.89625 74.1969303038923
745.02875 74.25977084124516
745.195 74.31202676318328
745.31375 74.3503549422432
745.45 74.3830528291576
745.63 74.42411764077728
745.79125 74.48693209048697
745.93875 74.54865441966227
746.07125 74.59808822547748
746.20125 74.64370604413011
746.37875 74.70702257797176
746.50625 74.74534128286425
746.64625 74.78893863811523
746.7725 74.81978845653636
746.9125 74.87386034159745
747.0675 74.92299221335698
747.18875 74.97547783297452
747.335 75.03312760239476
747.48375 75.08356453323373
747.64875 75.1384062817458
747.79125 75.18296529983768
747.92875 75.22324670268566
748.11125 75.27248040499535
748.25625 75.32089439427098
748.37625 75.3703392986591
748.525 75.42808575159633
748.6725 75.48145173282383
748.79375 75.52790405738561
748.94625 75.5841058507612
749.1025 75.64065626268595
749.23875 75.68009047004664
749.36625 75.72197093340911
749.51 75.78485389640943
749.64 75.82085070580648
749.78125 75.8707873222535
749.94875 75.92433242218658
750.09 75.96748135076265
750.2375 76.01010138883805
750.36875 76.03380299205264
750.515 76.06375216219114
750.65625 76.10137883615154
750.79 76.15030851453315
750.9325 76.1928778630018
751.08875 76.2328188956927
751.23375 76.26598019829684
751.37125 76.32020958715184
751.49625 76.36915473986933
751.63875 76.41446008823017
751.79625 76.4430452028657
751.92375 76.50273702229475
752.04 76.54452776595883
752.17 76.59392525999313
752.31 76.65503174851244
752.43625 76.69637444660648
752.57125 76.74308959566564
752.705 76.77964813646878
752.82 76.82279790431552
752.95125 76.861326118884
753.08125 76.91529172449289
753.2075 76.95225146158008
753.335 76.99381686079403
753.5025 77.04899855918778
753.6375 77.06398098467619
753.79 77.1175063603203
753.9225 77.17437300400118
754.0675 77.22671429305163
754.23625 77.26352633399836
754.38625 77.30337525438105
754.51375 77.32854868345426
754.645 77.37357308710337
754.76625 77.40952398731328
754.9 77.44097029253827
755.0525 77.49218374731362
755.18875 77.53357299979889
755.335 77.58541838794864
755.475 77.62434410993826
755.605 77.66824911861632
755.75375 77.710258114407
755.8875 77.76834019812618
756.025 77.8192564269187
756.14625 77.85823490077873
756.27375 77.89096586987917
756.42625 77.95515260847266
756.57 78.00197423771549
756.71 78.0366776190356
756.845 78.07767689638905
756.97875 78.13717150243217
757.1225 78.20020193854381
757.22625 78.2387000062042
757.39125 78.27037106831331
757.51 78.30724699007081
757.65125 78.3561690933217
757.805 78.4256667584543
757.95 78.46032454789001
758.08 78.50574845624902
758.2325 78.57917537269546
758.385 78.62960666189781
758.49875 78.67858920275691
758.62375 78.72435513264818
758.73875 78.77045117561858
758.87625 78.81162684906167
758.9875 78.84310456642423
759.09625 78.87249567596545
759.22875 78.90977356381386
759.37125 78.94665376767968
759.495 79.00019787367688
759.585 79.04763396550477
759.72625 79.08447542820706
759.85875 79.13510127468527
759.99875 79.1832288309691
760.13125 79.21831195894362
760.25375 79.26953345772728
760.37375 79.3134120600245
760.5 79.36504906926731
760.64375 79.4177455536453
760.7925 79.45675656578834
760.93375 79.47324617132955
761.05625 79.49397587986756
761.20625 79.51653796978896
761.3225 79.56795723482637
761.4475 79.62266923162942
761.59125 79.68372508543929
761.73125 79.74142519451604
761.89125 79.79805188595452
762.00375 79.85281351160808
762.14 79.90369923501224
762.26875 79.95188805739636
762.3775 79.98931401566009
762.495 80.02918726012965
762.6275 80.0766450352419
762.7625 80.11283403095035
762.88625 80.15406510982166
763.0125 80.20644416664628
763.1375 80.2531576038087
763.265 80.30157348009581
763.41625 80.35190428104046
763.555 80.38780830857274
763.66625 80.4227090198728
763.79375 80.4801374663076
763.91625 80.51091071629956
764.04 80.55255609144929
764.18 80.58990952281881
764.29625 80.62941376378954
764.43 80.67807192237181
764.59375 80.7015931990725
764.74625 80.76464586044882
764.86875 80.77236062688166
764.99625 80.80989441108625
765.11875 80.86074587658172
765.255 80.90218742353255
765.4075 80.94291901657402
765.54125 80.98468341063884
765.665 81.02241087396612
765.8175 81.06774431122182
765.94375 81.0995808463539
766.04125 81.13213035942252
766.18375 81.18626113563779
766.31125 81.23524992714621
766.445 81.28758554942793
766.58375 81.32642848976661
766.70125 81.37147008391221
766.83 81.40581818299327
766.96375 81.4487864670721
767.1 81.49499550810505
767.21875 81.53085304616617
767.34125 81.5780823986891
767.4925 81.62739266196736
767.61125 81.67606042774253
767.725 81.72452506742911
767.845 81.77393959260874
767.95875 81.81141994843988
768.0925 81.83841305318568
768.2075 81.87751127333681
768.3125 81.9140997840377
768.42875 81.96577278549208
768.5525 81.98535992970636
768.6825 82.04421527643137
768.7975 82.07959745971553
768.95625 82.12193282400844
769.07125 82.15805563710767
769.195 82.19796290896133
769.31625 82.24583093884468
769.44625 82.3000986861023
769.57875 82.33428791910718
769.705 82.37724496552516
769.84375 82.39701706654392
769.96125 82.45339866935542
770.09625 82.49342969816878
770.21125 82.5256913670344
770.3275 82.57548748064303
770.4725 82.62436217775964
770.63 82.6564620183549
770.7675 82.69748809317714
770.89625 82.75586778593866
771.0325 82.78730951674463
771.16 82.81686235823939
771.315 82.86388721726702
771.4325 82.91431675925804
771.56 82.91592255270373
771.6875 82.95970548807617
771.78625 82.99477831449309
771.89875 83.02700074073793
772.015 83.06906983320384
772.1425 83.11109439337248
772.25375 83.1482946883124
772.3725 83.18860603452532
772.49625 83.23477350445498
772.59 83.27271360439022
772.71875 83.31364595875742
772.82875 83.35168746457082
772.94125 83.39033357112727
773.04875 83.42474743169771
773.15625 83.46010317490001
773.31375 83.50626881918886
773.4225 83.55239522110655
773.5225 83.59021263467626
773.635 83.62538957892984
773.77 83.67192383678156
773.875 83.70615434568823
773.9975 83.76022153827053
774.1125 83.78694802637509
774.2375 83.82869530444556
774.34625 83.84861118667926
774.48 83.8840137314591
774.60125 83.92024790506791
774.72 83.97735912766959
774.84 84.01654822396196
774.9525 84.0526698438834
775.05125 84.09004127862173
775.17375 84.12883356337119
775.3025 84.17174167361914
775.4125 84.20628371161284
775.52125 84.24726434950561
775.6175 84.28039615010735
775.72875 84.32394875629834
775.8475 84.37863435829122
775.96625 84.41670650030086
776.06625 84.44799399956571
776.17375 84.48818780329816
776.27875 84.524561817116
776.39375 84.54795477572758
776.49875 84.58605676875536
776.61875 84.62527811213923
776.73875 84.66633619120735
776.8625 84.71730857218412
776.95375 84.75497547797912
777.07125 84.794391232074
777.19 84.83836594029415
777.3275 84.888738158148
777.44125 84.91942171062567
777.555 84.95520118132683
777.6775 85.00282550703965
777.79875 85.06281709420699
777.90125 85.08487405631493
778.045 85.11319401093722
778.16375 85.15488023579428
778.3025 85.19162523401299
778.43625 85.2242183606366
778.56125 85.25819578417644
778.68625 85.2985498950905
778.8175 85.34189030922596
778.96375 85.37932696372395
779.105 85.41470051361057
779.22 85.45281932395807
779.33875 85.48793325290025
779.435 85.5292191836667
779.535 85.56976104329301
779.62625 85.6102824520186
779.74125 85.64819797116078
779.87 85.68845452596771
779.98625 85.733169084603
780.1 85.76368264934156
780.2275 85.82145650561948
780.3475 85.8702735152974
780.475 85.9099384349818
780.5925 85.93938804047275
780.7225 85.98386199982818
780.82625 86.01323390296156
780.95125 86.05558277995095
781.0725 86.09984740639352
781.18625 86.13119231032684
781.30625 86.1552573636788
781.4175 86.19010448647359
781.53125 86.23281943304252
781.65625 86.27648942047249
781.765 86.31280119172334
781.87375 86.33356628085603
781.99875 86.37192185278253
782.1125 86.41764782768672
782.23 86.45585792305529
782.3425 86.5012761884343
782.46 86.55085044146115
782.57125 86.59613754223706
782.6825 86.63754540666896
782.78375 86.66561109298284
782.9 86.69657068887732
783.00625 86.72626774994278
783.1125 86.77754762734014
783.22375 86.7883284398267
783.31125 86.8219265629519
783.42125 86.85615284795277
783.52875 86.89231563598258
783.64875 86.9359833725005
783.78 86.9771255875321
783.89375 87.00602002354744
784.01 87.05799082915382
784.1225 87.10439979892176
784.2375 87.15053133883248
784.35625 87.16594353919926
784.445 87.20910939203073
784.54125 87.24975041294624
784.64625 87.28688252402796
784.7725 87.33002869081706
784.905 87.3725553551378
785.025 87.40930933944617
785.13625 87.44594717901477
785.25 87.48169127243058
785.36125 87.52759335166778
785.47 87.57290029502624
785.57875 87.61274901905458
785.69375 87.64736183127515
785.8 87.69023304344695
785.9325 87.72454010949151
786.06 87.77503615045687
786.175 87.81176177986417
786.28125 87.85944030097164
786.39125 87.88999651722175
786.51875 87.92559801855863
786.62 87.95385409726624
786.72625 87.99588288774652
786.82 88.03148316105103
786.92 88.05171765063152
787.0225 88.0955192924093
787.11125 88.13167912004258
787.2125 88.16983465692374
787.33625 88.20239659098269
787.44875 88.23652576476643
787.57375 88.2804131737338
787.685 88.33098963366184
787.81125 88.36794804248343
787.93 88.40694166278861
788.02375 88.44116963578495
788.13375 88.47825361432493
788.2375 88.51383772091859
788.3425 88.5509134571327
788.44875 88.59632616367128
788.565 88.64984076598667
788.67625 88.68115284277937
788.79125 88.73169848669039
788.89625 88.76195041085133
789.00375 88.78174916427545
789.1075 88.8170537117594
789.22875 88.8575883771486
789.34 88.88972735663509
789.43 88.92438942040725
789.5425 88.96511497971662
789.6525 88.997794934082
789.7825 89.04228408005233
789.9025 89.05983978527149
790.00875 89.10460544678533
790.10375 89.13933060812212
790.2 89.17175563205625
790.31375 89.1878686022924
790.445 89.24460894239837
790.5275 89.26984723736355
790.62375 89.30839643073203
790.73375 89.34531937127116
790.85375 89.39640377104936
790.97625 89.4451716659734
791.085 89.48131876548327
791.18 89.50145662738139
791.29625 89.54024405298905
791.39875 89.57503478653393
791.495 89.61582572445202
791.6 89.63835000846608
791.68875 89.66562484467482
791.7825 89.69875990313476
791.89625 89.73974600729782
791.99375 89.7703576205511
792.09625 89.80773225008174
792.21625 89.85210758509979
792.31 89.89847646143731
792.42 89.91531880438738
792.52 89.96220649943956
792.62375 89.98315618177128
792.73375 90.0092770128334
792.84125 90.04956804070686
792.95625 90.09405090486315
793.07125 90.13439373849337
793.18375 90.14847986219354
793.3 90.1852911145537
793.39625 90.21897563924259
793.5 90.25527695804533
793.615 90.30287945324304
793.72625 90.33645252197645
793.80375 90.36266928847704
793.9075 90.37986276401142
793.995 90.40238223294642
794.1 90.43971294235935
794.2 90.46194893576293
794.28625 90.48348405673994
794.375 90.50973367468455
794.48625 90.55444464654435
794.5975 90.57469410804511
794.70125 90.61368853061828
794.80375 90.64465402088366
794.915 90.68627390815091
795.0375 90.72902395862961
795.13875 90.75909604734761
795.24875 90.80304711376117
795.35 90.83442968952494
795.43125 90.86575815974311
795.5425 90.91050045300472
795.6375 90.94741824183951
795.76125 90.98443249882871
795.85 91.02169349038338
795.95875 91.05478167026037
796.06125 91.0934686103611
796.16625 91.11236436188014
796.2825 91.15042893271685
796.38125 91.19033937831574
796.4725 91.21737776464428
796.56375 91.24326058230059
796.66375 91.27487093125299
796.77375 91.30748261459334
796.87875 91.33977908058793
796.97375 91.36618787218477
797.07875 91.38674394927068
797.18875 91.43546181889742
797.28875 91.47483221957552
797.38625 91.51135159244093
797.49125 91.54296842069078
797.6 91.54434968882522
797.70625 91.57887761087758
797.8325 91.62995965093533
797.9225 91.63944963639887
798.035 91.66791987613777
798.13375 91.70369578546652
798.22625 91.74013776441473
798.32625 91.76110252093379
798.43125 91.80028261556636
798.5175 91.83935854780941
798.63375 91.87234497198172
798.7325 91.9106789763157
798.845 91.93972000797007
798.925 91.96751820891386
799.0125 91.99776807299747
799.105 92.03286932555875
799.21 92.07425256270734
799.3075 92.10947637620079
799.40625 92.13710038590266
799.49625 92.17046288656363
799.6075 92.19482523982163
799.715 92.22656042626804
799.80125 92.26382017931026
799.905 92.28913847984329
800.00375 92.3220202889066
800.0825 92.36144482067013
800.175 92.3985862902434
800.27 92.42621574367234
800.3675 92.459956187112
800.44125 92.47853479421377
800.5425 92.51104561456904
800.63375 92.54708701564493
800.73125 92.5818193006532
800.8225 92.58243828393286
800.9225 92.62123060723708
801.01875 92.65593505714659
801.1125 92.68531735834578
801.205 92.7233519670207
801.30625 92.74989563262217
801.3875 92.76924333736235
801.48 92.80003722324574
801.57625 92.8335433418291
801.67 92.86412537803706
801.77375 92.8986423912383
801.86875 92.92572577912402
801.9775 92.96438815794991
802.07625 92.97232250448167
802.19625 93.01778389689183
802.295 93.04388443384217
802.405 93.07249371515705
802.525 93.11312712530814
802.63875 93.14427286686694
802.75 93.18508101705548
802.8375 93.21722162110618
802.92875 93.25241922090103
802.9975 93.27258285337753
803.10625 93.28959559750461
803.19375 93.31262115877941
803.2825 93.33247764298729
803.37125 93.36392210525482
803.445 93.39247650820393
803.56375 93.4405150255916
803.655 93.45456473381584
803.75375 93.48153083200907
803.85125 93.51484056123915
803.9475 93.54817646753199
804.045 93.5809795025454
804.14125 93.60561581752575
804.245 93.63425758097793
804.33875 93.65432672642909
804.42375 93.67556017529435
804.52375 93.6839382514173
804.61625 93.6956780542468
804.72875 93.72744376959172
804.83625 93.75482331355379
804.94 93.79878285234155
805.0475 93.84327863481303
805.14125 93.87454039890898
805.2275 93.9081821626655
805.3125 93.9361743409442
805.415 93.96709553777195
805.50625 94.00254283002471
805.61 94.03432068576637
805.7075 94.05073827707615
805.8125 94.08047759275088
805.92 94.12305794834194
806.01625 94.15569608270404
806.10375 94.1830587028303
806.18875 94.21870610001739
806.2925 94.24355018880732
806.39625 94.2770222912383
806.49375 94.30126389079702
806.58875 94.32533439815711
806.68125 94.34803436173105
806.76375 94.38166033821267
806.85 94.4103099946801
806.93875 94.4486404377436
807.03625 94.48068949153576
807.1325 94.50476910176928
807.21875 94.53148232136658
807.32875 94.5597303384989
807.41875 94.57851112645058
807.52875 94.61927754449037
807.6225 94.65691950016956
807.70375 94.66205478811658
807.79125 94.69869310889766
807.8725 94.71541588494352
807.96125 94.72101052951335
808.045 94.7476879954102
808.1325 94.77112905509762
808.21625 94.79769374495196
808.3 94.82811008914432
808.375 94.8607800119765
808.47375 94.89962715933731
808.5575 94.94336204414354
808.65625 94.97492237842832
808.75625 95.0065505201597
808.8475 95.03169483139905
808.92 95.05112832704992
809.00375 95.08288320873848
809.10125 95.11994140296305
809.20625 95.15012161311859
809.29875 95.17510112040388
809.375 95.21190055612475
809.48625 95.23829443478114
809.55875 95.2687210470989
809.6575 95.30445355456457
809.7575 95.32561255644559
809.83625 95.35597983110151
809.91625 95.37239696876111
809.9925 95.39329008631509
810.07875 95.42962624570133
810.17375 95.4600405149002
810.26125 95.4789153558754
810.35375 95.49987640793005
810.46125 95.50435776118664
810.55375 95.5373950516449
810.63375 95.56407654995712
810.7125 95.59545207184811
810.8175 95.62749325158525
810.91125 95.65670980700405
811.0025 95.68794449747938
811.075 95.71788896457552
811.19 95.7494718089328
811.26875 95.77984520174954
811.34875 95.80591364733056
811.4275 95.82627817167538
811.5225 95.85097158972032
811.60875 95.84751747800189
811.7075 95.86383200461087
811.7975 95.88254962663241
811.88125 95.91298804140791
811.98 95.94413059298658
812.085 95.97560586498757
812.17875 96.01760788896169
812.25 96.03662734727985
812.345 96.07415771020143
812.4375 96.10213639417391
812.52125 96.1316866330044
812.60875 96.15953667762277
812.68625 96.17562060332935
812.7875 96.19939057594891
812.88375 96.22772445938222
812.975 96.23830650811252
813.05625 96.25967739818928
813.14 96.28179022489729
813.21 96.31468760688064
813.305 96.33618375447239
813.41 96.3789942786949
813.4975 96.4126897881717
813.5925 96.42147229299563
813.68625 96.4401560064618
813.76625 96.46848875457079
813.8525 96.49743746881343
813.93 96.53130562780015
814.00625 96.54195537367005
814.09875 96.580465060107
814.19125 96.61491979423292
814.27625 96.64272971851955
814.38125 96.6738366198217
814.47 96.71176534913516
814.545 96.71947216237889
814.635 96.7480077120212
814.73875 96.78261254508114
814.84 96.81959741216549
814.92625 96.84435630237844
815.02125 96.87150462828941
815.1125 96.90609285432151
815.18625 96.93504043181127
815.28625 96.96897978084112
815.40125 97.00439456098199
815.5075 97.04220179855967
815.5975 97.06938794669213
815.675 97.1003345447939
815.78375 97.13242440491211
815.855 97.16028832313026
815.93625 97.18580676844756
816.035 97.18309764606761
816.11625 97.19562218614942
816.1925 97.20119873254555
816.255 97.22456348413634
816.34625 97.26231957674727
816.45625 97.2770096512835
816.53875 97.30068230443523
816.63375 97.3356687008381
816.71625 97.35415000960462
816.79125 97.38346675865941
816.8675 97.39599539328252
816.95875 97.42162626962649
817.04 97.44543558394703
817.12375 97.4681922298664
817.21625 97.4868149279352
817.30125 97.5225040538524
817.40375 97.55350631412598
817.4925 97.57556652527524
817.575 97.58809440814379
817.64625 97.60741580670542
817.73125 97.64154526962804
817.8275 97.68290629110523
817.9275 97.71222719255076
818.01875 97.75627222529891
818.09625 97.78149626694588
818.16625 97.81001794525228
818.2475 97.8273171139695
818.335 97.86150350027424
818.44125 97.88303176916268
818.52375 97.90607200069749
818.5975 97.92900799563303
818.69 97.95537488742852
818.7675 97.97485536659464
818.85 98.00595113600285
818.94125 98.02338255664974
819.0375 98.0573181399582
819.14375 98.08542973012965
819.21875 98.0997341777473
819.3 98.11521668263728
819.39625 98.14269826362828
819.4825 98.17386275333102
819.555 98.20251596918658
819.635 98.20900180250189
819.72375 98.23933094039796
819.81 98.25808982098664
819.8975 98.28695182919682
819.96875 98.29798263532787
820.05875 98.33411053676295
820.13875 98.352776189428
820.22125 98.36919192937664
820.30125 98.39933197997395
820.38 98.42373768647086
820.45875 98.44718436081972
820.53875 98.46849015232536
820.62375 98.49396434402851
820.71 98.52484372501581
820.78625 98.55016859752574
820.84625 98.57226143465977
820.9175 98.59897510174176
821.015 98.63310999854457
821.08875 98.65882032018845
821.185 98.68077646915687
821.2625 98.70957688827282
821.36625 98.73056399246552
821.4625 98.73366454453604
821.5425 98.74799822118347
821.62375 98.77876158675642
821.71 98.80698064550067
821.7775 98.8329926912333
821.86 98.86738010365556
821.94125 98.90300832005028
822.0175 98.93000619836239
822.09125 98.96098736225368
822.17 98.9756096932102
822.25 98.99914665692073
822.32625 99.01942167207828
822.39625 99.03985486662687
822.46625 99.05880662465027
822.54625 99.07813056311844
822.635 99.09835962871125
822.70375 99.1245963065105
822.77375 99.13639640567375
822.8525 99.14054065947403
822.92125 99.15711126455037
822.99125 99.18277421918974
823.08375 99.21202305081174
823.1825 99.24590107329276
823.2725 99.28001508609054
823.35 99.29633529367251
823.42375 99.3243844814972
823.49125 99.35301303904888
823.57625 99.39073061711167
823.65375 99.42161325594903
823.7375 99.44333720966058
823.795 99.45564215239337
823.86875 99.47550323127986
823.95125 99.49976949017643
824.02125 99.52474449550795
824.0975 99.55166327503537
824.1725 99.56537713560469
824.24375 99.58843636064594
824.325 99.61562862740746
824.40375 99.636552224128
824.49375 99.66100217804048
824.56625 99.68869246406025
824.64625 99.68900884271324
824.7175 99.7001898371661
824.78625 99.71781492895471
824.865 99.74797666399418
824.945 99.75964594312853
825.02375 99.77327582649046
825.08625 99.79738578088298
825.1725 99.82988155012954
825.26125 99.85347462121642
825.33625 99.86316388094708
825.425 99.88241835714189
825.5075 99.88299760351019
825.595 99.90350024749948
825.6725 99.9273841165197
825.75125 99.95111132076175
825.8225 99.9816303215356
825.91375 100.00254720629461
825.985 100.02789235538927
826.06125 100.04993746084948
826.15375 100.08565848677277
826.24125 100.10696681272012
826.33 100.13777042821015
826.41875 100.17244654717481
826.49875 100.19241812257584
826.59125 100.20740280992163
826.68125 100.23868709947656
826.76375 100.27254691848316
826.85375 100.2952455567517
826.945 100.30218160410654
827.00875 100.31063728926873
827.10125 100.33335425424286
827.185 100.3663790198039
827.26375 100.37524931117409
827.3325 100.39280520994721
827.40125 100.42165296347902
827.495 100.4613387115644
827.5975 100.47896806062532
827.66375 100.50035366752006
827.74375 100.52670097017712
827.81625 100.55939899803522
827.89375 100.58100284648455
827.98375 100.59714567563584
828.05625 100.61325394561283
828.13375 100.64070523588089
828.20625 100.66387251628555
828.29625 100.68479413819554
828.38625 100.70934676878679
828.48625 100.7430457278102
828.5675 100.77019019923993
828.64125 100.79639100179247
828.71625 100.81985935810822
828.78875 100.8431246698503
828.8725 100.87185016864488
828.95125 100.89921797850238
829.0375 100.93228051675482
829.1075 100.94579491310326
829.1925 100.96935900595088
829.25875 100.9888495483728
829.3225 101.00566159053503
829.39875 101.0121852818102
829.47125 101.03529996112886
829.545 101.06313705842558
829.635 101.09770129190942
829.705 101.11105172520074
829.765 101.13163097408915
829.845 101.16477333640029
829.91875 101.17886934998434
830.00875 101.19515426885253
830.08375 101.20202096424052
830.15625 101.21172908100601
830.2325 101.22553632980451
830.32875 101.24983993096018
830.4225 101.27273424830427
830.49875 101.30867093662899
830.59125 101.33947298273273
830.67 101.3543016752872
830.735 101.37755686686965
830.81 101.39799476161795
830.895 101.4053760303655
830.9825 101.4169805736981
831.05375 101.4379634874592
831.14125 101.46526646498792
831.21875 101.4909301838074
831.29875 101.52013307818686
831.37125 101.53930870580639
831.4375 101.5600642578818
831.5 101.57708836692149
831.575 101.60213145596659
831.64625 101.62368241198125
831.7375 101.64970202195117
831.80375 101.66324067266197
831.87375 101.68927523002861
831.95375 101.71245444966523
832.0275 101.72782279771822
832.09875 101.74196913659696
832.17625 101.76662391529155
832.265 101.79671157807671
832.3475 101.81978358433814
832.42 101.83350961053773
832.485 101.8580192970534
832.56125 101.87850747972007
832.63 101.90805741062148
832.69625 101.92592950186187
832.77 101.94957942989473
832.84125 101.97397664761912
832.92 102.0034041985124
833.0025 102.02516312723505
833.06375 102.05017140010594
833.14 102.07569352696689
833.2025 102.08583835057479
833.2925 102.11237983905524
833.37625 102.14224632365674
833.45 102.17535051476966
833.53 102.20055181352365
833.60625 102.23428251613795
833.67375 102.2560765550295
833.7325 102.27760913520137
833.79625 102.2907081418087
833.8725 102.3110976122251
833.93625 102.32968235463738
834.01 102.34555762932794
834.0875 102.37026879747397
834.16 102.39465431134298
834.23 102.41273143242154
834.295 102.43134628069717
834.36125 102.45266680084887
834.435 102.48204226220707
834.4975 102.50134462929506
834.565 102.51624383634477
834.645 102.54594611114463
834.7075 102.55932411269613
834.79875 102.59316471015046
834.8625 102.61607411650411
834.9275 102.63594602048254
834.99875 102.66786065001342
835.0825 102.6916387033261
835.165 102.69292853923751
835.235 102.71651828654991
835.32375 102.73230428578603
835.38875 102.75201990925423
835.465 102.77969574444974
835.53875 102.79597396672307
835.6225 102.81454679441363
835.69375 102.83926708463854
835.76375 102.85968880184802
835.845 102.88815987178633
835.91625 102.90653005688189
836.005 102.93911088934257
836.0675 102.95371424988666
836.1375 102.97264345628643
836.2225 102.9996803949013
836.29125 103.022538688312
836.3675 103.04822227429429
836.46875 103.06367777025966
836.53375 103.08147796676312
836.60375 103.10959568265125
836.67125 103.14051401110818
836.75125 103.16951734923977
836.8275 103.19740730679021
836.90125 103.21411211463294
836.975 103.23413186770196
837.04125 103.25248613619017
837.11375 103.27193314815835
837.1775 103.29091082507624
837.26 103.31105394552017
837.31875 103.32231862160354
837.3875 103.34283730030167
837.465 103.36950877401048
837.53125 103.39601028141823
837.585 103.41175108675297
837.66125 103.43380583094368
837.73875 103.430630703129
837.8 103.44656344877636
837.85625 103.46316430932626
837.935 103.49014947712895
838.0075 103.51040018971183
838.06625 103.53309005752011
838.1275 103.55791396934426
838.18 103.58111028565976
838.2525 103.58104331593707
838.3175 103.59322438713673
838.39375 103.60481967197082
838.48 103.62200055368757
838.5525 103.64233889566903
838.62625 103.66831946894095
838.695 103.69765416512173
838.76125 103.71281108144504
838.8225 103.73436999446079
838.89375 103.76234018172252
838.9425 103.77498857657173
839.0125 103.79980897949788
839.08 103.82446966214553
839.16 103.85613617536814
839.21625 103.87415118807854
839.2875 103.89791053489424
839.35625 103.92015485057611
839.4475 103.93303054032744
839.515 103.95734070212315
839.59 103.98018681009049
839.665 103.97956511956114
839.7525 104.01052340977317
839.825 104.03602136845551
839.895 104.04767596439619
839.96125 104.06587760663935
840.03125 104.09059197453684
840.10375 104.11721028621889
840.18125 104.1363114511014
840.2425 104.15281299282273
840.3325 104.16354688361095
840.39 104.1629627243022
840.45 104.18851452150449
840.5075 104.2036969441153
840.57625 104.22382137551449
840.64375 104.24649154617681
840.70875 104.26323633717624
840.7675 104.28266652191604
840.83125 104.30921958317045
840.90125 104.32855341304736
840.95375 104.34732659079395
841.015 104.36981650960114
841.07625 104.39003561335097
841.145 104.4102166537216
841.205 104.42313303761652
841.28375 104.43924157093626
841.34 104.45180527176475
841.425 104.47410168268027
841.5 104.50157043211587
841.58 104.52049687900832
841.6525 104.53731058995989
841.70875 104.55821080980292
841.77625 104.58101008560622
841.83625 104.6054841778748
841.905 104.63176253970504
841.9675 104.64062796077361
842.0375 104.6573817424814
842.105 104.67585810054938
842.18 104.69635503897953
842.22875 104.70839858557407
842.3 104.73248596792347
842.37 104.75317242889302
842.445 104.77641479059335
842.51125 104.79736630000184
842.57375 104.81362951497589
842.65 104.83501550338264
842.7225 104.84333860962984
842.82 104.84913818063322
842.88875 104.86963776324039
842.96 104.89618635770557
843.02625 104.90978572021922
843.09 104.9252640635157
843.14625 104.94504127421907
843.21625 104.94989321597728
843.2675 104.96654664054674
843.3425 104.99460713846314
843.4175 105.01468134443074
843.4875 105.03974976187611
843.56375 105.0586387829013
843.62375 105.0686392775553
843.705 105.09373835915677
843.78125 105.11637700344515
843.8475 105.1359653389824
843.91625 105.15020181680651
844.00125 105.16956330014608
844.07875 105.19205892087341
844.165 105.2173756809277
844.23125 105.22605869138202
844.295 105.25011857154439
844.35875 105.27811691331449
844.42875 105.29675532413016
844.495 105.30048772866567
844.56625 105.32014777737119
844.6325 105.35205866085438
844.71 105.36859862867688
844.78375 105.3962164358201
844.8275 105.41526557629433
844.8925 105.43933212847865
844.9675 105.467355839068
845.02875 105.48507856890639
845.08 105.49706459564585
845.14 105.518223636485
845.21375 105.5390623325556
845.2725 105.55915006029466
845.33875 105.58390715563768
845.4025 105.60005780780268
845.4675 105.62161877044689
845.52875 105.63452318749209
845.60125 105.6524623562551
845.67125 105.67280445052094
845.73125 105.69147261092468
845.79375 105.70891248452433
845.85375 105.73218042966167
845.92125 105.75047992062161
845.97625 105.76599757834354
846.04125 105.78233276802325
846.09125 105.78966035835413
846.1525 105.8146145840661
846.22 105.83073410097104
846.27875 105.84942689928056
846.3375 105.86252730361622
846.4 105.87220435302277
846.4825 105.88966176797754
846.5625 105.91345839687695
846.64375 105.91352098928607
846.7125 105.93093999776934
846.78625 105.9464197874081
846.845 105.9642935822864
846.89875 105.9803675041179
846.9625 105.99921407954805
847.035 106.02588426968647
847.11125 106.02405504765622
847.17375 106.04404856583322
847.255 106.07425304450032
847.31875 106.0898249698819
847.3825 106.11105332762403
847.4325 106.12555646930622
847.50125 106.1361441725309
847.565 106.15655793916773
847.64625 106.16820720542484
847.70875 106.19250200833851
847.78375 106.2080490030242
847.83 106.22524819548664
847.90375 106.25001561510595
847.96625 106.27271509378245
848.02625 106.29134665580676
848.07625 106.30293188617604
848.14375 106.32138016781236
848.2025 106.33582711819726
848.25375 106.35530628467076
848.32125 106.37184430107675
848.385 106.38561532902919
848.45625 106.40843025095846
848.53 106.42707598693528
848.5925 106.44875817216229
848.64125 106.45937980221541
848.70875 106.47758340677953
848.76875 106.48585267284022
848.83 106.49234420472555
848.88375 106.51297575151024
848.93875 106.5292946175001
848.99125 106.5494117528041
849.04 106.56525508809143
849.12 106.58986748191533
849.175 106.61064281511402
849.23375 106.62256832412422
849.2875 106.63898060268563
849.34125 106.65681832192303
849.39875 106.66720261439073
849.47125 106.68705091048987
849.54375 106.7037731523289
849.615 106.72491290131019
849.67375 106.73240871344903
849.7275 106.75194713222163
849.77875 106.76904670880221
849.84375 106.78425882757342
849.90125 106.81050792966369
849.94875 106.82311358236942
849.99 106.83495230397324
850.0525 106.85519306100724
850.11375 106.86894790335478
850.1625 106.88266217254971
850.2375 106.90378439347711
850.2875 106.91979305270395
850.355 106.9268823669515
850.42375 106.94833621525638
850.485 106.94988369338017
850.54125 106.96586099176521
850.59875 106.98392261484933
850.665 107.00509514964695
850.7225 107.0296906802449
850.7975 107.03246670946339
850.86 107.05438431704643
850.91125 107.07167600813716
850.985 107.10173084940638
851.06 107.10940402475484
851.11875 107.12948032816053
851.1825 107.14413902266716
851.25125 107.15948192598636
851.31125 107.16995204680575
851.38875 107.18726141524289
851.44375 107.20172385710467
851.5025 107.21510547634074
851.565 107.23830165419957
851.63125 107.25678438067267
851.69375 107.28075975077445
851.7525 107.29668898938642
851.82875 107.31389594906715
851.89375 107.3273563109768
851.94 107.33393973144216
851.99375 107.33767013600254
852.07625 107.34419596068318
852.12875 107.36457102940388
852.1875 107.38572745866783
852.24875 107.40236710152746
852.31625 107.41033451623083
852.39 107.43560122470178
852.4575 107.45081568321733
852.51625 107.47132102095888
852.57625 107.48798197367674
852.645 107.50745924000019
852.7075 107.52191938244317
852.765 107.53972878235855
852.8225 107.55151162729723
852.88625 107.57068665171245
852.9475 107.59442571204787
853.01625 107.60857536833903
853.06875 107.62267336958577
853.135 107.62718657064016
853.185 107.64260047395726
853.2425 107.66130869763803
853.30625 107.67851823855156
853.36875 107.69880019244009
853.43125 107.71534718163699
853.495 107.73036835234383
853.5475 107.74838693622847
853.62 107.77794629298673
853.685 107.79516697203152
853.735 107.81336618160702
853.79875 107.83031795499524
853.85 107.84171175149204
853.905 107.85006035881139
853.955 107.86049013269219
854.02 107.87061549425262
854.08125 107.89018729282138
854.14875 107.9015294075952
854.21125 107.91345266007734
854.26875 107.92906177859606
854.325 107.94798671023689
854.38375 107.97018540832875
854.44375 107.97026817346212
854.5225 107.99618494976858
854.56625 108.00762783491571
854.64 108.02630468144753
854.69875 108.0447248904745
854.765 108.05916552550089
854.8275 108.08060424987815
854.875 108.09802659712498
854.9325 108.10230376291048
855.0 108.1215419553083
855.0675 108.14389405336902
855.12125 108.16631401595077
855.18125 108.18962354005907
855.2475 108.1999666577162
855.2975 108.20844619776994
855.35625 108.22158622749191
855.42 108.2419003262267
855.45875 108.25280197230948
855.5075 108.26966493058079
855.56125 108.28859253184595
855.62125 108.30323072590951
855.6925 108.28649685210354
855.74625 108.30165474942807
855.79875 108.31800051229358
855.86125 108.3349785753252
855.925 108.34329564924694
855.98125 108.35243980849272
856.03375 108.36873321609457
856.0925 108.38489539916701
856.1425 108.3912382040138
856.1925 108.40587038840806
856.25125 108.4247690180073
856.3125 108.4350614281823
856.37375 108.44486812531011
856.42625 108.46149976882408
856.47875 108.4727152831006
856.52125 108.49138225438385
856.5825 108.49069537282031
856.64 108.50867737804617
856.6975 108.52404262897532
856.74625 108.53431015830624
856.82 108.54974163032364
856.88625 108.56937850228748
856.94875 108.5789706366669
857.01125 108.58261303382812
857.06875 108.58222298042963
857.13125 108.59667615091313
857.195 108.61005780230381
857.25375 108.62844717364179
857.29875 108.63166226287345
857.35875 108.65670894581787
857.4125 108.66223675164186
857.47375 108.67440807130981
857.535 108.70022285193373
857.585 108.71740715392743
857.64 108.73518094190163
857.69875 108.75432118499019
857.7625 108.76288567510271
857.81 108.78038824201074
857.8675 108.78223389765765
857.92125 108.79834050691593
857.9825 108.80154831110467
858.0275 108.81470508991302
858.08125 108.80824275095462
858.13875 108.82160711989928
858.1975 108.83589738431583
858.2725 108.84460104994704
858.3375 108.85773330993413
858.3875 108.86941963616263
858.4325 108.87686006250978
858.49375 108.88988115849382
858.52875 108.90252004443023
858.5875 108.90775209705501
858.64125 108.92038197899674
858.70625 108.9340890430173
858.76 108.94492253052219
858.8075 108.96014562866219
858.865 108.98359305162901
858.91125 108.98670102212981
858.9775 109.00262133578529
859.03625 109.01503466571228
859.1 109.02975217147505
859.16875 109.05204357873508
859.22625 109.06711055214014
859.27125 109.07568268926929
859.3425 109.09094250174905
859.41 109.11521233060239
859.4725 109.12374504853095
859.535 109.1414728752398
859.59 109.16072773942446
859.63625 109.16881983867331
859.69 109.18753957525608
859.74375 109.20104931914815
859.8075 109.21629087040704
859.875 109.24640885314783
859.925 109.2561577670224
859.9825 109.27784200006072
860.0225 109.28459817374767
860.08 109.27673749108666
860.13125 109.29215430294053
860.20625 109.31672513357634
860.25625 109.32956726698413
860.305 109.3255897799135
860.35 109.33804694907595
860.40125 109.3539922360402
860.465 109.37206721260209
860.5425 109.37914765245002
860.60125 109.38025323697703
860.64875 109.38753317428339
860.68625 109.38928343352535
860.72625 109.4029710452573
860.80625 109.39916101815804
860.855 109.38270976939462
860.92375 109.39248754531407
860.975 109.40979162364289
861.04 109.40295772486556
861.095 109.42210686986327
861.14 109.43377032529534
861.195 109.44796959084938
861.25375 109.47266641405172
861.29375 109.47992866005958
861.35 109.48524454677391
861.4075 109.49871645312143
861.455 109.51290709786811
861.51 109.52884601846985
861.5475 109.53737165226121
861.615 109.54855262269409
861.67 109.5616186689331
861.7275 109.57813400978473
861.7725 109.58964644075081
861.8275 109.60117821713072
861.87375 109.611044321428
861.92625 109.62969099368893
861.97375 109.63038624360682
862.0275 109.64132783632338
862.0875 109.65906817400474
862.12375 109.67419465012136
862.17625 109.69142147802555
862.2175 109.70048057345774
862.27125 109.70578550219362
862.33 109.71963861986428
862.37875 109.7349077819811
862.4325 109.73880900347811
862.49 109.75291352640438
862.55375 109.77617282948457
862.61125 109.7977780445347
862.66 109.81263779399035
862.70625 109.82658972535219
862.74875 109.83651805893902
862.80875 109.85113227689388
862.87125 109.87655912998606
862.93125 109.89276385582619
862.9925 109.91556638355084
863.04375 109.9141516678291
863.0875 109.92287588146799
863.15 109.93888392078222
863.19375 109.95251545784174
863.24375 109.96613125625035
863.2875 109.96876263145549
863.345 109.97363878008747
863.40375 109.98967176879485
863.44 109.99973330266916
863.49 110.02187699167365
863.5625 110.04134434648633
863.61375 110.05084527899254
863.6675 110.06308098538315
863.71875 110.07571474743622
863.78125 110.0967529821339
863.82375 110.11332283502163
863.86625 110.12520288892395
863.91875 110.13492532188428
863.98625 110.11299719436583
864.0375 110.12266954030578
864.0975 110.13972463388517
864.16125 110.15355193861609
864.22125 110.1615825334329
864.28625 110.18017698382825
864.35 110.19485529127871
864.42125 110.19951776474328
864.46 110.21181517993693
864.49625 110.22514215636899
864.54 110.23371871131874
864.605 110.25209013539842
864.66 110.2653842722678
864.71125 110.28051783613125
864.77125 110.28801263329004
864.8225 110.29564772071777
864.88125 110.3081797356083
864.9225 110.31716248695845
864.965 110.30554345156543
865.00625 110.31576574158139
865.06375 110.32832868795006
865.1175 110.34257132929008
865.18375 110.35755966247082
865.2375 110.36046794416934
865.28375 110.37394958445178
865.345 110.36366543527978
865.39625 110.37737853860195
865.445 110.3869719644233
865.485 110.39579391508845
865.5425 110.40673780816918
865.59625 110.4248626841392
865.64625 110.42901258030793
865.69375 110.44129236731267
865.74875 110.45695563089987
865.7875 110.46703603932788
865.845 110.4778265658018
865.8975 110.48587422949299
865.95375 110.49690524409797
866.00375 110.5161798944416
866.04375 110.51712255985998
866.09625 110.5307685643994
866.145 110.54611947356328
866.19125 110.55865499217866
866.24625 110.57375957396229
866.29 110.59157526977721
866.3425 110.60188137619967
866.39375 110.60660462726173
866.44 110.60193209989731
866.48625 110.61537873846622
866.545 110.63447907388519
866.5925 110.65056881563716
866.6475 110.6698265422135
866.7125 110.69082128227807
866.76125 110.71189255169458
866.80125 110.7227106186709
866.84875 110.72632375321766
866.9025 110.73473131610324
866.96 110.74456577440127
867.00875 110.76053468402851
867.07375 110.76192290401177
867.1225 110.778494471159
867.18375 110.80605788501603
867.2275 110.81365134949202
867.26 110.82276167661598
867.31625 110.83120355088711
867.36875 110.83463207870803
867.4075 110.84708064653674
867.4675 110.8421802831053
867.5175 110.85406159661264
867.56875 110.8609510220548
867.64375 110.87239374865545
867.69875 110.88258060574587
867.74375 110.89557191689846
867.78375 110.91017003958778
867.8325 110.92429712811675
867.885 110.94442350286455
867.94625 110.94309949291066
867.99375 110.9583182840885
868.05125 110.97646526737806
868.08875 110.977535520371
868.13125 110.98993188421237
868.1675 110.99841329245112
868.21625 111.00988009084921
868.27 111.02044417034064
868.3075 111.02649028804831
868.38125 111.03831673420906
868.42875 111.04526661449539
868.47 111.05751354205015
868.51875 111.07401336042763
868.56625 111.08327947833594
868.60875 111.09934520089467
868.65625 111.10896493329503
868.70375 111.12491583613023
868.7575 111.13215844007284
868.80375 111.13962054553834
868.86375 111.13681624846379
868.91625 111.15784641428523
868.97 111.18084626283274
869.015 111.18702923154602
869.0575 111.20028585042637
869.10875 111.22007149708764
869.17125 111.2366459971865
869.20625 111.24682481300835
869.26375 111.24779447547289
869.30875 111.26145924726052
869.35125 111.27717031911935
869.39875 111.29459941192262
869.42625 111.30593346478919
869.48 111.32382198647825
869.545 111.33699017724143
869.6 111.34555352757916
869.6425 111.35661211880601
869.68125 111.36758087983385
869.7425 111.37649931426006
869.785 111.39078129583773
869.835 111.40632606301365
869.86125 111.40101988975726
869.9125 111.42098383292941
869.95625 111.43195541134492
870.01125 111.4460470370652
870.06125 111.46175196508625
870.1175 111.477588598335
870.16125 111.4919765026527
870.21375 111.5065702321781
870.265 111.5212244569637
870.31625 111.53671720578754
870.3725 111.5451664077659
870.4275 111.56291991573706
870.46375 111.5783394895333
870.51 111.58803592770494
870.5575 111.59864253215069
870.5975 111.61060277619274
870.65875 111.62062422836081
870.7225 111.64223205724356
870.775 111.64941273560432
870.81875 111.6670511445821
870.8775 111.68553876044234
870.93 111.7054059665544
870.97125 111.71854911431573
871.01875 111.73015677673666
871.0675 111.74053820614174
871.11 111.75058452387077
871.14125 111.76156364028591
871.1825 111.77830594910208
871.23 111.78831730040528
871.27375 111.79821045420839
871.32875 111.8163641760876
871.3925 111.82106636208113
871.4375 111.83260597181871
871.485 111.84531278730738
871.5325 111.86085108856365
871.57625 111.87079838076806
871.63125 111.88397026357252
871.6825 111.90123570336434
871.735 111.91628050602327
871.77 111.91948921024142
871.80625 111.9313606537944
871.86125 111.94659239062318
871.91125 111.95769974236687
871.96625 111.97104314985901
872.03125 111.98701548833678
872.0725 111.9978868196409
872.11875 112.01155245460907
872.1675 112.00871342714582
872.21125 112.01870093934167
872.26375 112.03507937114883
872.31 112.0489630145715
872.34125 112.05397098699781
872.4 112.056954051005
872.44875 112.06812193206072
872.495 112.08141138687134
872.53875 112.09684708923217
872.59125 112.10807039525382
872.63375 112.11480398470192
872.675 112.12510612828997
872.70625 112.13650478577179
872.77125 112.15844069088274
872.80875 112.1671587980571
872.85375 112.17341911470098
872.90125 112.18166028619918
872.9625 112.19554757149963
873.02 112.19483812603701
873.07 112.20866089333015
873.1175 112.21932839681533
873.15625 112.22910072592441
873.19875 112.23638227116534
873.25 112.25100382546599
873.315 112.26635936158873
873.35875 112.28007868060632
873.40375 112.29341253636076
873.45375 112.30803278805757
873.4975 112.32130291093284
873.53125 112.33261901627826
873.56625 112.34142760523835
873.62375 112.35520370987881
873.65875 112.36840357097219
873.7 112.38132385961876
873.74125 112.38335874403604
873.775 112.39292498633435
873.82375 112.40164744732871
873.87375 112.41493097814471
873.90875 112.42768967293594
873.9475 112.43335277964263
873.995 112.44167994670185
874.0475 112.45700719312036
874.0875 112.46435049123048
874.12 112.47252191193861
874.1725 112.47719387804062
874.22125 112.49605104319397
874.2525 112.50444571941723
874.305 112.51819811093965
874.36 112.52895786395356
874.3975 112.52927637420211
874.43625 112.53485483564023
874.47875 112.54777118822389
874.52875 112.55991222783716
874.59 112.579325502791
874.635 112.59165322291577
874.6775 112.60021982941238
874.72875 112.60101646776744
874.77625 112.61822573143343
874.81 112.62851716416344
874.86375 112.64376795460652
874.9175 112.6491699397297
874.965 112.66538126314113
875.01625 112.68105324604643
875.0625 112.67152339424534
875.10625 112.68611343523591
875.14875 112.69582760860314
875.1875 112.70702478348203
