499.54714285714283 15.27953385791546
501.8828571428571 14.96779538993871
503.7842857142857 14.8756614473034
505.3885714285714 14.87325126213089
506.5042857142857 14.935004016826657
507.54857142857145 15.075458677018789
508.7542857142857 14.953420149490137
509.6357142857143 15.103842140815495
510.62 14.959885320836843
511.30285714285714 14.997939500142973
512.1571428571428 14.976887978254437
512.8657142857143 15.050196275454201
513.6828571428572 15.195605601399917
514.5 15.173719845931123
515.4257142857143 15.334754730233545
516.1128571428571 15.552490119160998
516.7585714285714 15.66504718312525
517.4328571428572 15.82928617588083
518.0185714285715 16.001196243345905
518.6885714285714 16.092370550817524
519.3828571428571 16.24100474199901
520.1385714285715 16.456626069459976
520.7914285714286 16.549295528983084
521.4042857142857 16.65146318620587
522.0985714285714 16.83217670092951
522.7957142857143 16.984036397040335
523.4457142857143 17.107291535087082
524.03 17.18627933628722
524.58 17.320694743010264
525.1242857142857 17.383340451137084
525.74 17.56258703948008
526.2885714285715 17.732462111859686
526.9185714285715 17.876958202670064
527.6228571428571 18.02495624458068
528.2171428571429 18.161845678870595
528.7428571428571 18.305612321603263
529.3428571428572 18.47403600005174
529.9028571428571 18.640772235507683
530.3385714285714 18.711450923626426
530.9085714285715 18.819607031735256
531.4885714285714 19.026782891441155
531.95 19.134687509714407
532.4928571428571 19.256604845235394
532.9714285714285 19.405817033123697
533.4657142857143 19.50658071501765
533.9042857142857 19.572929071087618
534.46 19.68107229245473
534.9542857142857 19.818797782783758
535.3971428571429 19.874268390119667
535.8571428571429 19.97064062111937
536.3171428571428 20.11211758259789
536.8514285714285 20.240844150357663
537.2457142857143 20.34409775608382
537.8128571428572 20.375954449351614
538.2028571428572 20.433261135649527
538.6542857142857 20.545296519500226
539.0571428571428 20.601530364065407
539.6928571428572 20.742062076332207
540.13 20.849730428505428
540.5742857142857 20.929718797913598
541.0285714285715 21.089882873448516
541.44 21.074650340667628
541.93 21.13650605970669
542.3971428571429 21.23516377771214
542.8071428571428 21.338640399177905
543.2985714285714 21.517753875854275
543.7571428571429 21.66676728112594
544.2142857142857 21.769170662534645
544.6257142857143 21.8729566678729
545.07 21.99035976847085
545.5114285714286 22.068592140042174
545.9271428571428 22.155946323510843
546.3214285714286 22.24106059096362
546.6728571428572 22.26463558083799
547.1142857142858 22.37669622227172
547.5842857142857 22.517010805117888
547.9757142857143 22.58300813187844
548.3685714285714 22.710560102283075
548.7771428571428 22.807624728569245
549.1628571428571 22.819545693216565
549.5957142857143 22.948177830201406
550.0557142857143 23.016906989372945
550.42 23.07481518563509
550.7914285714286 23.15790013025084
551.1628571428571 23.280814621705893
551.6014285714285 23.412754632920223
551.9957142857143 23.488742232169354
552.3914285714286 23.546889530041014
552.7671428571429 23.602970288023744
553.1357142857142 23.678343664972274
553.51 23.748350744633385
553.8971428571429 23.83955052473382
554.2471428571429 23.85531748023
554.62 23.912600757011642
554.9542857142857 23.996200734775854
555.3585714285714 24.088208150858133
555.8414285714285 24.211791974810836
556.1557142857143 24.218604653513207
556.56 24.261288687029076
556.9214285714286 24.28009772034754
557.3157142857143 24.3334379975856
557.6714285714286 24.41786994759038
558.0285714285715 24.45291023844337
558.3757142857143 24.483043886996853
558.7771428571428 24.59704537793794
559.1885714285714 24.65507717640102
559.5757142857143 24.763920729063333
559.9414285714286 24.816712911468063
560.3185714285714 24.922252743087107
560.7257142857143 25.046375788096316
561.0585714285714 25.07044719796409
561.4142857142857 25.11728873380684
561.7885714285715 25.278044909873135
562.1342857142857 25.31420228081944
562.4442857142857 25.309947807161322
562.76 25.35791518758874
563.1585714285715 25.42737416723697
563.5428571428571 25.613438507322734
563.8928571428571 25.67417065915384
564.2457142857143 25.782731940172564
564.6257142857143 25.875511844656774
564.9914285714286 25.944089454855206
565.3114285714286 25.98695910905986
565.6814285714286 26.125753949225896
566.0242857142857 26.187957872721384
566.3771428571429 26.238218537025915
566.7142857142857 26.28110547925118
567.0728571428572 26.395183272323834
567.3885714285715 26.452492264933436
567.7342857142858 26.57266812330852
568.0328571428571 26.594024205479922
568.36 26.650261763712408
568.7214285714285 26.728879822287006
569.1228571428571 26.87802774070151
569.4342857142857 26.91644404722046
569.7985714285714 26.997816861122462
570.1028571428571 27.07834746981987
570.4614285714285 27.187789656330906
570.8071428571428 27.2515165879956
571.1457142857142 27.301923851334355
571.4271428571428 27.370851225933933
571.7385714285714 27.43417557304345
572.0585714285714 27.484593123904773
572.3814285714286 27.55094536002244
572.71 27.620360355209787
573.0128571428571 27.707724613724192
573.3014285714286 27.711300292617505
573.6128571428571 27.789884129343505
573.9485714285714 27.86735771465106
574.2828571428571 27.92571369521804
574.5728571428572 27.961942363210078
574.8542857142858 28.027146485479687
575.1614285714286 28.11408290287724
575.5014285714286 28.15390459892079
575.8014285714286 28.18996966910072
576.16 28.263376060253645
576.4842857142858 28.338411405820146
576.77 28.392405893942
577.0657142857143 28.435932484877085
577.47 28.51875797627413
577.7971428571428 28.516721854053458
578.11 28.62666129269724
578.38 28.616524333851736
578.7 28.663430964874248
578.9657142857143 28.718185162065122
579.2742857142857 28.76403276722739
579.6057142857143 28.835708895404505
579.8885714285715 28.921760883558957
580.17 28.982130797776062
580.47 29.03277142956316
580.76 29.080561968543442
581.0657142857143 29.131318710592314
581.4042857142857 29.182436051177344
581.6871428571428 29.2242693224838
582.0485714285714 29.27747840706491
582.3814285714286 29.396873856244078
582.6328571428571 29.446701306975864
582.9928571428571 29.522595412560282
583.3157142857143 29.58983380940453
583.6228571428571 29.65747316083611
583.9242857142857 29.73605844556726
584.2385714285714 29.85427550949122
584.5342857142857 29.924133378101537
584.8514285714285 29.95701614427141
585.1642857142857 30.010348886035924
585.4628571428572 30.068496774245645
585.79 30.094893553986072
586.0557142857143 30.175804079586342
586.35 30.230332993603454
586.6314285714286 30.283328477069883
586.9171428571428 30.35458532403554
587.1614285714286 30.403786154828467
587.4728571428572 30.499993768279793
587.7628571428571 30.555623293560235
588.0271428571428 30.55721162175752
588.3142857142857 30.669703241374172
588.6071428571429 30.73298555267601
588.8885714285715 30.82126489805697
589.1157142857143 30.86431673331963
589.38 30.90487782751485
589.6942857142857 30.93536057368378
589.9628571428572 30.9772410407616
590.2728571428571 31.043853892522836
590.5628571428572 31.132193896868387
590.8157142857143 31.181485169435973
591.1228571428571 31.29040299254596
591.4014285714286 31.368961235600622
591.6957142857143 31.432881172466097
592.0328571428571 31.47240870520946
592.3257142857143 31.57876672817916
592.6442857142857 31.62477676144965
592.9728571428572 31.68335117167077
593.2628571428571 31.722140273435055
593.5614285714286 31.82130809514534
593.8485714285714 31.91642225252051
594.1142857142858 31.941354906769313
594.3928571428571 31.99425387173948
594.6614285714286 32.06428536030829
594.94 32.098014235816684
595.1957142857143 32.14759833779516
595.5071428571429 32.2083028127796
595.7585714285714 32.25369301744912
596.0814285714285 32.189895218522196
596.3842857142857 32.28790432319024
596.7014285714286 32.347465281169875
596.9757142857143 32.383489566209114
597.3042857142857 32.42661324082713
597.6128571428571 32.50456299618975
597.8728571428571 32.540492751432474
598.1314285714286 32.55913314313033
598.43 32.64846292885158
598.7028571428572 32.71580041776865
598.9757142857143 32.766276566505084
599.22 32.80540710517391
599.52 32.86637270730712
599.77 32.952690108816995
600.07 33.01570203448289
600.3371428571429 33.07546394450245
600.6157142857143 33.15100982291135
600.9114285714286 33.22693696194833
601.1842857142857 33.296286146699394
601.4385714285714 33.34911697641302
601.7014285714286 33.407541115631346
601.9928571428571 33.47988451406924
602.2342857142858 33.57880098724276
602.5114285714286 33.6474805152407
602.7628571428571 33.72116230569593
603.0457142857143 33.766270112986184
603.3 33.819452461665676
603.59 33.87018324876204
603.8385714285714 33.96684318161616
604.0814285714285 34.006276425047595
604.3757142857143 34.0964337040483
604.63 34.148400574588784
604.94 34.22302264514281
605.1885714285714 34.27368407375749
605.4457142857143 34.368884544176794
605.7557142857142 34.469227576254994
606.0371428571428 34.52487718878774
606.3142857142857 34.57882407769764
606.5685714285714 34.64786497480743
606.8585714285714 34.75166340686798
607.1214285714286 34.834303849923145
607.3914285714286 34.87280686868309
607.6657142857143 34.91915406567247
607.9271428571428 34.97436797552097
608.1985714285714 35.009162883394325
608.4785714285714 35.08030188320272
608.7471428571429 35.1373402718755
609.0171428571429 35.19188752363226
609.29 35.27095466817675
609.5671428571428 35.36358958335404
609.81 35.414402031442464
610.1028571428571 35.497054911904485
610.3314285714285 35.53315783234758
610.6185714285714 35.624916907694754
610.8685714285714 35.664264794945495
611.1357142857142 35.71413498844138
611.38 35.77182737521969
611.5785714285714 35.82365564969481
611.8014285714286 35.857678430026276
612.0685714285714 35.92765558347085
612.2985714285714 35.994567197985326
612.5428571428571 36.05106286166828
612.8385714285714 36.10802340449336
613.1742857142857 36.21357599079776
613.43 36.28912609018199
613.6671428571428 36.3507284215184
613.9314285714286 36.41543614145755
614.1828571428572 36.47011817532335
614.4314285714286 36.554889618733775
614.7028571428572 36.648354009761064
614.96 36.7102656643917
615.2114285714285 36.76898278764447
615.5 36.86193938342496
615.7542857142857 36.898921151960856
615.9985714285714 36.97671615081821
616.2014285714286 37.027318503408154
616.4657142857143 37.099336496017244
616.7171428571429 37.20564962186523
616.9785714285714 37.26544534990165
617.2771428571428 37.337923172647415
617.5414285714286 37.41148444260758
617.78 37.454180304975246
618.08 37.550948127754054
618.2971428571428 37.62529272669201
618.5585714285714 37.67663404978041
618.7642857142857 37.718028216820784
619.0214285714286 37.825755896149126
619.2357142857143 37.87004559762662
619.4985714285714 37.94048872446879
619.7428571428571 38.04499471318592
619.9585714285714 38.11975330011407
620.2171428571429 38.16410979595191
620.4871428571429 38.234179487671
620.7385714285714 38.298637502919256
620.9714285714285 38.321907146449526
621.2128571428572 38.40901189789199
621.4485714285714 38.4931695735982
621.7042857142857 38.55122722269741
621.9685714285714 38.63129163301732
622.17 38.6602302743283
622.36 38.701071467868786
622.6228571428571 38.78701673337888
622.8671428571429 38.86863250338794
623.0985714285714 38.94903677586165
623.3714285714286 38.9988706885287
623.6514285714286 39.081166200669266
623.9257142857143 39.1661319260277
624.1257142857143 39.21743315352806
624.3785714285714 39.29676311939137
624.6285714285714 39.367594288622364
624.8785714285714 39.42383102758901
625.0942857142857 39.47813681428505
625.3371428571429 39.52544741373173
625.63 39.60388938429376
625.8728571428571 39.678819340693686
626.1085714285714 39.72292716004544
626.3785714285714 39.77520306764185
626.6214285714286 39.81032781959497
626.8757142857143 39.86623174668968
627.1 39.90587996874793
627.3728571428571 40.00539456265916
627.6042857142858 40.04338468282537
627.86 40.107871000165936
628.1257142857143 40.171537357339915
628.3542857142858 40.21569415039812
628.5814285714285 40.291718062788746
628.8 40.36652531786058
629.0342857142857 40.401546329825024
629.28 40.451654678609636
629.5071428571429 40.5167085102681
629.7528571428571 40.6116371316017
629.9885714285714 40.671613278939766
630.2342857142858 40.738946597516865
630.4457142857143 40.73921629246518
630.6957142857143 40.779251280134126
630.9342857142857 40.87650155428411
631.19 40.915799124858225
631.4342857142857 40.96427099386061
631.6571428571428 41.03555306771519
631.8842857142857 41.10563570031984
632.1714285714286 41.13169172018776
632.37 41.17521043322442
632.5942857142857 41.231694288960284
632.8528571428571 41.342628591954536
633.1071428571429 41.433349002520664
633.3585714285714 41.509138531740966
633.5914285714285 41.57828936765245
633.8242857142857 41.60474461124811
634.0728571428572 41.623891364353085
634.3357142857143 41.670622538556685
634.5728571428572 41.74435591509828
634.84 41.76804399639384
635.0971428571429 41.85528229065592
635.3285714285714 41.89660323657673
635.5342857142857 41.9537550627682
635.7614285714286 42.01813694114608
635.99 42.0763481079352
636.2328571428571 42.15532699569584
636.4457142857143 42.22510926985285
636.6414285714286 42.26219336406914
636.8842857142857 42.31646606976483
637.0957142857143 42.394775691432
637.3428571428572 42.46388205732846
637.5628571428572 42.55801786419239
637.8028571428572 42.605902629709604
637.9828571428571 42.646529263301126
638.2342857142858 42.71520582300803
638.4728571428572 42.747294241033565
638.6928571428572 42.79178995978544
638.9242857142857 42.86430976589407
639.1685714285715 42.93802481561563
639.4314285714286 43.053576573301264
639.6585714285715 43.10912723081856
639.8985714285715 43.179795097709274
640.1214285714286 43.23407822691262
640.3171428571428 43.3136346932143
640.5357142857143 43.395181577929634
640.7728571428571 43.48424614482315
640.9885714285714 43.55526817335618
641.2285714285714 43.63159314880728
641.4571428571429 43.71028488468808
641.67 43.77277081645539
641.9014285714286 43.80526876567413
642.1057142857143 43.86528631562796
642.3342857142857 43.95510417827626
642.5457142857143 44.01228104624812
642.7757142857142 44.08364054363731
642.9957142857143 44.1120141869129
643.1985714285714 44.180689574627486
643.4285714285714 44.221341900730756
643.6614285714286 44.29693599707317
643.8757142857143 44.37127444543969
644.1 44.423295516534566
644.3128571428572 44.5009601781241
644.5114285714286 44.57141171060378
644.7528571428571 44.6481434744641
644.9671428571429 44.71285343401063
645.1514285714286 44.734952210942936
645.4042857142857 44.7882410217663
645.6257142857143 44.862656999461144
645.8542857142858 44.923574222765176
646.0771428571428 44.97934407956521
646.2985714285714 45.033425808129984
646.51 45.08984719931745
646.72 45.16377952964079
646.9157142857143 45.22675387753128
647.13 45.31026673742808
647.3514285714285 45.34814538436779
647.5671428571428 45.422666823436835
647.7771428571428 45.49123442559777
647.9757142857143 45.56092286841997
648.18 45.625854804150705
648.3814285714286 45.68532599021045
648.6628571428571 45.72297053717642
648.92 45.76602059296391
649.1514285714286 45.85658973354429
649.3271428571428 45.88073243116539
649.54 45.954475825046636
649.76 46.00329154112805
649.9871428571429 46.09098553378943
650.18 46.137031077256644
650.3914285714286 46.19605462489389
650.5885714285714 46.26986691690912
650.8542857142858 46.35632251190897
651.0614285714286 46.423231175846134
651.2771428571428 46.50079197389942
651.4928571428571 46.54745089645728
651.68 46.612215115752
651.8742857142857 46.63520711230436
652.0814285714285 46.71127581613614
652.3085714285714 46.777336817418615
652.5057142857142 46.82529208392772
652.7342857142858 46.89443563147295
652.94 46.97571100997524
653.1528571428571 47.03848368597769
653.3557142857143 47.10853184654092
653.5414285714286 47.17567992314381
653.7557142857142 47.23286038710163
653.9785714285714 47.279866817217616
654.1971428571428 47.36167713528344
654.4242857142857 47.42338127721117
654.6514285714286 47.508435341225805
654.8328571428572 47.57130698125891
655.0657142857143 47.657441464653516
655.28 47.73015350538975
655.4628571428572 47.8032453254163
655.63 47.844753263847
655.8571428571429 47.90509385833756
656.0557142857143 47.965516153090775
656.2728571428571 48.04297200639269
656.4742857142858 48.120445824576706
656.6714285714286 48.15925578579692
656.8714285714286 48.23272191060955
657.0585714285714 48.29310543225636
657.2685714285715 48.35073203552498
657.4828571428571 48.443303354475375
657.6928571428572 48.48652105791896
657.8985714285715 48.54365170636804
658.1371428571429 48.59006112844448
658.3257142857143 48.64254213940478
658.5371428571428 48.7257372847489
658.7514285714286 48.78988773618594
658.9957142857143 48.830368068425805
659.19 48.88109613511679
659.4085714285715 48.972082622183606
659.6285714285714 49.027939081157356
659.8585714285714 49.091794526191165
660.08 49.10776914079579
660.3128571428572 49.187162396450105
660.5128571428571 49.26418351330691
660.7157142857143 49.33216988840267
660.93 49.398319288188844
661.1485714285715 49.44794735113841
661.3257142857143 49.49692172828865
661.5071428571429 49.53747391921756
661.72 49.60740172748059
661.9228571428572 49.68737507841111
662.1228571428571 49.766801453128636
662.32 49.83409270190471
662.52 49.88043959960156
662.7171428571429 49.93827369098417
662.9357142857143 50.02534560951806
663.1385714285715 50.08501440035889
663.35 50.13357336981775
663.5557142857143 50.20283360877449
663.7614285714286 50.2545901585607
663.9771428571429 50.33267914409282
664.1728571428572 50.39923706029649
664.3742857142857 50.458015765554414
664.5771428571428 50.546128088968636
664.7585714285714 50.6037963394531
665.0071428571429 50.69769254138744
665.1985714285714 50.761404330751965
665.3928571428571 50.82009791745865
665.6114285714285 50.877427231296394
665.8314285714285 50.94017513591386
666.1028571428571 51.01121358790252
666.2971428571428 51.09129804325726
666.47 51.15929804858577
666.6585714285715 51.211243045500055
666.8342857142857 51.294805281288326
667.0157142857142 51.35108513371825
667.2414285714286 51.439843591187945
667.4342857142857 51.51609853171821
667.6057142857143 51.58396875796203
667.8185714285714 51.64387736689626
668.0085714285714 51.68311541071343
668.23 51.76736188753896
668.4071428571428 51.82504634018846
668.5885714285714 51.896914280458226
668.7742857142857 51.957206133124814
668.9971428571429 52.02376471219043
669.17 52.08311243443857
669.3714285714286 52.14047039659315
669.5542857142857 52.1995584415415
669.7671428571429 52.28743389092659
669.9742857142858 52.36678086728073
670.1871428571428 52.460687430976684
670.4 52.537390459370954
670.5971428571429 52.61483651849513
670.7742857142857 52.6891216840643
670.9885714285714 52.77484645697344
671.18 52.84513666593902
671.3785714285714 52.89970371540854
671.5728571428572 52.95571724529681
671.7685714285715 53.02916449408316
671.99 53.10293039016669
672.1785714285714 53.16095190724528
672.3685714285714 53.21980372648774
672.5771428571428 53.2869903397118
672.8057142857143 53.315665579627264
673.0114285714286 53.37466980759022
673.2271428571429 53.45899293866988
673.4114285714286 53.52324256227124
673.5857142857143 53.589814135069304
673.7628571428571 53.64292254508901
673.9528571428572 53.6819095852389
674.1328571428571 53.73381440151934
674.3342857142857 53.81066496531906
674.5085714285714 53.84472653774733
674.7014285714286 53.92537893190095
674.9028571428571 53.97887302346834
675.0971428571429 54.05678932855479
675.2557142857142 54.11164777658392
675.4771428571429 54.181259849358305
675.6628571428571 54.253055586445655
675.8471428571429 54.308300283334475
676.05 54.389435169736544
676.2728571428571 54.457118937599446
676.4714285714285 54.535762551722826
676.6242857142857 54.575828089450866
676.82 54.65162551721424
677.0242857142857 54.71777750182681
677.2128571428572 54.79637536290442
677.4214285714286 54.86457092193829
677.6014285714285 54.89789975124636
677.7857142857143 54.940986120157156
677.9785714285714 55.01869468431611
678.1785714285714 55.08122080108308
678.3642857142858 55.12773704944659
678.57 55.192776605398684
678.7671428571429 55.26247739772499
678.9128571428571 55.324736275010345
679.1 55.372751700645075
679.27 55.432052130815755
679.4071428571428 55.48608151764465
679.6142857142858 55.54322521385629
679.8114285714286 55.62835379703408
679.98 55.69223265640058
680.1728571428572 55.78148256600389
680.3528571428571 55.84504727484594
680.5342857142857 55.92837460575165
680.7071428571429 56.0064752577326
680.8585714285714 56.058382077113535
681.0457142857143 56.10324807999703
681.2385714285714 56.16513510523891
681.4171428571428 56.21148745850047
681.6057142857143 56.279284885421106
681.7828571428571 56.34706210739009
681.9757142857143 56.397203980334936
682.1671428571428 56.47445450691556
682.3571428571429 56.55795405033768
682.53 56.6345659729733
682.7228571428572 56.69523265031062
682.9228571428572 56.748344329149674
683.0828571428572 56.81666415021554
683.2857142857143 56.88903006083884
683.4771428571429 56.96462062780703
683.6557142857143 57.020364145127985
683.8357142857143 57.06275073064996
684.02 57.12761759795117
684.1928571428572 57.208112967042965
684.3914285714286 57.27658903729696
684.6014285714285 57.36206068944832
684.77 57.4161822383953
684.9571428571429 57.45599441037336
685.1328571428571 57.52407773899592
685.3371428571429 57.58557026831395
685.5085714285714 57.659264394271034
685.6971428571428 57.7212456117538
685.8928571428571 57.80029459070364
686.0714285714286 57.8342611054461
686.2242857142858 57.88988347039416
686.4228571428572 57.9145050197444
686.62 57.98918206054905
686.7657142857142 58.02845211492266
686.9628571428572 58.121413966764564
687.1142857142858 58.16193733383273
687.3157142857143 58.18579618060977
687.4714285714285 58.25822381203435
687.6371428571429 58.307750379713106
687.7942857142857 58.370509843367095
687.9471428571428 58.42230750933156
688.1114285714285 58.49012619278428
688.3071428571428 58.57290633588133
688.4614285714285 58.64407272249514
688.6542857142857 58.67122255780554
688.8042857142857 58.731563474251175
688.9814285714285 58.798445262933924
689.1671428571428 58.86688074356768
689.3742857142857 58.94455503401985
689.57 59.02812755485588
689.7642857142857 59.10053154186142
689.9328571428572 59.147518644336515
690.1128571428571 59.20445509042937
690.2885714285715 59.26135354265325
690.4357142857143 59.29398769955122
690.6414285714286 59.37995064606252
690.83 59.45449167918061
690.9971428571429 59.518045186655705
691.1642857142857 59.583990648068806
691.3414285714285 59.65781536042515
691.5071428571429 59.714736324581786
691.71 59.785000224038384
691.93 59.862569956786785
692.1185714285714 59.92266306451259
692.2757142857142 59.99184240137002
692.47 60.06737240355873
692.65 60.14145521346423
692.81 60.20094783449569
693.0028571428571 60.26493717551912
693.2171428571429 60.32421932148308
693.3771428571429 60.40464925267464
693.56 60.4832763984498
693.7357142857143 60.54910995995373
693.9128571428571 60.59797024280197
694.09 60.656580738105724
694.2628571428571 60.730903841302734
694.4471428571428 60.814841812439
694.63 60.88739542233813
694.8085714285714 60.93992384647403
694.97 60.99403533304606
695.1142857142858 61.057828743316385
695.2728571428571 61.091629909865226
695.4357142857143 61.170650708266606
695.5814285714285 61.23252848324371
695.7642857142857 61.30222636483864
695.9557142857143 61.35554614802828
696.1142857142858 61.41130894001971
696.2757142857142 61.484284919399336
696.4314285714286 61.54902797673126
696.6342857142857 61.61447790240352
696.8 61.700833437840956
696.98 61.770396305995256
697.1428571428571 61.82280871239764
697.2985714285714 61.881013224333486
697.4271428571428 61.95130863286379
697.6042857142858 62.04199725723266
697.8014285714286 62.07892662573569
697.9785714285714 62.13466245467858
698.1614285714286 62.2007543869932
698.3228571428572 62.26310221475039
698.5 62.33298141631014
698.66 62.38735290565799
698.8357142857143 62.45721977533243
699.0114285714286 62.51012974930773
699.1928571428572 62.55937339251613
699.3728571428571 62.62315116572459
699.5371428571428 62.67524255255061
699.7114285714285 62.730977584787475
699.8885714285715 62.76961655056339
700.0542857142857 62.82120252441463
700.2271428571429 62.86822156097573
700.4014285714286 62.90520377331035
700.5657142857143 62.97659461614406
700.75 63.05363942645433
700.9457142857143 63.11492273866277
701.1257142857143 63.154747126488225
701.2757142857142 63.20934841427243
701.4457142857143 63.270689640514675
701.6228571428571 63.322283889895324
701.8 63.36959281292663
701.9842857142858 63.42784335036529
702.1671428571428 63.49196432642643
702.31 63.53647561759765
702.4514285714286 63.59116273451569
702.63 63.6581891831014
702.8014285714286 63.71902062022236
702.9671428571429 63.77675033347407
703.1414285714286 63.832342524589855
703.3314285714285 63.87350146703009
703.5128571428571 63.92185953414436
703.68 63.98949663454305
703.8371428571429 64.0558527107646
704.0071428571429 64.09813386017757
704.1942857142857 64.13928398295945
704.36 64.18541275321385
704.5171428571429 64.2423967688932
704.7028571428572 64.25163106746281
704.8457142857143 64.30757343917581
705.0 64.37348550935974
705.1485714285715 64.43963970521747
705.3128571428572 64.50021885364733
705.5142857142857 64.50494715635055
705.6857142857143 64.57273302245908
705.8528571428571 64.65782992311014
706.0285714285715 64.71203327956205
706.1785714285714 64.77654645606376
706.3414285714285 64.8159427588961
706.4871428571429 64.86291127717055
706.6628571428571 64.93534182888779
706.83 64.99235973585151
706.9714285714285 65.04132535303019
707.1042857142858 65.0959167637832
707.2471428571429 65.15457843112415
707.41 65.2002234783816
707.5614285714286 65.2659395028264
707.7214285714285 65.33033348239161
707.9042857142857 65.38768053374807
708.0571428571428 65.44271719296975
708.2485714285714 65.52044039491986
708.4242857142857 65.57249793307331
708.5885714285714 65.6212471759867
708.7371428571429 65.68028116369547
708.8971428571429 65.74125152485276
709.0428571428571 65.7863702861786
709.1957142857143 65.83542783444408
709.3714285714286 65.88531489631288
709.5414285714286 65.96350704131378
709.6885714285714 66.01437079176084
709.8571428571429 66.04838164995076
710.0228571428571 66.11475732631249
710.1685714285715 66.16974431213971
710.32 66.22831191415476
710.4728571428572 66.28732364877521
710.6371428571429 66.32973334368612
710.7957142857143 66.40143003035118
710.93 66.46583738539609
711.0914285714285 66.5283201345902
711.2414285714286 66.58128508065934
711.3857142857142 66.63772465986408
711.5428571428571 66.69905201538224
711.6885714285714 66.74382632685081
711.8685714285714 66.8181602251032
712.0228571428571 66.88943789340959
712.1885714285714 66.95694075284938
712.3328571428572 67.02666866466546
712.4885714285714 67.08004430652332
712.6442857142857 67.14535326554099
712.7885714285715 67.2003464610107
712.9157142857143 67.23973324572962
713.0528571428572 67.27358619510616
713.2114285714285 67.33082661417833
713.3928571428571 67.37278017328003
713.54 67.43586875580226
713.73 67.47232750202686
713.8714285714286 67.5357630959689
714.0414285714286 67.5616583600469
714.2257142857143 67.63355713161849
714.38 67.67646799632642
714.5485714285714 67.73234106812316
714.7485714285714 67.8016731299103
714.9014285714286 67.8549133692066
715.0457142857143 67.89570114075445
715.22 67.95014287714424
715.4014285714286 68.02690495436453
715.5728571428572 68.09615439665684
715.7257142857143 68.14204361112535
715.8642857142858 68.2160175177653
716.0142857142857 68.26094274858355
716.1642857142857 68.31648252202018
716.3314285714285 68.38506128825449
716.4942857142858 68.44639075897058
716.6314285714286 68.48909887436781
716.7857142857143 68.5439184120468
716.9685714285714 68.62470044777692
717.1285714285714 68.6952427646915
717.2814285714286 68.73966103631058
717.4428571428572 68.79316009564633
717.6142857142858 68.86855736355612
717.7657142857142 68.93074189068798
717.9185714285715 68.97579304776835
718.0842857142857 69.02899006537868
718.2471428571429 69.08641769961815
718.43 69.1554775236984
718.5557142857143 69.18889186133704
718.7114285714285 69.24040875070605
718.8585714285714 69.2946580935534
718.9957142857143 69.33269698669605
719.1671428571428 69.36972995395863
719.3214285714286 69.41843721742953
719.4928571428571 69.48940043590054
719.6528571428571 69.5411349360312
719.81 69.59253707131882
719.9385714285714 69.63181691170715
720.1042857142858 69.66748519766308
720.2385714285714 69.7113521313567
720.3928571428571 69.75816558400025
720.5328571428571 69.79748186985651
720.6685714285715 69.85659855255278
720.8185714285714 69.90651798579016
720.9728571428572 69.96392371283736
721.1257142857143 70.0178695476974
721.2871428571428 70.07977555438886
721.4157142857143 70.12370050250004
721.57 70.18063317787534
721.72 70.2089780644781
721.8671428571429 70.25718790617186
722.0171428571429 70.28977213092273
722.1642857142857 70.35568846981255
722.3242857142857 70.41905414150598
722.4757142857143 70.48250411606038
722.62 70.54434699324857
722.78 70.61001440644117
722.9171428571428 70.66268371794816
723.0585714285714 70.71333450982542
723.2157142857143 70.78032698660171
723.3771428571429 70.82700149384436
723.5314285714286 70.86603360557379
723.6857142857143 70.92411525474178
723.8285714285714 70.98370149396688
723.9714285714285 71.0365662611024
724.1242857142857 71.08923835527116
724.2671428571429 71.13714659436079
724.4014285714286 71.19234055837354
724.5385714285715 71.22277567450104
724.7071428571429 71.2882978344558
724.8685714285714 71.33312517756818
724.9942857142858 71.37729426164049
725.1614285714286 71.43318014357247
725.3185714285714 71.48834612521671
725.4685714285714 71.54550067952675
725.61 71.60606477219807
725.7714285714286 71.65376763085031
725.9171428571428 71.70234525553602
726.0642857142857 71.76045139935964
726.19 71.82461282285531
726.3328571428572 71.87004888002207
726.4842857142858 71.93013248087716
726.6171428571429 71.96191364982946
726.7628571428571 72.01031791319583
726.9157142857143 72.05172227370979
727.0785714285714 72.12188339030371
727.21 72.16712968229251
727.3471428571429 72.21303173089906
727.5042857142857 72.26048678311572
727.6171428571429 72.29386258135851
727.7657142857142 72.35943481724634
727.9328571428572 72.42708181796549
728.08 72.44982991061639
728.2657142857142 72.52323959970047
728.42 72.5540449737993
728.5714285714286 72.58114129957082
728.7242857142858 72.63731790886884
728.8685714285714 72.68772163408326
729.0128571428571 72.72427089319395
729.13 72.77721084061704
729.2857142857143 72.82951712937111
729.43 72.85209083320582
729.5614285714286 72.91004470471302
729.6971428571428 72.95070350613251
729.81 72.98648364883755
729.9185714285715 73.02041142287148
730.0242857142857 73.0369474290984
730.1685714285715 73.08638458488811
730.3271428571428 73.09595555554056
730.4814285714285 73.13186747837575
730.6157142857143 73.17824308205496
730.7485714285714 73.23089231192203
730.8785714285714 73.27343774471818
731.0128571428571 73.30521847865087
731.1928571428572 73.3199912848538
731.3214285714286 73.36842064656204
731.4828571428571 73.42167387748938
731.6471428571429 73.49315894983636
731.7714285714286 73.5388662391641
731.8985714285715 73.57743673716668
732.0857142857143 73.66473618942898
732.2285714285714 73.73266318446568
732.3542857142858 73.76353334419656
732.5042857142857 73.83662306595403
732.6457142857142 73.8870705520799
732.7742857142857 73.94763194714649
732.8942857142857 73.9969277592046
733.0557142857143 74.07163940505758
733.2042857142857 74.10646352260164
733.3371428571429 74.16781453470975
733.4742857142858 74.22053262894094
733.6114285714285 74.27538663293994
733.7528571428571 74.3427110748946
733.8842857142857 74.39058683301478
734.0242857142857 74.42854863169372
734.1371428571429 74.47753004158662
734.2985714285714 74.52760718403044
734.4514285714286 74.59129794420134
734.6071428571429 74.6644469220208
734.7471428571429 74.73487946921813
734.8785714285714 74.79611465595808
735.0414285714286 74.83002960903859
735.1914285714286 74.88467383676493
735.3171428571428 74.92647415791266
735.4528571428572 74.98333094958032
735.5885714285714 75.03572357201803
735.7171428571429 75.08654038443737
735.8528571428571 75.12421610840484
735.9985714285714 75.1811831403673
736.1228571428571 75.23066516926956
736.2542857142857 75.30100529153236
736.4142857142857 75.3548008058957
736.5342857142857 75.39980397456769
736.6728571428572 75.4383857797187
736.85 75.48158450528011
737.0 75.54210377041458
737.1442857142857 75.60860767983407
737.2742857142857 75.66203124151552
737.4014285714286 75.71118413299561
737.5785714285714 75.78305266296442
737.7028571428572 75.82485082919703
737.84 75.8718903693043
737.96 75.89970492326832
738.0885714285714 75.95016162516723
738.24 76.00293345742963
738.3514285714285 76.0532298773714
738.4885714285714 76.10916514727705
738.6257142857143 76.15579559923019
738.7814285714286 76.2101563019279
738.9157142857143 76.25242346713092
739.0514285714286 76.29578902435553
739.2242857142858 76.34208632658988
739.3557142857143 76.3837576749272
739.4657142857143 76.43026478447884
739.5957142857143 76.47828370591274
739.7428571428571 76.53783148533418
739.86 76.58570969769661
740.0085714285714 76.64478709288849
740.17 76.71382610637943
740.3071428571428 76.75793812229733
740.4314285714286 76.8020112972378
740.5671428571428 76.86451901671245
740.6914285714286 76.90122744100623
740.8342857142857 76.95810852675326
740.9871428571429 77.00640855747594
741.12 77.04523614096567
741.2657142857142 77.09283719451092
741.4 77.12288839354417
741.5471428571428 77.15704443157418
741.6785714285714 77.18897790378095
741.8085714285714 77.23944477495722
741.94 77.27623082951203
742.0942857142857 77.31943085603436
742.2271428571429 77.34495205519359
742.3571428571429 77.39982879071633
742.4757142857143 77.44870088749084
742.6157142857143 77.49762677747897
742.7814285714286 77.5366963614564
742.9057142857143 77.6010650003506
743.0214285714286 77.64818016867522
743.1371428571429 77.69172449348852
743.2671428571429 77.75096008667782
743.3857142857142 77.78877030530879
743.5171428571429 77.8368933480389
743.6457142857142 77.87266427576557
743.7514285714286 77.91151531237857
743.8814285714286 77.9537587022611
744.0071428571429 78.01090276581354
744.1342857142857 78.0532206931676
744.2557142857142 78.09386182571502
744.42 78.15331508057082
744.5528571428572 78.16798100007209
744.6971428571428 78.22095364025921
744.8271428571428 78.28174496084024
744.9642857142857 78.33242419168818
745.1214285714286 78.36235737744408
745.2685714285715 78.40463538977082
745.3957142857142 78.43163454737082
745.5257142857142 78.48115177112986
745.6428571428571 78.5175660278882
745.7742857142857 78.55064372540204
745.92 78.60330781843729
746.05 78.64426389257251
746.1914285714286 78.6980643608903
746.3285714285714 78.739210524776
746.4528571428572 78.78359418594141
746.5971428571429 78.82768003168945
746.7271428571429 78.8894019863204
746.8557142857143 78.93937866350933
746.9657142857143 78.97328623457372
747.0914285714285 79.00803230178228
747.24 79.07711308602524
747.3814285714286 79.12832661157601
747.51 79.1573913397833
747.6328571428571 79.19325562934979
747.7585714285714 79.25334866152343
747.8928571428571 79.3157699654716
747.9857142857143 79.3492655748723
748.1457142857142 79.38049779000457
748.2557142857142 79.41408496908862
748.39 79.46376550738266
748.5342857142857 79.53182191370924
748.6742857142857 79.5633446017078
748.8028571428572 79.61204927356202
748.9414285714286 79.6811833815282
749.0771428571428 79.7214915502778
749.1914285714286 79.77707090577678
749.3114285714286 79.82448655129588
749.4214285714286 79.87204250500878
749.55 79.91110270021281
749.6557142857143 79.94178879247254
749.7571428571429 79.96720281118066
749.8857142857142 80.0053007645054
750.0257142857142 80.04365347916772
750.1328571428571 80.08865477804554
750.2071428571429 80.12716077924655
750.3471428571429 80.16658839281634
750.4671428571429 80.21188182621489
750.5942857142857 80.25350372416192
750.7257142857143 80.2925564221211
750.8414285714285 80.34446048022838
750.9671428571429 80.39941640196409
751.0885714285714 80.45329827007862
751.23 80.51031771730467
751.37 80.54649862426972
751.51 80.564753099976
751.6314285714286 80.58721280557036
751.7742857142857 80.60653776279086
751.8885714285715 80.66230945595875
752.01 80.72006884035001
752.1442857142857 80.7817351693512
752.2771428571428 80.84126903174763
752.43 80.89951705541706
752.5328571428571 80.9521683981532
752.6714285714286 81.01117417556608
752.7871428571428 81.05290033533198
752.8871428571429 81.08714191596432
753.0 81.12837986813624
753.1271428571429 81.17671502299905
753.2585714285714 81.21518246903366
753.38 81.25947876920345
753.5042857142857 81.31687068500136
753.6157142857143 81.35514987258594
753.7342857142858 81.40097134624875
753.8757142857143 81.44779160296363
754.0085714285714 81.48303446096169
754.1114285714285 81.51531016899636
754.2342857142858 81.57557540312108
754.3528571428571 81.60719136701235
754.47 81.64755874093719
754.6042857142858 81.68432018891454
754.7228571428572 81.730743898871
754.8514285714285 81.78079277327768
755.01 81.8019252740471
755.1585714285715 81.8694606165648
755.2771428571428 81.87624768270987
755.3971428571429 81.91086605279494
755.5114285714286 81.96144203702667
755.6442857142857 82.00549919749714
755.7914285714286 82.04626864301865
755.9214285714286 82.09137480697201
756.0371428571428 82.12756602981992
756.1742857142857 82.16303915426695
756.2957142857143 82.19537584275987
756.3857142857142 82.22542949023659
756.5214285714286 82.27996346063595
756.6442857142857 82.33080302109603
756.77 82.38284237733491
756.9057142857143 82.42417747043572
757.0214285714286 82.47270046066942
757.1471428571429 82.50897418815642
757.2671428571429 82.54410573121908
757.3914285714286 82.58601748528196
757.51 82.6261114409089
757.6242857142857 82.67126573986431
757.7728571428571 82.72519344981937
757.8871428571429 82.77653254935942
757.9871428571429 82.81895800989705
758.1028571428571 82.87121016337565
758.2142857142857 82.91136533883824
758.35 82.94415490327216
758.4614285714285 82.98437344125931
758.5642857142857 83.02355102333813
758.6771428571428 83.07826802741198
758.7971428571428 83.09734707280063
758.9128571428571 83.1504288977134
759.02 83.18225263285323
759.1714285714286 83.22219279860424
759.2814285714286 83.25811390834963
759.3985714285715 83.29695742761149
759.5157142857142 83.34730778802611
759.64 83.40316341780616
759.7714285714286 83.43982976426376
759.9042857142857 83.49530399911086
760.0385714285715 83.51325319998598
760.1485714285715 83.56963248902741
760.2785714285715 83.61062317055855
760.3928571428571 83.64670376338972
760.4957142857143 83.68999771999755
760.6342857142857 83.73801348803627
760.7928571428571 83.77523717534316
760.9242857142857 83.81522175545066
761.0371428571428 83.86571317232269
761.1714285714286 83.89912729097975
761.2885714285715 83.92214619338853
761.4471428571428 83.97769514722303
761.5571428571428 84.02711526972594
761.6842857142857 84.02781768376789
761.8042857142857 84.06966410207582
761.9057142857143 84.11181822097879
762.0214285714286 84.1511233277774
762.1314285714286 84.19257091053612
762.26 84.24111012559806
762.36 84.27230608970348
762.4714285714285 84.311894807125
762.5928571428572 84.36192352364326
762.68 84.39874294774066
762.8071428571428 84.44279170248277
762.9142857142857 84.48315352247924
763.0157142857142 84.51511810939851
763.1185714285714 84.54984865644353
763.2185714285714 84.58331391985317
763.3714285714286 84.6307085891212
763.4714285714285 84.67551823587621
763.5742857142857 84.7199471079427
763.6842857142857 84.75687038498782
763.8085714285714 84.79916818574867
763.91 84.83407460797976
764.0214285714286 84.88437544065778
764.1328571428571 84.91101665891827
764.2585714285714 84.95908464528421
764.3685714285714 84.9834361423279
764.5057142857142 85.02850634626972
764.6242857142857 85.06693642416839
764.7357142857143 85.12429780049278
764.8542857142858 85.16661392546449
764.9628571428572 85.20416475381866
765.0528571428572 85.23762161010718
765.17 85.27663282438822
765.3028571428572 85.32881611025573
765.4028571428571 85.3586089591533
765.5085714285714 85.40167608634401
765.6014285714285 85.43588313297654
765.7042857142857 85.4768981928328
765.8128571428572 85.52867220206963
765.9285714285714 85.56935819751104
766.0257142857142 85.60224698178348
766.1242857142857 85.63983024994937
766.2228571428572 85.67574725968844
766.3357142857143 85.69906180798031
766.4371428571428 85.73825018900912
766.5585714285714 85.78367675036888
766.68 85.83072404606534
766.7928571428571 85.87750337271318
766.8771428571429 85.91339947457887
766.9857142857143 85.94878084460314
767.0914285714285 85.9861597521065
767.2257142857143 86.0407157929731
767.3357142857143 86.0717844860362
767.4514285714286 86.1138029057423
767.5671428571428 86.16034428579871
767.6771428571428 86.2173371984952
767.78 86.24279630301358
767.9142857142857 86.26474584936855
768.0271428571428 86.30589444943936
768.1542857142857 86.33571677000234
768.2742857142857 86.35997239110138
768.3957142857142 86.39693958131244
768.52 86.4418459571228
768.6485714285715 86.48806469190326
768.7828571428571 86.51834171962439
768.9171428571428 86.55149049465595
769.0285714285715 86.5911035333187
769.1414285714286 86.62487986702389
769.2228571428572 86.65843391858253
769.3171428571428 86.6991377017915
769.4057142857143 86.7433256525754
769.52 86.78556870599112
769.6542857142857 86.83647118801802
769.7714285714286 86.88714193880409
769.8842857142857 86.92103883192316
769.9985714285714 86.97383388412146
770.1114285714285 87.02279073141138
770.2328571428571 87.061067843372
770.3485714285714 87.09307133049597
770.4771428571429 87.1418903967845
770.5771428571428 87.1728163247474
770.7057142857143 87.22263111077746
770.8342857142857 87.28003028700009
770.9414285714286 87.30923286731489
771.06 87.33546951050806
771.1671428571428 87.3709589603463
771.2771428571428 87.4154096265633
771.3971428571429 87.46057844265968
771.5014285714286 87.49691184880682
771.6114285714285 87.5213630865382
771.7385714285714 87.56591760739737
771.8428571428572 87.60839771910831
771.9557142857143 87.6479956439659
772.0685714285714 87.69951876527924
772.1742857142857 87.7454109038313
772.2785714285715 87.78881766634791
772.3842857142857 87.8308103962036
772.48 87.85801655490165
772.5914285714285 87.88810636104424
772.6928571428572 87.91723709476581
772.7842857142857 87.96192136172583
772.8942857142857 87.97262040856323
772.9671428571429 87.99775849243777
773.0685714285714 88.0292797284837
773.1814285714286 88.07541604039541
773.3014285714286 88.12490646569317
773.4242857142857 88.16327182840395
773.5328571428571 88.19029564795991
773.6514285714286 88.25080455380584
773.7542857142857 88.29309476094234
773.8657142857143 88.34152560448068
773.9814285714285 88.35649890779864
774.0657142857143 88.40044938957503
774.1542857142857 88.43908969073557
774.2571428571429 88.47897444513964
774.38 88.5239225525596
774.5057142857142 88.56633488778193
774.6157142857143 88.59836581504811
774.7214285714285 88.63513383949928
774.84 88.67956880108721
774.95 88.73018729462403
775.0485714285714 88.7728801317345
775.1485714285715 88.80960126543877
775.2642857142857 88.8496029341108
775.3642857142858 88.89203645263451
775.4942857142858 88.92913203917007
775.62 88.9848399748548
775.7314285714285 89.0219267694135
775.8342857142857 89.07267272264501
775.9357142857143 89.09969426483497
776.0542857142857 89.13123802842107
776.1571428571428 89.16452711686321
776.2571428571429 89.20672262982414
776.3428571428572 89.24002542440128
776.4442857142857 89.26455854493167
776.5442857142857 89.3123277287326
776.6314285714286 89.35203807155932
776.73 89.39265723414859
776.8542857142858 89.42943555905052
776.9557142857143 89.4581337421149
777.08 89.50694316943517
777.1871428571428 89.56046290317062
777.3142857142857 89.60286611135217
777.4257142857143 89.63991818121458
777.5157142857142 89.67465297658232
777.63 89.72052594246999
777.7314285714285 89.75949034326689
777.8385714285714 89.80376602796825
777.9428571428572 89.85225286650864
778.0542857142857 89.90891860088854
778.1657142857143 89.94397220555037
778.2742857142857 89.99513050841047
778.3757142857143 90.0262097199588
778.4842857142858 90.04960345931606
778.58 90.0820840111935
778.6971428571428 90.12418545770316
778.8014285714286 90.15394081883815
778.8914285714286 90.19306702775587
779.0057142857142 90.24027675910904
779.1128571428571 90.27410242346899
779.2371428571429 90.32005271895902
779.3514285714285 90.33396587870718
779.4514285714286 90.3782177519676
779.5357142857143 90.4072814995009
779.63 90.4421595292524
779.7385714285714 90.45661594646124
779.8642857142858 90.5149637653378
779.9428571428572 90.53959775422032
780.0342857142857 90.57776065638997
780.1385714285715 90.61302554560525
780.2485714285714 90.65959811531947
780.3657142857143 90.70973039892452
780.4671428571429 90.7430323354531
780.56 90.7639526866042
780.67 90.80226414084859
780.76 90.83079963916504
780.8514285714285 90.8722991213417
780.9542857142857 90.89509223695836
781.0414285714286 90.92465555580594
781.1342857142857 90.96110078331422
781.2442857142858 91.00364899491866
781.3357142857143 91.03210541466828
781.4371428571428 91.07390005262211
781.5457142857143 91.1141146273427
781.63 91.15644846790505
781.74 91.17576197002938
781.8328571428572 91.22232619173218
781.9328571428572 91.24305954192816
782.0385714285715 91.26717181066132
782.1385714285715 91.30683354510504
782.2528571428571 91.35599254454685
782.3671428571429 91.40081864227155
782.4742857142858 91.41125716139514
782.5857142857143 91.44742821714067
782.6757142857143 91.47909841355188
782.7828571428571 91.52271694583216
782.8885714285715 91.56903872742205
782.9985714285714 91.60682139523988
783.07 91.63029506019447
783.1685714285715 91.64570790627087
783.2542857142857 91.67003040109662
783.3571428571429 91.71028522083624
783.4557142857143 91.73389102573954
783.54 91.7562538945186
783.6214285714286 91.77962876078216
783.73 91.82729303072429
783.8357142857143 91.84489714633548
783.9357142857143 91.88554262221979
784.0314285714286 91.91481803702986
784.14 91.95820939251757
784.2614285714286 92.00551360112246
784.3557142857143 92.03241970258681
784.4685714285714 92.0850846568984
784.5657142857143 92.11627268090132
784.6428571428571 92.14902648402641
784.7414285714286 92.18782685359139
784.8357142857143 92.22909606986214
784.9571428571429 92.2682746032613
785.0385714285715 92.30313279697782
785.1371428571429 92.33111121225917
785.2371428571429 92.37222264761644
785.3442857142857 92.39628239385148
785.4557142857143 92.43485605516078
785.5471428571428 92.47352359963558
785.6342857142857 92.50016724373282
785.7242857142858 92.5290642746406
785.8228571428572 92.56390928579323
785.94 92.60786526848095
786.0371428571428 92.6374402065364
786.13 92.66495688565816
786.2342857142858 92.68734326251207
786.3414285714285 92.73921933013017
786.4342857142857 92.77730329858389
786.5314285714286 92.81815954799013
786.6257142857143 92.84389298793054
786.7257142857143 92.8369541353934
786.8328571428572 92.87695064089647
786.9457142857143 92.92119769017059
787.0357142857143 92.93165229766323
787.1457142857142 92.96138181025911
787.2371428571429 92.99482836917893
787.33 93.03680236947051
787.42 93.05122283737471
787.5242857142857 93.09450785192935
787.6042857142858 93.13292442797898
787.7228571428572 93.17258460058231
787.8171428571428 93.21154884856934
787.9285714285714 93.24289836356476
788.0142857142857 93.27938756604543
788.0985714285714 93.31122412289156
788.19 93.34932723681025
788.2971428571428 93.39786901991756
788.3914285714286 93.43447474523336
788.4914285714286 93.4669308650832
788.5757142857143 93.49899196279303
788.6885714285714 93.52797588226939
788.7957142857143 93.56356072622216
788.8771428571429 93.6022956375563
788.9842857142858 93.6338012523853
789.0857142857143 93.67331948186137
789.1542857142857 93.70755758125301
789.2442857142858 93.7465400574152
789.34 93.7782753163874
789.4371428571428 93.81589612984689
789.5028571428571 93.8290762872472
789.5985714285714 93.86080918094721
789.6842857142857 93.89673525462776
789.7757142857142 93.92961315619368
789.8728571428571 93.93571969110124
789.9657142857143 93.97291468318262
790.06 94.00973589735639
790.1571428571428 94.04607821331157
790.2442857142858 94.08322212524946
790.3528571428571 94.11992657443628
790.4328571428572 94.1406113898518
790.5157142857142 94.16692045854009
790.61 94.20382833647207
790.6985714285714 94.2336562604105
790.8057142857143 94.27605021415143
790.8971428571429 94.30265550814569
791.0014285714286 94.34197222487002
791.0942857142857 94.3456477790782
791.2071428571429 94.39100006416189
791.2985714285714 94.41348651397476
791.4042857142857 94.44227208723747
791.5171428571429 94.48160492130745
791.6271428571429 94.51431213982491
791.7371428571429 94.55869667190096
791.8242857142857 94.59516472339158
791.9085714285715 94.6292377137646
791.98 94.65479574566623
792.0885714285714 94.67396435057141
792.1785714285714 94.70197722375102
792.2685714285715 94.72532015441716
792.3542857142858 94.75747325130176
792.4228571428572 94.78474094646548
792.5385714285715 94.83588684824899
792.6271428571429 94.84974703481805
792.72 94.87497322072744
792.8085714285714 94.90383920630644
792.9028571428571 94.93922002888716
793.0028571428571 94.97935920850965
793.0914285714285 94.99994841178803
793.1871428571428 95.0255479862111
793.2757142857142 95.04294479337715
793.3642857142858 95.07026320485815
793.4671428571429 95.08324975416865
793.5557142857143 95.09322906162159
793.6557142857143 95.11640355275723
793.76 95.14395147431046
793.8542857142858 95.18582937193416
793.9571428571429 95.23143043305492
794.0442857142857 95.26042632073452
794.1271428571429 95.2950968591107
794.2157142857143 95.33003005929272
794.3157142857143 95.36222058369626
794.4085714285715 95.40408112914497
794.5071428571429 95.434755250421
794.6085714285714 95.45690702893091
794.7128571428572 95.48995171643172
794.8114285714286 95.52901504843997
794.9057142857143 95.5645508133864
794.9857142857143 95.58805164993231
795.0685714285714 95.6260353610451
795.1742857142857 95.65625105036905
795.2757142857142 95.69187696874245
795.3757142857143 95.72199992248395
795.4728571428572 95.75124605983476
795.5585714285714 95.77137026670927
795.6428571428571 95.8105898069195
795.7214285714285 95.83532817657404
795.7971428571428 95.86706337517506
795.89 95.89986827590637
795.9842857142858 95.92504843485193
796.0657142857143 95.9511303928542
796.1771428571428 95.98502233457555
796.2642857142857 96.00321962846489
796.3642857142858 96.04061571625391
796.4528571428572 96.07753071790188
796.5342857142857 96.08444498543244
796.6157142857143 96.12049563530763
796.6928571428572 96.13626598236739
796.79 96.15029164641676
796.8728571428571 96.17876242131187
796.96 96.20427777139885
797.0442857142857 96.23458483207034
797.1328571428571 96.27351834836355
797.2057142857143 96.30820798775355
797.2957142857143 96.34392217826083
797.3714285714286 96.38542850303187
797.4714285714285 96.42302502385877
797.5714285714286 96.45881231344534
797.66 96.48431629241549
797.7314285714285 96.5056241444948
797.8071428571428 96.53358925517061
797.9042857142857 96.5749694861392
798.0085714285714 96.60846712738505
798.0971428571429 96.63268650178267
798.1714285714286 96.67220714652177
798.2814285714286 96.70021783622236
798.3442857142857 96.72516132968201
798.4385714285714 96.76111284668887
798.5385714285715 96.78465956440489
798.6128571428571 96.81455869755425
798.6942857142857 96.83502612638047
798.7642857142857 96.85252795073336
798.8414285714285 96.88507268098502
798.9357142857143 96.91857641190039
799.0228571428571 96.9390295106612
799.1128571428571 96.95998676419515
799.22 96.96475267746823
799.3071428571428 96.99772842410248
799.3857142857142 97.026299527078
799.4628571428572 97.06011907944648
799.5528571428572 97.08260161784617
799.6385714285715 97.10812491014478
799.7257142857143 97.13995432120743
799.7957142857143 97.17152796538991
799.9071428571428 97.20397976838285
799.9885714285714 97.24103872177719
800.0671428571428 97.2687812205059
800.1514285714286 97.29704637864268
800.2457142857143 97.32437494644667
800.3342857142857 97.32275828707769
800.4371428571428 97.34495565974285
800.5257142857142 97.36500163733442
800.6071428571429 97.39804444610371
800.7028571428572 97.43053865739273
800.8114285714286 97.46903773498249
800.8971428571429 97.50812734759639
800.9628571428572 97.5245468845866
801.0514285714286 97.56038553045917
801.1485714285715 97.5964696335767
801.23 97.62759502539996
801.32 97.66174962110699
801.3971428571429 97.67914538154415
801.4957142857143 97.70409464480866
801.5885714285714 97.7331884315107
801.6814285714286 97.74661381847314
801.7628571428571 97.77086753384182
801.84 97.78960569202638
801.9071428571428 97.82407323930943
802.0028571428571 97.84871972472526
802.1 97.8897002711226
802.1928571428572 97.93249670926707
802.29 97.9448629600221
802.3885714285715 97.97099150658401
802.4685714285714 98.00293642918624
802.55 98.0308354892679
802.6228571428571 98.0640971247932
802.6942857142857 98.07200485415196
802.7857142857143 98.11394398604224
802.8757142857143 98.15005728029027
802.9614285714285 98.18194227599321
803.0628571428572 98.21414833500229
803.1457142857142 98.25189618123743
803.2214285714285 98.26154610465669
803.3085714285714 98.29162580428475
803.4057142857143 98.32417534869653
803.5042857142857 98.36319219186052
803.5842857142857 98.38515906278508
803.67 98.40708979483344
803.7528571428571 98.43816272278292
803.8171428571428 98.46206937112198
803.9114285714286 98.49485661227263
804.0185714285715 98.52695294056909
804.1214285714286 98.56600352499349
804.2042857142857 98.59037804243667
804.28 98.62311841033282
804.39 98.66066270929605
804.4514285714286 98.68302566533706
804.5257142857142 98.70589351747329
804.62 98.69880861070766
804.7042857142857 98.71583027117342
804.78 98.72190475181007
804.8371428571429 98.7428086100301
804.92 98.77780675483807
805.0257142857142 98.78958098948732
805.1071428571429 98.81535043972696
805.1971428571428 98.84984345559475
805.2785714285715 98.86989962010189
805.35 98.89898352028074
805.4285714285714 98.91499673348828
805.5214285714286 98.94616879098486
805.5928571428572 98.96390987008843
805.6642857142857 98.97856090127331
805.7585714285714 99.00113580489939
805.8371428571429 99.0355020394918
805.9342857142857 99.0649631307149
806.0185714285715 99.08539371831712
806.0971428571429 99.09556228170896
806.1657142857143 99.11474237539751
806.2514285714286 99.15313620131803
806.34 99.1921235162757
806.44 99.22547321655905
806.5285714285715 99.27220441897285
806.61 99.30419249275458
806.68 99.33622563023351
806.7628571428571 99.35758338778446
806.8371428571429 99.3833593889925
806.9371428571428 99.4012780052564
807.0157142857142 99.42314899817677
807.0914285714285 99.45036467364835
807.1771428571428 99.4737370842548
807.2642857142857 99.50482628349931
807.34 99.53410124396305
807.43 99.55311858083729
807.5185714285715 99.58453579275161
807.6257142857143 99.61697703314918
807.6985714285714 99.63117533949875
807.78 99.64869709443279
807.8728571428571 99.67685761090246
807.9514285714286 99.70562069964143
808.0185714285715 99.73282447798634
808.1 99.74183413390203
808.1871428571428 99.77455620656522
808.2757142857142 99.79779117414013
808.3628571428571 99.83009768522832
808.4328571428572 99.84077340817986
808.52 99.8793458108303
808.5928571428572 99.89430010537032
808.6757142857143 99.91289043689376
808.7542857142857 99.94531936446707
808.8271428571428 99.96769209348311
808.9028571428571 99.99111115205001
808.9842857142858 100.01644233310441
809.0614285714286 100.03734895211304
809.1471428571429 100.07143260054964
809.22 100.09730687717303
809.27 100.11368337758702
809.3371428571429 100.13937664961546
809.4342857142857 100.1774389800664
809.5042857142857 100.20289136533242
809.5985714285714 100.22581227278147
809.6742857142857 100.25684994840887
809.78 100.28180692999352
809.8728571428571 100.28221753374109
809.9528571428572 100.29836351042529
810.0242857142857 100.32374338417364
810.1157142857143 100.36034950471212
810.1771428571428 100.38462536874387
810.2542857142857 100.41824365267178
810.33 100.45413881828104
810.4057142857143 100.48434049875144
810.4714285714285 100.51095804693522
810.55 100.52790024044329
810.6242857142857 100.54933654837717
810.6957142857143 100.56736179867556
810.7671428571429 100.59163357023608
810.8342857142857 100.61020390079597
810.9157142857143 100.63344457776623
811.0085714285714 100.65988249343869
811.0728571428572 100.68527207021724
811.1414285714286 100.6972189179682
811.22 100.70195773591243
811.2871428571428 100.7191401122851
811.3571428571429 100.74827846738944
811.4428571428572 100.77477199148926
811.5385714285715 100.81067652551891
811.6242857142857 100.84570990484897
811.6971428571428 100.85993485128569
811.7657142857142 100.8869221895183
811.83 100.91708781124876
811.91 100.95482162127614
811.9828571428571 100.98552846284912
812.0614285714286 101.0054203178155
812.1214285714286 101.02204945348183
812.1942857142857 101.04373461489537
812.2728571428571 101.06789516896619
812.34 101.09328741853867
812.41 101.11822094252265
812.4842857142858 101.13307163846679
812.5557142857143 101.1594219592731
812.6328571428571 101.18546721640496
812.7114285714285 101.2090692171636
812.8042857142857 101.2386392159857
812.8742857142857 101.2675243997722
812.9542857142857 101.26815729130853
813.0285714285715 101.28360321995893
813.1028571428571 101.30855285546075
813.1771428571428 101.33801590824585
813.2542857142857 101.34870707165969
813.3285714285714 101.36006745294213
813.3914285714286 101.38750398161254
813.47 101.41758015794395
813.5585714285714 101.44405562386767
813.63 101.45180163192455
813.7157142857143 101.47052136210618
813.8014285714286 101.47417973993838
813.8842857142857 101.4928035190463
813.96 101.51791373805995
814.0328571428571 101.53977806621573
814.0957142857143 101.56664504880759
814.1857142857143 101.58916009800225
814.2528571428571 101.61367725494847
814.3257142857143 101.63532482357022
814.41 101.66836695029816
814.4942857142858 101.68910358068221
814.5857142857143 101.72580791476929
814.6642857142857 101.75556356751491
814.7442857142858 101.77820444506433
814.8285714285714 101.78721548833624
814.9185714285715 101.82243765764838
814.9942857142858 101.85415515800594
815.0771428571428 101.8738303111675
815.16 101.87459035612804
815.2242857142858 101.88476889727711
815.3171428571428 101.91041813847296
815.3957142857142 101.94265679725288
815.4714285714285 101.94983498497754
815.54 101.96940465148624
815.61 102.00300515924252
815.6985714285714 102.04277903566266
815.7971428571428 102.05903922851965
815.8614285714285 102.08122911197752
815.9357142857143 102.10536303462845
816.0014285714286 102.1350546227481
816.0728571428572 102.1534742895298
816.1571428571428 102.16575156562757
816.2342857142858 102.18800576573993
816.3114285714286 102.21881847587017
816.3814285714286 102.24275552141323
816.4671428571429 102.26191683208002
816.5557142857143 102.28890351020607
816.6485714285715 102.32003670894261
816.7328571428571 102.35344415879204
816.8014285714286 102.37730294447672
816.8728571428571 102.39994023467686
816.9371428571428 102.41911728544801
817.0228571428571 102.45390906415456
817.0971428571429 102.48068588250922
817.1842857142857 102.51877407285151
817.26 102.53901647595876
817.3457142857143 102.56653751004521
817.4071428571428 102.58389193498617
817.47 102.60177870215959
817.55 102.61242308087918
817.6214285714286 102.63753938052042
817.6942857142857 102.66751604777627
817.7785714285715 102.70092612462025
817.8514285714285 102.71872610792657
817.9042857142857 102.73525699007465
817.9814285714285 102.7698148667286
818.0528571428572 102.78312406559462
818.1442857142857 102.80274337075565
818.2214285714285 102.81233287863702
818.2985714285714 102.82733140460843
818.3757142857143 102.84379996823726
818.4628571428572 102.86329966585936
818.5642857142857 102.89615935323546
818.6357142857142 102.93248274716882
818.7242857142858 102.96326127254417
818.8042857142857 102.98150581316193
818.8614285714285 102.99965664186718
818.9428571428572 103.02815506328811
819.0242857142857 103.03372912706574
819.1157142857143 103.05096609206382
819.1885714285714 103.07618408798119
819.2771428571428 103.10795649622051
819.3528571428571 103.1352421577794
819.4314285714286 103.16709856758933
819.5014285714286 103.18724038749181
819.5614285714286 103.20488365092596
819.6242857142857 103.22452289804548
819.6971428571428 103.25089097348214
819.7642857142857 103.27157765463505
819.8557142857143 103.30091623461571
819.93 103.32348171691598
820.0028571428571 103.35549160841033
820.0814285714285 103.38048920731181
820.1557142857143 103.39859972503048
820.2185714285714 103.40653799910598
820.2914285714286 103.43015825880396
820.3728571428571 103.45700996201269
820.45 103.47789912832336
820.5242857142857 103.49481535632938
820.5771428571428 103.51103024500813
820.6542857142857 103.53507237615382
820.7157142857143 103.56128183170081
820.7828571428571 103.58183922250917
820.8557142857143 103.60782519112075
820.9271428571428 103.63529154781145
821.0042857142857 103.66662057745363
821.0814285714285 103.68634858107625
821.1414285714286 103.71408231591082
821.2214285714285 103.74626993016494
821.2814285714286 103.7554180709236
821.3728571428571 103.78709971001712
821.4514285714286 103.81587467659337
821.5157142857142 103.84422709481588
821.5971428571429 103.87390833614943
821.67 103.9083918231499
821.7371428571429 103.93222752078907
821.7928571428571 103.95396915385567
821.8557142857143 103.96813935833892
821.93 103.98981716683606
821.9942857142858 104.01130659034479
822.0642857142857 104.02594115739001
822.1414285714286 104.05278867274195
822.2171428571429 104.083100632709
822.2914285714286 104.10716216466162
822.3514285714285 104.12376775180486
822.4171428571428 104.14667352133229
822.49 104.17872099637547
822.5571428571428 104.20465663264794
822.6271428571429 104.22395060751185
822.7028571428572 104.25343415253806
822.76 104.26343382875194
822.85 104.30088291762564
822.9142857142857 104.3268418211814
822.9885714285714 104.35769831120157
823.0485714285714 104.38347062299209
823.1342857142857 104.41158362076398
823.2157142857143 104.41222108995125
823.28 104.43337897328053
823.3614285714285 104.4442993742406
823.4285714285714 104.46827987529124
823.5042857142857 104.49916652399722
823.5828571428572 104.5218980573601
823.6671428571428 104.54337966685601
823.7357142857143 104.568943566991
823.7985714285714 104.58493887752834
823.8785714285714 104.61556217490912
823.9485714285714 104.63533069667263
824.0328571428571 104.6676342247204
824.0914285714285 104.68080885867651
824.1571428571428 104.69842729726328
824.2442857142858 104.73086447185797
824.3142857142857 104.75774121745191
824.3957142857142 104.79122501419414
824.5028571428571 104.81420986594418
824.5657142857143 104.83230001339543
824.6342857142857 104.86264861520688
824.7 104.8958813431052
824.7785714285715 104.92639751932118
824.8485714285714 104.9521039924122
824.9228571428572 104.97168931153792
824.9957142857143 104.99292834789212
825.0557142857143 105.0074105099585
825.13 105.03082979506159
825.1914285714286 105.05001430663702
825.28 105.07785192053848
825.3371428571429 105.08907887246335
825.4042857142857 105.1109815221131
825.4885714285714 105.14696376678008
825.5528571428572 105.17482580561456
825.6028571428571 105.1894237564916
825.6757142857143 105.21133026409818
825.7528571428571 105.20714796648258
825.8171428571428 105.22823885344187
825.8785714285714 105.25128102871314
825.9628571428572 105.28649540590646
826.0357142857143 105.30983041567696
826.0942857142857 105.33503858434923
826.1528571428571 105.35989581247787
826.2071428571429 105.38770280790322
826.2828571428571 105.39068263419983
826.3514285714285 105.407564809108
826.4271428571428 105.41946518501098
826.51 105.43590917806905
826.5885714285714 105.4643083085351
826.6614285714286 105.49244668206883
826.7271428571429 105.52250866264218
826.7985714285714 105.54437261280657
826.8514285714285 105.56120578493243
826.9228571428572 105.59255670681664
826.9742857142858 105.60923151562201
827.0471428571428 105.63978693702357
827.1128571428571 105.66581653678662
827.19 105.6984652920419
827.25 105.72244311659078
827.3171428571428 105.74596110203466
827.3885714285715 105.77326351240659
827.48 105.78798079772079
827.5471428571428 105.81488035506887
827.6185714285714 105.83773824254165
827.6828571428572 105.8277245714108
827.7742857142857 105.86637146996121
827.8471428571429 105.89522073432563
827.9142857142857 105.90636710750536
827.98 105.92637683997069
828.05 105.953827299033
828.12 105.98095437179515
828.1985714285714 106.00382884122915
828.2614285714286 106.02363732572093
828.3557142857143 106.0395668531412
828.4171428571428 106.0424388975137
828.4757142857143 106.06986513906413
828.5328571428571 106.08666689604593
828.6014285714285 106.10903371807171
828.6642857142857 106.13049776908453
828.7257142857143 106.1460336221254
828.7814285714286 106.16515839165577
828.8457142857143 106.19574159255737
828.9171428571428 106.21908416183905
828.9642857142857 106.23543984822861
829.0257142857142 106.2608845700892
829.0842857142857 106.2811346431441
829.1514285714286 106.30244021770841
829.2114285714285 106.31707313914693
829.2842857142857 106.3297865177941
829.34 106.34328492635082
829.4228571428572 106.36625817808232
829.4942857142858 106.39415056704236
829.5771428571428 106.41792013439573
829.6457142857142 106.4333473156098
829.7028571428572 106.45732448949526
829.7642857142857 106.47742583931118
829.8242857142857 106.50473259241606
829.8885714285715 106.53050573980211
829.9557142857143 106.54479554629225
830.0228571428571 106.56112201126645
830.0914285714285 106.58301987986468
830.16 106.60030625320034
830.2071428571429 106.6126045330949
830.2771428571428 106.6387228750966
830.3442857142857 106.65988909402247
830.4185714285715 106.6853459049574
830.4857142857143 106.70948392114228
830.5514285714286 106.73081370013149
830.6271428571429 106.75515609922876
830.7057142857143 106.77030938359968
830.8085714285714 106.78146327543847
830.8757142857143 106.80303014957681
830.9442857142857 106.83053061082602
831.0071428571429 106.84285094797882
831.0742857142857 106.86319612228068
831.1271428571429 106.88212113019655
831.1985714285714 106.8883965899346
831.2485714285714 106.90587057068944
831.3228571428572 106.93716841661657
831.4028571428571 106.96419784145122
831.47 106.9893124367081
831.5471428571428 107.01132695976901
831.61 107.02488934114132
831.6857142857143 107.04841508344812
831.7628571428571 107.07460419959679
831.8257142857143 107.09388295796417
831.8971428571429 107.1126891406606
831.9814285714285 107.13404462293758
832.06 107.16040601838782
832.1414285714286 107.1847374964206
832.2114285714285 107.19738795162
832.2742857142857 107.22354636150985
832.33 107.24748944108813
832.4014285714286 107.27014684548062
832.4728571428572 107.27884383778887
832.5414285714286 107.29854729960586
832.6057142857143 107.33252368079938
832.68 107.34793829849966
832.7514285714286 107.37726965244316
832.7928571428571 107.39652147273233
832.8571428571429 107.42283196464477
832.93 107.4523121428082
832.9914285714286 107.47235029564912
833.0442857142857 107.4874156865007
833.1028571428571 107.5095936384285
833.1742857142857 107.53116284611158
833.2314285714285 107.5521931956269
833.2971428571428 107.57938941818938
833.36 107.59648350110048
833.4271428571428 107.62234136518201
833.4871428571429 107.63559093216224
833.5557142857143 107.6524160024422
833.6271428571429 107.67667176670606
833.6828571428572 107.69379573537982
833.7471428571429 107.71514548536038
833.8 107.73507750114354
833.8585714285714 107.74682213578134
833.9142857142857 107.76503647306632
833.9828571428571 107.7863872903307
834.0271428571428 107.78964362895098
834.09 107.8193617967323
834.1557142857143 107.8354866008753
834.2157142857143 107.85744331703867
834.2728571428571 107.87031160751727
834.3314285714285 107.87817738891658
834.4042857142857 107.88895490757358
834.4828571428571 107.91437284222583
834.5642857142857 107.9146334261508
834.6414285714286 107.94191861741628
834.7185714285714 107.96225138111075
834.7742857142857 107.97900459001353
834.8271428571428 107.99664915777332
834.8871428571429 108.01474283604367
834.9542857142857 108.03968259167796
835.0371428571428 108.04322132474803
835.0985714285714 108.0647040224834
835.1742857142857 108.09324603574845
835.2428571428571 108.11509467747018
835.3071428571428 108.13920295818548
835.36 108.15793623328435
835.4242857142857 108.16624059254342
835.49 108.19091726188724
835.5728571428572 108.20522601072035
835.6357142857142 108.23275472225602
835.7142857142857 108.25292839092876
835.7571428571429 108.26869237512975
835.8257142857143 108.29180058141878
835.8857142857142 108.31519507323199
835.95 108.33984078617478
836.0028571428571 108.35551876466964
836.07 108.37570143230542
836.1242857142857 108.38783610032321
836.1728571428572 108.4070383208133
836.2442857142858 108.4291348856472
836.3128571428572 108.44873451348391
836.3814285714286 108.47208562529752
836.4514285714286 108.48925731890321
836.51 108.50959972827418
836.5642857142857 108.52641607414402
836.63 108.54543012293168
836.6971428571428 108.56101173042639
836.76 108.56935232022522
836.8142857142857 108.5927005686824
836.87 108.61175734720732
836.9242857142857 108.63602910612506
836.9671428571429 108.64890261970402
837.0485714285714 108.67739365705614
837.1014285714285 108.69901612564395
837.1557142857143 108.70878284014093
837.2042857142857 108.72246687221319
837.2557142857142 108.74018612678664
837.3128571428572 108.75195546421219
837.3871428571429 108.77555006642916
837.4642857142857 108.79831393295399
837.5357142857143 108.82219033327324
837.5985714285714 108.83449522701088
837.65 108.85430965108232
837.7042857142857 108.87625890297645
837.7671428571429 108.89133749928409
837.82 108.91703422030751
837.8685714285714 108.93211591530118
837.91 108.94553330663823
837.97 108.96583949750615
838.0257142857142 108.97641551062058
838.0742857142857 108.99175158211216
838.1471428571429 109.0130246729002
838.1985714285714 109.0317471490221
838.27 109.04323124522936
838.3371428571429 109.06588966946997
838.3985714285715 109.06797108020685
838.4585714285714 109.08948039702297
838.5128571428571 109.10711150101085
838.5771428571428 109.1291764800185
838.6342857142857 109.15635893943129
838.7142857142857 109.16388473216823
838.7742857142857 109.18618410732304
838.8228571428572 109.20292587200558
838.8885714285715 109.2295381333158
838.9657142857143 109.2398574801939
839.0228571428571 109.26098242652458
839.0885714285714 109.27927832093967
839.1614285714286 109.30001471564583
839.2214285714285 109.31213382637746
839.3057142857143 109.33762450891088
839.3614285714285 109.35480937169704
839.4214285714286 109.37067132539693
839.4842857142858 109.39697387454666
839.5514285714286 109.41843369249436
839.6142857142858 109.44543428595492
839.6742857142857 109.4645554247532
839.7471428571429 109.48086789624826
839.8128571428572 109.49713699646695
839.86 109.50493538044418
839.9114285714286 109.50745827169268
839.9957142857143 109.51644912178467
840.0471428571428 109.53821293031997
840.1028571428571 109.55931098796194
840.1657142857143 109.57974589868387
840.2371428571429 109.5924863649314
840.31 109.62033406026904
840.38 109.6395767750954
840.4371428571428 109.66158265315103
840.4957142857143 109.67868917891069
840.5657142857143 109.7017935825385
840.6285714285714 109.7185072251398
840.6857142857143 109.73794286681014
840.7457142857143 109.75345460192598
840.8085714285714 109.77404513399662
840.8657142857143 109.79780726162281
840.9428571428572 109.82118196865498
840.9942857142858 109.83587689298524
841.0642857142857 109.84459113639191
841.1142857142858 109.86147381766247
841.1714285714286 109.88202431855053
841.2328571428571 109.89960982984472
841.2942857142857 109.92159630831576
841.3585714285714 109.94218143987706
841.4228571428572 109.95934242952355
841.4757142857143 109.9797912711428
841.5457142857143 110.01045298976865
841.6085714285714 110.02821038034445
841.6571428571428 110.0472113166779
841.7214285714285 110.06607898579276
841.7757142857142 110.08133153456058
841.8328571428572 110.09273918907684
841.8785714285714 110.10050473294119
841.9385714285714 110.10744108209616
841.9942857142858 110.12426312691434
842.06 110.13515873812419
842.1157142857143 110.14279733241797
842.1771428571428 110.16364491679167
842.2328571428571 110.18440158361835
842.2914285714286 110.20922064669921
842.3528571428571 110.21050117749024
842.4328571428572 110.24127424383187
842.4785714285714 110.25573522965634
842.5514285714286 110.27597808559452
842.6028571428571 110.29032823019455
842.67 110.3073010837865
842.7314285714285 110.33031111895016
842.7742857142857 110.34562904795906
842.8242857142857 110.34378186467357
842.8885714285715 110.36244948109375
842.9557142857143 110.38718194920965
843.0028571428571 110.40631159446328
843.0571428571428 110.42754545778327
843.1271428571429 110.44255936396843
843.1785714285714 110.45342028348252
843.2371428571429 110.46814567036034
843.2971428571428 110.48804591173209
843.3357142857143 110.50039718688356
843.3757142857143 110.51137595843812
843.4242857142857 110.5276652629257
843.4857142857143 110.54533089141526
843.5628571428572 110.53165986085685
843.6171428571429 110.54903555531958
843.6685714285715 110.56670970094756
843.73 110.58466011582595
843.7942857142857 110.59450724008822
843.8514285714285 110.60556780224748
843.9042857142857 110.62385576232494
843.9642857142857 110.64293901101007
844.0142857142857 110.65007453446161
844.0614285714286 110.6640145581568
844.1157142857143 110.68147358031374
844.17 110.6865735021555
844.2342857142858 110.7004979818214
844.2857142857143 110.71837772545148
844.3385714285714 110.7308065929012
844.3771428571429 110.74843856319414
844.4442857142857 110.75279428002649
844.4985714285714 110.77028388492859
844.5571428571428 110.78843926640936
844.6057142857143 110.7997276736946
844.6771428571428 110.81476788553331
844.7471428571429 110.84008925133641
844.8085714285714 110.8499891659865
844.8771428571429 110.85966224400616
844.9328571428572 110.85775497148866
844.9957142857143 110.87399559888385
845.0614285714286 110.89076426937119
845.12 110.91113044013159
845.1685714285715 110.91799358001423
845.2257142857143 110.94310452779148
845.2842857142857 110.95373010769384
845.35 110.97137272780309
845.4057142857143 110.99546174552076
845.4557142857143 111.01485051351979
845.51 111.03462534611027
845.5685714285714 111.0557974219167
845.63 111.06348421076915
845.6742857142857 111.0801160638291
845.7328571428571 111.08338285290635
845.7871428571428 111.10151619890841
845.8485714285714 111.10555079349798
845.8928571428571 111.11977172630456
845.9471428571428 111.11311590840722
846.01 111.13277402318684
846.0657142857143 111.14634166853538
846.1442857142857 111.1590801396189
846.2114285714285 111.175953214099
846.2614285714286 111.18910645488903
846.31 111.20052213471345
846.3728571428571 111.21642207120348
846.4028571428571 111.2262280739914
846.4657142857143 111.23547422259797
846.5242857142857 111.25382819372115
846.5885714285714 111.2682867166452
846.6428571428571 111.28091966709209
846.6914285714286 111.29893338690877
846.7485714285714 111.32519319036392
846.7928571428571 111.32683303832415
846.8585714285714 111.34432153401649
846.9171428571428 111.3579671351435
846.9814285714285 111.37461279680689
847.0528571428572 111.40180433454603
847.1114285714285 111.41953933744291
847.16 111.43235776763309
847.2257142857143 111.44434985522416
847.2857142857143 111.46516008572749
847.3514285714285 111.47751076195408
847.4057142857143 111.49031262819443
847.4628571428572 111.51369767916275
847.5085714285714 111.5226450350334
847.5585714285714 111.54042101467425
847.6157142857143 111.55834406439683
847.68 111.5760825766319
847.7442857142858 111.60699766252566
847.7957142857143 111.61921644990642
847.8542857142858 111.64421530631668
847.8914285714286 111.6493575415644
847.9528571428572 111.64396099279088
848.0 111.65763634402347
848.0742857142857 111.68400226599158
848.1228571428571 111.69742130423943
848.1728571428572 111.6940441165497
848.2171428571429 111.70738262864322
848.2685714285715 111.72528840637207
848.3271428571428 111.74065674367353
848.4071428571428 111.75050744659657
848.46 111.74627580983474
848.5114285714286 111.75784231920677
848.5528571428572 111.7633346934974
848.5914285714285 111.77760689342185
848.6671428571428 111.76996766290694
848.72 111.7550146097028
848.7942857142857 111.77095920077888
848.84 111.78581655996038
848.9128571428571 111.78508454947604
848.9685714285714 111.80722033348381
849.0128571428571 111.81988432178056
849.0685714285714 111.8367571112505
849.1185714285714 111.85708462109373
849.1557142857143 111.86317789227428
849.2142857142857 111.8712847203546
849.2685714285715 111.88385243512346
849.3171428571428 111.9008067431374
849.3671428571429 111.91430047097661
849.4071428571428 111.92599846977446
849.47 111.93421306447541
849.5285714285715 111.95172184342375
849.5814285714285 111.96623723791947
849.6242857142857 111.97721122095517
849.6828571428572 111.99327842520697
849.73 112.00530062308695
849.7757142857142 112.0204341359638
849.8242857142857 112.02213011453361
849.8757142857143 112.03204494529659
849.9385714285714 112.05425034069663
849.9714285714285 112.06852995235363
850.0242857142857 112.08811797187147
850.0685714285714 112.10103447019007
850.1257142857143 112.10977744630443
850.1914285714286 112.13109503130924
850.24 112.14823676729974
850.2971428571428 112.15538344075821
850.3557142857143 112.17234866137947
850.4171428571428 112.19653838249796
850.4742857142858 112.22050983902434
850.5257142857142 112.23942664829883
850.57 112.25327464309134
850.6142857142858 112.265994792531
850.6757142857143 112.28329557487304
850.7385714285714 112.31176691665915
850.8 112.33115767347563
850.86 112.35577485408353
850.9128571428571 112.35545273846488
850.96 112.3683962717574
851.0257142857142 112.38894717255923
851.0728571428572 112.40712131233018
851.1242857142857 112.42341654738667
851.17 112.42798852474236
851.23 112.43598700195783
851.2842857142857 112.44984529526161
851.3185714285714 112.45945992539542
851.3728571428571 112.48787367031802
851.4485714285714 112.51241323073403
851.5014285714286 112.52418591438872
851.5542857142857 112.53701306333507
851.61 112.55506063176253
851.6771428571428 112.58245132620632
851.72 112.60151115653521
851.7642857142857 112.61607654732943
851.8142857142857 112.62523379033401
851.89 112.60775815188892
851.9414285714286 112.61854411526978
852.0028571428571 112.63876194643866
852.0642857142857 112.65203433571655
852.1271428571429 112.66327007446054
852.19 112.68147804125675
852.2528571428571 112.69741378297077
852.3314285714285 112.70909742222717
852.3728571428571 112.72539769324919
852.41 112.74106792873226
852.4557142857143 112.7522866749006
852.5257142857142 112.77723454272878
852.5757142857143 112.78775303562561
852.6285714285714 112.80610828596912
852.6928571428572 112.81808926352439
852.75 112.83182346424299
852.8157142857143 112.85181661716895
852.8571428571429 112.86199882450873
852.9014285714286 112.85091003156333
852.94 112.85979173033
853.0 112.87628534812535
853.0542857142857 112.8931403602746
853.12 112.90928360112393
853.1757142857143 112.91432296514226
853.22 112.92761756863628
853.2828571428571 112.91759560267455
853.3328571428572 112.93197114313674
853.3828571428571 112.94394139308424
853.4214285714286 112.95263847617196
853.4828571428571 112.96829283014812
853.5371428571428 112.98870032432885
853.5871428571429 112.99333215091116
853.6342857142857 113.00668050405181
853.6871428571428 113.02247921221559
853.7285714285714 113.0361737621457
853.7885714285715 113.05029903722273
853.8428571428572 113.06051093753275
853.8957142857142 113.06966333010588
853.9414285714286 113.08718071225833
853.9785714285714 113.08549868246779
854.0371428571428 113.1059679761641
854.0871428571429 113.12418438777242
854.1357142857142 113.13993074995324
854.1914285714286 113.15736790911758
854.2342857142858 113.17679320212989
854.2842857142857 113.18625329882914
854.3385714285714 113.1941547913543
854.3857142857142 113.18964966521708
854.4271428571428 113.20107121407415
854.4871428571429 113.22334697772328
854.5314285714286 113.23861843328967
854.5828571428572 113.25702341917113
854.65 113.28196208029365
854.6957142857143 113.30310663447267
854.7357142857143 113.31528999142611
854.7828571428571 113.31867906364455
854.8357142857143 113.3271317023847
854.8971428571429 113.34149971179156
854.9485714285714 113.36150126627626
855.0157142857142 113.36526622716758
855.0685714285714 113.38732225315877
855.1285714285714 113.41666398247996
855.1757142857143 113.42793359197468
855.21 113.43965472736501
855.2714285714286 113.45360378828227
855.3257142857143 113.459071904115
855.3642857142858 113.47267862439753
855.4285714285714 113.47072015599527
855.4785714285714 113.48443187660948
855.53 113.49219512720933
855.6085714285714 113.50802879830081
855.6671428571428 113.52272808358211
855.7128571428572 113.53806269243344
855.7542857142857 113.55575500694458
855.8014285714286 113.57034082696428
855.85 113.58951049971613
855.9128571428571 113.58931172067004
855.96 113.60619479774628
856.0142857142857 113.62314953547855
856.0528571428572 113.62518412213609
856.0957142857143 113.6395588597102
856.1314285714286 113.64879458276924
856.1814285714286 113.66225071178636
856.2385714285714 113.67695839804786
856.2785714285715 113.68590290225158
856.3557142857143 113.7022592494555
856.4014285714286 113.70846062622098
856.4485714285714 113.7271233332103
856.4871428571429 113.73724761031882
856.5371428571428 113.74981981646005
856.5771428571428 113.76570830735791
856.6271428571429 113.77865269331645
856.6742857142857 113.79620451431538
856.7242857142858 113.80122083833689
856.7671428571429 113.80668449940181
856.8285714285714 113.80497730409937
856.8771428571429 113.82512648611032
856.9228571428572 113.84362838064054
856.97 113.85239025514443
857.01 113.86539834973925
857.0628571428572 113.88886756358238
857.1314285714286 113.91245985455883
857.1671428571428 113.92463842085029
857.23 113.93029248213301
857.2757142857142 113.94642585197222
857.3142857142857 113.96059390424553
857.3628571428571 113.9806840190487
857.3942857142857 113.99665668580177
857.4457142857143 114.01452444395612
857.5171428571429 114.03468585016873
857.5757142857143 114.04744505729029
857.6214285714286 114.06250751352896
857.6628571428571 114.0770667540459
857.7271428571429 114.0897726762008
857.7685714285715 114.104703746719
857.8185714285714 114.12215149963747
857.8457142857143 114.11681975498267
857.8928571428571 114.13602158144569
857.9371428571428 114.14858195131475
857.9914285714286 114.16352469119113
858.0414285714286 114.18102860849335
858.0971428571429 114.19819000871732
858.14 114.21367846746772
858.1928571428572 114.23017801072957
858.2457142857143 114.24789036874765
858.2942857142857 114.26303876313663
858.3514285714285 114.27325599886818
858.4042857142857 114.29170186261811
858.4385714285714 114.30704552230924
858.4857142857143 114.31847476498929
858.5357142857143 114.33236009676956
858.5785714285714 114.34814119274836
858.6385714285715 114.35835525717607
858.6985714285714 114.3792189185471
858.7557142857142 114.39117453441573
858.79 114.40263541538589
858.8485714285714 114.4232033038864
858.9 114.44450023379257
858.9414285714286 114.4592348831261
858.9871428571429 114.47047263309278
859.0357142857143 114.48207753193064
859.0785714285714 114.49358971861422
859.1114285714285 114.50713760119336
859.1485714285715 114.52256150561551
859.1985714285714 114.53587001516517
859.2442857142858 114.54840876298911
859.2942857142857 114.56446965324045
859.3628571428571 114.57388763846603
859.4085714285715 114.58736787427306
859.4571428571429 114.60231489100596
859.5028571428571 114.61811316685906
859.5428571428571 114.62609311214491
859.5985714285714 114.64155869211775
859.6414285714286 114.65378000023607
859.6928571428572 114.66993726591552
859.7257142857143 114.67166125843592
859.7614285714286 114.68429738471521
859.8171428571428 114.70190633365553
859.8728571428571 114.71923607169066
859.9271428571428 114.73328705832076
859.99 114.74926905929439
860.0285714285715 114.75910845608638
860.0742857142857 114.77399660350649
860.1228571428571 114.77077630389502
860.1657142857143 114.7813295591617
860.2157142857143 114.79721766368355
860.2657142857142 114.81602237702675
860.3 114.82416114578241
860.3585714285714 114.82757490210723
860.4057142857143 114.83874853343328
860.4542857142857 114.85533313503821
860.4928571428571 114.86838250540188
860.5485714285714 114.88354088590205
860.5914285714285 114.89143440826352
860.6342857142857 114.90427923480694
860.66 114.91251309250909
860.7242857142858 114.93667963254379
860.7657142857142 114.94973447181155
860.8157142857143 114.96082076363138
860.8671428571429 114.973323050542
860.9285714285714 114.98863804400497
860.9857142857143 114.98763917610663
861.0371428571428 115.00437905630153
861.0871428571429 115.0185758729032
861.1257142857143 115.02936701070075
861.1714285714286 115.04045086034259
861.2214285714285 115.05546761204762
861.29 115.07610301439017
861.3314285714285 115.08927373068322
861.3757142857143 115.10371131848342
861.4185714285715 115.11387879376773
861.4614285714285 115.12794374708793
861.4928571428571 115.13876037464102
861.5257142857142 115.14672196017094
861.58 115.1595181515057
861.6157142857143 115.17476691704687
861.66 115.19165518774655
861.7071428571429 115.1988575157797
861.7428571428571 115.21103181390558
861.79 115.219552378742
861.8428571428572 115.23678871758955
861.8785714285714 115.25156088721987
861.92 115.26003144969809
861.9685714285714 115.2702199937722
862.0157142857142 115.28304923462876
862.0585714285714 115.29358307549234
862.0885714285714 115.3005434499104
862.1428571428571 115.30726330273326
862.1914285714286 115.32815870228183
862.2242857142858 115.33892202719807
862.2814285714286 115.3580949456389
862.3371428571429 115.37088562876853
862.3728571428571 115.36982696193607
862.4157142857143 115.37942648496038
862.4571428571429 115.39270334861996
862.5042857142857 115.40381912851122
862.5642857142857 115.42436541038622
862.6128571428571 115.44119562997172
862.6528571428571 115.44879550611863
862.7085714285714 115.45333021261764
862.7585714285714 115.47501075793078
862.7914285714286 115.48559880597976
862.8514285714285 115.50786377165926
862.91 115.51777653365292
862.9542857142857 115.53302816411806
863.0042857142857 115.54952357905229
863.0542857142857 115.54217493026077
863.0928571428572 115.55407954463281
863.1314285714286 115.56181055193836
863.1728571428572 115.57653011006548
