500.0 15.430831240209294
501.3 15.137560194536498
502.345 15.120486784591801
503.615 14.881669781223712
504.965 14.837267183933747
506.16 15.16722199730649
507.555 15.14774723287776
508.995 15.614224123371429
510.09 15.694056744048911
511.1 15.85360159134465
512.48 16.001243670258095
513.43 16.23864427343601
514.52 16.40932447263571
515.41 16.502227655317917
516.665 16.921716741732716
517.625 17.354835828470573
518.36 17.54736304259827
519.23 17.822889128433197
520.1 18.110492808003425
520.92 18.327934030575996
521.9 18.739419125088396
522.78 19.049303921652815
523.93 19.22401920964667
524.725 19.438070064674527
525.735 19.779304320349212
526.645 20.078213273127812
527.47 20.269270252846166
528.23 20.413245773641087
529.17 20.691830738155645
529.925 20.83385761484363
530.77 21.160717849342863
531.6 21.391540149081102
532.4 21.60076306115413
533.305 21.85590027622798
534.05 22.039423334210046
534.73 22.24502880494119
535.645 22.545965889476697
536.44 22.865488246784043
537.15 23.03454910045574
537.79 23.214661369758613
538.75 23.554864854026594
539.45 23.719836704040183
540.195 23.94480619505184
540.915 24.20884374723192
541.495 24.259277352972443
542.01 24.237723411675944
542.655 24.39717371801775
543.285 24.532693292849142
543.82 24.597822349175708
544.39 24.68327816772982
544.955 24.829731226169542
545.66 24.9601571957426
546.325 25.023594393729873
546.965 25.098274680937717
547.505 25.147204306286426
548.17 25.353998227708654
548.675 25.352378398332995
549.445 25.553313565384315
550.06 25.679047243554095
550.655 25.72635226776282
551.285 25.857626714307774
551.745 25.734828188848436
552.295 25.723656574011564
552.875 25.883375371133788
553.43 25.984051931403403
554.125 26.192357146013446
554.79 26.398300158462508
555.32 26.43637664375077
555.73 26.42058547200302
556.33 26.535670503027173
556.955 26.5707167752349
557.47 26.631471539926398
557.985 26.757702596471283
558.42 26.743403826760836
559.005 26.84470461430234
559.645 27.00807575113219
560.045 27.043292576290224
560.625 27.155690612895793
561.095 27.19492220929946
561.555 27.156663951688255
562.155 27.254633555622355
562.71 27.229453089951868
563.205 27.261122850966313
563.67 27.30934090201579
564.175 27.485846060624404
564.795 27.634603880973046
565.3 27.669078218242767
565.745 27.617086965542025
566.21 27.670275036634802
566.665 27.722109439196608
567.145 27.80701576271968
567.715 27.89037720618919
568.18 27.82008962844428
568.63 27.815672889424352
569.115 27.852118005403728
569.625 27.797262708229955
570.19 27.920632309149326
570.54 27.834550670978626
571.01 27.795735546534193
571.4 27.660540986000097
571.865 27.580977622868364
572.37 27.522363679607217
572.79 27.460266407225173
573.135 27.44710353502371
573.675 27.558788236154832
574.15 27.548905805045628
574.63 27.633696930200102
575.095 27.647202644577842
575.58 27.64915875572886
576.18 27.723465742288056
576.62 27.66318599323805
577.065 27.67944241966078
577.675 27.84251069875075
578.115 27.783654046233803
578.52 27.709904257681025
578.89 27.72510246207691
579.44 27.72634398462532
580.1 27.909941313456795
580.53 27.9396172317245
581.02 27.99442873503593
581.525 27.982934048986884
582.0 27.96749728743373
582.425 27.919021001251856
582.995 28.05566926468601
583.405 28.054522920224585
583.905 28.059806462152718
584.285 27.94851287384172
584.78 27.965010442430128
585.205 27.99861760765516
585.67 28.053629545092146
586.01 27.957072261723624
586.415 27.91035136948008
586.94 27.959705392370292
587.54 28.018988536222437
587.87 28.012436218839877
588.4 28.025472978674102
588.85 28.1320915124404
589.285 28.10557581619347
589.715 28.08447012695019
590.095 28.009617425836236
590.505 27.94466849843522
590.915 27.935636271066866
591.32 27.86881688866374
591.76 27.911064789585552
592.15 27.781948877231144
592.59 27.77280221212055
592.87 27.715226299711524
593.36 27.857866097703678
593.77 27.82044185351167
594.15 27.74267072389521
594.485 27.65872012575736
594.88 27.715271627877563
595.15 27.700071657835945
595.525 27.660711302291983
595.795 27.59930402953258
596.2 27.56354011585945
596.57 27.580582711639135
596.895 27.514527455610214
597.27 27.43447378315818
597.78 27.3942296678603
598.13 27.358279868934286
598.525 27.37308539460067
598.775 27.256539946391694
599.16 27.177333150732977
599.515 27.146906780307276
599.845 27.054773680341004
600.225 26.93626154331087
600.57 26.897069762504714
600.905 26.84659519132425
601.325 26.79869821708983
601.655 26.74795770158968
602.035 26.71294973261256
602.525 26.669753537834648
602.825 26.594562012622365
603.25 26.596510520353917
603.78 26.715730408436926
604.09 26.701813312411094
604.495 26.689165079921786
604.86 26.656768682323722
605.275 26.644681839942454
605.68 26.631820616449303
606.135 26.706797640320065
606.555 26.647276817886016
606.93 26.610820710652124
607.37 26.590947566085557
607.655 26.517955896422762
608.035 26.42147320327077
608.415 26.39043482497505
608.715 26.23806309112526
609.075 26.22341918148431
609.435 26.20974108300558
609.755 26.183253979303718
610.105 26.16403559839288
610.48 26.085664828555526
610.755 25.9745715428411
611.195 26.011149039822506
611.57 26.017680497931835
611.92 25.97551224097235
612.21 25.914546467051366
612.445 25.822879010714708
612.855 25.754230271635414
613.24 25.679947400500307
613.575 25.671961808860225
613.965 25.69190817609006
614.28 25.615863489477718
614.705 25.735765446467262
615.08 25.653736001882283
615.43 25.577060623745517
615.805 25.58416939472709
616.205 25.560706633778544
616.59 25.49158694599309
616.93 25.389728069778272
617.225 25.31181175005756
617.625 25.269091991012484
618.01 25.21126612644618
618.285 25.19738709832658
618.57 25.095297763709567
618.93 25.069052374086127
619.225 25.01385294583743
619.545 24.98176168898877
619.955 24.890775975112064
620.265 24.803646493952954
620.54 24.682473997009804
620.925 24.68106867122591
621.35 24.660050495736243
621.64 24.60339478966021
622.075 24.538337863955416
622.485 24.477654151568917
622.76 24.3168448760035
623.015 24.27242319254901
623.39 24.239547817398748
623.705 24.134005596474317
623.98 24.037441481256362
624.205 23.94556168944708
624.61 23.894615780894714
624.925 23.806999836309277
625.295 23.77930300190234
625.635 23.67964108701924
625.91 23.55943835659908
626.24 23.56350128832352
626.56 23.532003227081987
626.83 23.4349543508652
627.125 23.357595366529765
627.47 23.319694266939216
627.81 23.28637318002519
628.185 23.20783906290822
628.445 23.17200214519853
628.79 23.077233228169632
629.065 23.044217382542406
629.375 23.027498855012194
629.73 23.06048633812291
630.0 22.995739172735945
630.415 22.9191889277419
630.745 22.846658926867256
631.125 22.790489398764034
631.38 22.727478774762638
631.715 22.74777088863896
632.1 22.76645685628189
632.42 22.753951559186127
632.725 22.687950336076224
633.08 22.6086122248507
633.375 22.493871303783077
633.74 22.441938486126276
634.04 22.371203672776407
634.33 22.31098384204515
634.7 22.210278755838704
635.02 22.11935644742499
635.38 22.04895421351198
635.695 21.998903010567176
636.0 21.933201467938186
636.345 21.958297043378074
636.71 21.93539852710028
636.985 21.933081757402096
637.36 21.852874884177538
637.585 21.71683400951862
637.855 21.618063705890943
638.125 21.52244066692499
638.45 21.413317135693134
638.71 21.375933962375036
638.905 21.316140934081105
639.165 21.22546529253064
639.525 21.20868730226902
639.795 21.132103634520163
640.05 21.04953478281323
640.4 21.011124117557745
640.745 20.91692049069534
641.0 20.85508746965196
641.305 20.810510849305103
641.63 20.768479692642853
641.905 20.730042166894066
642.19 20.68048141503937
642.49 20.645607414838587
642.805 20.53106421961486
643.08 20.406265665034358
643.48 20.388675544337374
643.76 20.32703474952859
644.05 20.306136904391728
644.27 20.207643212930734
644.61 20.080188491377417
644.975 20.0978604576426
645.275 20.068710489304433
645.62 20.04406201623196
645.905 20.031030575825305
646.13 19.917747950435697
646.525 19.905792571245364
646.755 19.872583447159595
647.0 19.7794370661368
647.245 19.769652775258127
647.59 19.841378518327243
647.825 19.76048478135013
648.095 19.647035527659774
648.44 19.602491893690743
648.73 19.539345694028587
648.98 19.459262950401392
649.355 19.463894547463354
649.66 19.412848669562557
649.91 19.300113260271207
650.22 19.235164615592574
650.54 19.216784957963256
650.81 19.149869123239093
651.105 19.07019498283689
651.32 18.953198109895986
651.52 18.87061473568131
651.825 18.84276049615815
652.085 18.80467639368881
652.4 18.636701241524193
652.74 18.581408550446145
653.06 18.505911048056852
653.4 18.481554025459545
653.645 18.394585586374934
653.92 18.405362993830725
654.195 18.369107095266955
654.495 18.367000532006138
654.74 18.23747315654442
655.025 18.18123100353824
655.43 18.09203439480241
655.68 18.029222510180745
655.93 17.93245562727315
656.26 17.77815270403084
656.545 17.771242508657274
656.83 17.637360415097845
657.065 17.527029377335168
657.41 17.52620149072431
657.65 17.487899621333295
657.915 17.43668445617231
658.255 17.40472918461961
658.525 17.346581636517374
658.795 17.301726030026323
659.095 17.252367836905744
659.34 17.172620489382567
659.59 17.092179880440256
659.9 17.019350500453495
660.27 16.949736512382596
660.57 16.84111682996119
660.84 16.786702083320918
661.06 16.77268657894068
661.34 16.679792486327123
661.63 16.645976772588867
661.9 16.61506248882434
662.125 16.546549990342836
662.425 16.459311030477245
662.69 16.421700926107892
662.99 16.336902150019036
663.2 16.271255908632906
663.48 16.20656855480542
663.78 16.176215557068453
664.035 16.165406796131737
664.345 16.148369085471238
664.585 16.03240358848667
664.79 16.053800877457814
665.01 15.984600000811081
665.36 15.899824593703944
665.62 15.831258437616166
665.885 15.756685587505944
666.19 15.686754647051247
666.41 15.661363014031902
666.635 15.62891840314809
666.895 15.663033810239435
667.14 15.65938959257545
667.435 15.59847225478883
667.675 15.525611034350622
667.855 15.490440397825774
668.135 15.434308028596819
668.38 15.386987911379036
668.655 15.292983742840834
668.92 15.340149966836215
669.185 15.24805861273121
669.395 15.159420011180398
669.665 15.11738906892677
669.94 15.0888957140457
670.165 15.031550570809877
670.46 14.951459147964991
670.7 14.865223656973997
670.98 14.897964516458904
671.235 14.83645432320074
671.555 14.894839921308556
671.82 14.840105920059766
672.045 14.810799231282108
672.28 14.830079442855558
672.545 14.704047745450998
672.765 14.645553461064711
673.1 14.580912696925965
673.39 14.666404367991047
673.625 14.590021199195183
673.835 14.516937776682132
674.095 14.479789241643404
674.385 14.465928606635018
674.66 14.385377835753465
674.96 14.338982954198817
675.195 14.213977655956128
675.38 14.146597865062077
675.655 14.036061774969282
675.95 13.99237049826811
676.21 13.984769173791213
676.475 14.0125347690297
676.695 13.983550098842361
676.89 13.912067716220461
677.23 13.934415656872469
677.515 13.921162625449826
677.67 13.893388037328364
677.95 13.886383917041083
678.215 13.867962247007384
678.475 13.86798398829107
678.79 13.722881892561265
679.085 13.613759482089467
679.345 13.586720349269225
679.64 13.568378846517117
679.875 13.484380504418425
680.14 13.407055818808367
680.37 13.323689560988278
680.61 13.253155497965992
680.845 13.20084415604399
681.09 13.128736366953405
681.36 13.066524800104995
681.64 12.911776401767739
681.945 12.835330284709777
682.215 12.830897656569737
682.47 12.799148055818945
682.64 12.742143110767374
682.91 12.666257156388333
683.15 12.676393602829995
683.36 12.602958893225102
683.57 12.550805295591163
683.825 12.54356729172408
684.065 12.510930899009834
684.395 12.418537569975147
684.61 12.413637338016565
684.845 12.41538092114315
685.075 12.343467134663682
685.325 12.236339937880807
685.51 12.182444738187613
685.745 12.10216040350486
686.02 12.0688810354248
686.205 12.008078311021212
686.455 12.023761023312494
686.75 12.073372836879157
686.98 12.019648904980349
687.255 11.961410943479615
687.51 11.937016453412694
687.76 11.942593003120841
687.96 11.91419912136429
688.25 11.931441508988428
688.515 11.83851881099114
688.82 11.899394013538975
689.025 11.87812376264042
689.35 11.90318989381591
689.615 11.910755875578943
689.81 11.845059186668438
689.985 11.851034134211718
690.255 11.827910735282414
690.42 11.847591617526252
690.68 11.897704689746766
690.905 11.86845720310393
691.115 11.854298671154044
691.37 11.794006654433606
691.575 11.797895008566815
691.78 11.805441212045197
692.045 11.832285913962217
692.265 11.816638257071784
692.485 11.772114867015658
692.72 11.776033919549148
692.895 11.763326666864133
693.15 11.757067798396006
693.425 11.719261086007506
693.675 11.629082197827094
693.9 11.58711812888189
694.145 11.618040684501556
694.405 11.690350571407684
694.675 11.6048584090228
694.91 11.620113389114548
695.16 11.57689606989133
695.425 11.615895148480918
695.7 11.606184454330359
695.95 11.574860125922616
696.225 11.537762992641674
696.395 11.508309211370822
696.59 11.476079557499165
696.82 11.481582367789803
697.075 11.436931055130085
697.325 11.407895308815048
697.57 11.378596675845301
697.77 11.355697217541621
697.99 11.316812769339315
698.3 11.333234801029949
698.53 11.36021002707681
698.785 11.398173837688683
699.03 11.358882916269874
699.25 11.355714918336611
699.525 11.297679532278751
699.745 11.255818149341934
699.95 11.244093927089274
700.17 11.311092079021389
700.345 11.282395011074987
700.66 11.292119367018529
700.865 11.275747755124094
701.08 11.254640583926566
701.335 11.18158819546063
701.595 11.234860276262253
701.9 11.237947200731643
702.125 11.213746723459089
702.325 11.178289034044662
702.53 11.190856820722425
702.785 11.194882849322282
703.0 11.213326601296187
703.315 11.265002280599404
703.59 11.237584997806
703.805 11.243176601855119
704.035 11.28897603414488
704.235 11.323022085367873
704.54 11.366812310870305
704.72 11.40711230133536
704.915 11.38621996209126
705.155 11.352328032557635
705.445 11.311797328186612
705.65 11.380469031497976
705.875 11.33764020540146
706.055 11.362106420534792
706.325 11.411418728051942
706.53 11.46149770528447
706.83 11.486986300651568
707.08 11.455994020379679
707.245 11.497649967444188
707.46 11.529660243330378
707.685 11.574785236294101
707.975 11.561258082155721
708.18 11.608245206917347
708.4 11.620031223199904
708.635 11.627889493384066
708.94 11.665195408547504
709.21 11.61552850767293
709.42 11.63876731112935
709.65 11.643252407861207
709.86 11.629126489748609
710.11 11.646290413775969
710.395 11.70057658674612
710.59 11.76451952261502
710.78 11.796072934812546
711.0 11.840226128493887
711.23 11.817587608493628
711.435 11.814128965610635
711.655 11.840904106116701
711.875 11.83383170677704
712.12 11.82390050345392
712.36 11.791334864613393
712.595 11.863163500567877
712.77 11.887965283973745
713.015 11.900963813846865
713.26 11.92153576832184
713.465 11.9420196855831
713.71 11.972577544761458
714.01 11.959307050395022
714.24 11.962773077279882
714.425 12.014412408754668
714.64 12.047243684843854
714.895 12.112702539651112
715.155 12.125432179004514
715.35 12.215300562785835
715.495 12.256880951256171
715.675 12.282249110650719
715.98 12.341440587666202
716.19 12.35057014532417
716.39 12.356834415978854
716.575 12.348961871205304
716.79 12.353499290630891
716.97 12.435526187411163
717.175 12.468024429147915
717.37 12.48770651762572
717.525 12.534149332822205
717.74 12.573498491732842
717.96 12.60128413333519
718.15 12.65576318159212
718.435 12.635428177395905
718.665 12.614611253836843
718.835 12.620784285451508
719.065 12.710964483093024
719.25 12.716368591337456
719.475 12.779119864944258
719.715 12.824433926206577
719.925 12.843447579549787
720.145 12.888933159495767
720.345 12.919774684159448
720.59 12.909499443409764
720.815 12.942112127920163
721.055 12.970859299012304
721.26 13.065832537557549
721.475 13.108337712614041
721.72 13.071953943443097
721.895 13.107747335107018
722.11 13.092554176873659
722.325 13.136675233136595
722.515 13.143956518675187
722.665 13.155153565300303
722.895 13.242385694974773
723.15 13.281168895702697
723.335 13.260542406878503
723.56 13.267120351156098
723.765 13.24146733887269
723.99 13.296763500867037
724.155 13.36653644301365
724.405 13.505665105789816
724.63 13.595118101028199
724.86 13.616070906640923
725.12 13.6542223852083
725.315 13.679231773368999
725.48 13.678270189497079
725.655 13.715558967426185
725.845 13.787729414666517
725.985 13.819539549740222
726.215 13.910293177406684
726.355 13.964383086082762
726.56 14.009558832935012
726.72 14.06594661838857
726.915 14.122499778721895
727.105 14.184143422255564
727.255 14.232102398924324
727.455 14.224615051622106
727.7 14.261731484101883
727.89 14.348074302180924
728.095 14.34310280204217
728.3 14.36844672560443
728.505 14.35409961925153
728.7 14.427430601768434
728.96 14.462510885234549
729.19 14.571739013907951
729.395 14.632825183959573
729.565 14.696110140657337
729.755 14.724436155605503
729.925 14.696233237016344
730.075 14.751863011550698
730.285 14.807093743393002
730.52 14.822894149078103
730.725 14.870948204553493
730.925 14.91784453019724
731.11 14.970923241856795
731.31 15.047459258983023
731.535 15.128885978642774
731.815 15.154506602055994
731.985 15.198015441722452
732.15 15.23575205572464
732.405 15.323348198092996
732.63 15.380699907619329
732.8 15.427900067815859
733.04 15.476303819048583
733.3 15.481550050295318
733.485 15.555372805419285
733.715 15.65307859006444
733.905 15.686180423589647
734.115 15.817799750430638
734.34 15.697978617112348
734.595 15.777057798075624
734.85 15.748893237016842
735.045 15.743004348905204
735.195 15.81160997654101
735.385 15.843352996473147
735.535 15.827867257136942
735.695 15.857467368933285
735.915 15.895948568881405
736.075 15.93357363695355
736.29 15.957100150908696
736.505 15.966987771413319
736.66 16.027125248109623
736.88 16.054730513443584
737.045 16.077481208511806
737.265 16.19928576501083
737.46 16.28016025997447
737.69 16.26890550812073
737.85 16.330675269990195
738.03 16.38141795667752
738.21 16.430939683854735
738.425 16.523605012619527
738.67 16.528674642182768
738.865 16.584692797151213
739.04 16.646740517267833
739.19 16.73451883392573
739.38 16.801997966860725
739.485 16.828122400243824
739.73 16.861752384237413
739.885 16.90831840118286
740.095 16.927749956593903
740.27 16.95477579063057
740.495 16.928462399047945
740.66 16.983716706475914
740.83 17.051241131384042
741.01 17.08447530603185
741.2 17.134408063848973
741.39 17.114685574428698
741.6 17.18594728025191
741.825 17.244746487177924
742.03 17.25071114985928
742.215 17.280970304741764
742.39 17.307386519654067
742.58 17.37507022508494
742.795 17.341470757701057
742.96 17.349160407183145
743.165 17.379817758729047
743.4 17.431272077251155
743.535 17.495118486431334
743.715 17.535714453852037
743.925 17.623630065438192
744.14 17.61681471787735
744.36 17.678604733593463
744.6 17.731384888108746
744.78 17.778978044350797
744.96 17.813336994352632
745.13 17.848133779109364
745.33 17.93458521220015
745.53 17.928083581479715
745.725 17.939859749708074
745.88 17.98172159604827
746.07 17.986737157356785
746.28 18.021249322277257
746.47 18.076028714027643
746.695 18.147136629209466
746.86 18.199906123784615
747.07 18.236720920981075
747.255 18.24759845147386
747.435 18.27527574395494
747.645 18.38611489971516
747.855 18.44709874916124
748.02 18.52499601584127
748.205 18.587913482642183
748.34 18.625761594492573
748.53 18.67411881636826
748.7 18.714463812220067
748.85 18.787023747963175
748.99 18.787355418421466
749.205 18.876029706679248
749.4 18.899894977241374
749.555 18.997407254992986
749.755 19.040157905472498
749.95 19.0412802027278
750.125 19.062430492500347
750.37 19.116230048215094
750.59 19.114095406690854
750.745 19.146616925673648
750.92 19.204626745714464
751.105 19.2548101410489
751.25 19.304424467466013
751.44 19.373773911602495
751.59 19.427274512264304
751.77 19.49222496717228
751.955 19.556463158155193
752.095 19.584784756791418
752.285 19.691688295819088
752.45 19.72671326096677
752.635 19.786340524634248
752.795 19.829245317188605
753.015 19.897091401286666
753.165 19.946606492152103
753.37 19.99429818220672
753.525 20.017062445441976
753.7 20.005024494489522
753.845 20.024883389769567
754.025 20.062574848402154
754.19 20.141556830537922
754.405 20.16741426137594
754.57 20.241633298549914
754.765 20.336856039413743
754.95 20.385419461790963
755.12 20.419362178060165
755.305 20.490516865297355
755.465 20.51347822639359
755.57 20.528570604288948
755.71 20.572604606648795
755.93 20.56281221601646
756.155 20.617379968946583
756.295 20.699039256222818
756.435 20.74021595328613
756.61 20.812102683065262
756.775 20.84073068000213
757.04 20.84902417489189
757.235 20.920519008329823
757.375 20.976760891220483
757.635 20.95872409231748
757.835 21.040706538951877
757.975 21.11286670974639
758.205 21.195500020181825
758.38 21.298444041595264
758.585 21.331383325346334
758.745 21.391774472338128
758.89 21.44264055966182
759.025 21.443260997596777
759.165 21.516331882745327
759.355 21.566281494208436
759.56 21.587647687122292
759.685 21.607642771266224
759.87 21.620367746815454
760.095 21.666637739962653
760.33 21.647962291097603
760.435 21.67567645423652
760.585 21.75336339731116
760.835 21.815760634465676
761.01 21.896281320772072
761.14 21.939166692832238
761.365 22.00255295831411
761.545 22.042398044627287
761.745 22.07297114745502
761.87 22.12170765896575
762.025 22.227792259775107
762.175 22.284690082213434
762.31 22.3675082907256
762.495 22.424860015921357
762.64 22.44189370273427
762.81 22.493413888107526
763.015 22.4849424769323
763.16 22.51887873535198
763.28 22.551372954003323
763.475 22.58717061479612
763.66 22.54853837645741
763.83 22.53665021725889
763.97 22.567578024445766
764.075 22.579382577651227
764.215 22.569574730543504
764.41 22.547145469975153
764.575 22.539175833117344
764.775 22.645273614717645
764.95 22.670404411498794
765.1 22.719836152003147
765.275 22.809884461472585
765.385 22.8740658704839
765.51 22.875013249302814
765.685 22.98078233620257
765.895 23.037744319194594
766.075 23.126468444480835
766.255 23.185291971831965
766.42 23.228677476051704
766.57 23.25011698246898
766.75 23.280839491676108
766.935 23.349448789938705
767.06 23.33665350869581
767.26 23.33678270747017
767.425 23.4191515280007
767.6 23.473282149592364
767.77 23.438727991280725
767.95 23.451810957491737
768.135 23.47942058388098
768.28 23.534463129076677
768.405 23.572852433663954
768.6 23.618832448517768
768.695 23.621640172141102
768.825 23.690940850712533
768.985 23.764226630308915
769.17 23.738125304345825
769.37 23.77095690038159
769.53 23.82007725432498
769.67 23.846264311376743
769.82 23.86830702840086
770.005 23.908009948519187
770.145 23.982279366609223
770.335 24.017221103777565
770.51 24.07650912107663
770.625 24.139551877036173
770.79 24.18616864591919
770.97 24.23190098043544
771.145 24.305095418791975
771.28 24.3403752918219
771.425 24.454333915201634
771.6 24.459791639242876
771.76 24.471137752760352
771.94 24.56856675432674
772.135 24.59719261261558
772.275 24.68839727076253
772.475 24.74877541257568
772.62 24.77406651842398
772.785 24.805145660855963
772.965 24.84188744558868
773.13 24.8339834434257
773.29 24.874274818347835
773.43 24.97104051339487
773.56 24.9698592175994
773.73 25.00104721424775
773.88 25.047805548871356
773.99 25.030632489293403
774.095 25.051022807833476
774.205 25.044743377688487
774.29 25.07989044080163
774.44 25.143535688814207
774.615 25.160725057659516
774.775 25.214942825803558
774.95 25.304725758811195
775.125 25.35495501314473
775.275 25.44003442919828
775.41 25.535902403435617
775.585 25.592138691677764
775.76 25.619410041104995
775.93 25.624954467418796
776.15 25.693154554370583
776.3 25.719984213441855
776.43 25.78486759680811
776.62 25.880001398025637
776.8 25.994974388664755
776.94 26.0250439879141
777.11 26.072529296552684
777.21 26.12717063185624
777.345 26.225845072156282
777.455 26.266664487836728
777.69 26.323154108333135
777.805 26.343059024987394
777.985 26.35579470577323
778.14 26.334538911826282
778.265 26.350455547061966
778.48 26.40293877354179
778.625 26.494037918485184
778.79 26.46844902841587
778.92 26.516963376934182
779.105 26.516022936364518
779.24 26.58431925310018
779.415 26.637389655110546
779.595 26.73226599497563
779.755 26.788112847861246
779.93 26.76690936933006
780.09 26.82929284893416
780.25 26.904960219671587
780.395 26.975868147504677
780.555 27.03128607994223
780.675 27.09019691409091
780.825 27.174004260279503
781.01 27.161898750245594
781.16 27.145326369719573
781.31 27.17861818474517
781.5 27.225099267968773
781.65 27.303937905101307
781.78 27.400099035143615
781.995 27.43022165972247
782.125 27.49123889679041
782.3 27.519385583885636
782.475 27.552223140792098
782.61 27.604673335320392
782.825 27.67406083711027
782.945 27.705776024605917
783.05 27.733612572682592
783.15 27.76801782753589
783.315 27.778661688895856
783.48 27.8156096590299
783.61 27.88864973281421
783.77 27.93760276475429
783.915 27.9654807857453
784.06 28.025049814147106
784.195 28.079337974844194
784.325 28.1437332921219
784.465 28.19278169493908
784.585 28.266726270835676
784.685 28.302134710048445
784.83 28.336121451152625
784.95 28.385669468162607
785.085 28.401602598282263
785.28 28.441098438738432
785.44 28.462907185091538
785.595 28.48434243262596
785.685 28.543817590032788
785.82 28.570069027237317
785.925 28.607715426254284
786.055 28.658831415297666
786.205 28.672872950161096
786.34 28.681133819741678
786.495 28.755772415919914
786.69 28.767721651970046
786.84 28.778907686675513
786.955 28.7879611737739
787.105 28.84047224294325
787.265 28.858427176398177
787.435 28.92141101459914
787.54 28.964514765103335
787.695 28.988682161618467
787.875 28.980488584441858
787.99 29.04527569504213
788.125 29.06757635192302
788.265 29.16414772563761
788.415 29.241204063365377
788.535 29.29281687723145
788.715 29.32890551132896
788.825 29.337652672318686
788.99 29.37061567837204
789.105 29.395654398013274
789.23 29.43260933832255
789.36 29.468497786772993
789.55 29.51939146327052
789.68 29.517350318909838
789.815 29.58236563873686
789.97 29.586923296462476
790.1 29.58150311652817
790.285 29.636894279133944
790.43 29.70618432136097
790.58 29.76091666605752
790.73 29.787642036429332
790.885 29.867576662300408
791.01 29.91646493775392
791.115 29.959466335627166
791.26 29.94806895562473
791.41 29.99567640536008
791.56 30.02287904801367
791.685 30.03458266363783
791.865 30.073390548713956
792.045 30.073159956159305
792.13 30.138259295567053
792.3 30.128201783604144
792.43 30.170122329997838
792.58 30.184584571079373
792.65 30.240701050074883
792.785 30.212792641462
793.015 30.25760048210488
793.19 30.24346600806369
793.28 30.2653524312694
793.42 30.299901321629793
793.58 30.275180142541124
793.72 30.35438259483411
793.815 30.371912027414492
793.97 30.37817088522049
794.055 30.394425153340382
794.22 30.411443231076444
794.405 30.43637362098152
794.505 30.48353991960499
794.65 30.514804051995128
794.795 30.53086378103444
794.93 30.607994817264153
795.06 30.645261628863725
795.165 30.660202463052602
795.28 30.69007991232876
795.425 30.648835714481322
795.56 30.668537558545225
795.635 30.688772847646938
795.77 30.744319244848242
795.87 30.804833856794684
795.975 30.838440656274322
796.055 30.90400073302053
796.17 30.937627315610335
796.3 30.93436072342265
796.455 30.96777340962292
796.58 30.98814167747262
796.705 31.02548757710319
796.815 31.07537885294837
796.895 31.105816725668117
797.035 31.160691882449676
797.25 31.108781419512965
797.41 31.13420294410674
797.555 31.165581050432134
797.7 31.19866638046566
797.835 31.244662257703954
798.005 31.29106307143787
798.185 31.336410581633363
798.325 31.39278435481216
798.555 31.332981884411254
798.68 31.401718737968665
798.855 31.40438107579527
798.97 31.444440912848304
799.07 31.50616275361514
799.2 31.58254718087445
799.28 31.63741821254981
799.425 31.611879565255858
799.55 31.677037004221756
799.67 31.734151665194197
799.775 31.747027320972787
799.9 31.72082999034518
800.035 31.751133007125603
800.195 31.80605446298727
800.34 31.789894415280358
800.51 31.86718511944828
800.65 31.880863338940184
800.745 31.896818180662645
800.92 31.91687696463862
801.04 31.952672287801818
801.19 32.00053234481824
801.325 32.06728753181723
801.53 32.04941379531169
801.605 32.08764653728141
801.735 32.09916755601217
801.85 32.17692140893508
801.975 32.24068366857449
802.16 32.290677279920594
802.295 32.324018715649345
802.4 32.37795018668503
802.51 32.447559547722776
802.61 32.47477412968208
802.705 32.54572315185802
802.835 32.626680437671105
802.93 32.67404268416495
803.08 32.681708498053744
803.22 32.712108003769046
803.345 32.7427305983355
803.48 32.799828409895575
803.635 32.83293748539107
803.755 32.89506652995324
803.88 32.942398334672
804.005 33.02328971069633
804.19 33.089097021655675
804.3 33.16745998731361
804.42 33.17524051027472
804.555 33.23128898853
804.685 33.23369022286189
804.85 33.25805150560912
804.995 33.26617149341275
805.135 33.27405277298962
805.235 33.300516467240044
805.37 33.3287733899463
805.5 33.36112744078957
805.655 33.39689714170267
805.815 33.344867309368574
805.91 33.40255308750844
806.045 33.47170071483848
806.14 33.53645582566431
806.285 33.62838258938259
806.445 33.6578554152783
806.6 33.687449014514705
806.7 33.69252038135825
806.835 33.69994370959916
806.97 33.72098194174627
807.08 33.790867310086014
807.215 33.82438796350243
807.38 33.80591366898659
807.56 33.84336369706266
807.675 33.86982729517563
807.82 33.895903311558655
807.94 33.94551353930643
808.055 33.955660935221665
808.235 33.96095563345779
808.335 33.96100002374878
808.47 33.99037847900091
808.605 34.0107723845101
808.725 34.056845399904056
808.875 34.106681215233884
808.98 34.15938991841029
809.11 34.20949205606053
809.235 34.23007838629147
809.33 34.25284494658325
809.46 34.334570240034154
809.595 34.372055013181075
809.705 34.38750466938441
809.835 34.39509978830178
809.945 34.437066260982746
810.025 34.462190701400544
810.135 34.50361243923284
810.295 34.50843571763856
810.43 34.5389605951739
810.54 34.58858556310566
810.665 34.59068301954724
810.815 34.55228032094096
810.93 34.575605017288666
811.095 34.60859356783686
811.225 34.621055187725844
811.37 34.671365968049955
811.48 34.70796470653893
811.625 34.74941704438541
811.725 34.78894549484385
811.835 34.82631383994569
811.93 34.883943981991095
812.035 34.89760722384486
812.14 34.91224317654326
812.235 34.937701555050076
812.36 34.98212608931372
812.48 34.98096539117371
812.585 35.032544453040664
812.64 35.05459345953203
812.75 35.06042881000899
812.9 35.117891902252495
813.05 35.141315574427594
813.145 35.180567600358835
813.275 35.170073147864365
813.345 35.207439469093025
813.465 35.23815279012652
813.555 35.29583480772015
813.73 35.32003147104456
813.85 35.33269728576404
813.985 35.333511859161504
814.1 35.33586160797399
814.26 35.38108968838704
814.365 35.39144738123454
814.535 35.417378907017046
814.66 35.43760033619573
814.82 35.44033984659587
814.95 35.47775153911753
815.055 35.497639174101046
815.195 35.53011285653326
815.295 35.55995680028579
815.395 35.61645172059998
815.56 35.65420750153919
815.665 35.69880668866923
815.81 35.77967054237088
815.94 35.859110124129856
816.06 35.893006835573026
816.215 35.84274384630955
816.315 35.92070797334781
816.44 35.94281331706977
816.55 35.94786146238177
816.63 35.962055659210876
816.75 36.00806023670326
816.845 36.042701851885624
816.945 36.09301182379442
817.07 36.11657702050945
817.225 36.159534491934046
817.36 36.16948379212709
817.475 36.2534264538987
817.6 36.28987150527468
817.695 36.31647569678499
817.79 36.334098773305804
817.95 36.34034401343875
818.035 36.36351607734788
818.145 36.39970698153639
818.31 36.42537494245587
818.425 36.44662063592308
818.54 36.46211498453878
818.65 36.46361854488572
818.77 36.484967648630416
818.9 36.49161809175874
819.0 36.51240582178162
819.13 36.49042140440909
819.275 36.50881871851108
819.375 36.548231711069555
819.51 36.549957551068715
819.655 36.637789412918
819.77 36.64630758066196
819.855 36.687927101089734
819.95 36.708788809757756
820.025 36.68806954905342
820.12 36.70944725255257
820.21 36.758698420207146
820.285 36.78313158017165
820.365 36.81382981063818
820.425 36.846338192430395
820.51 36.859367395875374
820.62 36.84349079648061
820.8 36.89724969663565
820.935 36.927890822561416
821.075 36.93726006222608
821.245 36.985057080342344
821.365 37.03810037511352
821.505 37.02789896156056
821.625 37.00990462296553
821.7 37.054082435348846
821.765 37.102462703888904
821.87 37.16191788247099
821.99 37.23725238016522
822.11 37.24113870520477
822.22 37.28259054557428
822.345 37.272674121679344
822.505 37.26720000187698
822.655 37.32723654303514
822.765 37.40112291061426
822.875 37.40581975787717
822.995 37.41073093304544
823.08 37.465207980808366
823.205 37.46828441073085
823.33 37.49199043440704
823.42 37.51279312769455
823.51 37.52640477419043
823.58 37.54372459255217
823.695 37.61310547558641
823.805 37.64175185099732
823.92 37.70200000026656
824.0 37.74324792355707
824.05 37.783135479115096
824.135 37.83403024026259
824.22 37.877634243434436
824.295 37.91657034243291
824.385 37.9365613681869
824.495 37.95514378445289
824.655 37.99571484698858
824.775 38.02068169011313
824.915 38.05282991213147
825.025 38.09528354193866
825.135 38.13908393784636
825.26 38.15206811573309
825.38 38.18107610930212
825.515 38.226773419033826
825.61 38.2744374591459
825.76 38.31727374614069
825.875 38.305822733317996
826.005 38.35427259290227
826.1 38.387471783770145
826.195 38.44655593569577
826.28 38.48593817468829
826.425 38.48492983130673
826.495 38.50106015638829
826.595 38.57253136468226
826.705 38.61194616870113
826.805 38.64770628387957
826.965 38.70716987846051
827.045 38.73052079698942
827.16 38.78693765513484
827.225 38.81465266244865
827.345 38.80431482768676
827.46 38.83528416894114
827.605 38.918920680495155
827.665 38.9212937934078
827.745 38.94049028863913
827.885 38.955480001028775
828.005 38.968805653629566
828.15 39.025407263221496
828.26 39.02881811195518
828.35 39.02283186847383
828.455 39.048841662408876
828.55 39.083308779140346
828.65 39.11608159307346
828.745 39.125618783939125
828.835 39.11197396626369
828.91 39.171339897260765
829.05 39.246771143956934
829.175 39.28653118644247
829.28 39.33532686655206
829.4 39.38650127152778
829.495 39.438776100451044
829.62 39.437318754610644
829.74 39.486813523137755
829.85 39.483951322788116
830.005 39.511908706720824
830.11 39.48293823995753
830.26 39.47484919024979
830.415 39.50679319487617
830.505 39.51960234933097
830.655 39.51319320411764
830.73 39.4987068040965
830.855 39.52562904950144
830.97 39.54946143119382
831.08 39.59992893755363
831.15 39.6192621037828
831.295 39.611149831263084
831.345 39.61607174750568
831.445 39.64347361168039
831.52 39.64730943870774
831.58 39.669661078086506
831.655 39.66652418228142
831.79 39.68159579989357
831.89 39.69732089741274
831.985 39.7334684817213
832.065 39.75149913420984
832.16 39.7919766665992
832.335 39.83083292194981
832.435 39.84298044138091
832.61 39.87881013128949
832.685 39.902969940221894
832.78 39.960301908809654
832.895 40.02177767718735
833.005 40.07775075434796
833.145 40.13099123229369
833.245 40.17743278916208
833.35 40.16270301620446
833.47 40.17398218027566
833.575 40.175799298162445
833.67 40.224009680461606
833.78 40.28643174711025
833.875 40.33327709480139
833.98 40.33514870563299
834.105 40.33794396865177
834.23 40.353800889521615
834.3 40.37537435456614
834.4 40.43171549774325
834.525 40.4736948507839
834.63 40.51816516752348
834.785 40.543528007766945
834.9 40.58603368959902
834.99 40.540815093461205
835.045 40.57604034712179
835.16 40.544093498164926
835.3 40.555563969007025
835.4 40.51502606050522
835.47 40.53063981507196
835.57 40.51769388289443
835.675 40.57203253622627
835.72 40.60066093478909
835.835 40.638098506835384
835.915 40.67468407527114
836.015 40.70885443175389
836.115 40.774804702076274
836.215 40.76946801974568
836.33 40.779725724319846
836.44 40.770794552500575
836.57 40.75438256792099
836.715 40.815847929585566
836.775 40.86162917326558
836.9 40.927070816614034
837.01 40.946464619355375
837.115 40.94096466791786
837.205 40.977294546391285
837.31 41.00256028284994
837.395 41.046351725211196
837.505 41.09457134427672
837.625 41.119196448652964
837.7 41.15517882015083
837.825 41.148882459165165
837.91 41.1821776839687
837.99 41.171169841658056
838.06 41.16197200934975
838.145 41.20233167769018
838.245 41.21063646425451
838.325 41.22885479050664
838.465 41.233600668879305
838.55 41.28242596392969
838.71 41.284475771147825
838.81 41.319613408904345
838.895 41.37333366666829
838.97 41.37181693110546
839.05 41.41659294116635
839.145 41.44323447098555
839.23 41.47793625507301
839.34 41.509391078871445
839.435 41.53651629505835
839.55 41.57752944528894
839.625 41.54811190674103
839.725 41.55530763891448
839.815 41.58554511863553
839.96 41.58177026162369
840.125 41.5709041924383
840.275 41.558088848546895
840.4 41.577680521981264
840.515 41.57513964114739
840.61 41.607255600351294
840.67 41.61671364093226
840.75 41.58514302732426
840.85 41.567013158447786
840.965 41.57168265772959
841.04 41.59373261640296
841.105 41.60660431485686
841.23 41.64660005909741
841.315 41.647187372983566
841.405 41.62588795135418
841.5 41.62140925704839
841.615 41.66806828463331
841.73 41.68639921361625
841.835 41.7105095634206
841.92 41.71298919205725
841.96 41.712926548086145
842.045 41.7262311601967
842.105 41.775710946980034
842.175 41.7842553478565
842.29 41.79906348882369
842.405 41.80705832306479
842.5 41.87610345054808
842.63 41.90996691281402
842.725 41.88629469667954
842.785 41.91590977734243
842.86 41.92815582942186
842.94 41.95985638367572
843.05 41.992192382698086
843.19 41.98831974460129
843.285 41.964136099685945
843.395 42.03586617670832
843.475 42.059533960624485
843.55 42.10608163380634
843.62 42.10856511781667
843.725 42.07769046865427
843.82 42.066322365841955
843.91 42.08619893389657
843.985 42.081576376744245
844.085 42.065488247582934
844.18 42.078982925209814
844.26 42.101007997099785
844.345 42.11954719938722
844.435 42.156871135315505
844.565 42.185588706006726
844.645 42.19444073744465
844.71 42.22654741430636
844.85 42.198710356821266
844.925 42.199566253218755
845.015 42.23843274797285
845.14 42.24016521971646
845.21 42.250103624504966
845.305 42.276690597055925
845.375 42.32530605516417
845.465 42.32013402292805
845.555 42.29089231577317
845.615 42.304552364417816
845.73 42.34919564595408
845.82 42.38834105371938
845.89 42.42638199808272
845.99 42.45730814683589
846.075 42.49255772851945
846.195 42.516174575125085
846.265 42.53588228081127
846.35 42.5498525232314
846.42 42.59536861133705
846.5 42.59957298014209
846.61 42.62478458956166
846.705 42.64894650739869
846.765 42.68088641683342
846.865 42.695918802762165
846.975 42.7148353713791
847.04 42.7329959717736
847.105 42.736706769797294
847.205 42.73728292438343
847.27 42.78457313673309
847.35 42.80888345323389
847.43 42.7954712768658
847.53 42.82263408467242
847.63 42.836760384055715
847.675 42.842347140915535
847.785 42.843513021695614
847.905 42.86622846383347
847.995 42.87700037087506
848.04 42.87457927185635
848.12 42.91226997692927
848.195 42.950444449294814
848.285 42.919157088951906
848.37 42.981041748063106
848.41 43.00533915666636
848.51 43.030197413528505
848.605 43.070224006613884
848.685 43.11380027171517
848.77 43.14131389774911
848.85 43.15343083654905
848.92 43.16467940039278
849.025 43.207625129677446
849.135 43.223234666963286
849.26 43.24271106558315
849.335 43.23202301616652
849.45 43.23986505122606
849.52 43.26777207694559
849.605 43.260215048357665
849.68 43.29863112485696
849.805 43.31544892504161
849.905 43.29849620794407
850.045 43.31633060968388
850.115 43.33417854477864
850.24 43.33279422419448
850.33 43.360370253754915
850.4 43.37808538256715
850.455 43.420208978523966
850.495 43.432845119516166
850.58 43.470819647253265
850.67 43.463507479402324
850.77 43.46993531605389
850.865 43.51141218059636
850.965 43.54508753282288
851.065 43.541244526016605
851.16 43.56055566737242
851.265 43.540367395841116
851.335 43.57887523599216
851.375 43.59007741730027
851.45 43.61604402605089
851.55 43.632746680842516
851.625 43.65527793357049
851.735 43.64733927893719
851.82 43.66095503965613
851.875 43.688704369061305
851.98 43.67639795923499
852.07 43.68854017604122
852.165 43.70271630070953
852.245 43.74187620196854
852.305 43.75998924007474
852.405 43.759518418982935
852.48 43.76019163417017
852.545 43.7430594638313
852.665 43.75000674802533
852.76 43.78261053117577
852.835 43.805965209543096
852.9 43.814249305574734
853.025 43.845026018154705
853.08 43.8304591092615
853.175 43.84330681830258
853.25 43.85480268560064
853.33 43.87901479863116
853.415 43.8924310389908
853.49 43.92009533083172
853.6 43.97349590046874
853.695 43.958774371234526
853.76 43.977637076292204
853.87 44.004375068004634
853.93 44.039670330442654
854.01 44.05501243448939
854.09 44.11123331445872
854.215 44.10698249169414
854.315 44.120048371932995
854.39 44.12098373824127
854.48 44.07359765267921
854.555 44.11265813845501
854.68 44.11437396075964
854.75 44.12166254265175
854.81 44.17068197038216
854.88 44.19526794287725
854.975 44.237644841306
855.05 44.25766833024702
855.165 44.269251270381794
855.265 44.318114256546174
855.36 44.37200439319085
855.455 44.40333609405277
855.535 44.3916871094365
855.62 44.37795188001951
855.725 44.380825401479214
855.825 44.411216553691645
855.91 44.42385954059387
855.98 44.44520764280508
856.09 44.4602685258078
856.165 44.46948900382493
856.28 44.47992715369473
856.38 44.51046514627418
856.505 44.48295902046177
856.57 44.464034362153804
856.66 44.45272346117363
856.77 44.46270075910785
856.865 44.43635587689534
856.935 44.46161209120452
857.0 44.44837782706233
857.105 44.466055881179074
857.205 44.47259870050186
857.3 44.49154399924984
857.37 44.50659823478043
857.485 44.51356040917765
857.54 44.52178508026904
857.585 44.54992992453978
857.665 44.543951250027476
857.735 44.53979954735532
857.805 44.56520235908879
857.87 44.575418558870446
857.945 44.58340921110029
858.035 44.5844439035742
858.075 44.606930698397726
858.125 44.62089754237847
858.225 44.60112866724292
858.315 44.62029390468762
858.36 44.64331447863376
858.435 44.66036853394674
858.52 44.67233694852119
858.605 44.70392802544899
858.705 44.711784726930055
858.76 44.71925152869212
858.835 44.6934592698701
858.97 44.70921234311459
859.035 44.73342341979061
859.13 44.75722450877225
859.205 44.81153134750633
859.3 44.79669316582378
859.355 44.82258690082951
859.47 44.822924635328306
859.535 44.82179987147541
859.61 44.78915316464501
859.695 44.84358046078293
859.765 44.83257267728814
859.82 44.86660967040615
859.885 44.8749437647497
859.955 44.90193642230101
860.03 44.86561844656735
860.095 44.86580745280264
860.18 44.89896642384597
860.255 44.92271392214248
860.325 44.95200539402801
860.445 44.96594998764573
860.515 44.99893661501807
860.575 45.00278467095899
860.64 45.003075271803354
860.705 45.0090775322213
860.825 45.01997741929877
860.9 45.03443685128707
860.985 45.04453156733461
861.055 45.08185715142074
861.11 45.1133458064157
861.2 45.137868089647185
861.27 45.14106421421585
861.365 45.140114362096114
861.435 45.17265343203177
861.515 45.20050000835195
861.6 45.21328572477507
861.68 45.214815022152166
861.805 45.24436137443984
861.88 45.2920794655264
861.94 45.3124984144862
862.0 45.35122565423903
862.075 45.360525364093085
862.125 45.36927629085325
862.17 45.38867434497254
862.23 45.40390592632791
862.305 45.43504917425902
862.38 45.480965149771976
862.46 45.49347957034155
862.51 45.48443767215068
862.595 45.49063601252592
862.68 45.46551622745689
862.76 45.45097751186349
862.83 45.48135738241256
862.885 45.50897835101074
862.96 45.531130219833976
863.06 45.556044229379104
863.11 45.55242051829273
863.205 45.55280744730952
863.275 45.55993760501505
863.345 45.57225170680225
863.45 45.5850577211128
863.54 45.5910200097304
863.615 45.625378362856004
863.7 45.63785786331078
863.78 45.6567001803326
863.85 45.66039705583473
863.95 45.633646010824144
864.025 45.62116645972271
864.11 45.615917833569846
864.215 45.5934489585916
864.295 45.618562463168765
864.365 45.638868374803785
864.42 45.65187915466085
864.49 45.69991588129884
864.58 45.74315007620782
864.67 45.71850839704038
864.73 45.71263858751939
864.8 45.752447280564155
864.87 45.78004107473058
864.93 45.781380209309404
865.025 45.75425262383629
865.115 45.77420852214865
865.205 45.788051973386985
865.29 45.806298528964575
865.405 45.79066389011508
865.49 45.79054235149678
865.585 45.826774283229135
865.65 45.855108273494146
865.71 45.863199466747126
865.79 45.87349767507079
865.845 45.867089777127944
865.945 45.897438373467324
866.01 45.916790592238236
866.105 45.97676904108514
866.22 45.94645780606623
866.3 45.964482683281744
866.385 45.950451520903194
866.44 45.965536576481064
866.52 45.96360369163419
866.615 46.00761107014696
866.695 46.00581102688231
866.815 46.005142546279735
866.905 45.985643105857456
866.975 45.995240905224605
867.05 46.01460877922931
867.115 46.00023787353833
867.2 46.02118804141978
867.285 46.007905973433566
867.375 45.99382059215473
867.43 46.000711159021
867.525 46.04159551522884
867.665 45.99937485919985
867.75 46.009694193713074
867.83 46.01901616990775
867.91 45.99870983552324
867.975 46.021890956762945
868.085 46.02170970117361
868.17 46.044997654959516
868.265 46.04121787831629
868.35 46.052160726047234
868.435 46.05290572404895
868.52 46.089486914263894
868.58 46.087895052299366
868.62 46.09947295832323
868.695 46.08438812814737
868.75 46.08793757535423
868.825 46.08572278071707
868.91 46.102920693622124
868.99 46.09755768064726
869.07 46.09739634457398
869.125 46.141789069047405
869.24 46.1496625858079
869.305 46.18253030668241
869.35 46.198038854153204
869.4 46.1980660475378
869.49 46.23231591836902
869.57 46.230959410769344
869.63 46.234415817982935
869.69 46.228772393228496
869.8 46.215357798922334
869.87 46.25506192590001
869.975 46.227147009122405
870.05 46.26575515975624
870.1 46.28500305215165
870.225 46.29753431249966
870.305 46.28839001576156
870.41 46.33830047004596
870.505 46.35649466892367
870.55 46.33033563444148
870.65 46.31742674307912
870.755 46.34353884809427
870.84 46.383418454634075
870.95 46.37803478536755
871.025 46.40464773768131
871.075 46.447023640112015
871.155 46.47235061689151
871.215 46.48951656829494
871.305 46.49668464973696
871.375 46.48114520207611
871.46 46.43489417436983
871.52 46.42072834521774
871.585 46.46436766288289
871.68 46.42969072591937
871.77 46.395255129080404
871.82 46.395910407196055
871.91 46.42465014088439
871.995 46.426198796297825
872.08 46.42759099964321
872.15 46.44548866236017
872.205 46.4472789689352
872.32 46.487017693871806
872.415 46.48177656634714
872.475 46.48152358922713
872.545 46.51522660949491
872.63 46.500587341619436
872.695 46.4754971374256
872.75 46.48085465270869
872.84 46.505356043186225
872.905 46.51909398867993
872.99 46.51989254082655
873.14 46.52259838835337
873.21 46.54598309965714
873.265 46.59334150242725
873.32 46.5774073384496
873.42 46.59926024387492
873.525 46.61161430308652
873.61 46.66859424111906
873.675 46.69143202045317
873.775 46.699879751924634
873.88 46.68547168372253
873.965 46.67447167920238
874.045 46.66886423995377
874.14 46.683262901985316
874.205 46.69545268554035
874.28 46.72900167979144
874.34 46.77868775565113
874.4 46.764673348231916
874.48 46.777347092423106
874.57 46.773968407683945
874.62 46.789763945229
874.7 46.768541589534934
874.795 46.759762101178346
874.855 46.778468342844576
874.945 46.80132256646012
874.99 46.802373989524035
875.09 46.78789840531341
875.19 46.82367116005026
875.25 46.84527617057549
875.29 46.84268443873745
875.37 46.832462005402164
875.43 46.85104268855738
875.52 46.84240230033395
875.585 46.84286546771162
875.66 46.901419121151214
875.74 46.89196821863085
875.785 46.915285302072654
875.845 46.92912409626042
875.905 46.957330946809996
875.985 46.9175988345739
876.055 46.90964237487527
876.135 46.93057820711642
876.215 46.94023544378093
876.32 46.924162058843656
876.395 46.938417636848996
876.48 46.9257898041548
876.525 46.91432772329413
876.59 46.92110238737183
876.685 46.948766847945144
876.72 46.945725103864746
876.825 46.95891901840251
876.9 46.979948679084856
876.995 46.969197379905935
877.065 46.947107787895106
877.13 46.93878297030792
877.225 46.95592261197416
877.32 46.94097223505134
877.36 46.951920238370995
877.46 46.96538231163877
877.52 46.960473061402965
877.605 47.014260372699255
877.725 47.00421637240555
877.8 47.00336778268737
877.87 47.00425619560969
877.97 47.03584755028731
878.07 47.05770113574296
878.175 47.05363533235183
878.24 47.07678321198188
878.34 47.071787365991796
878.395 47.07909494568181
878.435 47.076925980771044
878.485 47.085827493565084
878.535 47.09712806914885
878.62 47.09069192878417
878.69 47.05971722104397
878.75 47.06765685274805
878.83 47.07901088947874
878.91 47.08542327968536
878.95 47.08281488278321
879.01 47.09991411401659
879.065 47.104190885684204
879.14 47.12445193155296
879.2 47.12647369168485
879.255 47.1008751212324
879.305 47.09918941145464
879.38 47.11160277020822
879.445 47.13966178885716
879.545 47.15725829657882
879.59 47.16188201904042
879.645 47.18997183948149
879.7 47.18497759406867
879.785 47.214881128728884
879.86 47.212982628120585
879.93 47.22410060966708
879.995 47.22526977718218
880.07 47.25909659584361
880.14 47.27839499354678
880.17 47.28414163597829
880.24 47.305405685134694
880.315 47.309053124509774
880.44 47.29057402865607
880.495 47.29369347186849
880.565 47.28961103199929
880.66 47.3155174435911
880.73 47.32436027435432
880.83 47.341070804583865
880.89 47.351756506185765
880.97 47.33192002514087
881.06 47.257621756393455
881.155 47.20383443031533
881.205 47.206942839600465
881.28 47.22246718496584
881.35 47.23487234902986
881.445 47.24784406556791
881.565 47.22932160316807
881.605 47.24063252973065
881.65 47.23104230041847
881.705 47.26231699821964
881.775 47.25685587441973
881.87 47.256948652869035
881.935 47.2375667617188
881.995 47.25452279542261
882.075 47.24159413144735
882.145 47.261317540652556
882.2 47.28891208338536
882.3 47.26807968157705
882.36 47.258408626715806
882.405 47.246291231967426
882.47 47.24595220757013
882.515 47.24234297586484
882.595 47.239483687858794
882.69 47.27949506145694
882.745 47.28497987319061
882.815 47.31845258219957
882.845 47.33151525868801
882.92 47.33398494373007
883.01 47.35103486210796
883.07 47.313400738556474
883.15 47.313213809727884
883.205 47.31635193888071
883.29 47.317232616802116
883.345 47.32456069765605
883.43 47.341431703940835
883.47 47.351663117571704
883.565 47.39405826465982
883.615 47.40615458421312
883.685 47.40158569745494
883.78 47.36696896302019
883.83 47.37088879815997
883.865 47.37285840613632
883.935 47.39411127892999
883.995 47.37941557364868
884.055 47.38839812002416
884.105 47.375056250878146
884.165 47.380081634357616
884.235 47.43744651283721
884.325 47.40024568984095
884.395 47.41433931696531
884.455 47.40118497130022
884.51 47.402583522663775
884.62 47.36128223851612
884.66 47.352356099149944
884.765 47.3632363313456
884.825 47.41492646051748
884.895 47.44649432909246
884.95 47.43053635469951
885.01 47.431409350395896
885.065 47.39570167946078
885.175 47.39520972126415
885.275 47.35548632869413
885.31 47.34969766901087
885.395 47.35866542624247
885.485 47.362281443334076
885.57 47.35735099715076
885.585 47.36475350270345
885.68 47.36650216807433
885.745 47.388482952959315
885.83 47.38001083933685
885.94 47.370945020769895
886.005 47.34631286286761
886.015 47.35777198981382
886.075 47.39653502803044
886.125 47.41444953941391
886.225 47.408567117989364
886.27 47.41824066473466
886.37 47.400391194874494
886.42 47.38470376349069
886.485 47.429924771383455
886.575 47.43590624205492
886.65 47.46707401534129
886.73 47.464740682323345
886.795 47.45368516965679
886.865 47.459866938806805
886.915 47.44875866123857
886.975 47.42976161053478
887.05 47.401073922910484
887.115 47.364742893282276
887.19 47.36932726806604
887.245 47.40390941832439
887.31 47.40856208317195
887.365 47.40535956595931
887.425 47.42753663385626
887.47 47.42981167130942
887.51 47.43257473223062
887.55 47.46601534851358
887.59 47.469237856885464
887.635 47.47527020888912
887.745 47.473240015696646
887.815 47.48616063929896
887.89 47.47480580191612
887.965 47.43441677171083
888.03 47.437863087109605
888.08 47.4523151285085
888.155 47.41552631447206
888.225 47.46619400019683
888.285 47.43960746869561
888.32 47.443567111901565
888.375 47.435270627429624
888.435 47.43157753795137
888.485 47.44930937114885
888.56 47.46166292110066
888.605 47.46634856644394
888.68 47.45638145395744
888.75 47.45606272592824
888.825 47.43876640247872
888.89 47.45892590694829
888.94 47.462827560102234
889.035 47.47359779327017
889.095 47.51351011255725
889.145 47.504180984996225
889.225 47.5433087408749
889.255 47.555838377838484
889.33 47.57391604059084
889.39 47.56395218796155
889.44 47.606916435139034
889.495 47.62816588878529
889.585 47.64602283992139
889.66 47.61555001273297
889.735 47.64372358438123
889.77 47.63805222823981
889.83 47.658975964132374
889.895 47.65405037966805
889.945 47.650654764625095
890.0 47.68594917524153
890.075 47.71375469332372
890.145 47.74233580524422
890.2 47.74955602414028
890.23 47.750577885950364
890.29 47.73488237101746
890.395 47.662432927441024
890.445 47.677486179980285
890.515 47.711020555130254
890.565 47.7083452451471
890.655 47.684115271715285
890.785 47.67139166118998
890.805 47.67200515372606
890.85 47.69930416778059
890.9 47.72187008513089
890.99 47.715129339017786
891.055 47.711359697886486
891.085 47.711526108667805
891.135 47.72130962117238
891.225 47.6798828769092
891.265 47.685788734550464
891.35 47.67707011840571
891.415 47.665741255614975
891.47 47.68024885267763
891.51 47.70902066974683
891.565 47.71550715559438
891.59 47.699982617486796
891.655 47.73383043334358
891.765 47.70449000706509
891.83 47.66340420597875
891.89 47.66937957162563
891.97 47.68456973649624
892.045 47.65298532149114
892.105 47.65215223959276
892.175 47.6277902808347
892.22 47.64316272849516
892.3 47.63396870799631
892.36 47.58161884868259
892.42 47.581863864756514
892.475 47.576749684617596
892.555 47.588024495422005
892.625 47.58282253082513
892.695 47.56589689828936
892.75 47.578842263718215
892.82 47.5692312192868
892.89 47.56543126322185
893.035 47.52342744140928
893.075 47.52486125372622
893.12 47.52492707482397
893.175 47.541406179324724
893.25 47.52462995396499
893.295 47.53288176879487
893.34 47.518464012534665
893.375 47.52724027165049
893.425 47.5336894545945
893.51 47.501916385568144
893.55 47.51109365296175
893.595 47.50563018735239
893.655 47.549984015764906
893.72 47.54053123969865
893.76 47.55216548392992
893.835 47.57050070882629
893.865 47.57070141553336
893.905 47.568474580013024
893.965 47.55175730838531
894.04 47.524745207472456
894.115 47.52795289650779
894.165 47.53277393535905
894.22 47.51378112700489
894.29 47.50938442076681
894.355 47.53246946316099
894.42 47.500580266225604
894.47 47.50381206602287
894.515 47.50085717290588
894.545 47.4828503820275
894.605 47.47524057165676
894.655 47.49277622933669
894.695 47.46934451139712
894.755 47.47085829153159
894.825 47.45825327611731
894.89 47.492267553644304
894.93 47.50334661577531
895.0 47.50963932872706
895.065 47.502771937104285
895.14 47.50837429486198
895.195 47.51711646116504
895.28 47.53810003327719
895.36 47.5312158734874
895.43 47.52492178799217
895.535 47.51628945760701
895.6 47.496627756517675
895.67 47.50288116096713
895.75 47.46908541726667
895.805 47.467703646239684
895.84 47.46577079311917
895.93 47.48853445330369
895.98 47.49852787985926
896.055 47.49791822996989
896.11 47.521038979894406
896.15 47.51691050478342
896.23 47.53509256460566
896.305 47.53260689876966
896.34 47.54859349884697
896.405 47.539361897781525
896.44 47.5456553928292
896.49 47.57305833554306
896.545 47.570819726458744
896.575 47.57806993451361
896.615 47.55823486545299
896.675 47.568193577231874
896.725 47.58298094252695
896.8 47.546538957469544
896.9 47.54579913173588
896.975 47.53834078111166
897.04 47.54409114721908
897.12 47.54300460038429
897.165 47.541442117303994
897.225 47.52216488943758
897.285 47.540131420489224
897.35 47.522832386022074
897.42 47.49486721805108
897.495 47.50329240110335
897.555 47.521557922028244
897.59 47.50606308831278
897.66 47.543731786228165
897.725 47.56671458786508
897.78 47.579202415683284
897.865 47.58432636465383
897.915 47.597218944558946
897.98 47.5970270597295
898.055 47.602541790587445
898.125 47.58794424206544
898.19 47.63379886141613
898.225 47.62504698687984
898.29 47.652488901341364
898.33 47.62089719068964
898.395 47.63079295147131
898.445 47.64501244679527
898.505 47.63839901068787
898.595 47.61773006014043
898.64 47.62658773517668
898.72 47.635778960629274
898.73 47.623704034122014
898.805 47.58781330208789
898.84 47.56433780844404
898.895 47.55123103416273
898.96 47.55180618395882
899.025 47.52057872132925
899.08 47.51940730219349
899.13 47.51199901342035
899.185 47.477164836419234
899.275 47.522746471145844
899.305 47.520659088453364
899.35 47.48400947454724
899.375 47.4965682441887
899.395 47.50698414668697
899.46 47.466765945730195
899.515 47.457463366110595
899.585 47.43758422374527
899.625 47.441202699424046
899.675 47.453858837748534
899.72 47.46563528136241
899.75 47.44631983970578
899.82 47.46294613992485
899.865 47.47542897946178
899.905 47.460917272443304
899.965 47.44193780097476
900.035 47.469681146398095
900.075 47.479160993463395
900.11 47.462949316166025
900.16 47.446922474079464
900.245 47.42256290376775
900.295 47.42810454258646
900.36 47.39018408635582
900.395 47.40585989900214
900.46 47.3884662514872
900.51 47.39654059424072
900.535 47.3904849661473
900.6 47.41848334578056
900.65 47.430218512470546
900.715 47.430920676083296
900.765 47.43066640453084
900.855 47.42922762565113
900.905 47.4349697668705
900.955 47.413215881239324
901.01 47.429820147202555
901.065 47.40662098871674
901.135 47.3960833676472
901.22 47.38022826191064
901.31 47.408244093619416
901.38 47.44185120999344
901.415 47.43186358785712
901.475 47.43521765915971
901.51 47.42812493843584
901.585 47.40431012144837
901.625 47.40888510537527
901.665 47.42582439025679
901.755 47.4071955079569
901.79 47.41801599820503
901.85 47.412627921600794
901.915 47.3792331477446
901.95 47.39248609952286
901.985 47.39807657823873
902.025 47.42997350763199
902.095 47.40232989418331
902.15 47.40255808036961
902.2 47.375650510642394
902.3 47.42367578673786
902.395 47.413809397769754
902.445 47.41580186321493
902.465 47.40564577406663
902.545 47.37573510122992
902.61 47.37233995661205
902.655 47.37730490541334
902.7 47.4016304874033
902.74 47.396143006148684
902.81 47.366144642470715
902.875 47.40162386167396
902.935 47.42167067118399
903.0 47.408520744650744
903.06 47.40265242880859
903.15 47.400861896622864
903.25 47.37222963618577
903.34 47.35893520465375
903.405 47.35826221473926
903.43 47.373371015867505
903.5 47.34551710510456
903.585 47.34342376581297
903.64 47.348599232144466
903.7 47.35687243509827
903.775 47.333993171374615
903.84 47.345351530617975
903.915 47.335303206467806
903.95 47.32935494168475
903.975 47.30064619699465
904.005 47.314036662777276
904.045 47.29521287407446
904.085 47.28538158414067
904.16 47.248135747966735
904.22 47.23874570177946
904.255 47.23894116948504
904.31 47.26344322334791
904.355 47.26052008594457
904.405 47.24905651659664
904.455 47.24253656723496
904.52 47.23702235966017
904.555 47.23071752992919
904.61 47.21678753500315
904.68 47.19389705881459
904.75 47.190914507564926
904.8 47.19307078002277
904.845 47.18530747177589
904.905 47.182059180823295
904.955 47.163917890202555
905.005 47.165430818785154
905.04 47.177824617911256
905.13 47.165091213160274
905.17 47.16720072381445
905.235 47.150563657991746
905.29 47.143807578141406
905.34 47.182361920339574
905.4 47.202227185338195
905.47 47.196255494088895
905.545 47.151929944461855
905.595 47.126270826472684
905.69 47.125448960179604
905.745 47.10354226029435
905.805 47.08579761120561
905.88 47.09624060789761
905.91 47.10718986188218
905.94 47.12835461848023
906.0 47.1335107879307
906.055 47.138968878568754
906.115 47.10964197310536
906.165 47.12389076044135
906.23 47.11812484004654
906.255 47.13020534945086
906.315 47.1516933516671
906.36 47.126904477465324
906.4 47.148967386658015
906.44 47.159372686251935
906.505 47.14672889211011
906.555 47.12142952631018
906.62 47.11704233493397
906.67 47.1264854210528
906.725 47.121775045270574
906.8 47.113356298490785
906.87 47.106989313806245
906.91 47.11742948001323
906.945 47.13118626337518
906.965 47.13237825955751
907.02 47.11217875384956
907.075 47.117829153310986
907.13 47.11360268318424
907.165 47.095516915815224
907.22 47.076774672526575
907.255 47.060956675529674
907.29 47.050661245279954
907.335 47.04443291550774
907.395 47.01522232908471
907.435 47.0041778855185
907.5 47.0057197417741
907.55 46.97607110307764
907.605 46.96827727681481
907.665 46.945095429923484
907.725 46.90929315092688
907.775 46.907954077948176
907.825 46.89670435539137
907.855 46.92519413088355
907.915 46.9317667326004
907.98 46.92375511369321
908.025 46.91170338596612
908.05 46.91634273982149
908.1 46.927828689676616
908.12 46.91482284966101
908.165 46.91238251427688
908.235 46.90736915887561
908.295 46.91741889724861
908.335 46.924645837072376
908.395 46.9551156898504
908.44 46.98023106108318
908.475 46.97566327044772
908.53 47.00325125074545
908.56 47.0225691562068
908.62 47.02149193206856
908.7 47.03019451352396
908.77 47.02118735529237
908.805 47.015842246104164
908.85 46.99211416790957
908.92 46.95998082404818
908.975 46.94136591718282
909.05 46.91730670383485
909.08 46.918014669234594
909.15 46.93829478781627
909.175 46.94222231830213
909.255 46.90105028235445
909.3 46.905014678710515
909.35 46.89898799949614
909.37 46.900762334291414
909.425 46.89381113337947
909.48 46.908331432581825
909.495 46.9147625993007
909.555 46.87015073744435
909.585 46.889828910717746
909.63 46.91490318335441
909.67 46.90781186615245
909.725 46.91486328430387
909.78 46.90278195132853
909.885 46.849290872716345
909.94 46.83464336466626
909.995 46.84439091074827
910.05 46.855251283760275
910.12 46.85812651078253
910.185 46.867725499189056
910.23 46.88355188321305
910.265 46.8423505390165
910.315 46.823583962308746
910.36 46.80688863960734
910.38 46.82540649548423
910.425 46.843848107597196
910.455 46.808472958466794
910.49 46.808064202355744
910.51 46.82137445150066
910.565 46.82573032105856
910.63 46.83353499363463
910.695 46.79777917464024
910.755 46.79995892924368
910.79 46.815642921042446
910.84 46.80907870537757
910.885 46.811197550163165
910.915 46.83047342496155
910.955 46.82913424429661
911.0 46.81235931807564
911.055 46.81323927970907
911.12 46.82358208420175
911.19 46.81057626489185
911.245 46.788146235352215
911.3 46.78841500729075
911.34 46.75956248102718
911.4 46.75510882251291
911.475 46.72940790138549
911.55 46.71067259923976
911.59 46.709644124863075
911.65 46.71131807368429
911.695 46.72846802130463
911.78 46.67444826243814
911.825 46.65240195359935
911.855 46.65993702972702
911.895 46.65121277379968
911.925 46.66925617965008
911.985 46.65348339151982
912.025 46.6526173814794
912.08 46.686526523119824
912.11 46.6994872622041
912.16 46.68427473505067
912.21 46.678047308156685
912.25 46.677310942083196
912.305 46.67197597818784
912.355 46.66989791995796
912.405 46.65764303162272
912.435 46.64886233107853
912.475 46.6269205890555
912.535 46.62594415496281
912.595 46.623704530212976
912.64 46.62186602828976
912.705 46.62388775668261
912.755 46.62331651884151
912.79 46.638521184654394
912.805 46.653507088085995
912.835 46.652223147703424
912.925 46.65148637401085
912.97 46.66666893993773
913.01 46.686594333408614
913.075 46.684651206702355
913.12 46.69913969487239
913.175 46.66672574176685
913.215 46.677001697165444
913.26 46.680808577479006
913.295 46.695829336108105
913.365 46.658297855729465
913.405 46.65947393121455
913.45 46.641232001449794
913.465 46.645016484229814
913.495 46.61852000048023
913.54 46.625832337943635
913.56 46.626026333564944
913.625 46.60336622732947
913.69 46.60670363928996
913.71 46.59303008242013
913.735 46.600027767585075
913.78 46.5952485338328
913.855 46.53052140381141
913.915 46.5314264042709
913.96 46.52689717576296
913.995 46.52372793861786
914.045 46.50685338807927
914.1 46.5227020823729
914.13 46.54239003695189
914.205 46.54206477982952
914.255 46.54030484294632
914.275 46.547639993287774
914.305 46.551554335545845
914.345 46.55192135572438
914.38 46.55709846076565
914.425 46.573488425504515
914.47 46.57353940666653
