499.04 15.262203297634576
500.0566666666667 15.109194156176976
500.8233333333333 15.175411006612666
501.7633333333333 15.084621581256885
502.7733333333333 15.148383874269543
503.62 15.475374763806773
504.63 15.60313942340518
505.70666666666665 16.06052376587815
506.58 16.210888615341137
507.3833333333333 16.363647272611015
508.4033333333333 16.663118574393668
509.12666666666667 16.949974266874698
509.97 17.22298475913446
510.68 17.382503793386324
511.6333333333333 17.795161743964808
512.3666666666667 18.20210457406798
512.94 18.427378932294765
513.6466666666666 18.710480909777267
514.3566666666667 18.98131775284153
515.03 19.2331870720854
515.8 19.6201384494585
516.4766666666667 19.94497754623844
517.34 20.25236432788935
517.9766666666667 20.490216008193517
518.7733333333333 20.84089967394932
519.52 21.172399525614498
520.18 21.403769242650746
520.81 21.589370139261426
521.5333333333333 21.92009406842919
522.1666666666666 22.07918757492642
522.8433333333334 22.398909781957915
523.4766666666667 22.68637684905519
524.0866666666667 22.96308996100947
524.8266666666667 23.25336575534955
525.4433333333334 23.447945383292797
526.0033333333333 23.6885446163829
526.7366666666667 24.049433250865793
527.3366666666667 24.395500754834956
527.9166666666666 24.59483839768519
528.4333333333333 24.7946527482286
529.15 25.178443426429794
529.7266666666667 25.372251101852875
530.36 25.607738169947798
530.9466666666667 25.879004976055867
531.45 25.96307192300113
531.8933333333333 26.012126492036007
532.4966666666667 26.15179490611676
532.98 26.348822900225077
533.47 26.434922300942294
533.95 26.562241539171428
534.4033333333333 26.745936875596637
534.9566666666667 26.93696572799156
535.4633333333334 27.104936465982924
536.0133333333333 27.235498836600794
536.45 27.346179717658952
537.0033333333333 27.56172741834528
537.4166666666666 27.622328510282923
538.03 27.859221466792377
538.5433333333333 28.03213854716249
539.0233333333333 28.140642757494103
539.5166666666667 28.33654155880592
539.9233333333333 28.284462607094536
540.41 28.34029772102594
540.9466666666667 28.479362161384266
541.4133333333333 28.603783145877927
541.9733333333334 28.85019470768136
542.51 29.073368728628076
542.9566666666667 29.176457538064096
543.3233333333334 29.205169553540667
543.8233333333334 29.33360399439333
544.3566666666667 29.436675226382157
544.8066666666666 29.54010859166873
545.2666666666667 29.665057012937368
545.6466666666666 29.681505940093317
546.1433333333333 29.820916806039534
546.6866666666666 30.009282101761425
547.0566666666666 30.04734484102615
547.5133333333333 30.219871348224384
547.9266666666666 30.285176714872552
548.36 30.275276622715428
548.8766666666667 30.42268761898094
549.3433333333334 30.496649120531654
549.79 30.559431104512374
550.1933333333334 30.646696759953493
550.6166666666667 30.81474024353405
551.1466666666666 30.981683372127986
551.57 31.071152027150745
551.9833333333333 31.081343093844573
552.4166666666666 31.13359479144162
552.8466666666667 31.184473597192603
553.2666666666667 31.287675171131994
553.7766666666666 31.374852884659127
554.2033333333334 31.36155522359126
554.6066666666667 31.410731750777266
555.02 31.488803552435574
555.45 31.537006451464794
555.9333333333333 31.693276386576734
556.26 31.66577760883043
556.6733333333333 31.70737792594468
557.01 31.672813637973807
557.4366666666666 31.65711978368983
557.87 31.696825221100454
558.2433333333333 31.71408835553949
558.5933333333334 31.704761923898097
559.0666666666667 31.856842545132636
559.4833333333333 31.896200624365715
559.91 31.975982311979926
560.3433333333334 32.013356152226834
560.77 32.05655172287256
561.2733333333333 32.18932220112931
561.6666666666666 32.19332627129814
562.0833333333334 32.23165090334975
562.5866666666667 32.43438174663594
563.0033333333333 32.41830466181171
563.39 32.39303829167444
563.7533333333333 32.39481288563351
564.2533333333333 32.4443823907614
564.7733333333333 32.679685254246415
565.15 32.73335314364778
565.56 32.85286546453397
565.9966666666667 32.906627640915765
566.4266666666666 32.94057620561732
566.8066666666666 32.95018976537368
567.3166666666667 33.07551492945172
567.66 33.129992272257866
568.1066666666667 33.17182320995429
568.4433333333334 33.14647923749511
568.8766666666667 33.21212035815395
569.2733333333333 33.258367653149506
569.6666666666666 33.35151120846725
569.9966666666667 33.31671252289657
570.37 33.32428734557274
570.85 33.39077686926601
571.32 33.55399382595521
571.62 33.57478947505575
572.0466666666666 33.6867999448444
572.4466666666667 33.795378098565095
572.81 33.84966616771207
573.2266666666667 33.847809425405224
573.58 33.82826389466493
573.9133333333333 33.866141508757565
574.29 33.89861778340554
574.6533333333333 33.89665321561439
575.06 33.94097374850426
575.43 33.89525129277947
575.7833333333333 33.97711784932195
576.09 33.92252485160402
576.5233333333333 34.04781394358055
576.9166666666666 34.05086283421813
577.2666666666667 34.04426916676609
577.5833333333334 34.00152055751278
577.9566666666667 34.05624094611964
578.2266666666667 34.04829280642908
578.61 34.030449182635046
578.88 34.0023449909406
579.26 34.00519928768713
579.59 34.059291700952464
579.8766666666667 34.06939782928942
580.2333333333333 34.04372884690454
580.7133333333334 34.064631991720184
581.0933333333334 34.00970679197056
581.4533333333334 34.06644828200799
581.74 33.96967563690083
582.1166666666667 33.93042836135197
582.4333333333333 33.956772966866275
582.7566666666667 33.90303094483407
583.09 33.890862118232626
583.3733333333333 33.927139453943276
583.6566666666666 33.94327535799963
584.03 33.95071826785128
584.3333333333334 33.953177806592834
584.6933333333334 33.956483398188645
585.13 33.981203244044245
585.4333333333333 33.93815281179101
585.84 33.9578885383048
586.2666666666667 34.10973177204357
586.5566666666666 34.120092682137916
586.93 34.15474964154945
587.2833333333333 34.156971732703674
587.64 34.19935261176072
588.0033333333333 34.24879445998203
588.4133333333333 34.336946698624345
588.81 34.33984054752483
589.1566666666666 34.35373905188544
589.53 34.40748975398479
589.7966666666666 34.384535912557574
590.2 34.32112759410891
590.5033333333333 34.39077988880289
590.8033333333333 34.319928816000484
591.1333333333333 34.34181254951719
591.46 34.3854075761885
591.7566666666667 34.40800038543317
592.0733333333334 34.4393406271325
592.38 34.459063008320044
592.69 34.364958916573634
593.0533333333333 34.46665523806869
593.4033333333333 34.503075170332096
593.7066666666667 34.52313395607918
593.98 34.53019036760068
594.2066666666667 34.50118444317763
594.58 34.49807711184373
594.9266666666666 34.503084378952146
595.2533333333333 34.50969262646074
595.57 34.58572452815068
595.8566666666667 34.56208783151175
596.2166666666667 34.68611842789855
596.55 34.69765492832453
596.8733333333333 34.688541893318366
597.2566666666667 34.67919082788907
597.5866666666667 34.74218213671903
597.94 34.74604089474845
598.25 34.747163691665314
598.5333333333333 34.71396096445484
598.8733333333333 34.75490806111676
599.19 34.80726532009583
599.46 34.805744730155325
599.7266666666667 34.77936124751054
600.0433333333333 34.80526027338226
600.32 34.7796349899398
600.6233333333333 34.780363730506174
600.9933333333333 34.771686607362376
601.2833333333333 34.75364405073091
601.5866666666667 34.655820702793484
601.9433333333334 34.69330685724831
602.2966666666666 34.75969086820344
602.6033333333334 34.69233126187257
602.98 34.71584989761465
603.35 34.7292562180389
603.6133333333333 34.658735050101484
603.8833333333333 34.616142379913505
604.1933333333334 34.67164594203725
604.4966666666667 34.6245508364268
604.7666666666667 34.58350693701307
604.9966666666667 34.53005073218757
605.34 34.58107240329415
605.6 34.59638274439475
605.9566666666667 34.59688720443421
606.2633333333333 34.58217863513996
606.51 34.564610141696846
606.8233333333334 34.58911406200227
607.1433333333333 34.57853436771074
607.3933333333333 34.56463997610585
607.6766666666666 34.53240621724372
608.0033333333333 34.55222389575956
608.2766666666666 34.60692009725244
608.6466666666666 34.596119152639574
608.8966666666666 34.58235271473748
609.2433333333333 34.515336936425896
609.51 34.505342032249764
609.8166666666667 34.491864033477555
610.1166666666667 34.56412375656419
610.3966666666666 34.516720618124396
610.77 34.54167808725587
611.0933333333334 34.52542016661288
611.4533333333334 34.536604916417765
611.7133333333334 34.51456706989524
612.0333333333333 34.5365719912275
612.4166666666666 34.547089508871814
612.7466666666667 34.53352530690474
613.05 34.50773021825768
613.3566666666667 34.51744925733939
613.63 34.49327063448094
613.9233333333333 34.562881314662704
614.2266666666667 34.5157899335654
614.54 34.46458703070913
614.8733333333333 34.468209708230056
615.1933333333334 34.407395305776674
615.5266666666666 34.41410161822507
615.81 34.43360000587432
616.1066666666667 34.41759032774933
616.4233333333333 34.45384856818495
616.7566666666667 34.48237573519792
617.0033333333333 34.518232139780004
617.3666666666667 34.50256481507257
617.5733333333334 34.462785253763904
617.8466666666667 34.41527557444668
618.14 34.352302235750095
618.4566666666667 34.31286490344152
618.7066666666667 34.3097335305695
618.9 34.28110237336469
619.1733333333333 34.23072348524495
619.5 34.255727251049976
619.74 34.26181508974892
619.9933333333333 34.2248118774823
620.36 34.20981493850982
620.7 34.18066303851504
620.96 34.16424620950308
621.2366666666667 34.178568881559784
621.5566666666666 34.15594948428163
621.82 34.17064593299725
622.09 34.16928983594736
622.39 34.15337088011837
622.6533333333333 34.164658667915994
622.9133333333333 34.142224011092694
623.2633333333333 34.19197213895966
623.54 34.16899374841559
623.8266666666667 34.16333904452441
624.0633333333334 34.10625717004706
624.37 34.096848587692676
624.6766666666666 34.17071232539603
624.9833333333333 34.145024006976655
625.3166666666667 34.13689324602525
625.5966666666667 34.14469489570266
625.81 34.12372579609907
626.18 34.144405124965814
626.4066666666666 34.14441034902343
626.7 34.054893715194254
626.93 34.07524282984706
627.2433333333333 34.14680272015111
627.4766666666667 34.11523049991646
627.75 34.06693440958387
628.0266666666666 34.1482008451214
628.27 34.18037585582528
628.5566666666666 34.103228922866535
628.8933333333333 34.134819592084696
629.19 34.12735198995307
629.4333333333333 34.09634523057416
629.69 34.126567980687255
629.9866666666667 34.14282154566637
630.28 34.08549549800447
630.5733333333334 34.06345576937348
630.8066666666666 33.98715017196343
631.0133333333333 33.95028564248381
631.3166666666667 33.94609718267094
631.57 33.938638806136254
631.83 33.93493331357314
632.1633333333333 33.90883886835736
632.4966666666667 33.87044946131155
632.8166666666667 33.88910286802462
633.04 33.87057404227417
633.2966666666666 33.894711886494186
633.55 33.903968749837624
633.83 33.92507631053444
634.0566666666666 33.911947592561305
634.32 33.90618968561133
634.6833333333333 33.925105228598206
634.93 33.90383459138509
635.1833333333333 33.859977097635436
635.4666666666667 33.86332289780729
635.7466666666667 33.862240425647705
636.0266666666666 33.81880632270349
636.26 33.794565275210566
636.5766666666667 33.81333950752364
636.8466666666667 33.78413406621866
637.1 33.79779534081573
637.4466666666667 33.76805334896905
637.72 33.73705524080413
637.9833333333333 33.739059500954056
638.24 33.7780835715392
638.5 33.72310026730633
638.7466666666667 33.6980863795116
639.0233333333333 33.711685134449105
639.3433333333334 33.76485857323346
639.64 33.72221363297037
639.89 33.71577888495828
640.1466666666666 33.66625230161021
640.4266666666666 33.66018392942567
640.69 33.67879805051081
640.9433333333334 33.68862121776534
641.2133333333334 33.619369848132294
641.49 33.61452594511857
641.7266666666667 33.64150897292619
642.03 33.59669965078041
642.26 33.54783536273367
642.52 33.547494411220974
642.76 33.60734909277252
643.0266666666666 33.58261348750361
643.32 33.600011944575044
643.5933333333334 33.5270263200966
643.8166666666667 33.51717558336085
644.0533333333333 33.46965613549557
644.39 33.46367121177681
644.6766666666666 33.410972736806414
644.9366666666666 33.39095448912081
645.23 33.387214924299066
645.48 33.34640724657127
645.6933333333334 33.34986256843247
645.9733333333334 33.33431481275226
646.1933333333334 33.363448380651306
646.47 33.37116342735122
646.69 33.382057644418076
646.88 33.360786465228834
647.1666666666666 33.3414315692329
647.39 33.3488388128766
647.6833333333333 33.3037563875402
647.9 33.38790961352933
648.1966666666667 33.31422289421906
648.4133333333333 33.26978736622063
648.68 33.267803592254836
648.9466666666667 33.26910378179281
649.1833333333333 33.214259170770305
649.44 33.23514680692101
649.7033333333334 33.18462576020769
649.96 33.23089991303426
650.2166666666667 33.221004993801984
650.5066666666667 33.28226232555784
650.7633333333333 33.264431407713616
650.9866666666667 33.26381558057972
651.2333333333333 33.242177477320396
651.47 33.24514851321244
651.6833333333333 33.23549884536949
652.0033333333333 33.234999717813025
652.2733333333333 33.284704104336974
652.5066666666667 33.26427003697107
652.75 33.205262608251466
652.99 33.2315767352031
653.2633333333333 33.25638705304032
653.5166666666667 33.26114954596859
653.7933333333333 33.26950790251951
654.0466666666666 33.2134752575593
654.24 33.19551486809414
654.5 33.17678400109809
654.7733333333333 33.19792608799585
655.0133333333333 33.21078655146211
655.25 33.24291108076646
655.47 33.23518756239676
655.66 33.22475001227137
655.9433333333334 33.29145825681275
656.2133333333334 33.29529111235417
656.4033333333333 33.2293236271512
656.6833333333333 33.22996374545072
656.9366666666666 33.23131640771278
657.19 33.24029116180751
657.4666666666667 33.244742922686896
657.7266666666667 33.262691478142926
657.9833333333333 33.255015296394525
658.2533333333333 33.26928473197885
658.4866666666667 33.26064828949792
658.7233333333334 33.27548117930987
658.9766666666667 33.2207996188121
659.21 33.206547788855005
659.4433333333334 33.190845570042406
659.67 33.1924725519765
659.9033333333333 33.22127077131596
660.1633333333333 33.207918861912354
660.4766666666667 33.16649176718421
660.74 33.180247579417454
660.96 33.21952522519386
661.1366666666667 33.186480135261654
661.38 33.19480758847865
661.65 33.16908390490006
661.84 33.18289844428722
662.0266666666666 33.20110943600369
662.2533333333333 33.22965324935642
662.4733333333334 33.256316153515336
662.79 33.254454777394955
663.0133333333333 33.24309703618802
663.23 33.278048747306286
663.4633333333334 33.25841843621678
663.6833333333333 33.27321362153904
663.8766666666667 33.2517727375477
664.1 33.2341948252943
664.35 33.244520759594614
664.56 33.186909616589276
664.8033333333333 33.18658091354586
665.0933333333334 33.20340609248844
665.3133333333334 33.205579711379606
665.5633333333334 33.229806736443116
665.7833333333333 33.26949433138075
666.0366666666666 33.27460473026551
666.2633333333333 33.247938385889874
666.54 33.262939494469045
666.7766666666666 33.27538067027022
667.07 33.28158619917492
667.2733333333333 33.28068462013422
667.5633333333334 33.3304021565188
667.82 33.33494154425949
668.0033333333333 33.33899043411646
668.2166666666667 33.28878991495829
668.5033333333333 33.251197411821956
668.71 33.2120867912587
668.9466666666667 33.24708082675165
669.1666666666666 33.23563721105662
669.4066666666666 33.19892343555467
669.6266666666667 33.22600155732223
669.8233333333334 33.23281795936998
670.0433333333333 33.21775911503217
670.2666666666667 33.27852796675864
670.4933333333333 33.27382022848514
670.7066666666667 33.273981050344496
670.96 33.249513789288415
671.1333333333333 33.24947087197694
671.38 33.257215879065335
671.6433333333333 33.25883274270028
671.9166666666666 33.21607161602485
672.1266666666667 33.21517899909661
672.3633333333333 33.23109499355171
672.62 33.244944796390484
672.88 33.22929762627831
673.13 33.21803565800646
673.3766666666667 33.207084944691665
673.6033333333334 33.26109323669155
673.8533333333334 33.28490305619687
674.0833333333334 33.30546354421758
674.3333333333334 33.324324312105965
674.5133333333333 33.30887910120691
674.7233333333334 33.285530550611256
674.94 33.29973937045857
675.1833333333333 33.319619531259896
675.4133333333333 33.34850669146558
675.6633333333333 33.33467650582574
675.8833333333333 33.30235042809553
676.1033333333334 33.293656263320734
676.3966666666666 33.32779312933569
676.6 33.37152772763413
676.8666666666667 33.362139169856164
677.0833333333334 33.3904096071712
677.3033333333333 33.385725659553025
677.55 33.410102511557426
677.7766666666666 33.38746067998803
677.99 33.35744239612357
678.2 33.382650251180515
678.3933333333333 33.35516720820298
678.7033333333334 33.368450676610884
678.92 33.357197254800234
679.1466666666666 33.338014832903376
679.3933333333333 33.33560906389881
679.6666666666666 33.330947517739766
679.95 33.3689344443777
680.1633333333333 33.37859229557677
680.3633333333333 33.36618542759796
680.5666666666667 33.375218945916274
680.7866666666666 33.42501950113208
680.9966666666667 33.43495640676029
681.3 33.46005455518745
681.52 33.525754089818314
681.7 33.57560230634908
681.94 33.56463938019307
682.16 33.54447554314842
682.4333333333333 33.5955516777245
682.6233333333333 33.59210553194186
682.8066666666666 33.604366786365695
683.0466666666666 33.60578797628835
683.3133333333334 33.624055067060716
683.5166666666667 33.63411812275157
683.7166666666667 33.65727900949957
683.8933333333333 33.669880085502655
684.1566666666666 33.68284284164872
684.38 33.685277591574106
684.6133333333333 33.77691651388824
684.8433333333334 33.789909472544686
685.03 33.76253539037941
685.2433333333333 33.774643507158956
685.4633333333334 33.78471071083692
685.7 33.84476661796841
685.9166666666666 33.847134056445675
686.11 33.885473550265644
686.3366666666667 33.88802121934482
686.5966666666667 33.95739001569192
686.8166666666667 34.01037204900777
687.0233333333333 34.021576700079926
687.26 34.01070655742273
687.5133333333333 33.950728939754605
687.76 33.94992968700389
688.0166666666667 33.99935650909191
688.2066666666667 34.01048366144142
688.3966666666666 34.01169367405099
688.6 34.03637636981879
688.8066666666666 34.05724016388916
689.01 34.05616892929193
689.2266666666667 34.06400559455748
689.42 34.09111733188654
689.6466666666666 34.10972588900365
689.8866666666667 34.098036245629295
690.1 34.15149213015031
690.28 34.150193543573735
690.5266666666666 34.1524609780674
690.7566666666667 34.17000761325428
690.9366666666666 34.20378612825262
691.15 34.24631660002132
691.4266666666666 34.27468164054569
691.63 34.30309179976946
691.82 34.31256485638187
692.0266666666666 34.32520971962944
692.2533333333333 34.372674584362755
692.4666666666667 34.43915999788743
692.6833333333333 34.42916807402973
692.8933333333333 34.34862514064279
693.08 34.346750417092544
693.3366666666667 34.42266290241357
693.55 34.413783988804454
693.7566666666667 34.401001223406254
693.9566666666667 34.37528651953157
694.1933333333334 34.34999801213484
694.36 34.39652311899541
694.5766666666667 34.39273649042612
694.7833333333333 34.3777421121767
694.9433333333334 34.37838030405139
695.1733333333333 34.363246810024286
695.3966666666666 34.36182628890065
695.5666666666667 34.40141100525866
695.8066666666666 34.45431208076503
696.0033333333333 34.49080128769283
696.1766666666666 34.49839493463101
696.37 34.57752329269487
696.56 34.56784904056036
696.7933333333333 34.585321120560145
697.03 34.603957571333694
697.2433333333333 34.60079245263113
697.48 34.60309495698334
697.6666666666666 34.63235803357085
697.8866666666667 34.66177458835987
698.1 34.684290392049256
698.3166666666667 34.72081275474489
698.5033333333333 34.76461684197675
698.7066666666667 34.794772733666676
698.9366666666666 34.805133432676904
699.1066666666667 34.82832174453272
699.34 34.80972262597993
699.5333333333333 34.84944526108807
699.6966666666667 34.88362864410974
699.9033333333333 34.80697834285662
700.1466666666666 34.816554449975605
700.3833333333333 34.8477297651968
700.5966666666667 34.80313466961935
700.8333333333334 34.785807405872916
701.02 34.81512952937498
701.2433333333333 34.82268686681577
701.41 34.83907438034096
701.6966666666667 34.81866050390953
701.8833333333333 34.89376695241315
702.0933333333334 34.91611479623367
702.31 34.97472427043053
702.5233333333333 34.95677391241122
702.6733333333333 34.98083501409259
702.8733333333333 34.95545118357144
703.0766666666667 34.96061982694964
703.25 34.930904085074424
703.45 34.99575941821415
703.62 34.970158324550766
703.85 34.95598044057514
704.01 34.96873759082035
704.1866666666666 35.01187312548043
704.3566666666667 35.0655781566542
704.5166666666667 35.06148048216007
704.6933333333334 35.091556629925385
704.9066666666666 35.13611309893607
705.08 35.18361202582741
705.3 35.16359283221162
705.49 35.188026714782794
705.7 35.17890254039326
705.89 35.22053644240771
706.1366666666667 35.24759042817248
706.35 35.29816854089085
706.5666666666667 35.30439381954378
706.7533333333333 35.28781548866542
706.95 35.282341836745324
707.1466666666666 35.23620945957656
707.3133333333334 35.22524495057935
707.5066666666667 35.267965448052685
707.7166666666667 35.30170567599159
707.91 35.32470356951701
708.1066666666667 35.334360221505364
708.2933333333333 35.3416287773736
708.4866666666667 35.36597701165419
708.7 35.4031251572938
708.9766666666667 35.42927557045226
709.1966666666667 35.38254376903174
709.3666666666667 35.383501751658045
709.6 35.43131279562478
709.8233333333334 35.45130140714758
709.9933333333333 35.45839271977495
710.2166666666667 35.49115093754774
710.4466666666667 35.52991799123339
710.5966666666667 35.59293251530449
710.83 35.61905140149684
711.03 35.61822510830967
711.2533333333333 35.64854205608747
711.4566666666667 35.64918423579724
711.69 35.6995156558209
711.9166666666666 35.72652147463861
712.1233333333333 35.7140462454147
712.32 35.67088879874327
712.52 35.661211514598925
712.66 35.6726720582097
712.8 35.7084065872918
713.0033333333333 35.73523020514824
713.17 35.74146903382193
713.38 35.757763616631244
713.6166666666667 35.72708315070065
713.7833333333333 35.7227767418686
713.9666666666667 35.77828729403544
714.1366666666667 35.77883553811901
714.3633333333333 35.80126287764632
714.5133333333333 35.88829504578338
714.72 35.91603362805958
714.8966666666666 35.91721234586393
715.08 35.93025946400195
715.2133333333334 36.00698309579813
715.4066666666666 36.06397078597596
715.6466666666666 36.072694472559036
715.84 36.08770068137103
716.0333333333333 36.084890002750335
716.19 36.10261156582595
716.3966666666666 36.10231635749721
716.55 36.055895384433946
716.76 36.112270124041025
716.95 36.08473166772579
717.1466666666666 36.10554699722448
717.3133333333334 36.12865096138873
717.5366666666666 36.122913390185886
717.71 36.12611549469145
717.8833333333333 36.14828789788969
718.0633333333334 36.156192041826536
718.2466666666667 36.177828474532085
718.4266666666666 36.17402136378606
718.62 36.21898650262859
718.8266666666667 36.26698594849292
719.0533333333333 36.24669961525994
719.26 36.23445209182345
719.43 36.2520685605165
719.6166666666667 36.275742407006454
719.8033333333333 36.30083319324736
719.9733333333334 36.30168034045654
720.1833333333333 36.293716191726276
720.42 36.30487220497269
720.5666666666667 36.308215469654485
720.73 36.33931184384592
720.94 36.371040337758224
721.13 36.397376233123154
721.3333333333334 36.431576341657475
721.54 36.49137525809934
721.7633333333333 36.45036927508217
721.9533333333334 36.449596236101215
722.13 36.449806510444326
722.33 36.481558542808635
722.52 36.50293798593959
722.7333333333333 36.49101537226048
722.8633333333333 36.54151424201273
723.06 36.53508507546645
723.2433333333333 36.57617865549952
723.4366666666666 36.59704635022831
723.6533333333333 36.627289690280676
723.8 36.66790309053484
724.0033333333333 36.69575703224356
724.2066666666667 36.672973411195926
724.3833333333333 36.682170888492
724.5733333333334 36.75160163809794
724.8 36.74571392201811
724.94 36.80650480535502
725.14 36.800834293291146
725.2966666666666 36.78749408825232
725.4766666666667 36.81594993279046
725.67 36.802934029466414
725.8333333333334 36.806447862247516
725.9633333333334 36.81893673864172
726.1566666666666 36.878796178574284
726.3466666666667 36.893226878664656
726.5066666666667 36.922543288600124
726.6933333333334 36.945579913426094
726.8866666666667 36.94233718211594
727.0533333333333 36.961389357449725
727.3033333333333 36.980940434322505
727.51 37.00316220781579
727.6666666666666 37.01128213901994
727.8266666666667 37.050222927157435
728.0266666666666 37.04980768804734
728.1766666666666 37.057021805670104
728.3766666666667 37.06490901770196
728.57 37.02947980436587
728.74 37.07137290367341
728.9166666666666 37.093884172897425
729.0966666666667 37.05677631858949
729.2933333333333 37.089072332839365
729.45 37.1155769659008
729.6433333333333 37.11920761729709
729.81 37.125123785026126
730.03 37.14361218865775
730.1933333333334 37.13812177784678
730.3633333333333 37.19996568608239
730.53 37.18959513926004
730.7033333333334 37.18005527955625
730.85 37.18336782500159
731.0466666666666 37.181888039962104
731.2 37.21185843285383
731.3966666666666 37.24149682600975
731.5366666666666 37.300846721076645
731.7266666666667 37.33521595030274
731.8966666666666 37.37050312615412
732.0766666666667 37.37745804790141
732.2533333333333 37.4126740935697
732.4166666666666 37.41321805422247
732.5433333333333 37.39298830176599
732.7 37.38746771947674
732.9066666666666 37.40653398590078
733.1133333333333 37.446333802832186
733.26 37.46711914095355
733.4166666666666 37.47101071989015
733.58 37.514905844678815
733.7566666666667 37.51339723524545
733.9933333333333 37.545334321589905
734.1833333333333 37.5728018699264
734.3466666666667 37.56394533128446
734.59 37.57768185922387
734.7833333333333 37.612925474692496
734.9466666666667 37.608578446921044
735.1833333333333 37.62608309829707
735.37 37.653051327183185
735.55 37.69789478078332
735.7 37.73667786368179
735.8333333333334 37.77276126878271
735.99 37.74589259809278
736.1433333333333 37.75961799851179
736.3233333333334 37.80081738364656
736.53 37.80219287228161
736.66 37.791158209242376
736.86 37.785175199844495
737.0733333333334 37.825615830175096
737.2933333333333 37.83762998698953
737.43 37.80824395600502
737.6 37.812775884175544
737.82 37.8773005857803
737.9933333333333 37.91117883277337
738.14 37.91083183693762
738.3266666666667 37.98353747726125
738.5 38.01447532780323
738.7033333333334 38.01392970646397
738.83 38.0349394908626
739.0033333333333 38.045958683273035
739.1466666666666 38.07445384604317
739.2733333333333 38.10799592474291
739.4633333333334 38.12865900711904
739.6533333333333 38.08588897064768
739.83 38.09995347568679
740.0166666666667 38.12235699119485
740.1566666666666 38.14475319371706
740.28 38.14417640977365
740.48 38.14936671298759
740.65 38.15389756847328
740.8233333333334 38.146419052259546
740.9766666666667 38.14506883565877
741.0966666666667 38.133114703788145
741.2366666666667 38.127764296591145
741.42 38.126925851901404
741.5766666666667 38.13912380707587
741.79 38.17604749062805
741.9566666666667 38.19587068449561
742.11 38.209218537820206
742.28 38.24609976399151
742.4333333333333 38.21798359134327
742.58 38.18451418763659
742.7366666666667 38.25045944449038
742.93 38.29298817203761
743.1066666666667 38.33650454625425
743.2766666666666 38.36769982927726
743.4533333333334 38.373030291269295
743.6033333333334 38.37692819408909
743.78 38.394688526193455
743.9566666666667 38.4358230978983
744.12 38.37910175479641
744.3066666666666 38.40201824870844
744.4866666666667 38.42557618617693
744.65 38.46043225833957
744.82 38.445908663687334
744.9733333333334 38.48284101254581
745.1266666666667 38.52780721311635
745.27 38.554532026719386
745.4233333333333 38.53518726758766
745.6133333333333 38.56355335954667
745.7433333333333 38.53067390613734
745.87 38.57026468311765
746.04 38.590532049708756
746.2233333333334 38.57607853327727
746.41 38.60218901377898
746.57 38.62076702351921
746.72 38.61699766114922
746.8533333333334 38.6455268395266
747.0133333333333 38.690692954419916
747.1533333333333 38.72443364888605
747.3366666666667 38.74541710591408
747.5033333333333 38.78941502457492
747.65 38.778431149390606
747.8133333333334 38.794525467429445
747.9866666666667 38.82125864305526
748.16 38.84521724755873
748.2933333333333 38.85666080849171
748.4366666666666 38.905502386449506
748.6 38.91917703571239
748.7533333333333 38.928789574658616
748.9133333333333 38.99051195222427
749.11 39.00584683039868
749.27 39.01826731092102
749.4666666666667 39.04343977572449
749.6666666666666 38.980428442498635
749.8333333333334 38.98793513180322
750.03 38.98652241180131
750.1766666666666 39.00277139053966
750.33 39.03802836802694
750.46 39.08949169794887
750.6033333333334 39.07157468950989
750.78 39.07224592134157
750.93 39.08440099755646
751.0633333333334 39.050083469207365
751.19 39.030224545775354
751.3066666666666 39.018638315668056
751.42 38.991426894093756
751.58 39.01466493855302
751.75 39.03442653414417
751.9266666666666 39.044284379379754
752.09 39.08778260740663
752.2633333333333 39.108467493043044
752.4133333333333 39.14191428296106
752.5466666666666 39.18485248711564
752.7233333333334 39.19627467908081
752.88 39.230630991952644
753.07 39.20802636072975
753.2733333333333 39.250315239203005
753.4333333333333 39.25517526184733
753.5766666666667 39.27176714304245
753.7566666666667 39.32810430446441
753.92 39.39110471203852
754.0633333333334 39.39839379553159
754.2233333333334 39.435058874691556
754.3366666666667 39.443918813001375
754.4666666666667 39.48873369945124
754.58 39.50196134159385
754.8066666666666 39.52903283679305
754.9733333333334 39.472770626835285
755.1333333333333 39.499488446230984
755.29 39.4874252877146
755.42 39.49103788935657
755.5866666666667 39.5724958819039
755.74 39.59357570942784
755.89 39.59972678193644
756.0166666666667 39.6230953844899
756.2066666666667 39.62108095119768
756.35 39.64669428707739
756.52 39.68314638512691
756.69 39.739712073932594
756.84 39.77580649853244
757.03 39.74478489590055
757.19 39.77243671700323
757.34 39.81644002571136
757.49 39.847995883353185
757.6566666666666 39.86640049612305
757.7733333333333 39.898306628162445
757.9033333333333 39.965043114276455
758.0666666666667 39.98748410656512
758.21 39.993049981499816
758.3566666666667 40.014664396670234
758.5566666666666 40.03075893725387
758.69 40.08787045802673
758.84 40.107811230970086
759.0566666666666 40.11346935424979
759.1966666666667 40.12319643126356
759.3466666666667 40.16187757384371
759.5133333333333 40.18797581644249
759.65 40.21506772642318
759.8633333333333 40.24412945271535
759.9966666666667 40.23472088596442
760.11 40.23548451363329
760.2333333333333 40.22934529625658
760.3833333333333 40.24984333531349
760.56 40.256282668850346
760.6733333333333 40.305770546578074
760.8366666666667 40.320911554479636
760.9766666666667 40.341802044482456
761.16 40.33324064594047
761.3 40.359297685898795
761.45 40.36274690593596
761.6166666666667 40.34653059009842
761.7533333333333 40.35402474681359
761.86 40.35892975169611
762.01 40.37122762645312
762.16 40.36216977770001
762.2933333333333 40.374343100847746
762.46 40.42890948823658
762.6166666666667 40.44521943079188
762.7833333333333 40.43082852485517
762.8933333333333 40.43304828397191
763.0466666666666 40.430184536156254
763.1566666666666 40.443099161515576
763.3033333333333 40.44482581666065
763.4633333333334 40.4325523953108
763.6066666666667 40.42903633304018
763.7533333333333 40.472119585810134
763.9433333333334 40.47428006415012
764.1066666666667 40.46851811904402
764.24 40.445955517526755
764.3866666666667 40.47440855712474
764.5533333333333 40.469161084524295
764.7033333333334 40.519065113612406
764.8433333333334 40.50053208563588
765.0033333333333 40.49967986440494
765.1633333333333 40.519741943643815
765.3066666666666 40.51969200718021
765.47 40.503054511347194
765.6066666666667 40.559365906837975
765.7733333333333 40.57671979744819
765.9 40.59214712264867
766.0566666666666 40.634270454137884
766.1833333333333 40.61487760865603
766.32 40.659993238651985
766.4666666666667 40.63404945945951
766.59 40.6532185761719
766.7366666666667 40.65172235782573
766.9233333333333 40.684331607512696
767.06 40.6798792433168
767.2033333333334 40.70370122236495
767.37 40.683620248470255
767.4933333333333 40.685718804074675
767.6933333333334 40.70432527232381
767.8266666666667 40.75331558691444
767.9833333333333 40.77792523138152
768.1633333333333 40.76283459849059
768.34 40.77228221053513
768.48 40.78030215040419
768.5966666666667 40.78601458229581
768.7566666666667 40.760793209887616
768.8966666666666 40.79173782936138
769.0533333333333 40.79433475433877
769.19 40.780683095215224
769.36 40.811464714880216
769.5366666666666 40.81676964807361
769.64 40.8350593678838
769.82 40.8200341002612
769.95 40.84542400572379
770.1 40.85446066859451
770.2033333333334 40.841098253811445
770.3266666666667 40.83787943660254
770.5166666666667 40.90207396213017
770.6666666666666 40.92299100585273
770.77 40.91745218090431
770.8966666666666 40.94901784451395
771.0266666666666 40.96698183771733
771.1666666666666 40.995132538653394
771.2766666666666 40.989926026701646
771.45 40.966184358194326
771.54 40.971175119044986
771.7366666666667 40.94021241024782
771.93 40.94345272531659
772.05 40.94487075900436
772.1866666666666 40.96689040253196
772.3233333333334 40.98517705238816
772.47 41.0123046223299
772.59 41.04653407860667
772.69 41.058493636098625
772.8033333333333 41.084112947437674
772.9433333333334 41.069971969157464
773.0833333333334 41.07424213273017
773.1733333333333 41.061377774066116
773.34 41.042082978947775
773.4833333333333 41.01736791235002
773.59 41.0299902551103
773.6633333333333 41.06919671259246
773.8066666666666 41.060392207694775
773.9433333333334 41.04846783084302
774.1233333333333 41.03732034493152
774.2533333333333 41.03757747201289
774.3833333333333 41.046874121415804
774.5066666666667 41.060074540765264
774.6033333333334 41.05831551747667
774.7466666666667 41.08180706583964
774.93 41.08664187382839
775.0866666666667 41.10585676547363
775.2466666666667 41.10349718078163
775.3866666666667 41.12958340406813
775.51 41.17021401133508
775.66 41.21967092181849
775.8333333333334 41.24555987724633
775.97 41.281832958838834
776.1733333333333 41.279574851111505
776.29 41.32511484626335
776.4433333333334 41.350853669780754
776.5733333333334 41.35689298711138
776.68 41.38081891303073
776.8033333333333 41.420407483217836
776.9 41.43532656593184
777.05 41.40824768797431
777.18 41.43303740529726
777.3066666666666 41.456661767504144
777.4333333333333 41.435353471158194
777.55 41.431825374295954
777.6966666666667 41.42961136532452
777.8466666666667 41.46469452271126
777.9966666666667 41.45679124933806
778.15 41.51287224311164
778.2933333333333 41.51810608234
778.3866666666667 41.52885714143602
778.5566666666666 41.543789069563815
778.6866666666666 41.553308094553586
778.8233333333334 41.59622911367262
778.98 41.604600015802546
779.1533333333333 41.63284924202184
779.2433333333333 41.636716683027466
779.37 41.642768486546146
779.4966666666667 41.667299749928475
779.6166666666667 41.7077311580246
779.7866666666666 41.74602084522855
779.9433333333334 41.73799615817569
780.0466666666666 41.76576451882204
780.17 41.78557823573803
780.29 41.77603007662662
780.3833333333333 41.80784666020762
780.5466666666666 41.81502293073486
780.65 41.82989321711428
780.8066666666666 41.827116177362775
780.94 41.84838536741331
781.0633333333334 41.87151060354722
781.1933333333334 41.903807134875926
781.34 41.9308763877984
781.47 41.94943324805205
781.6033333333334 41.963664672324896
781.7266666666667 42.00324826850786
781.9 42.04620010350297
782.0166666666667 42.082452776199865
782.12 42.10473007055599
782.2666666666667 42.11136162782423
782.38 42.128195818752374
782.53 42.156371192347954
782.67 42.162146394944855
782.7933333333333 42.180658863545084
782.8966666666666 42.188928339914675
783.0166666666667 42.21979899263873
783.14 42.23885418279697
783.2833333333333 42.270545920260815
783.45 42.23371230249004
783.5733333333334 42.230589599031546
783.7366666666667 42.231809591350554
783.8433333333334 42.24849393395993
783.9833333333333 42.30004770298101
784.13 42.329252913014095
784.27 42.35994550607439
784.3666666666667 42.362493139239696
784.4833333333333 42.38416899614605
784.6166666666667 42.39584588198533
784.7333333333333 42.42320098911403
784.86 42.44769041307998
785.0366666666666 42.432026959935
785.2333333333333 42.430492705833096
785.39 42.39823030635086
785.5166666666667 42.43038432462451
785.6266666666667 42.462896913302885
785.7333333333333 42.47764183357357
785.9333333333333 42.46913759089775
786.0466666666666 42.45742887226806
786.1933333333334 42.45488601693872
786.3266666666667 42.46556687626614
786.44 42.49933778748302
786.57 42.54470519112021
786.6866666666666 42.55842125385947
786.82 42.584493228699465
786.94 42.60210712831674
787.0433333333333 42.60467874610822
787.1866666666666 42.63462042069738
787.3033333333333 42.67460284504311
787.43 42.66849463928401
787.55 42.680748834459706
787.66 42.706171963146254
787.77 42.68642488620027
787.88 42.71025818051388
788.05 42.699081236737854
788.17 42.731421083625186
788.26 42.777550140074915
788.3933333333333 42.77222814581227
788.5466666666666 42.74981064194276
788.67 42.75293922888845
788.8166666666667 42.78877563047823
788.9366666666666 42.8063148479102
789.0966666666667 42.819610605385925
789.21 42.84317556283256
789.36 42.854780059090764
789.4766666666667 42.86350884131536
789.5866666666667 42.888388503770926
789.7066666666667 42.896553902123834
789.81 42.90310191403593
789.92 42.90699594475642
790.0366666666666 42.901871257715555
790.19 42.905674329068724
790.3266666666667 42.88531750003903
790.45 42.895308893672905
790.5433333333333 42.86848663111824
790.65 42.87378419544345
790.7733333333333 42.93132832865096
790.9066666666666 42.961185977081854
791.0166666666667 42.962413247656734
791.13 42.977241002036834
791.2266666666667 42.971196181003734
791.34 42.99799015292034
791.4466666666667 43.01225409380047
791.6133333333333 43.03716783129073
791.72 43.05842961841518
791.8333333333334 43.08262523973415
791.9366666666666 43.096446115445445
792.08 43.13493179706122
792.1766666666666 43.15328658048978
792.34 43.169546741728574
792.4733333333334 43.1731671693619
792.6033333333334 43.20456887252118
792.72 43.23570307126841
792.8166666666667 43.259693238462084
792.93 43.30553850896949
793.0633333333334 43.289945562971525
793.17 43.312210656733335
793.3266666666667 43.33852074259196
793.44 43.3533324915985
793.57 43.41737742203413
793.7033333333334 43.458302648852815
793.83 43.47006543161354
793.98 43.44996276424236
794.1 43.47286086867324
794.21 43.50196128281464
794.34 43.491640683751484
794.4266666666666 43.49048974065281
794.5366666666666 43.52366813411278
794.6233333333333 43.550011103472734
794.75 43.55177021618307
794.8766666666667 43.56713332213382
795.01 43.613955991065936
795.1633333333333 43.59930795785143
795.28 43.64620913557504
795.3933333333333 43.677121302880956
795.4966666666667 43.686745832425856
795.61 43.677036434557756
795.7766666666666 43.66886788430111
795.89 43.64792899652422
796.0033333333333 43.66783241144374
796.1433333333333 43.71000653312666
796.26 43.71677314464784
796.38 43.72813089348924
796.4966666666667 43.72202389491036
796.6233333333333 43.72536809380436
796.7633333333333 43.723829120959714
796.8733333333333 43.72906806157665
797.0033333333333 43.71360872215807
797.1333333333333 43.73967787135446
797.2333333333333 43.76402466721339
797.3633333333333 43.77196139352615
797.51 43.80837605651492
797.61 43.82609941537753
797.71 43.84038279805046
797.82 43.83223871195349
797.9066666666666 43.807552175940096
798.02 43.79718687992778
798.1333333333333 43.798973227021655
798.2166666666667 43.812191025982855
798.3333333333334 43.794773235681554
798.4 43.80803365490204
798.5 43.807766450000535
798.6 43.80788096658645
798.76 43.85330974874908
798.9033333333333 43.862288167626275
799.03 43.88174783030116
799.1633333333333 43.94786348129784
799.2966666666666 43.97447559553036
799.4166666666666 43.99015231341456
799.54 43.97637401573607
799.61 44.00613251578303
799.6966666666667 44.0164683633238
799.8066666666666 44.04606841362667
799.9166666666666 44.100406745735945
800.0566666666666 44.08201677440074
800.1966666666667 44.07463253390646
800.3333333333334 44.05699663007487
800.4733333333334 44.07521644383374
800.6233333333333 44.106303505492484
800.7433333333333 44.129606798719465
800.87 44.111137006732825
801.0066666666667 44.097792915545085
801.1 44.12080557911234
801.23 44.114063539949356
801.36 44.12035530804758
801.4633333333334 44.11646931822525
801.55 44.125855653162645
801.6433333333333 44.10995825145808
801.76 44.15027242479878
801.8833333333333 44.157627227506616
802.0133333333333 44.17644564760434
802.0966666666667 44.195150866233995
802.1866666666666 44.17809603699253
802.2733333333333 44.21010896470541
802.3533333333334 44.23850479590692
802.4466666666667 44.24128683055723
802.5733333333334 44.21032834829932
802.6833333333333 44.22241281151215
802.85 44.23531821888953
802.9466666666667 44.27147728759804
803.08 44.295831281242705
803.2066666666667 44.30915963599079
803.31 44.342018620994416
803.4333333333333 44.35037098956364
803.56 44.35920268530821
803.68 44.403338330011835
803.7866666666666 44.41753648481822
803.9166666666666 44.462336722725674
804.0433333333333 44.4424559988109
804.1533333333333 44.48331943453943
804.2533333333333 44.49699349757576
804.3533333333334 44.523960956092175
804.4566666666667 44.53041637086684
804.58 44.55176538961283
804.6733333333333 44.5300239426164
804.7833333333333 44.5591154699061
804.89 44.5842695387174
805.0 44.59321903548216
805.1566666666666 44.63009005911262
805.26 44.61412857187087
805.3633333333333 44.65869814443103
805.4366666666666 44.66822311303426
805.56 44.656021627083256
805.6533333333333 44.694501718164446
805.8 44.744611603616896
805.8666666666667 44.738282659709036
805.94 44.75578174940082
806.0666666666667 44.77870771289645
806.1866666666666 44.7900172027835
806.3233333333334 44.82748935152126
806.4266666666666 44.83807308768157
806.53 44.824545727375224
806.6433333333333 44.82805636742643
806.73 44.85931669468876
806.8366666666667 44.872655067403976
806.9433333333334 44.87224662616997
807.0533333333333 44.83828790699219
807.13 44.86806858552436
807.2533333333333 44.92337387846445
807.37 44.951699459318945
807.47 44.98869163003009
807.58 45.02860777766342
807.67 45.06028403510583
807.8033333333333 45.047852545399586
807.9166666666666 45.08278956844987
808.0233333333333 45.08137705764544
808.17 45.10627843787437
808.2733333333333 45.098613118805424
808.4033333333333 45.11546674946737
808.56 45.13383739049863
808.67 45.12355131129577
808.8233333333334 45.11737337385765
808.91 45.09746301698757
809.02 45.125906359309425
809.13 45.143469918186184
809.2533333333333 45.15505603851793
809.33 45.16133583255261
809.4466666666667 45.182356142386844
809.52 45.162541082813924
809.6466666666666 45.149789595937314
809.7433333333333 45.13233001886781
809.8333333333334 45.11685558356263
809.9233333333333 45.09978667446777
810.0366666666666 45.129045614576164
810.1366666666667 45.13611508728679
810.25 45.133627312473685
810.3433333333334 45.13175200475773
810.4333333333333 45.16131127053854
810.59 45.20153939723291
810.68 45.21813647443617
810.82 45.27294702624816
810.93 45.250086568405166
811.03 45.27754358594621
811.1633333333333 45.297862089970224
811.2533333333333 45.34943284194237
811.3766666666667 45.40256341630349
811.4566666666667 45.45012469736002
811.5733333333334 45.430066314133626
811.6866666666666 45.44895135739853
811.8 45.44164547870938
811.9133333333333 45.44678782894104
812.03 45.47352973274138
812.13 45.500116872943366
812.25 45.486675251309144
812.37 45.49658850086887
812.5 45.49934763764757
812.6 45.47387062587696
812.71 45.49849385577298
812.8333333333334 45.52391655842324
812.9433333333334 45.54728648972936
813.0733333333334 45.582458144816734
813.1766666666666 45.61976177532065
813.2733333333333 45.58507011746576
813.3533333333334 45.573364964668784
813.47 45.5511300793407
813.6033333333334 45.56401636723809
813.7 45.54453148102512
813.8166666666667 45.509928229420964
813.9166666666666 45.5018437153251
814.02 45.53854187374273
814.0766666666667 45.541823060947024
814.1966666666667 45.557101391325226
814.28 45.57321574467878
814.3933333333333 45.583455994731615
814.4966666666667 45.62274401502418
814.63 45.591538629978594
814.7433333333333 45.602808862423146
814.8266666666667 45.620984238599576
814.9466666666667 45.61820423267009
815.08 45.66389058118059
815.1666666666666 45.667610598191466
815.2966666666666 45.703589017192016
815.4066666666666 45.71433718543049
815.5233333333333 45.701109690890625
815.6266666666667 45.71089119822547
815.7166666666667 45.73681130756897
815.8166666666667 45.7519455757762
815.9433333333334 45.76009992017687
816.0466666666666 45.794266800494476
816.13 45.808016196142866
816.23 45.82703887050521
816.3233333333334 45.83946236510584
816.3933333333333 45.84121156574004
816.4933333333333 45.80338184220498
816.5966666666667 45.810946270692526
816.6933333333334 45.82144298994914
816.7933333333333 45.81747949177061
816.9233333333333 45.82791852072307
817.03 45.83629186762288
817.1566666666666 45.86615822648632
817.2633333333333 45.87631316107548
817.38 45.8757475584521
817.4733333333334 45.86094974223445
817.5666666666667 45.87257568040047
817.6766666666666 45.874105631031675
817.7833333333333 45.8755374757016
817.8833333333333 45.90308668028926
817.9833333333333 45.91787480175799
818.1033333333334 45.93582103765604
818.21 45.890875726187524
818.32 45.88393383980262
818.4066666666666 45.904451685037074
818.5666666666667 45.88912283104678
818.7233333333334 45.891541349654474
818.8566666666667 45.89477701671074
818.9866666666667 45.89744080516652
819.0866666666667 45.91499149189979
819.19 45.92615018595625
819.2533333333333 45.92755479943464
819.35 45.886593155715175
819.4633333333334 45.86240132256995
819.58 45.86869000100203
819.66 45.878468219349315
819.72 45.89104735593588
819.8433333333334 45.9188478825244
819.9466666666667 45.9052079392091
820.0433333333333 45.88827630119926
820.14 45.881704808348175
820.27 45.89041512853088
820.3833333333333 45.90417956162934
820.4766666666667 45.925446224563856
820.5633333333334 45.92285943788846
820.63 45.899699068533565
820.73 45.895006322596466
820.8166666666667 45.898860627600875
820.9133333333333 45.87753607824775
821.0333333333333 45.87993880595689
821.1533333333333 45.87641340141444
821.26 45.90617594579791
821.36 45.95246635252125
821.4533333333334 45.9410101135838
821.52 45.951001968834156
821.6 45.952643938622636
821.7 45.951952513460554
821.7933333333333 45.98739054551998
821.93 45.99002109299126
822.0366666666666 45.96481847398845
822.1333333333333 46.02074080422273
822.22 46.03297785465572
822.3166666666667 46.039350504452145
822.4066666666666 46.02334679692676
822.5033333333333 46.01268534797764
822.6266666666667 45.977244141186645
822.72 45.98394659532397
822.8233333333334 45.95423187236213
822.93 45.93726746124567
823.0333333333333 45.944261223284464
823.1133333333333 45.956870382348946
823.19 45.974261011845336
823.2733333333333 46.00180259179564
823.3766666666667 46.04085856875444
823.46 46.04282287676915
823.5433333333333 46.048340045638454
823.68 46.035077508395865
823.7666666666667 46.0221579128148
823.8666666666667 46.03193114028458
823.9733333333334 46.04976901472926
824.0566666666666 46.047308690966496
824.1533333333333 46.06084919230877
824.2333333333333 46.0809839212742
824.3333333333334 46.068244660603824
824.41 46.06054507611726
824.49 46.05409680773167
824.5933333333334 46.09022657253104
824.69 46.10806595184187
824.7666666666667 46.122915127824676
824.87 46.139961930592435
824.9433333333334 46.17423874088114
825.07 46.18349073049277
825.1633333333333 46.17796737759225
825.2533333333333 46.17984136015468
825.3366666666667 46.197880211205785
825.43 46.18805279220791
825.5266666666666 46.216257208078844
825.6333333333333 46.221716170085195
825.7033333333334 46.2295637455359
825.7866666666666 46.25559160510237
825.8933333333333 46.26926378775031
825.9533333333334 46.28800875753911
826.0266666666666 46.280798718138506
826.1333333333333 46.2714351183889
826.2 46.296846472638265
826.2866666666666 46.30433522278054
826.3833333333333 46.281128606656814
826.4733333333334 46.30503727615436
826.5666666666667 46.32124510469307
826.6133333333333 46.3233923392376
826.7166666666667 46.32952050752391
826.8366666666667 46.341433048033515
826.9333333333333 46.34279235833169
826.9966666666667 46.32771863512534
827.0833333333334 46.34438905497065
827.17 46.35591298740992
827.2766666666666 46.32046423463317
827.37 46.35221886792402
827.4366666666666 46.34543111793488
827.5566666666666 46.347099524529874
827.6566666666666 46.374209930857674
827.7566666666667 46.38522847081659
827.85 46.39434899563843
827.95 46.385265002633645
828.0566666666666 46.35301639936666
828.17 46.36933055429536
828.29 46.36772353645557
828.41 46.38311342182993
828.5066666666667 46.35903893011556
828.63 46.3586400976742
828.7033333333334 46.372080916401394
828.79 46.36274633249889
828.8666666666667 46.385928939361
828.9933333333333 46.39412323911267
829.09 46.38369026293644
829.2133333333334 46.409632644847086
829.2933333333333 46.40789730202763
829.4133333333333 46.41541184864304
829.5166666666667 46.42247886569258
829.5966666666667 46.42151634196343
829.6666666666666 46.430682201764974
829.7233333333334 46.42338373507042
829.8033333333333 46.45252896286389
829.9266666666666 46.42022634155175
830.0233333333333 46.42881546237948
830.11 46.462102728638484
830.2166666666667 46.4768405903387
830.32 46.46958511905529
830.4033333333333 46.49106062404595
830.4866666666667 46.49907204693777
830.57 46.512037856363996
830.6366666666667 46.48944918121529
830.7066666666667 46.508394130927385
830.7933333333333 46.53086100257579
830.8733333333333 46.542144265870554
830.99 46.52769053608911
831.0766666666667 46.531294057272554
831.1433333333333 46.5346577307992
831.2566666666667 46.519576799891716
831.3766666666667 46.50574232413981
831.4833333333333 46.50468083991436
831.56 46.530312341044784
831.6466666666666 46.51840167651229
831.74 46.52512968609214
831.82 46.52026134620337
831.9166666666666 46.48518722122347
832.0333333333333 46.48794811513417
832.1566666666666 46.48226319282775
832.23 46.50217134499562
832.3033333333333 46.50067056972044
832.4433333333334 46.50997076064525
832.4966666666667 46.503892621860246
832.6066666666667 46.50067740243332
832.69 46.50077030325398
832.7866666666666 46.499841646318174
832.87 46.511333174962544
832.94 46.536313723621014
833.05 46.57228172152576
833.1566666666666 46.55351280053007
833.2366666666667 46.55116208208838
833.3466666666667 46.570547292675805
833.4366666666666 46.567669202341264
833.5166666666667 46.57647060769833
833.61 46.60232995452732
833.7133333333334 46.61546051923426
833.7933333333333 46.64084601805399
833.8866666666667 46.62302195420944
834.0066666666667 46.56760420535911
834.0866666666667 46.58719830283761
834.2 46.60328551439038
834.28 46.59591036642867
834.3433333333334 46.62386446891338
834.4133333333333 46.637029608003
834.5166666666667 46.65811456117325
834.5933333333334 46.669133077043185
834.71 46.672479053542304
834.8066666666666 46.70668406853367
834.9133333333333 46.73384923625498
835.0033333333333 46.758648679254236
835.0766666666667 46.75822810165332
835.1666666666666 46.74558146868047
835.2566666666667 46.76180432112064
835.3566666666667 46.77680715748335
835.4433333333334 46.778065517942174
835.5466666666666 46.7594122182069
835.6466666666666 46.77944216840885
835.7266666666667 46.78155264398023
835.84 46.790585909623815
835.94 46.8054008832257
836.0666666666667 46.785380140293775
836.1466666666666 46.75788155145065
836.2333333333333 46.75509618161493
836.3533333333334 46.74919013362035
836.4466666666667 46.73414980592348
836.5233333333333 46.74619569113835
836.59 46.73845859360023
836.68 46.76516726758515
836.7866666666666 46.76606359926813
836.8866666666667 46.7732789203275
836.9666666666667 46.77798079416732
837.07 46.79377406204695
837.13 46.792716252792815
837.2066666666667 46.781824310748036
837.2866666666666 46.77689688828464
837.3666666666667 46.77211767919227
837.45 46.773854644030266
837.5466666666666 46.754262112036635
837.61 46.77031939082447
837.6966666666667 46.775754684557675
837.7666666666667 46.76510957756392
837.8233333333334 46.76961383365693
837.91 46.76921814491118
837.9966666666667 46.78367624966716
838.06 46.78024194881101
838.1533333333333 46.77073330479702
838.2266666666667 46.7869499380319
838.3266666666667 46.7967921415348
838.4233333333333 46.803625787379325
838.5033333333333 46.7883942341001
838.58 46.77016600455515
838.7033333333334 46.788094012901304
838.7666666666667 46.808142770829974
838.8533333333334 46.82999734207856
838.94 46.85496443609463
839.0266666666666 46.85934930848135
839.08 46.877913019853914
839.1833333333333 46.88272270088826
839.2533333333333 46.87636719670969
839.3433333333334 46.8443532740904
839.4166666666666 46.88671741323107
839.4933333333333 46.871095794303244
839.56 46.87854940853897
839.6633333333333 46.844473218576965
839.7433333333333 46.85354812742915
839.8033333333333 46.84463028827359
839.8633333333333 46.84812852230453
839.94 46.87337671659739
840.01 46.8910703110559
840.0833333333334 46.91110630976681
840.1766666666666 46.945198131946455
840.2566666666667 46.95729350804723
840.32 46.956938930389974
840.39 46.953380778759524
840.45 46.96352566061153
840.5566666666666 46.98373861813626
840.6333333333333 46.99724843104311
840.73 46.99730049886488
840.8066666666666 47.01706751469257
840.8833333333333 47.01970399845751
840.97 47.03619647956471
841.0433333333333 47.034763940643536
841.1333333333333 47.04088688597347
841.2033333333334 47.05929500509766
841.2866666666666 47.0790037866922
841.38 47.0771330355779
841.4733333333334 47.06768721200545
841.5933333333334 47.09253633876904
841.6733333333333 47.11893393679468
841.7466666666667 47.12080634061264
841.8166666666667 47.1357151322184
841.88 47.154115784854945
841.9433333333334 47.1486667695852
842.0233333333333 47.13010657078411
842.09 47.13343224063583
842.1733333333333 47.1447279498685
842.2533333333333 47.17393797039142
842.3533333333334 47.166415219281625
842.4166666666666 47.152102726467206
842.5166666666667 47.14266814065884
842.6166666666667 47.11463699268057
842.6966666666667 47.10599293923783
842.78 47.11621865346018
842.8633333333333 47.11096261186216
842.9433333333334 47.12149090637613
843.0533333333333 47.13238832252731
843.11 47.124235220855326
843.21 47.12240411841977
843.2866666666666 47.1190531823191
843.3733333333333 47.113475291779515
843.4866666666667 47.11456707137719
843.5766666666667 47.119191237028495
843.6666666666666 47.127049041856395
843.75 47.13973570433173
843.8466666666667 47.13472282590764
843.9133333333333 47.142342862059465
844.01 47.13145957431568
844.0866666666667 47.11899639877371
844.1666666666666 47.118141798150255
844.2866666666666 47.09221533018562
844.3733333333333 47.10396196710935
844.45 47.111205875710155
844.5266666666666 47.09844477854248
844.5966666666667 47.12866458580199
844.69 47.15505519845387
844.78 47.13630274840506
844.8333333333334 47.139076472261834
844.9066666666666 47.160417429549106
844.96 47.19026882284001
845.0466666666666 47.17027246302847
845.14 47.15420231524037
845.2266666666667 47.16549482296573
845.3066666666666 47.18120575125966
845.4033333333333 47.181929136187954
845.5133333333333 47.178624016630266
845.61 47.17105320924647
845.7266666666667 47.172620689313845
845.8 47.18461571175737
845.8766666666667 47.173218007815926
845.9666666666667 47.17212723117259
846.0233333333333 47.167347297246685
846.12 47.19296756181971
846.1866666666666 47.20550484687547
846.29 47.23745502448916
846.3966666666666 47.22315190463526
846.5033333333333 47.20817756475575
846.5866666666667 47.20398864540662
846.6566666666666 47.201469446922076
846.7533333333333 47.18850501524855
846.85 47.21495178691599
846.9366666666666 47.20877266225501
847.05 47.215235126955
847.1533333333333 47.1906028663035
847.2233333333334 47.19829501578292
847.2966666666666 47.211918052998364
847.35 47.2119766138419
847.4533333333334 47.21275926782039
847.5333333333333 47.206890640761166
847.62 47.20001842298825
847.69 47.18901613879183
847.7866666666666 47.2099256423131
847.9233333333333 47.181895111471775
847.99 47.20371314967772
848.09 47.19349517276798
848.16 47.18873795691676
848.23 47.200459509695705
848.3233333333334 47.21365501230501
848.4133333333333 47.22056502655365
848.5033333333333 47.22276945930758
848.6066666666667 47.221161384459975
848.6933333333334 47.22279743458008
848.7766666666666 47.246738545988514
848.8433333333334 47.24191058733791
848.9033333333333 47.23463798570943
848.9833333333333 47.22588275754783
849.0466666666666 47.22193196404553
849.1233333333333 47.21984577490246
849.2133333333334 47.225366839577504
849.3166666666667 47.197475864522296
849.4 47.19425451114657
849.4633333333334 47.21666407930733
849.5633333333334 47.234482212912646
849.6433333333333 47.245492668406904
849.6933333333334 47.248924061528975
849.76 47.23430248350959
849.88 47.22576814894094
849.96 47.224416903117664
850.02 47.227404039473676
850.08 47.22507411765555
850.18 47.223877243824454
850.24 47.255398021183446
850.33 47.25290704369697
850.4 47.28515927461195
850.4766666666667 47.275710092725866
850.58 47.30054338675482
850.6566666666666 47.29851251900626
850.74 47.34777473731209
850.84 47.356977780276544
850.89 47.33483412603377
850.9966666666667 47.32485741468174
851.09 47.34766348467679
851.1633333333333 47.38340722047782
851.2733333333333 47.38011050847043
851.3466666666667 47.39946045819491
851.4066666666666 47.42261383805199
851.4766666666667 47.44885775826539
851.5366666666666 47.46160555891106
851.63 47.46411881885976
851.6933333333334 47.46066093806336
851.7733333333333 47.43249336666604
851.84 47.41442987672758
851.93 47.42371201770758
852.0166666666667 47.408948701119435
852.0866666666667 47.40375733618079
852.1433333333333 47.39878625750351
852.2266666666667 47.42374927755808
852.2966666666666 47.43785220293649
852.3733333333333 47.44664973200455
852.4466666666667 47.45567009645145
852.52 47.44378402004282
852.6266666666667 47.475752891318606
852.7166666666667 47.475637711806435
852.7866666666666 47.46448581414205
852.86 47.48145633457524
852.9633333333334 47.463719524769374
853.04 47.433583914175664
853.12 47.4205436479404
853.2033333333334 47.440460719373725
853.2766666666666 47.44079347115517
853.36 47.44625968955223
853.4733333333334 47.47859178424462
853.55 47.49054649810804
853.6133333333333 47.514586623783075
853.6666666666666 47.50640395720746
853.77 47.51648648936825
853.87 47.53115260781527
853.9633333333334 47.56001653488164
854.0233333333333 47.576899086051945
854.1266666666667 47.57965286525481
854.2266666666667 47.573023842797525
854.3066666666666 47.569269564624676
854.3933333333333 47.559770058129615
854.5033333333333 47.553138615618295
854.5833333333334 47.546242819417714
854.6633333333333 47.5655856548041
854.72 47.59972738181114
854.7933333333333 47.578387587646944
854.8733333333333 47.585065061901226
854.9733333333334 47.5753859333927
855.0333333333333 47.57854504624902
855.1066666666667 47.56817275327949
855.1866666666666 47.5748151055786
855.2633333333333 47.57188528730158
855.3533333333334 47.582301404113785
855.4066666666666 47.57287620824118
855.4966666666667 47.57085884157765
855.5866666666667 47.60310923583267
855.6333333333333 47.62856800832847
855.6733333333333 47.6298431878153
855.76 47.62017784293381
855.8266666666667 47.62278573638041
855.9033333333333 47.629078154439384
855.9733333333334 47.62941485490126
856.0666666666667 47.65303342078969
856.16 47.632452892559215
856.2066666666667 47.64659430345417
856.2733333333333 47.65166200524132
856.3233333333334 47.6758717947929
856.4166666666666 47.63689713640931
856.4833333333333 47.63113974913429
856.57 47.63649741834118
856.6733333333333 47.62766637403459
856.7666666666667 47.62737425209777
856.8366666666667 47.63781263728538
856.9133333333333 47.63573272586441
856.9833333333333 47.60571466871689
857.0566666666666 47.60006311885121
857.14 47.629356339176816
857.1933333333334 47.6134373920835
857.27 47.64525861926158
857.3533333333334 47.655064503137716
857.44 47.65356868793408
857.5033333333333 47.64427119266795
857.5766666666667 47.63459145655603
857.6733333333333 47.65174622841868
857.7633333333333 47.64606820020603
857.82 47.6405254541954
857.9166666666666 47.65023475067962
857.98 47.64521474706891
858.08 47.6695032327959
858.1733333333333 47.683915613650285
858.2533333333333 47.68004941899228
858.3366666666667 47.66490462242045
858.43 47.69150902880738
858.53 47.70739725145736
858.6333333333333 47.709883660360894
858.7 47.72058445369261
858.8 47.71732540506339
858.8633333333333 47.717444440182405
858.8966666666666 47.721383295482234
858.96 47.71548622216964
859.0233333333333 47.713920220745436
859.0966666666667 47.71684166851662
859.1733333333333 47.69134972246073
859.2433333333333 47.68694024351094
859.3166666666667 47.7010239005351
859.3966666666666 47.70855629095043
859.4433333333334 47.7016941800573
859.5 47.71743053913868
859.5633333333334 47.714724898392966
859.6333333333333 47.73511313112207
859.69 47.738353567522545
859.76 47.70928967266473
859.8266666666667 47.69562731641036
859.93 47.67902471730427
860.0066666666667 47.69089389064945
860.1233333333333 47.68340535283068
860.19 47.669646709319196
860.2533333333333 47.68075085639545
860.3133333333334 47.67288715248674
860.3866666666667 47.70054116724165
860.4533333333334 47.70464967790729
860.54 47.696312163310196
860.61 47.696762684364224
860.6733333333333 47.72867807995268
860.7533333333333 47.73231331782616
860.81 47.71277533078416
860.89 47.71309777196045
860.9666666666667 47.71268759369568
861.0766666666667 47.71638748204516
861.1433333333333 47.70796181937298
861.2066666666667 47.709516332886366
861.2866666666666 47.73769419489914
861.3566666666667 47.74293050914334
861.4766666666667 47.73592480805018
861.55 47.727005529953246
861.62 47.72064332478242
861.7066666666667 47.67455821040627
861.7866666666666 47.649302292044304
861.84 47.648810027008736
861.91 47.66229341992289
861.97 47.67668179122865
862.06 47.6884720649863
862.1666666666666 47.687376125076774
862.2166666666667 47.68882260614911
862.29 47.65770405561773
862.3533333333334 47.671764662558516
862.43 47.660713156595904
862.53 47.65331637853663
862.59 47.64790631904648
862.6766666666666 47.63769469030712
862.8 47.597110729883354
862.8766666666667 47.604784499526694
862.97 47.59446617730197
863.06 47.589483394610276
863.1233333333333 47.576041463043126
863.1566666666666 47.57826281539352
863.23 47.571074443886786
863.2833333333333 47.55686322380661
863.3766666666667 47.54538182971436
863.47 47.57352099293841
863.54 47.5666235813492
863.6166666666667 47.57908103423636
863.6566666666666 47.58191797960243
863.7233333333334 47.58917124326669
863.81 47.60245665507885
863.8666666666667 47.58012663276748
863.9433333333334 47.57905010525766
864.0033333333333 47.58013823087444
864.0933333333334 47.577621375404604
864.1533333333333 47.57725443269503
864.2333333333333 47.59281256922856
864.3 47.579927472913994
864.39 47.613176909177305
864.44 47.621624609359785
864.5133333333333 47.616393100084345
864.5966666666667 47.6047058136859
864.66 47.59715710573998
864.7233333333334 47.57806599089195
864.7933333333333 47.594622762892364
864.86 47.575960034918324
864.9366666666666 47.56863714347773
864.99 47.557990301016424
865.04 47.56729153609932
865.11 47.60039100764057
865.19 47.5820773008867
865.26 47.59049538338639
865.3233333333334 47.58304258902515
865.38 47.58244666648857
865.49 47.55405197805728
865.55 47.529615833403284
865.6433333333333 47.54476280787484
865.74 47.549577014390906
865.8266666666667 47.55707666258716
865.8733333333333 47.55553650624581
865.9333333333333 47.55488526531789
865.9933333333333 47.52700294483778
866.0933333333334 47.53437012695947
866.1933333333334 47.506408181246066
866.2333333333333 47.495455394870255
866.3233333333334 47.49714431361862
866.4166666666666 47.49592190438444
866.5 47.49606567054372
866.5366666666666 47.484360976501655
866.62 47.49563190617871
866.6933333333334 47.50545776308047
866.7866666666666 47.49012735516288
866.8733333333333 47.50304291139351
866.96 47.4685433597414
866.97 47.4762651491075
867.03 47.50253399331402
867.09 47.50956847825463
867.17 47.521666595213404
867.22 47.52522583114155
867.3 47.5272497088033
867.3666666666667 47.505946350793856
867.44 47.53108189195148
867.5233333333333 47.53990883453121
867.5866666666667 47.5702173017531
867.6733333333333 47.56161244972969
867.73 47.56319963865153
867.7966666666666 47.56993080309163
867.8533333333334 47.557026028103174
867.92 47.53960081326881
868.0033333333333 47.511836112610176
868.0633333333334 47.49144604079462
868.1333333333333 47.500912389289304
868.1866666666666 47.524805938448395
868.2433333333333 47.5330983668932
868.2966666666666 47.53342765575162
868.3833333333333 47.53076513519087
868.4333333333333 47.527976857525246
868.49 47.515776996121545
868.5433333333333 47.52807431806489
868.5966666666667 47.5168055701791
868.65 47.5173705256535
868.7466666666667 47.52688894508262
868.8533333333334 47.50178826651983
868.9433333333334 47.48462298776158
869.02 47.4607346950365
869.0866666666667 47.46080046548912
869.1466666666666 47.460088730390574
869.22 47.439081866055474
869.29 47.474258823452125
869.3433333333334 47.46241733293661
869.3933333333333 47.45614369221343
869.4633333333334 47.43919172929334
869.54 47.420079570665976
869.5833333333334 47.437933985629805
869.67 47.438336316826735
869.7133333333334 47.44281354866718
869.8033333333333 47.422578928145704
869.8833333333333 47.41113555700708
869.96 47.397681384946424
870.0266666666666 47.412224361994035
870.0866666666667 47.40693211896331
870.1833333333333 47.41113555700714
870.25 47.42613513996667
870.3233333333334 47.39994343542148
870.3966666666666 47.430279642637856
870.4466666666667 47.421759066897614
870.5233333333333 47.43440592129208
870.59 47.422549777766584
870.6566666666666 47.43513919367475
870.7266666666667 47.44261052260462
870.8066666666666 47.45999148258789
870.88 47.438383905425454
870.9733333333334 47.445155335096764
871.0233333333333 47.42989322632325
871.0966666666667 47.43050528574509
871.1533333333333 47.43504436245193
871.2266666666667 47.41302851677652
871.3 47.42327018652285
871.3866666666667 47.43364126123873
871.48 47.430106296292365
871.5433333333333 47.42959706570294
871.6 47.40708215158458
871.6566666666666 47.39923784249123
871.7633333333333 47.349486817654174
871.8133333333334 47.35843352888607
871.89 47.377420429516675
871.9533333333334 47.36351087878487
872.0466666666666 47.34613688375155
872.1566666666666 47.35306923642071
872.2066666666667 47.33122406467454
872.2766666666666 47.32955819731187
872.3366666666667 47.331429335047055
872.4133333333333 47.337779557844826
872.49 47.32612852824082
872.5366666666666 47.30943455112713
872.5833333333334 47.316231974341754
872.6633333333333 47.299338405530484
872.7033333333334 47.303920116803695
872.8066666666666 47.28667240190454
872.87 47.27942731772075
872.94 47.27656196295147
872.99 47.28781051615068
873.0533333333333 47.28675586061732
873.1133333333333 47.24907837103204
873.1933333333334 47.2583728196471
873.2833333333333 47.25526343130566
873.3533333333334 47.22204528351222
873.4033333333333 47.23223053055893
873.4833333333333 47.239832006286406
873.5566666666666 47.219123324992246
873.6133333333333 47.21916263505113
873.6833333333333 47.20619101830903
873.74 47.207848959092374
873.81 47.20871504203149
873.87 47.173767226937365
873.9233333333333 47.18154068588549
873.9733333333334 47.18134752282004
874.0533333333333 47.19238171423182
874.1266666666667 47.18508304994625
874.2066666666667 47.16870691389211
874.2633333333333 47.175903543433634
874.33 47.1720798466302
874.4066666666666 47.16307674706687
874.5166666666667 47.16125176224114
874.5633333333334 47.15695690107086
874.6366666666667 47.12998451470936
874.7033333333334 47.13236880871386
874.7833333333333 47.11555980219063
874.85 47.10275716390149
874.8933333333333 47.09623630186981
874.9366666666666 47.09635027884342
874.9933333333333 47.0932323233153
875.0666666666667 47.07947690918372
875.1066666666667 47.084517570766224
875.15 47.083724261160626
875.21 47.11693877717908
875.2733333333333 47.11033042761306
875.31 47.1202890355735
875.3933333333333 47.12559135002114
875.4266666666666 47.124164840648895
875.4766666666667 47.11321441091999
875.5266666666666 47.109805079952594
875.5966666666667 47.09700359947598
875.6566666666666 47.11196500228803
875.7133333333334 47.111599756971636
875.77 47.09710775120305
875.83 47.09949370951143
875.9 47.111374479537034
875.96 47.09179536432491
876.02 47.088185965537946
876.0866666666667 47.06978192134133
876.12 47.05528236725615
876.1866666666666 47.04603689487496
876.26 47.036729404195164
876.32 47.00591580217683
876.3933333333333 46.994541299268484
876.47 46.978637783856136
876.5333333333333 47.005182474778024
876.5633333333334 47.01987755378355
876.6266666666667 47.02814167339662
876.6966666666667 47.01708921035984
876.7766666666666 47.01860574826298
876.8233333333334 47.030468906594386
876.9033333333333 47.05082275542157
876.99 47.04459458427358
877.0666666666667 47.03910941906409
877.18 47.02906949883679
877.24 47.01983926260211
877.31 47.02081550016977
877.3833333333333 47.00355485975219
877.4466666666667 46.9972655102439
877.49 46.98818502317978
877.5566666666666 47.020455118533995
877.63 47.00522741868477
877.6933333333334 47.01226576824858
877.74 47.03360074098311
877.7833333333333 47.0274564599504
877.8566666666667 47.04515857528241
877.92 47.05202699296978
877.97 47.04771398595629
878.0333333333333 47.044121703407725
878.0733333333334 47.04450275736631
878.14 47.04769230441135
878.2066666666667 47.036283819416404
878.2533333333333 47.02652587645529
878.2966666666666 47.00646069117797
878.3733333333333 46.99918830390912
878.4333333333333 47.0040084630471
878.52 46.96888887060382
878.6133333333333 46.97409613728903
878.6833333333333 46.97038548487279
878.7333333333333 46.98653712635113
878.8233333333334 46.97867005734358
878.87 46.976259926217175
878.93 46.962574225934674
879.0 46.96465617638317
879.08 46.94314785391776
879.1533333333333 46.91745211823045
879.22 46.93058561557415
879.28 46.943090857592814
879.3333333333334 46.91601642879946
879.4066666666666 46.9421613327599
879.4666666666667 46.96204497018304
879.5366666666666 46.96047568410214
879.62 46.96503645084747
879.68 46.96619719468212
879.73 46.979221550863116
879.81 46.98125186450286
879.8733333333333 46.97495193454768
879.93 47.01225663853514
879.9766666666667 46.9960802701468
880.03 47.02168893999055
880.08 46.99164089900747
880.1433333333333 47.00049230037006
880.2 47.00444723853978
880.2666666666667 46.99422389137555
880.3266666666667 47.003664080710365
880.3933333333333 46.99624928699851
880.46 47.0131455323169
880.4933333333333 46.98455544527572
880.58 46.948384096055634
880.62 46.92834785900647
880.6933333333334 46.903936078126314
880.7666666666667 46.893020876372745
880.8233333333334 46.87746913600982
880.8733333333333 46.880806188159006
880.9266666666666 46.87271552218453
880.9866666666667 46.84407875713042
881.0666666666667 46.880359596978685
881.1033333333334 46.87233770960679
881.1466666666666 46.84677744961336
881.1833333333333 46.84361360963648
881.21 46.84364407223839
881.2733333333333 46.81899918306563
881.32 46.82077405322496
881.3966666666666 46.79971545616661
881.4466666666667 46.795154062159355
881.5133333333333 46.789750566577034
881.5666666666667 46.79199209233123
881.6033333333334 46.77419595152799
881.6733333333333 46.78456948641279
881.7133333333334 46.796054584095856
881.76 46.77973434245328
881.84 46.74918202564498
881.9166666666666 46.76393847858613
881.9666666666667 46.764394406101914
882.01 46.74569963946
882.06 46.73167267249514
882.1433333333333 46.716280084913976
882.2033333333334 46.71441008139849
882.2566666666667 46.69832152228694
882.2933333333333 46.70816629044945
882.3566666666667 46.69522748406075
882.41 46.69887059715865
882.4566666666667 46.67873681299738
882.5033333333333 46.712419719768384
882.5666666666667 46.710438939369716
882.6366666666667 46.70527376589693
882.6766666666666 46.712657422091404
882.75 46.72585134533654
882.8033333333333 46.7247471426084
882.87 46.694980143143454
882.95 46.68439004900347
883.0033333333333 46.673239583293906
883.0733333333334 46.668416434786565
883.1333333333333 46.676237273107944
883.21 46.70779335256827
883.27 46.74026752914079
883.3166666666667 46.722940469423094
883.3666666666667 46.73227192944771
883.41 46.71741598720694
883.48 46.708047905371025
883.5266666666666 46.7057531804817
883.5833333333334 46.70454049194901
883.6633333333333 46.700103366090836
883.7033333333334 46.704385815505255
883.76 46.701883828998334
883.8166666666667 46.685989987281275
883.8633333333333 46.68600718035012
883.9333333333333 46.664484739563136
883.9766666666667 46.681831944213414
884.0366666666666 46.66978557024657
884.11 46.65676885798629
884.1566666666666 46.63985824176136
884.2333333333333 46.69060144289446
884.3366666666667 46.68226753880003
884.3866666666667 46.6817714048414
884.4333333333333 46.65384040968259
884.5066666666667 46.64005006202482
884.5733333333334 46.634614251399256
884.62 46.63537778916841
884.6633333333333 46.65482000452265
884.7233333333334 46.63262944891653
884.78 46.622782838422054
884.8433333333334 46.64810400842488
884.9066666666666 46.66372215587133
884.9666666666667 46.660435162860544
885.0233333333333 46.660978829997426
885.11 46.662503118932804
885.2 46.65048293992711
885.29 46.64050839572155
885.3466666666667 46.64797172915132
885.38 46.65072239167954
885.44 46.639509855900734
885.5233333333333 46.64033151649744
885.5933333333334 46.63386121975212
885.67 46.631707601653986
885.7566666666667 46.60512397607123
885.8333333333334 46.6057852591388
885.9133333333333 46.59416138465584
885.9566666666667 46.58255650768348
885.98 46.565086609711145
886.0333333333333 46.560266504234825
886.0733333333334 46.54578019975136
886.14 46.52011180850264
886.2266666666667 46.4869020524096
886.3 46.470222781380855
886.35 46.459183006363034
886.4 46.48119697512969
886.46 46.46783042292856
886.5233333333333 46.449628799459546
886.5766666666667 46.4426584507044
886.6633333333333 46.42147311438159
886.7033333333334 46.41569466527195
886.7633333333333 46.40292476750596
886.8366666666667 46.38608503821807
886.91 46.376551349255884
886.9566666666667 46.38044063107487
887.01 46.371445270282976
887.0666666666667 46.371217959769645
887.1233333333333 46.35382449925697
887.1733333333333 46.35528734068005
887.2066666666667 46.363085977532734
887.29 46.361231425235175
887.3433333333334 46.351486743144385
887.4066666666666 46.340400638391586
887.4733333333334 46.328144203858066
887.5233333333333 46.353983231508586
887.5866666666667 46.36400787582887
887.6433333333333 46.36978158639659
887.7 46.35160808328398
887.7633333333333 46.32588492700152
887.84 46.339820852648074
887.8866666666667 46.333679489896575
887.9466666666667 46.32050430734223
888.02 46.32731736727437
888.06 46.32569445302663
888.11 46.32484434958609
888.17 46.32661168089864
888.22 46.331345529730946
888.2933333333333 46.30219866153078
888.3466666666667 46.30883482481135
888.4266666666666 46.2942958507483
888.47 46.289720537336905
888.52 46.31045736697557
888.57 46.29162792615432
888.6133333333333 46.304255771625385
888.6733333333333 46.29431752392051
888.74 46.28527652226434
888.78 46.27652380547175
888.8433333333334 46.27645719503568
888.8966666666666 46.280148689959546
888.9466666666667 46.28120918147977
889.04 46.263297645434896
889.13 46.24566977830623
889.18 46.2441636921383
889.2266666666667 46.24439174771298
889.2666666666667 46.22992800159145
889.3233333333334 46.214044567351294
889.3633333333333 46.22908626552521
889.4066666666666 46.234041327581245
889.4533333333334 46.21182675458244
889.5133333333333 46.196358087596174
889.5533333333333 46.18474413546556
889.59 46.17483750625548
889.64 46.16710667921952
889.7 46.14710374385907
889.7566666666667 46.126089972408224
889.8366666666667 46.11302809498838
889.8966666666666 46.0847625579463
889.9466666666667 46.08495668869491
889.9966666666667 46.078056380685446
890.0433333333333 46.06286371472021
890.0833333333334 46.06832633374979
890.1366666666667 46.05854194946461
890.1866666666666 46.0623231531996
890.2433333333333 46.06782975878618
890.2966666666666 46.072597818965924
890.3466666666667 46.061248545977016
890.3933333333333 46.045185988671264
890.44 46.05463964440412
890.4966666666667 46.0191539541716
890.5433333333333 46.02087779329185
890.6066666666667 46.02426242023491
890.6866666666666 46.01426806009097
890.7333333333333 46.013400209995055
890.8066666666666 46.02445135611062
890.8566666666667 46.03956553012744
890.8966666666666 46.03233546740989
890.9466666666667 46.056136557512474
890.9766666666667 46.069412391330715
891.0366666666666 46.06620931904033
891.1233333333333 46.06322674777511
891.1866666666666 46.06493695800929
891.2266666666667 46.05785901245949
891.27 46.04248183774702
891.3466666666667 46.015627222911434
891.4 46.00647038978056
891.4566666666667 46.00226970795206
891.49 46.00010796846424
891.55 46.021815751702036
891.5866666666667 46.01696454179726
891.6533333333333 45.999852648690364
891.7133333333334 45.992777776307705
891.7733333333333 45.9816230074969
891.81 45.96960497915768
891.8633333333333 45.96753968368104
891.9266666666666 45.96997663033491
891.9666666666667 45.951831209727835
892.0366666666666 45.91218157466895
892.0833333333334 45.911173386165345
892.1333333333333 45.92726060243195
892.18 45.916249191319295
892.2533333333333 45.907597562226464
892.3 45.90636828185639
892.3833333333333 45.884212157413984
892.4433333333334 45.870037315222305
892.5033333333333 45.8751758735264
892.56 45.88140594370706
892.6266666666667 45.88731970003333
892.6766666666666 45.904424363482654
892.73 45.908558597590066
892.78 45.8698711968111
892.8233333333334 45.86134536715182
892.8633333333333 45.85484574702911
892.8866666666667 45.86676016298058
892.9266666666666 45.88105848074202
892.9566666666667 45.856342374953066
893.0166666666667 45.835350112717656
893.0633333333334 45.82166232270069
893.1333333333333 45.81329956404988
893.2 45.81393224729642
893.2633333333333 45.7921068057358
893.3266666666667 45.78939671723119
893.3666666666667 45.79478971205634
893.4433333333334 45.76981949725818
893.4933333333333 45.767881227586116
893.54 45.768667993504735
893.5766666666667 45.7688403251008
893.6166666666667 45.759766640929584
893.68 45.74888854033053
893.73 45.766351866963376
893.79 45.7641828811857
893.85 45.74475681342873
893.9066666666666 45.74428658027159
893.95 45.72311059857328
894.0 45.72719747184122
894.0733333333334 45.7116301685297
894.1333333333333 45.710323426787205
894.1766666666666 45.70428566318653
894.2266666666667 45.71514925924305
894.2866666666666 45.713201721102436
894.3633333333333 45.68334359291489
894.41 45.66632542248143
894.4566666666667 45.65797071547388
894.5133333333333 45.64033255144958
894.5533333333333 45.64594538388766
894.6166666666667 45.63710705874327
894.6533333333333 45.639856234940545
894.7333333333333 45.64427919208977
894.78 45.63822695063122
894.8333333333334 45.62650709167694
894.9 45.608373637078984
894.9633333333334 45.592516719577674
895.0233333333333 45.58276814097114
895.08 45.57709041359008
895.15 45.553241663870196
895.18 45.54751570932241
895.2333333333333 45.51950835658974
895.29 45.52076118648121
895.3766666666667 45.49895940103993
895.42 45.49868901782925
895.4833333333333 45.50287273325517
895.5233333333333 45.5102927336726
895.5733333333334 45.50641788934047
895.5933333333334 45.510496663709155
895.6333333333333 45.50209178427629
895.71 45.511502827660046
895.7533333333333 45.524213362008304
895.7966666666666 45.53496934958649
895.85 45.54252120225885
895.8933333333333 45.552079301070954
895.9533333333334 45.52397827021909
896.0033333333333 45.52227565516658
896.05 45.52680308709478
896.09 45.534160428037865
896.1466666666666 45.51906310446849
896.2066666666667 45.50971768279221
896.2633333333333 45.49071707527038
896.2966666666666 45.48234971952216
896.35 45.44754225466945
896.4033333333333 45.445994877328694
896.43 45.44317374627108
896.5066666666667 45.41790295229591
896.5866666666667 45.40817286309559
896.62 45.38842691324368
896.67 45.37293736156006
896.71 45.37225331893333
896.7733333333333 45.3377730792051
896.8366666666667 45.33653412695294
896.89 45.329170287241816
896.9433333333334 45.31207420897089
897.0166666666667 45.27924937136587
897.0766666666667 45.28878856982853
897.12 45.29065109846707
897.1933333333334 45.29194730328968
897.26 45.280239253891224
897.3 45.2684671014203
897.3233333333334 45.276395197673075
897.3733333333333 45.26947137993717
897.4133333333333 45.270600243169
897.4566666666667 45.283958660089
897.5 45.28715514806248
