499.64 14.923048406320133
500.89 15.360907354302828
502.72 14.887510866426927
503.72 14.520678393591018
505.02 14.476717636790244
506.97 13.883683468974171
509.19 13.48526693256104
511.59 11.712977349241239
514.67 9.62221230783076
515.8 9.80620294311801
516.65 10.026606020126064
517.24 9.983946710554493
518.08 10.082167475801079
518.76 10.377831851566771
519.54 10.557605329951974
520.3 10.390846787904099
520.64 10.272568158238554
521.42 10.195245475368912
522.33 10.185209121490088
522.67 10.252425187350662
523.23 9.991769340084588
523.71 10.0063565655623
524.29 9.996256875208417
524.91 9.909790078197384
525.46 9.82721432625448
526.08 9.407368700044977
526.63 9.393372905695518
527.41 9.393846040591862
527.74 9.18455004863927
528.54 8.97405913585024
528.91 9.144292252989333
529.25 9.083646088582835
529.82 9.13797714281592
530.41 9.221291787066615
530.58 9.18956368975594
530.88 9.190772711274224
531.53 9.177767383269973
531.89 9.149592914717601
532.3 9.044781965756876
532.95 9.101420690521811
533.25 9.133548991039419
533.8 9.3398245825242
534.31 9.48224816712947
534.66 9.401504285394054
535.22 9.701171438168036
535.51 9.716688757186809
535.81 9.74803269455645
536.33 9.776342295913576
536.56 9.776616092606995
536.88 9.88855066950836
537.22 9.906206604595386
537.59 9.881208571236762
537.92 9.806903361171335
538.23 9.815319915851186
538.61 9.997873511276019
538.91 10.024308837858479
539.24 9.963691660983464
539.75 9.848729600688342
540.02 9.918842389282853
540.36 9.959027172481374
540.74 9.942887412668924
541.08 9.766651153157607
541.37 9.866436319997495
541.96 9.798907380855564
542.41 9.807330797609376
542.67 9.89138488531788
542.85 9.905997571107507
543.11 9.85746397201613
543.37 9.806877611393372
543.66 9.823924620511649
543.95 9.840521255800349
544.51 9.683365931202633
544.7 9.707333476929865
544.97 9.722882517260219
545.26 9.837692921625584
545.58 9.910895952730941
545.88 9.892635767288835
546.07 9.957744055089321
546.33 9.83711278164421
546.77 9.665992661978075
547.07 9.667455558196117
547.26 9.686625164148097
547.64 9.665642578982865
547.86 9.701629562172334
548.09 9.671466937712845
548.42 9.660060438567022
548.61 9.628340952362949
548.85 9.597321806555502
549.14 9.612723050439163
549.38 9.676358777552599
549.62 9.70970565148006
549.75 9.750809342217845
550.2 9.706813185707363
550.52 9.687521912650364
550.67 9.682906943097557
550.92 9.68773044691693
551.11 9.773076808407385
551.36 9.751995392811372
551.51 9.734345111381394
551.77 9.780267704088484
552.04 9.766899366345648
552.35 9.780804742665167
552.75 9.816884033195672
552.99 9.814949430497965
553.23 9.810173033616422
553.66 9.73820965438346
553.87 9.777995291428192
554.14 9.871927344493043
554.29 9.924253527636631
554.5 9.88775387879759
554.8 9.850396084945169
554.98 9.86267322952166
555.26 9.848980873289596
555.53 9.845734347852618
555.78 9.896004703460331
556.01 9.857054080784742
556.33 9.866845821469315
556.55 9.89273276785346
556.81 9.979468822527481
556.95 10.034662148993577
557.32 9.969529334502967
557.55 9.952792613537207
557.86 9.951417339791707
558.19 10.11219385922089
558.46 10.063856722013288
558.71 10.002317913182107
558.92 10.024898296670441
559.12 10.101785020780266
559.45 10.074846165203974
559.67 10.047417880261877
559.95 10.127844406547343
560.19 10.011806162040026
560.42 10.031445508494723
560.82 10.057792596747655
561.04 10.111419686711054
561.34 10.06064439569184
561.58 10.01128655997113
561.83 9.976796311765847
562.05 10.054774231601861
562.31 10.080178569846861
562.52 10.139910146435119
562.81 10.122177870818357
563.02 10.206929711789641
563.33 10.1990839358892
563.65 10.225117618053607
563.97 10.272504243578748
564.18 10.247818195976048
564.42 10.343767947587345
564.67 10.350479420897578
564.93 10.361403711307021
565.19 10.422096766490943
565.57 10.308626376864074
565.8 10.319149600856097
566.04 10.286717924419113
566.22 10.295218072071865
566.57 10.177470662738804
566.89 10.10339976783493
567.09 10.14251477990572
567.33 10.141478982850378
567.64 10.145925190922613
567.98 10.17421974771272
568.24 10.221901619917533
568.49 10.29905850360149
568.73 10.29843079151755
568.9 10.37138643411076
569.16 10.331593206365522
569.46 10.477893997663013
569.67 10.51795482674145
569.86 10.557222622212223
570.12 10.50856312679802
570.43 10.459402034011834
570.61 10.471601808913684
570.87 10.467511064182734
571.11 10.396089979828323
571.32 10.323925336006377
571.61 10.340559545651852
571.78 10.353918889176038
572.05 10.323431228193089
572.33 10.357308452674296
572.48 10.354796868206456
572.7 10.34603325146426
572.9 10.361642551431526
573.13 10.389053096525412
573.32 10.37662485755091
573.57 10.341887954558702
573.75 10.382945418115014
573.94 10.37461937965568
574.09 10.363197314818363
574.3 10.410270763709146
574.49 10.391813988895205
574.76 10.327094891056671
574.98 10.31227570922298
575.28 10.238647322273534
575.43 10.253607396739188
575.67 10.209972348323738
575.9 10.242020791767121
576.08 10.23726604917623
576.27 10.27781272175332
576.54 10.270503021918271
576.79 10.216143888943412
577.0 10.229685461756127
577.26 10.273649730639974
577.46 10.394656747045035
577.69 10.38033786258492
577.86 10.479436333056553
578.11 10.49857614203474
578.36 10.500139489212957
578.57 10.507577833125568
578.7 10.567244989431574
578.83 10.551513846100208
579.04 10.49763802197446
579.21 10.48162895043253
579.51 10.534690169610926
579.7 10.48568047145701
580.0 10.498677165349081
580.28 10.602153392856406
580.62 10.544547157060597
580.8 10.645812948447544
580.99 10.632041338816506
581.21 10.640398526750802
581.41 10.588821053976279
581.65 10.614812406455538
581.97 10.632953351242397
582.08 10.576016320530206
582.28 10.498754134840876
582.54 10.441196572164795
582.79 10.397450153617932
582.96 10.36400141125642
583.17 10.332898329064687
583.33 10.328987355882465
583.51 10.24004320540128
583.81 10.233333333333333
584.08 10.27764073072702
584.28 10.317270017115023
584.62 10.335561832035955
584.95 10.321474133224779
585.14 10.367022307063467
585.5 10.476042895457939
585.7 10.425783888848342
585.92 10.423051376636309
586.13 10.374458729947984
586.36 10.350933203427518
586.6 10.382580594340688
586.77 10.37367978700096
586.94 10.460913300028206
587.16 10.47336207391462
587.37 10.446259782062837
587.61 10.464847361668982
587.81 10.429847418429341
588.0 10.475560783909076
588.21 10.510499800704336
588.43 10.490260032790204
588.65 10.50769318935494
588.9 10.490495939206356
589.08 10.408504681123494
589.27 10.40090808001344
589.43 10.419731670288254
589.64 10.494365972831194
589.82 10.487491346717512
590.04 10.537015083442116
590.23 10.575228344837498
590.42 10.524795158639103
590.67 10.561082550878231
590.89 10.541783147038833
591.09 10.521833960816423
591.37 10.556873389293623
591.57 10.55266254879245
591.75 10.538409785545483
591.98 10.470719153714304
592.23 10.569495845320267
592.56 10.82488715036705
592.73 10.865434955291791
592.97 10.767004404122057
593.2 10.734631956072054
593.41 10.71588549865115
593.7 10.683225783035438
593.92 10.727741814773719
594.1 10.732279263130375
594.28 10.716813939324554
594.44 10.767815868868604
594.66 10.76772206104143
594.84 10.800972646063418
595.11 10.869190076969534
595.35 10.841721694128166
595.61 10.871977694508894
595.84 10.773817870891987
596.05 10.75566564348034
596.3 10.7679847208981
596.52 10.692657728223109
596.68 10.665606007871824
596.91 10.684733752112653
597.12 10.72359806947069
597.32 10.69586911670184
597.51 10.75108169328825
597.73 10.801098896581651
597.88 10.78277713895093
598.08 10.751255505730247
598.36 10.730415564264893
598.59 10.672436886246226
598.85 10.61100534084468
599.08 10.639814686621971
599.25 10.645219916502763
599.42 10.621286041328386
599.66 10.515231857172765
599.87 10.530048394566819
600.11 10.536991117875248
600.35 10.50673184874413
600.56 10.484543698495248
600.76 10.506486692813281
600.94 10.557031263139702
601.21 10.521065929022027
601.42 10.51135028664181
601.6 10.49482797102526
601.8 10.440790248352906
602.03 10.368420391464715
602.2 10.394248603934972
602.39 10.382478441386649
602.57 10.422639499733938
602.85 10.372238588334405
603.07 10.37212172561184
603.23 10.378547221275353
603.44 10.343904661024458
603.66 10.32132244287024
603.87 10.281546674513615
604.05 10.271442218721047
604.3 10.296120677716484
604.5 10.299063407451527
604.7 10.379174954073795
604.93 10.425546518145714
605.14 10.534234714021753
605.36 10.534714140412262
605.52 10.545217691523312
605.74 10.530974035739249
606.0 10.646761730852031
606.16 10.654083487071754
606.34 10.672555192803374
606.63 10.609367882616146
606.87 10.645485598898885
607.04 10.580065112170981
607.24 10.608858505413234
607.44 10.6537042450696
607.68 10.621951731478477
607.91 10.657282804152132
608.16 10.614189092955247
608.42 10.605106450587039
608.52 10.617766700063141
608.72 10.631647059224607
608.94 10.710912022962205
609.13 10.695656628139794
609.36 10.716286104746732
609.61 10.652353085709569
609.86 10.63633946297866
610.05 10.670808854822653
610.21 10.7038131598798
610.38 10.726894360730073
610.6 10.686534527245966
610.78 10.666268931978644
611.06 10.675015671930394
611.36 10.640612118794026
611.51 10.663347021314172
611.75 10.704832289365132
611.92 10.61795696454879
612.19 10.635081076087264
612.38 10.614246191898047
612.66 10.614664908093477
612.8 10.577276959538686
613.01 10.641537634774556
613.24 10.640232396641787
613.41 10.67243688624623
613.61 10.677924929876626
613.88 10.69719117291539
614.06 10.661760235211222
614.19 10.638879526329713
614.42 10.63554171045121
614.6 10.655296970772497
614.85 10.711435407304124
615.04 10.664696787802143
615.15 10.673648283355021
615.39 10.620063915803781
615.65 10.63857570021913
615.91 10.58118684985362
616.16 10.551193144269364
616.38 10.544547157060597
616.51 10.53852480428381
616.67 10.507385569928969
616.89 10.509154258660551
617.1 10.458672878708773
617.35 10.438250366180663
617.61 10.408713327367273
617.78 10.401612151658764
617.97 10.446066390287921
618.14 10.403010442301126
618.38 10.400835242295388
618.59 10.42636033805613
618.76 10.402136532676565
618.98 10.422372982476618
619.22 10.371464348262142
619.34 10.41678909018969
619.55 10.431474323682949
619.77 10.456118019628699
619.93 10.431358124579578
620.09 10.409877787733892
620.29 10.433333333333335
620.56 10.484543698495248
620.73 10.450320182616027
620.94 10.4570502050004
621.1 10.43933896277911
621.34 10.470950677030624
621.55 10.44888955484232
621.7 10.418030213785787
621.9 10.4025055256953
622.1 10.383067023191215
622.28 10.339763395296199
622.43 10.40712168748794
622.66 10.498888830093719
623.0 10.46784397933775
623.16 10.471433000831794
623.34 10.52291391068639
623.53 10.50392423061135
623.76 10.466029704609948
623.95 10.515380750273962
624.17 10.538103062772546
624.49 10.487602108194135
624.64 10.470275386381521
624.82 10.447927637536157
624.99 10.46928648934394
625.21 10.482592593187398
625.39 10.480279701718965
625.59 10.508385300138249
625.76 10.503602075747942
625.93 10.472913596125922
626.1 10.527021507443683
626.33 10.475613817265547
626.5 10.482790129010924
626.71 10.47391661666873
626.92 10.401709261249115
627.09 10.424422567153817
627.33 10.445679595996722
627.48 10.41898034911054
627.7 10.346033251464256
627.87 10.348137001119541
628.04 10.342537445331324
628.2 10.268122683058648
628.39 10.204866139704766
628.59 10.195161260682104
628.74 10.171876459487242
628.96 10.20785991481093
629.14 10.252390704197492
629.36 10.241054238660782
629.57 10.157601522351063
629.76 10.19617674434982
629.92 10.221466814424627
630.13 10.283511368234398
630.37 10.280564186852782
630.51 10.294153484361695
630.67 10.27014403919724
630.8 10.254341283159793
630.96 10.30241709405117
631.12 10.288053285439396
631.26 10.313881985758888
631.48 10.298062973690785
631.64 10.252883309665446
631.83 10.239609170256248
632.11 10.238464807585249
632.31 10.296311980706507
632.47 10.285279271705253
632.62 10.29247052436632
632.82 10.331260789223624
633.04 10.30241709405117
633.19 10.368654199026503
633.36 10.44129331359895
633.52 10.451890747707818
633.71 10.44784545958997
633.93 10.496998127892073
634.1 10.559595186608744
634.24 10.587890929898848
634.37 10.577902448123647
634.56 10.543148476521596
634.73 10.567584321113241
634.92 10.595100830863371
635.1 10.602553532717554
635.24 10.597426788869761
635.41 10.624057890495799
635.56 10.576627558208259
635.77 10.484095699022522
635.96 10.451349533467285
636.17 10.437940700186314
636.39 10.492801765443243
636.58 10.55450499822591
636.72 10.5362098105399
636.99 10.621585607058899
637.17 10.627822263314625
637.32 10.621951731478477
637.56 10.55750965431763
637.77 10.516802333082582
637.97 10.594886321316341
638.13 10.579812108087
638.38 10.509043724335722
638.63 10.472334886728841
638.79 10.47391661666872
638.94 10.487915123434378
639.1 10.397649306988152
639.28 10.4166533333248
639.44 10.413976622352719
639.65 10.377106698610332
639.79 10.374108212859602
640.01 10.387925197025147
640.17 10.41468950933044
640.3 10.391818848974369
640.43 10.442971634820069
640.65 10.540326600655447
640.75 10.557562276023818
640.88 10.547899403112538
641.02 10.541864592704137
641.21 10.603310898969333
641.32 10.617195886148494
641.53 10.637702151813947
641.7 10.641542380802898
641.84 10.647444801833013
642.03 10.690744604657812
642.21 10.668839740765687
642.39 10.69210508324301
642.6 10.777829844714388
642.74 10.827033133072353
642.93 10.760247640873759
643.14 10.7909614254175
643.28 10.79476116858862
643.39 10.81328681378477
643.49 10.838106174721927
643.59 10.882378490760262
643.76 10.887041690361832
643.91 10.844255566329979
644.06 10.86633202682357
644.23 10.899777590169052
644.45 10.926175594933166
644.66 10.882494514985378
644.78 10.84936343149619
645.03 10.782941072908546
645.16 10.798166698120754
645.34 10.845303410260408
645.49 10.848353224188813
645.67 10.799415434984143
645.86 10.771286184138182
646.04 10.800224464558514
646.19 10.838292571184164
646.33 10.817172094462219
646.42 10.785493437338355
646.6 10.815252977609768
646.8 10.846029855959443
647.02 10.832965028704347
647.17 10.86283163411415
647.34 10.868562764489907
647.53 10.875284740263956
647.63 10.928283201737308
647.8 10.882290311521857
647.98 10.880415173302644
648.15 10.954796929088907
648.38 10.997502012050305
648.63 10.989117665704882
648.81 10.97903879805937
648.94 11.039707945192724
649.08 11.070645505985276
649.28 11.078307131005573
649.37 11.074271757072562
649.56 11.105845216812538
649.75 11.125886640414485
649.95 11.14402951985474
650.11 11.17346694792461
650.27 11.131768171600708
650.48 11.170379301410218
650.72 11.179056898115924
650.92 11.179599024268914
651.13 11.23905078849022
651.33 11.229520079332032
651.48 11.21820310067886
651.69 11.211191198120213
651.9 11.177629173460442
652.11 11.19153269397914
652.3 11.148673880463509
652.49 11.104185215175827
652.62 11.094433948898189
652.75 11.063978315308475
652.98 11.092795004420713
653.22 11.128796026978883
653.38 11.155267813907473
653.52 11.167666169651012
653.65 11.200085677882967
653.73 11.185176879163858
653.89 11.226677283519056
654.04 11.18162272967062
654.21 11.182864778153421
654.36 11.197510545841988
654.52 11.187547189675321
654.73 11.128137963983663
654.88 11.12943136122607
655.02 11.182580248319306
655.27 11.168909770185511
655.46 11.208240114516041
655.63 11.190413465790868
655.85 11.23430442704825
656.04 11.195164901497295
656.2 11.167232007398736
656.36 11.154126835146961
656.53 11.124143367314433
656.7 11.108737120124882
656.9 11.233517667761921
657.04 11.263528341823909
657.21 11.22973595847068
657.42 11.243116861781555
657.6 11.331550661936806
657.77 11.286762604972697
657.97 11.275659849893707
658.07 11.23509562653446
658.2 11.173561869363098
658.36 11.129649181761794
658.53 11.112332761123538
658.72 11.071922811665317
658.95 10.987021728596263
659.19 11.027692415006866
659.42 10.959226545000629
659.6 10.932298546744482
659.77 10.981025876161535
659.95 11.050275374785276
660.2 11.101915386658533
660.31 11.18593543317462
660.48 11.228103269488711
660.59 11.219657172601446
660.74 11.240816678336126
660.96 11.23569348464116
661.11 11.287693307404316
661.28 11.319135491848675
661.43 11.338906829179258
661.6 11.337788785537265
661.73 11.288552349234779
661.88 11.303239903816616
662.06 11.351874316827612
662.18 11.286337499003569
662.3 11.301649115384564
662.46 11.31408347363961
662.61 11.326999121166606
662.81 11.318791918974856
662.99 11.334665697083723
663.22 11.32136623086336
663.39 11.287693307404314
663.52 11.293584484345551
663.7 11.294496738042671
663.8 11.325309102299432
664.0 11.392004993756707
664.15 11.422443793786957
664.32 11.42907863232371
664.53 11.377325492115242
664.76 11.316493728316658
664.88 11.345163166421504
664.98 11.360022051479525
665.18 11.488580188494776
665.28 11.475120210193182
665.41 11.484812105163456
665.62 11.504746495216308
665.75 11.522814435946303
665.88 11.529741952660926
666.09 11.562823569046138
666.3 11.571036638473185
666.5 11.549192109573656
666.71 11.535886037347401
666.86 11.478587883445414
666.99 11.514150275450486
667.18 11.471862811402355
667.34 11.410804732641106
667.53 11.441069915356728
667.69 11.500281068150667
667.86 11.55664136312794
668.03 11.492162458815049
668.23 11.439657231567628
668.43 11.394004271253072
668.62 11.358065705288755
668.75 11.311364625763318
668.89 11.279636608517228
669.01 11.314150432091663
669.29 11.317542475147496
669.45 11.322075513764867
669.61 11.34303951569179
669.82 11.280070921762858
670.05 11.176612486199321
670.21 11.114913995677739
670.36 11.129649181761794
670.49 11.14595093395904
670.75 11.149466626731794
670.97 11.189330235144148
671.12 11.165676120697894
671.24 11.189930538414679
671.43 11.1765040340995
671.54 11.236142981063796
671.77 11.191496591591134
671.89 11.214073949526753
672.08 11.239971961574005
672.22 11.223694272890414
672.35 11.196477620712288
672.54 11.180267610320602
672.73 11.19871475309609
672.88 11.181044565502706
673.05 11.202790958173107
673.24 11.262810887647408
673.44 11.179273751731888
673.6 11.183501556789228
673.74 11.172314266104681
673.9 11.183049944474275
674.1 11.222722261086878
674.3 11.20200198557599
674.54 11.19020134137926
674.75 11.245986938558227
674.96 11.217698858356263
675.19 11.221097553404938
675.38 11.206762027968434
675.54 11.192006527026788
675.72 11.189894430857578
675.93 11.219801219002921
676.12 11.26564456543643
676.25 11.206396982676159
676.42 11.160156401641103
676.55 11.177516212775927
676.69 11.207586716149022
676.81 11.221997697523928
676.9 11.164065730564456
677.09 11.163699289132692
677.24 11.141985387884796
677.48 11.15680704477511
677.58 11.18908198001764
677.71 11.202718825843535
677.92 11.193143644502408
678.07 11.144827128186948
678.24 11.138358510257705
678.45 11.13224001164041
678.73 11.139025037582002
678.84 11.166978738289698
678.91 11.16822241537085
679.05 11.192868400472817
679.25 11.124070725006629
679.4 11.155467020454342
679.59 11.137428932761962
679.87 11.12977170393976
680.04 11.171681370611337
680.19 11.1678606326866
680.31 11.183226075446452
680.44 11.15122858656834
680.61 11.196044575715751
680.75 11.21720810076008
681.02 11.235747425161367
681.19 11.18774130714308
681.4 11.215969855432911
681.54 11.237940786964185
681.68 11.228463111146775
681.81 11.249866441406978
681.94 11.251774270861647
682.06 11.233805403263123
682.26 11.271327707188199
682.42 11.304937689417672
682.6 11.261806375012972
682.68 11.2805186498716
682.83 11.234915813362079
683.02 11.257302904642337
683.18 11.29349504374223
683.35 11.322967630422514
683.52 11.35868821562587
683.68 11.398989854235756
683.82 11.4462997417409
683.96 11.459123664203773
684.18 11.439237807483574
684.27 11.456421603607119
684.44 11.498194851735846
684.59 11.471611865290718
684.78 11.35966637723222
685.0 11.364484816810446
685.12 11.377170122662312
685.25 11.401200539301716
685.42 11.440827122744462
685.62 11.453710086582197
685.74 11.500215193419189
685.87 11.480026572312891
685.99 11.443753534111742
686.19 11.481821380870816
686.39 11.503091371936115
686.53 11.550901840693363
686.66 11.501620439193458
686.85 11.558699552870786
686.91 11.57679235419385
687.03 11.594543300338923
687.17 11.596808164144113
687.33 11.620301809394373
687.48 11.623278627848777
687.63 11.612127933824842
687.76 11.655076493992137
687.93 11.64478901101738
688.14 11.574981728720006
688.26 11.543173241567873
688.42 11.511241760500337
688.64 11.484306375628135
688.82 11.490338497532555
688.99 11.389783655415572
689.16 11.382886321583866
689.34 11.425843469516765
689.43 11.392231093729148
689.6 11.431835753144318
689.76 11.446070297378274
690.01 11.441988066288605
690.12 11.41528303935942
690.37 11.344606692613942
690.55 11.334558757279538
690.72 11.325380453840943
690.92 11.338394591792614
691.06 11.350094557520055
691.22 11.368554895150057
691.33 11.40623168325636
691.5 11.396880664852505
691.66 11.378004653672361
691.82 11.403862538985676
691.99 11.434923469244326
692.14 11.41947653986138
692.27 11.413137034562272
692.42 11.42403986638207
692.59 11.418658308915175
692.82 11.408290446385509
692.99 11.38889677260136
693.17 11.428349474756699
693.28 11.381430916056633
693.46 11.395923424938886
693.62 11.385601397902493
693.76 11.32809147940007
693.89 11.338586126741523
694.03 11.33106483535551
694.22 11.307081896320593
694.36 11.300773192462309
694.47 11.320362452704687
694.68 11.323418122625249
694.81 11.330387317637324
694.99 11.304325622423379
695.14 11.337806603830325
695.31 11.410339985550763
695.52 11.380898404117689
695.79 11.462979498799545
696.04 11.462649049513946
696.15 11.507024644173493
696.3 11.520293907586371
696.44 11.494680368225849
696.62 11.429874023891088
696.76 11.422218291867418
696.88 11.38781911704011
697.01 11.356033416184323
697.23 11.276913934174887
697.4 11.24295514551403
697.51 11.298069022464137
697.7 11.312369202324371
697.87 11.268670253979803
697.99 11.285545416750374
698.16 11.270521126578243
698.34 11.317475536764038
698.53 11.4074714130873
698.73 11.386555070065583
698.84 11.39884807222806
699.0 11.36181803634036
699.22 11.38187465697416
699.33 11.327141802508763
699.49 11.335556822884735
699.63 11.278526123352803
699.83 11.293204356889353
699.95 11.32207551376486
700.1 11.332887691773157
700.3 11.229920351948675
700.41 11.256508779323626
700.52 11.26851338639636
700.62 11.30100558679303
700.74 11.268638880637816
700.9 11.226321883426609
701.1 11.264945179582098
701.25 11.186549463033224
701.41 11.128355809835657
701.5 11.182146665126695
701.63 11.245340224629793
701.77 11.248214224147898
701.96 11.264425095284377
702.13 11.228260701633106
702.3 11.241607419481314
702.42 11.269140843628469
702.56 11.300594424340442
702.77 11.380343677684877
702.87 11.36417816890185
703.03 11.385313062685343
703.19 11.308971141656889
703.39 11.353720522232774
703.55 11.315828727847546
703.69 11.291093298648628
703.8 11.29404956406495
703.92 11.261519354945774
704.05 11.232506039134446
704.23 11.12632241601197
704.34 11.134821167142398
704.54 11.121387167312026
704.66 11.075699125161856
704.85 11.076752432208837
705.06 11.06712302819536
705.23 11.079925427309854
705.42 11.028136650395572
705.56 11.002589226948789
705.68 11.02236477587842
705.81 11.016695319267741
705.98 11.066356330077324
706.14 11.072780348515211
706.3 11.069568805303732
706.45 11.008146661872424
706.65 11.090422658648983
706.83 11.086487361657975
706.97 11.070440210969316
707.09 11.035383861456603
707.24 11.016168099478126
707.35 10.923401808535065
707.52 10.888303426849914
707.74 10.897706180660226
707.87 10.865249024464942
708.03 10.87063972730253
708.15 10.85475737065355
708.38 10.822516744587126
708.5 10.817587624798886
708.66 10.793956408541534
708.77 10.767379655536653
708.93 10.807082414001954
709.13 10.795299201434151
709.27 10.780505226068623
709.39 10.833818170968911
709.6 10.886930353651232
709.7 10.879041104506193
709.82 10.84172635252478
710.05 10.761298971571948
710.19 10.785975742939193
710.32 10.777717379816192
710.43 10.748976930410866
710.56 10.741517677693496
710.69 10.737167581665458
710.85 10.718034457225011
710.99 10.646282606305983
711.16 10.677759383622837
711.29 10.689648537654824
711.46 10.75570790442231
711.63 10.788747411403733
711.76 10.815365052189458
711.86 10.857218424587023
712.0 10.861850578045988
712.18 10.85662298443962
712.35 10.928948677339426
712.49 10.91426182163096
712.63 10.965192864033657
712.79 10.892769355972979
712.9 10.851150848987164
713.07 10.895513857649037
713.17 10.884197608264817
713.36 10.839993290839926
713.46 10.804432311591277
713.57 10.784627106125729
713.74 10.801814288312496
713.91 10.781667006281701
714.04 10.803029878022846
714.16 10.785062621866217
714.26 10.81396403645852
714.37 10.80184701751969
714.59 10.711171360742574
714.77 10.71377382134556
714.93 10.749916607616408
715.05 10.732161614944717
715.21 10.708530537035697
715.38 10.68916188567569
715.48 10.641523396676826
715.61 10.661831290385642
715.74 10.607430214598436
715.86 10.63918809084242
716.06 10.606668380854284
716.19 10.563607242783972
716.34 10.58894029474416
716.45 10.60148169556568
716.57 10.547875462275648
716.78 10.563497278244297
716.93 10.576565480993223
717.03 10.56433393618128
717.17 10.536185843141345
717.32 10.549431503664316
717.43 10.548833053370345
717.62 10.544547157060597
717.78 10.530935668809585
717.94 10.581878926549932
718.01 10.563415999370543
718.13 10.54346942304797
718.22 10.5011591471772
718.39 10.508193051715466
718.5 10.498196093240077
718.67 10.440843458323286
718.86 10.44951306197199
719.03 10.410227100444457
719.13 10.362768437872655
719.29 10.280210468308873
719.44 10.186463586742963
719.61 10.173142497912243
719.71 10.189413202640349
719.86 10.16830091187035
719.98 10.200990247039847
720.09 10.120581090834735
720.27 10.074324801296621
720.45 10.03667517083464
720.63 10.024873106831869
720.76 10.073587827441207
720.87 10.08514759536032
720.99 10.063931998614025
721.12 10.096784166508188
721.24 10.082608288483186
721.35 10.040700003767496
721.49 10.003529680098227
721.58 9.940408300050718
721.71 9.94154124993919
721.86 9.91175202892144
722.01 9.904080375320472
722.16 9.84703206067902
722.3 9.82729655478848
722.49 9.927509987174762
722.69 9.956161484987648
722.78 10.029834283654726
722.95 10.0477395819692
723.1 10.053895169575233
723.24 10.05351338155628
723.34 10.060644395691838
723.49 10.044843895695392
723.61 10.057305500947749
723.73 10.077332298908587
723.85 10.11287308435155
723.95 10.116867603216422
724.08 10.156035176438222
724.23 10.167143555630952
724.39 10.185050442940991
724.54 10.14980718332057
724.69 10.132152044383513
724.87 10.148050516869203
725.0 10.18912075785648
725.14 10.144431721367882
725.26 10.201623954701102
725.37 10.218477025823017
725.48 10.253829045825283
725.66 10.218047017335792
725.77 10.26502840136392
725.92 10.225418911672618
726.03 10.235070428026697
726.17 10.261288437815223
726.31 10.28747890506815
726.42 10.315409675222636
726.54 10.324453662753465
726.69 10.263886872787213
726.83 10.257350160895955
726.99 10.215352874151453
727.17 10.245526247138702
727.36 10.266666666666667
727.51 10.254828869928316
727.63 10.306078426115949
727.79 10.198331216231379
727.87 10.164957630819897
728.04 10.195978609137015
728.13 10.199678149012069
728.23 10.223615956809171
728.37 10.280564186852784
728.55 10.290109991460913
728.68 10.310218526326498
728.8 10.337731224436382
728.95 10.353718894653012
729.1 10.4025055256953
729.31 10.362807427419353
729.41 10.33000435135387
729.55 10.322452727091095
729.67 10.350479420897578
729.79 10.39745015361793
729.93 10.398382741386454
730.03 10.441230431768703
730.07 10.427484080180811
730.23 10.389247549580507
730.36 10.334330352682938
730.48 10.269578493017251
730.59 10.259358871023295
730.73 10.262075911831971
730.87 10.256956250035946
731.01 10.23807017010925
731.21 10.22997674691512
731.27 10.231516964455437
731.4 10.23758178517177
731.55 10.259634545640553
731.67 10.210961628257028
731.8 10.191103269940205
731.97 10.132909680139193
732.12 10.153647898985149
732.21 10.162612206942008
732.3 10.102005001508612
732.43 10.147652363224138
732.54 10.177634421821331
732.68 10.18007560845888
732.84 10.113217673775825
733.04 10.187058536013296
733.17 10.147453280543255
733.27 10.153225093436061
733.44 10.190429259106232
733.59 10.133547645261647
733.73 10.127325771037842
733.86 10.127490340951239
733.99 10.09499826146542
734.1 10.104004606635389
734.26 10.155975501340993
734.37 10.129120934666096
734.53 10.094958237565017
734.7 10.057913111655724
734.86 10.051403238886952
734.98 10.012093697225383
735.12 10.040604432689165
735.21 10.02954725707088
735.33 10.077532766836669
735.48 10.15086203235962
735.68 10.120366504322767
735.86 10.128487677154107
735.99 10.106998275522468
736.12 10.143694862058174
736.23 10.088352119392363
736.34 10.068673289871997
736.46 10.046779472934487
736.6 10.04635719697906
736.77 10.06228582179993
736.83 10.051438411561508
736.95 10.037681530365985
737.05 10.068828786473283
737.18 10.08387050910732
737.27 10.089353324423248
737.43 10.052644257391012
737.51 10.047860217454014
737.58 10.053573664838956
737.71 10.062727505427388
737.84 10.035009424081982
737.92 10.023890653752357
738.02 10.071441773348017
738.18 10.105883874698383
738.32 10.116373367022895
738.48 10.149866894683795
738.55 10.147771810957947
738.62 10.21860058813329
738.78 10.195641770438538
738.89 10.230569165718274
739.07 10.285082852992938
739.23 10.334657784133515
739.38 10.33165186710384
739.52 10.33038080986213
739.65 10.371264692077402
739.81 10.350128091726768
739.93 10.379909693852124
740.05 10.366393838366413
740.22 10.349039871535242
740.32 10.3668858984906
740.51 10.31571812352589
740.68 10.258162554273502
740.84 10.284557414498751
741.0 10.279920606540095
741.1 10.32648844653223
741.23 10.311173697998832
741.31 10.274706611850089
741.36 10.2931967332748
741.47 10.262666477691031
741.63 10.277616160345454
741.81 10.379364726283212
741.96 10.342537445331324
742.07 10.346770344685174
742.27 10.308234425433724
742.38 10.242296933044194
742.53 10.265618797370633
742.64 10.264698748820662
742.72 10.218897131582185
742.84 10.255050492613904
742.94 10.206771370917531
743.09 10.195161260682102
743.17 10.2553804552941
743.27 10.21175298320024
743.4 10.175232357806555
743.48 10.16776447128052
743.57 10.128722036911174
743.69 10.176914854689308
743.83 10.202054655407368
743.98 10.199009656814628
744.05 10.176597236460294
744.2 10.183170905811698
744.33 10.191157783573807
744.48 10.15881962442568
744.6 10.131459156827543
744.7 10.106003816114116
744.87 10.16396387322198
745.0 10.188129357147945
745.06 10.218640127757018
745.2 10.204970070579053
745.32 10.145288004136145
745.43 10.163566342976303
745.53 10.159789029862438
745.66 10.211124850234215
745.8 10.145407479706915
745.92 10.139113184180173
746.02 10.196038050105145
746.19 10.205657967297093
746.36 10.172770150025634
746.5 10.116992406517628
746.56 10.095823719026418
746.68 10.042213929510796
746.76 10.053513381556284
746.83 10.071516993256504
746.96 10.069375513522326
747.07 10.06971156037207
747.21 10.078775578993564
747.32 10.091380460371102
747.46 10.134868304795848
747.61 10.129360265778846
747.79 10.216143888943412
747.95 10.230055738071043
748.05 10.237951775900122
748.26 10.315840521090157
748.41 10.312388352624891
748.54 10.343025757397195
748.65 10.342005158917233
748.75 10.353718894653019
748.86 10.362149459168272
748.97 10.419925550830412
749.1 10.392790819125587
749.18 10.37126956178617
749.27 10.32096522774509
749.38 10.340447209132135
749.48 10.356747666242637
749.58 10.372048685741595
749.69 10.36378211841506
749.81 10.327657287618768
749.88 10.332140693638044
750.05 10.325387952209656
750.22 10.316780485982994
750.34 10.344783489979164
750.46 10.367412035953445
750.54 10.3117271672459
750.68 10.28864236020291
750.85 10.299921545253817
751.05 10.323431228193087
751.2 10.324042744286691
751.37 10.284493574348138
751.48 10.28628585873817
751.56 10.26253360333577
751.7 10.307886556056253
751.86 10.328953128331676
751.99 10.354811500559594
752.05 10.320495446567772
752.15 10.312662609676028
752.26 10.312902578612853
752.42 10.31051243472732
752.52 10.27646128614596
752.65 10.26750783645755
752.75 10.277340968058683
752.86 10.295649762904912
752.98 10.27793557072429
753.11 10.317088893303344
753.31 10.349152114784545
753.44 10.39164388469228
753.53 10.410227100444457
753.61 10.431009519502876
753.8 10.367977116822239
753.96 10.327877347502257
754.05 10.362495506938135
754.14 10.333841629727194
754.31 10.306117630129231
754.48 10.32646888321268
754.63 10.31783294920386
754.73 10.38633037149592
754.83 10.408868596276223
754.98 10.419465078652193
755.12 10.437190689785707
755.28 10.468886080074412
755.37 10.47619234553309
755.51 10.466391619624867
755.6 10.526541730695829
755.74 10.487722499776739
755.86 10.434035216975783
755.99 10.476038074452275
756.12 10.478723031153956
756.25 10.467240864388824
756.38 10.45990903257275
756.48 10.468307148028025
756.63 10.41333158731992
756.73 10.38633037149592
756.91 10.365146531827833
757.02 10.395200912931028
757.24 10.413782631055277
757.34 10.487337241847541
757.47 10.507770092804293
757.58 10.508467004652905
757.63 10.52621067198976
757.85 10.503847299004688
757.95 10.502885606375322
758.08 10.433706063629657
758.2 10.426268302085402
758.33 10.389441998996146
758.48 10.435448522156872
758.6 10.4494937289765
758.71 10.444944647381753
758.82 10.465315488929527
758.91 10.481436211250106
758.99 10.490491124842727
759.17 10.44084345832328
759.33 10.45437900614094
759.48 10.472166090463936
759.58 10.485372206222833
759.75 10.449856216690014
759.93 10.432326410893896
759.99 10.45963380783187
760.07 10.481590402879583
760.21 10.463302875799155
760.37 10.481012172572658
760.51 10.496266772601402
760.61 10.464847361668983
760.73 10.48024114920332
760.84 10.506102122965578
760.95 10.53361622174791
761.07 10.492185644371698
761.16 10.466608762626938
761.29 10.428491470171245
761.4 10.491940148552509
761.54 10.464388866218341
761.71 10.428491470171245
761.85 10.473029334167999
762.0 10.500601233387842
762.12 10.437190689785709
762.18 10.421791466621148
762.3 10.44901039246388
762.42 10.427411428101852
762.52 10.406369455892163
762.65 10.424693876764078
762.79 10.412982378752105
762.9 10.446109903749441
762.99 10.471215957870585
763.1 10.401534463333727
763.26 10.335405461838741
763.45 10.360545791168972
763.54 10.353762796220707
763.66 10.316428009184518
763.76 10.3407793309652
763.88 10.389660750238692
764.0 10.318170693715357
764.1 10.28826928343562
764.21 10.321395841707261
764.37 10.353016444251866
764.45 10.399470654749209
764.51 10.416086044424201
764.59 10.468900552965378
764.62 10.480168862854233
764.74 10.431711559500009
764.89 10.375665975947976
765.03 10.410227100444457
765.14 10.367022307063465
765.25 10.29992154525382
765.36 10.351909012448877
765.49 10.351884618344396
765.59 10.355396777731043
765.65 10.319516667093682
765.75 10.302863189375557
765.87 10.32272671674916
765.97 10.292151565070533
766.07 10.253607396739193
766.19 10.312976037375186
766.34 10.384740164434941
766.48 10.400543886322158
766.64 10.352884729495555
766.75 10.342981810255335
766.87 10.336416939709581
767.02 10.33771168239291
767.17 10.227764746862904
767.29 10.199321625292619
767.39 10.196944481935592
767.52 10.210392804007167
767.64 10.231186232161535
767.75 10.243869810128821
767.86 10.225754769505311
767.97 10.243948694155236
768.11 10.23747818537161
768.23 10.2068060081932
768.36 10.215377594290844
768.46 10.237996173888991
768.58 10.255503572977464
768.68 10.277837291664985
768.77 10.298430791517546
768.86 10.302515138635721
768.97 10.377184569812734
769.07 10.337980382252542
769.17 10.364132984734054
769.28 10.329989683861594
769.4 10.34652139854285
769.51 10.337237776528358
769.63 10.33348484737405
769.76 10.337848475921431
769.82 10.346892374920202
769.96 10.380556805680481
770.08 10.386160177482498
770.14 10.351421119436656
770.24 10.366145363488284
770.38 10.375554019526922
770.41 10.357347462774745
770.54 10.312706686021821
770.66 10.26833910030185
770.81 10.307097681998686
770.9 10.336265468648909
771.02 10.352357853712032
771.11 10.378586151545429
771.26 10.352982296142615
771.38 10.373606758100925
771.53 10.409256758415863
771.64 10.428709402317232
771.79 10.428491470171231
771.93 10.419731670288256
772.1 10.44030650891055
772.19 10.413370387549023
772.32 10.36493700858424
772.45 10.342981810255337
772.56 10.356591615922188
772.62 10.380420574963779
772.71 10.401335384352233
772.86 10.3504452644182
772.91 10.376834144799984
773.02 10.352357853712032
773.12 10.355577231520208
773.26 10.327583933282263
773.41 10.368069670236052
773.51 10.282371891600295
773.64 10.27158481177343
773.76 10.261352422334664
773.87 10.294310481174941
773.97 10.349893865654034
774.1 10.390846787904104
774.2 10.409785606036104
774.25 10.41499986664533
774.35 10.413059981668127
774.42 10.445800470751267
774.52 10.437384246016336
774.64 10.415140494258898
774.72 10.427314557875818
774.86 10.374814103239041
774.97 10.369394554859186
775.11 10.369823157760807
775.27 10.397022689601133
775.39 10.393174722291587
775.5 10.346033251464256
775.61 10.305333521526554
775.68 10.252252770424992
775.86 10.241547389398384
775.94 10.25908811195658
776.1 10.215357818184119
776.2 10.173246752878336
776.33 10.108557231026062
776.4 10.1045044460879
776.54 10.152792321287375
776.68 10.138316159276874
776.83 10.143470806385748
776.92 10.092181191998153
776.97 10.08594882181957
777.1 10.020685675847808
777.24 10.060543993966993
777.31 10.075166991121776
777.41 10.062526742545552
777.5 10.04987562112089
777.6 10.05339281390651
777.69 10.069149804118403
777.75 10.08586870203789
777.86 10.106523545800416
777.96 10.087415902794895
778.1 10.007572890142502
778.17 10.032326537627037
778.29 9.949666254998638
778.42 9.913953028255914
778.56 9.856874748011139
778.66 9.806429554433182
778.8 9.837056306013343
778.87 9.865412491952053
778.99 9.835510801543187
779.12 9.785869012164033
779.25 9.785967071023258
779.43 9.687287306234667
779.52 9.7083531668415
779.61 9.732684702339407
779.71 9.811655612514429
779.78 9.79236973620303
779.87 9.788320188940085
780.02 9.823677848171043
780.14 9.819605209205022
780.28 9.827892691084635
780.43 9.797190898157975
780.51 9.770595962096968
780.63 9.762487470730074
780.72 9.759822816739115
780.87 9.749027405517708
780.95 9.774606349768218
781.07 9.756898621338172
781.16 9.747022337331769
781.22 9.72197344559054
781.32 9.708769336028233
781.44 9.6977764815894
781.54 9.719728973234346
781.64 9.668777199069828
781.77 9.63144576243605
781.89 9.663944235239471
782.02 9.670302346604654
782.14 9.625324341904987
782.24 9.653721740051521
782.33 9.631655510803315
782.41 9.591763090898315
782.5 9.589029927448081
782.57 9.542308764950782
782.67 9.55479148930213
782.79 9.571944484383575
782.89 9.55990680821828
782.99 9.544679622224576
783.06 9.546081749475894
783.11 9.565188355846857
783.24 9.583361001277579
783.38 9.618773730617022
783.5 9.547859244962515
783.63 9.517294199975586
783.71 9.462627179135463
783.82 9.439204725960012
783.86 9.431325410031137
783.96 9.435501410560365
784.06 9.416104837087907
784.2 9.38298481510037
784.31 9.398791024768697
784.38 9.383824466397568
784.46 9.369432353470643
784.53 9.403905270866689
784.66 9.429397401400331
784.74 9.458703436891904
784.85 9.480841926557135
784.97 9.46599976310751
785.06 9.446093735967628
785.16 9.44919428984677
785.29 9.475428083930424
785.42 9.490218249557932
785.55 9.533963742665724
785.69 9.5470075696709
785.75 9.60678947621962
785.82 9.641429962260352
785.97 9.588982524678299
786.07 9.540191430220492
786.15 9.509564563207828
786.21 9.535997720493251
786.31 9.578695847630513
786.39 9.540869028457616
786.49 9.529852087418824
786.59 9.518822395547668
786.66 9.506212747886549
786.74 9.47364232963748
786.89 9.562019777339003
787.01 9.56793360843153
787.14 9.562151822406266
787.28 9.6222385517859
787.37 9.602877304498511
787.51 9.620574543417597
787.62 9.627171144340597
787.69 9.652230599998916
787.8 9.650456628124559
787.87 9.700208266013693
788.03 9.710407828820586
788.15 9.685326817178423
788.35 9.752880952246208
788.48 9.744700709575028
788.63 9.800695708144215
788.71 9.81371437830702
788.84 9.813122527380049
788.95 9.846678155960547
789.06 9.79880429728881
789.16 9.844980262226859
789.23 9.87891847840796
789.32 9.871784094687305
789.45 9.768404023775698
789.53 9.767452652208316
789.65 9.77253934515105
789.79 9.839412604624338
789.92 9.823369374027727
789.98 9.810301738581755
790.09 9.78567805261827
790.17 9.785636763577873
790.31 9.756318853735639
790.4 9.755599272813392
790.5 9.76646498912674
790.59 9.800118531544568
790.7 9.785063860163342
790.8 9.770084209183949
790.89 9.795788623049946
790.99 9.794344894845796
791.06 9.778165740696217
791.16 9.747022337331769
791.32 9.704606841052035
791.42 9.708041028243578
791.51 9.645740149428823
791.62 9.655458497030518
791.72 9.673539876248704
791.87 9.712696054467298
791.96 9.742046743240074
792.09 9.765011753472422
792.14 9.739039423315262
792.25 9.764266951026539
792.37 9.754206551767574
792.51 9.7592173473247
792.57 9.753792321269946
792.69 9.834689172063905
792.76 9.796020630951128
792.93 9.72786791344404
793.03 9.78088736136745
793.12 9.770373688871986
793.26 9.76555480277801
793.34 9.734059748733783
793.44 9.684226475265968
793.53 9.72392135224501
793.62 9.714905760705758
793.71 9.733099831155148
793.84 9.694026068365067
793.98 9.694296980152501
794.12 9.652842780102329
794.24 9.65999769956264
794.33 9.682906943097557
794.39 9.716065005542067
794.52 9.752989699615611
794.65 9.765301383526836
794.76 9.78570385818005
794.82 9.799381551295916
794.93 9.823960607626745
794.98 9.81441940630358
795.14 9.769070962724525
795.25 9.771505678876887
795.34 9.84241491266911
795.45 9.776672917374976
795.58 9.824911647892254
795.62 9.820386957752735
795.77 9.847170541671732
795.87 9.817172132893905
796.04 9.816415853152309
796.12 9.838370563946823
796.24 9.84744236906828
796.35 9.862053589902107
796.42 9.855706443221079
796.52 9.850888284819808
796.62 9.836830400247445
796.77 9.835880512417043
796.91 9.788774234300275
797.0 9.73383145259228
797.1 9.699005468124405
797.21 9.68315730294284
797.28 9.655772335444713
797.41 9.640083615882807
797.48 9.634198346400074
797.65 9.689497594631192
797.7 9.687542766279012
797.85 9.690540008511684
797.94 9.658638254396575
798.04 9.678592434602837
798.16 9.729388989089196
798.22 9.761375130812484
798.3 9.758187445536295
798.38 9.729451280633572
798.49 9.733307388923501
798.53 9.71976534613045
798.65 9.635136666693349
798.74 9.68349632158246
798.82 9.721765645844751
798.93 9.715399626314397
799.04 9.69110807687003
799.1 9.680241252524171
799.16 9.727312376016618
799.28 9.76292719806655
799.32 9.733706925167336
799.38 9.739827638323094
799.5 9.731236802019037
799.55 9.743555238559932
799.62 9.761582087371126
799.71 9.773490221569322
799.8 9.797958971132719
799.85 9.83127867594243
799.98 9.784527055354783
800.06 9.787458476762158
800.12 9.768305788610322
800.25 9.749773372139519
800.34 9.727831570843884
800.44 9.754895171040008
800.56 9.78384568376036
800.66 9.764106604179299
800.76 9.797051710704714
800.87 9.728283247803535
800.97 9.745711307487454
801.08 9.759408824619484
801.17 9.786668937329436
801.29 9.839412604624346
801.42 9.807418342533092
801.54 9.767416456895045
801.62 9.781222992669333
801.68 9.82665926565241
801.82 9.860010039538395
801.91 9.864839101832855
801.96 9.845185461314404
802.08 9.805873317310986
802.19 9.772870095268328
802.31 9.789393353125725
802.37 9.807907549780971
802.52 9.838575900890124
802.59 9.859718069196523
802.67 9.860701513758256
802.74 9.78931596541388
802.86 9.80519342908737
802.95 9.841547673311371
803.01 9.830374490641882
803.12 9.791028670382003
803.23 9.77303546612935
803.35 9.776672917374976
803.43 9.757933834950547
803.52 9.750918112690936
803.57 9.74964904833279
803.71 9.721677329607795
803.81 9.738702338213406
803.89 9.780309015795181
803.97 9.7622805333652
804.09 9.751555172526494
804.21 9.73309983115514
804.24 9.729804258518813
804.38 9.747084516185165
804.52 9.768512598335453
804.6 9.749384854979573
804.7 9.742648095830615
804.86 9.761830429449864
804.95 9.791126677566863
805.1 9.805687897925123
805.19 9.843928549767586
805.34 9.89053215265115
805.43 9.919122435931005
805.5 9.903065539049365
805.62 9.911507443269151
805.75 9.847703931743315
805.83 9.865822035919988
805.86 9.893391325485508
805.93 9.872167794851187
806.02 9.884157306344614
806.13 9.872577058588996
806.27 9.86049663756314
806.36 9.87141572849855
806.43 9.848606526054862
806.5 9.808777763417888
806.56 9.79828886318752
806.62 9.844015769219716
806.71 9.850698585697497
806.8 9.89439184078486
806.89 9.850288412944154
806.97 9.867255305946392
807.08 9.855193985145528
807.22 9.825322880036548
807.32 9.841039610023966
807.46 9.818987995334611
807.5 9.832434473555757
807.56 9.867117106835202
807.6 9.863717823058874
807.66 9.907878713733862
807.74 9.96115688384871
807.82 9.949752547554924
807.93 9.941500608229843
808.06 9.89420808025349
808.17 9.887299270715276
808.31 9.938899193156004
808.37 9.888933719113005
808.46 9.885628789594342
808.58 9.887426971725867
808.7 9.94378136720573
808.76 9.895535162972042
808.86 9.900535645135875
808.95 9.888647710144873
809.01 9.909178481681424
809.09 9.89448882413382
809.19 9.895101328588321
809.22 9.88885711037908
809.31 9.881821898840514
809.44 9.88756999489967
809.57 9.852708185359928
809.67 9.858652560214827
809.79 9.857873846204193
809.88 9.846580701703079
809.96 9.813328392620615
810.0 9.837056306013338
810.05 9.850780618198675
810.13 9.851067726573365
810.2 9.821641739782946
810.31 9.858283703351082
810.44 9.887569994899671
810.52 9.840629034669474
810.62 9.863492527927665
810.74 9.883789401302163
810.9 9.86320578122693
811.04 9.845185461314404
811.15 9.818941702730294
811.25 9.830251186202638
811.36 9.806738561424037
811.43 9.808525460902453
811.51 9.804652575242645
811.65 9.79422113681163
811.7 9.78299906506541
811.81 9.756318853735648
811.92 9.724155074822283
812.0 9.755599272813392
812.05 9.761162995786052
812.19 9.73870233821341
812.25 9.730068983529481
812.3 9.754046039537343
812.37 9.742808795841334
812.52 9.71875205024501
812.6 9.668233937733792
812.7 9.662486034330728
812.74 9.668881668904259
812.89 9.674390853373582
812.96 9.702566566625439
813.06 9.643985931473802
813.15 9.604686356149273
813.21 9.597237607612392
813.31 9.614482972489093
813.41 9.671466937712847
813.49 9.691707378949904
813.65 9.758058053203873
813.74 9.74277250897383
813.87 9.724129105924439
813.97 9.721843571269925
814.11 9.746167337870709
814.18 9.69575560581416
814.27 9.678524597470341
814.31 9.673137854884311
814.4 9.66509914145434
814.52 9.65095902493686
814.6 9.642079494056091
814.62 9.653365980189232
814.68 9.647190411113634
814.78 9.643734554705254
814.85 9.62779540935745
814.92 9.646981000512156
815.02 9.62843012472265
815.14 9.630570013653337
815.19 9.65118404836182
815.28 9.66100147474109
815.36 9.689648751595334
815.47 9.741564597541855
815.58 9.723635683688014
815.67 9.709991729859475
815.75 9.65084912786895
815.82 9.649807660196538
815.93 9.629767611029058
816.04 9.65351247113209
816.12 9.65807350553845
816.17 9.66202082716894
816.29 9.59618505848901
816.36 9.630045575062343
816.47 9.620532545792173
816.53 9.623681859104266
816.56 9.62878680590318
816.64 9.658324509107794
816.72 9.680846444334707
816.78 9.71261805565057
816.89 9.707744487279374
817.04 9.741009841247083
817.11 9.772043198984965
817.24 9.789831871937741
817.38 9.798763063558459
817.43 9.786875359016747
817.48 9.81184606648124
817.56 9.779715143235416
817.67 9.795953607010755
817.76 9.793958145796626
817.84 9.786323171248805
817.91 9.79599485256679
818.07 9.789971162037986
818.11 9.78959971736652
818.22 9.74169420894569
818.31 9.720014756608489
818.35 9.723838249530393
818.47 9.69479189559992
818.57 9.74550401389525
818.65 9.74977337213952
818.77 9.694166735045801
818.82 9.699921899092015
818.98 9.709913709319162
819.05 9.747701101679139
819.18 9.758063228930112
819.36 9.755102265072379
819.47 9.70312352083627
819.54 9.73945428127108
819.61 9.733722491182574
819.76 9.721495499534763
819.82 9.684289057305884
819.86 9.707874550220989
819.92 9.687730446916927
820.0 9.7130548409568
820.11 9.710865517084928
820.24 9.705897405415142
820.36 9.687563619862782
820.44 9.683183381721127
820.49 9.690665090642126
820.59 9.691290477078432
820.67 9.686035976047835
820.76 9.678801161259168
820.87 9.677272134211993
820.95 9.70304023999642
821.01 9.71252965623438
821.07 9.74343083541134
821.15 9.722799405666468
821.28 9.683976143062
821.3 9.68232796116072
821.42 9.64226805960783
821.53 9.685410250328674
821.62 9.677402606697793
821.67 9.699583454557171
821.72 9.692317065645868
821.8 9.666144186507024
821.88 9.68418475368135
821.96 9.666060587060638
822.06 9.652361410975077
822.13 9.658465695748967
822.26 9.666792057702944
822.38 9.694088587141833
822.41 9.705871387667333
822.53 9.680194296405503
822.57 9.676854610435928
822.69 9.63547213333748
822.75 9.657126954229245
822.85 9.647708682805611
822.92 9.673122191376113
823.0 9.661963328099281
823.1 9.657257698882553
823.21 9.646577872306043
823.29 9.636101101817294
823.37 9.601825373596968
823.48 9.547838086248229
823.56 9.552957128501612
823.62 9.507870211545589
823.69 9.47905186410667
823.83 9.491149518995005
823.89 9.493107547536313
823.95 9.499999999999996
824.07 9.535955350380185
824.22 9.514030043928159
824.3 9.501196096951544
824.37 9.500297709317147
824.45 9.513812393705601
824.48 9.480953794238477
824.56 9.455178688972719
824.63 9.442708693735472
824.73 9.439713015668529
824.87 9.41485501478886
824.94 9.405371343068282
825.04 9.390431407565991
825.15 9.332656901894806
825.33 9.339884064774806
825.42 9.418636157677344
825.51 9.39642635701618
825.6 9.400193421607684
825.7 9.387827924036161
825.81 9.379426227847652
825.89 9.399005965064239
825.96 9.41084695466036
826.02 9.41949407807387
826.1 9.417906863893364
826.16 9.424575654247056
826.3 9.382446537567002
826.36 9.379237762744959
826.46 9.378053038231265
826.58 9.410052651770389
826.67 9.430291832197137
826.79 9.467962992762656
826.87 9.453399794611864
826.92 9.460903068348543
827.03 9.457459244085344
827.16 9.449194289846771
827.24 9.393872922540968
827.32 9.363457878067457
827.41 9.37554846880486
827.5 9.39858145324779
827.57 9.416571466399976
827.66 9.388602589622089
827.71 9.354192059761717
827.81 9.369728821146225
827.89 9.364552764806684
827.98 9.35061171228596
828.09 9.333436146619862
828.17 9.352852965050749
828.26 9.376114075218753
828.32 9.364536585146405
828.41 9.385239862290538
828.51 9.356567401315166
828.58 9.361623790774761
828.69 9.358942139996264
828.78 9.351259840580871
828.88 9.39081864096388
828.95 9.395222297540487
829.06 9.386020122361431
829.14 9.374390215858945
829.17 9.37550537358392
829.27 9.366666666666669
829.36 9.36846203002824
829.46 9.36835421010865
829.59 9.413181173119945
829.69 9.364337033704413
829.77 9.37528989450782
829.84 9.33303029811082
829.94 9.316890277578908
829.99 9.314369261924007
830.05 9.297957851163885
830.08 9.293942852060892
830.14 9.33335497832988
830.25 9.294698173766276
830.39 9.307209109832083
830.49 9.288305887653912
830.56 9.292464634847894
830.63 9.272153378952934
830.67 9.312807516446577
830.77 9.29304616746882
830.88 9.282632855352661
830.95 9.295784859903765
831.05 9.281648016327155
831.11 9.285477963470758
831.19 9.26456810770056
831.27 9.245096980660518
831.36 9.238172892073326
831.45 9.231451509361733
831.62 9.24282959866182
831.77 9.187007734355674
831.85 9.177679335202225
831.95 9.185380347117482
832.04 9.179379614168374
832.1 9.185517806511365
832.17 9.149769550556055
832.26 9.133819938375549
832.37 9.137175701384967
832.49 9.120401151907586
832.6 9.06541880895848
832.67 9.059907239697282
832.71 9.03673200070276
832.75 9.035703591527302
832.81 9.041648861873272
832.9 9.017939472142867
833.04 9.037430581484506
833.06 9.085252785796232
833.14 9.073237369519017
833.23 9.107500516418625
833.3 9.101559417945026
833.4 9.110987927228365
833.48 9.081538605013117
833.54 9.092587723808405
833.61 9.047456252807448
833.65 9.059149067003029
833.74 9.040447830151834
833.8 9.053153923335007
833.9 9.026895838816825
834.04 9.050832876458141
834.12 9.060158091692692
834.19 9.094004018632782
834.25 9.104749565279906
834.32 9.08420763098402
834.38 9.046211328171559
834.55 9.037939114330403
834.63 9.037134389827232
834.71 8.996402198948898
834.78 9.032578521522785
834.89 9.037402639290033
835.01 9.039190765603395
835.07 9.009820680061768
835.16 9.003613191660918
835.25 8.976259372546691
835.34 8.968204216490994
835.4 8.967956424082493
835.47 8.99096628552653
835.52 9.022396375887977
835.61 9.0886709366078
835.68 9.071968147023343
835.81 9.048349366742332
835.9 9.058173383773635
835.96 9.083140114708907
836.04 9.069785559813965
836.15 9.046875681469244
836.21 9.03002287545902
836.3 9.01233722306385
836.38 8.978965317998405
836.47 9.00780245401202
836.52 8.97412667032005
836.59 8.962430000571917
836.72 8.955648293877802
836.85 8.87554237921562
836.95 8.836763199180105
837.04 8.84880862836427
837.14 8.816902958396321
837.25 8.826469603219945
837.33 8.847821166475926
837.39 8.832784431201791
837.45 8.87554237921562
837.51 8.859731851746334
837.57 8.875405809473065
837.65 8.857314502828734
837.7 8.839191882254461
837.77 8.80983724726128
837.82 8.798966881504791
837.86 8.790513711560394
837.92 8.813075685043394
837.96 8.85565504424298
837.99 8.847181826018177
838.06 8.863521884782607
838.13 8.862194132859244
838.22 8.88146407077144
838.3 8.877960453740592
838.4 8.872839045495683
838.5 8.864296789692771
838.57 8.821753416035456
838.63 8.805020376943137
838.73 8.832738687817772
838.75 8.82990213519786
838.84 8.842870780259297
838.9 8.864296789692775
838.96 8.920433925215816
839.03 8.877909254282377
839.22 8.77735838404814
839.32 8.781155212652086
839.39 8.750059162859145
839.45 8.774820496595627
839.51 8.785312582470658
839.62 8.783340520956177
839.71 8.770122604904138
839.77 8.79721604264724
839.88 8.779314531121639
839.93 8.755090871122707
839.98 8.760540548794385
840.06 8.740732465898041
840.15 8.734437820512778
840.18 8.722871364893834
840.26 8.73587749201851
840.41 8.715590350143538
840.53 8.719483582150604
840.58 8.730742155501934
840.66 8.707618862962839
840.76 8.697056276625318
840.82 8.710124145284187
840.93 8.665798324797354
841.07 8.715775781578335
841.15 8.678750317338725
841.18 8.67526380118795
841.26 8.65572736178862
841.34 8.682060919976417
841.41 8.657448477548924
841.49 8.68238085859734
841.53 8.682334322803358
841.57 8.672789212662364
841.65 8.657775159189036
841.71 8.663513412378647
841.84 8.621935848623428
841.94 8.658294324291628
842.04 8.615138191613987
842.1 8.633385983225445
842.18 8.650777976341757
842.24 8.65747764605368
842.3 8.633385983225445
842.4 8.621092292930886
842.43 8.647128325798583
842.49 8.65908176250213
842.55 8.67176423511934
842.66 8.65642751796244
842.72 8.643418702613387
842.84 8.62310731685393
842.87 8.62068805990929
842.96 8.592832343108268
843.05 8.622703178296819
843.12 8.662329917288972
843.2 8.644493780856854
843.28 8.643418702613387
843.3 8.654420252044034
843.35 8.663606685906327
843.39 8.660714739441527
843.5 8.66491823855298
843.58 8.629500728795543
843.65 8.623874542293164
843.72 8.617670359455763
843.81 8.604315337331755
843.89 8.585746939262215
843.95 8.593367186147674
844.05 8.618016130189245
844.1 8.612300341471913
844.18 8.599248264067661
844.27 8.624436740501327
844.36 8.56174248289648
844.46 8.588717052392662
844.59 8.554159009723653
844.66 8.560208625797136
844.7 8.613473120171632
844.79 8.614405365315696
844.87 8.600745798058924
844.94 8.622053002608949
845.05 8.595717749924297
845.1 8.57939745005794
845.22 8.514491508984294
845.32 8.5124745064066
845.39 8.482775179590385
845.51 8.465610766894834
845.6 8.447102186758212
845.68 8.446958690032238
845.77 8.414579699257201
845.85 8.466660701501118
845.89 8.48872692743057
845.98 8.463802903893706
846.02 8.45544472245815
846.1 8.459648725902076
846.16 8.456328692139099
846.26 8.440666353129265
846.32 8.466070129306955
846.43 8.512919474527992
846.5 8.5392735006669
846.59 8.58833481819933
846.69 8.5536866645649
846.78 8.55236986472348
846.84 8.527697002216728
846.9 8.522696969643103
846.94 8.537286016366826
847.04 8.550409051588984
847.14 8.549345772122747
847.22 8.493110695906964
847.3 8.50252487752487
847.41 8.486584779056955
847.46 8.490541380223807
847.54 8.483400309314696
847.64 8.442939791520036
847.68 8.44217407012572
847.76 8.547100636644528
847.82 8.586317515958076
847.93 8.594401513411935
847.96 8.617482816983738
848.02 8.623411872526573
848.11 8.543288463921712
848.17 8.562373644278926
848.21 8.549670677100302
848.26 8.512165981521372
848.34 8.519994309288183
848.39 8.512492305578032
848.5 8.516768961017643
848.58 8.532978212307656
848.64 8.507299302019499
848.71 8.52719357719938
848.72 8.537593633483915
848.79 8.580333397492272
848.88 8.609696201775568
848.99 8.638058844790343
849.05 8.670599340835262
849.13 8.665098925802255
849.19 8.641799990204998
849.26 8.624161502207714
849.33 8.628183792407043
849.41 8.641098648816934
849.5 8.62402095160589
849.65 8.64843653763237
849.72 8.63757354629625
849.81 8.697724072445853
849.94 8.658294324291628
850.04 8.606926973036996
850.12 8.609696201775566
850.21 8.607367058326705
850.26 8.612441083348056
850.35 8.575717421471472
850.4 8.556408195739682
850.49 8.565251622312996
850.63 8.539456846446576
850.74 8.53231528018064
850.8 8.53276513259804
850.88 8.489185038992998
850.98 8.456639254145076
851.01 8.438122966153031
851.08 8.452696658941505
851.17 8.45672883721966
851.21 8.44984609267524
851.24 8.446049820819052
851.29 8.421107439348495
851.39 8.415828041028497
851.47 8.384033647476624
851.53 8.396072915598122
851.62 8.409686574589347
851.69 8.423985716603228
851.74 8.421497263647135
851.81 8.42878066118365
851.92 8.468217467135991
851.99 8.47753418504378
852.04 8.478040558830301
852.05 8.460693430998033
852.17 8.467471925438003
852.23 8.444536815018449
852.28 8.465115582092299
852.33 8.475818246605751
852.37 8.465801673781286
852.39 8.462507926379766
852.48 8.456042009394617
852.54 8.433243501737385
852.67 8.42321827216926
852.72 8.406442935527656
852.82 8.439182305164286
852.88 8.465354228986651
852.98 8.429122196889836
853.07 8.435441106822253
853.14 8.44114502262159
853.18 8.458311315093
853.26 8.481256815573808
853.37 8.516952791256088
853.44 8.570939861007659
853.48 8.593490606737225
853.54 8.585188090278187
853.65 8.594542548394397
853.73 8.577460479817343
853.81 8.591392215585332
853.92 8.58549399107047
854.04 8.639725023682661
854.09 8.652780250336075
854.16 8.62896227242824
854.19 8.631273885637562
854.28 8.699332378888846
854.34 8.704138107935798
854.37 8.681403554539308
854.46 8.68229360377902
854.59 8.6993497957426
854.66 8.701816831077068
854.72 8.694686639412359
854.77 8.674652497915742
854.82 8.6472743413953
854.91 8.644604786755256
854.97 8.67767948314071
855.02 8.691084483247728
855.07 8.741235148375308
855.14 8.725927926691702
855.18 8.710124145284189
855.25 8.703157443994076
855.34 8.726159440776827
855.42 8.741148481045085
855.51 8.705617598871308
855.59 8.69470406557226
855.63 8.730134736947225
855.7 8.757680611724187
855.78 8.725418574081662
855.85 8.749458857725447
855.9 8.71026330650727
855.95 8.696190969254143
856.02 8.657314301161234
856.11 8.627996478460293
856.22 8.654513623572734
856.28 8.697009819356293
856.3 8.714900742377674
856.37 8.732448486287028
856.41 8.739894597519902
856.44 8.762085448918041
856.55 8.787473867369222
856.59 8.75490627239286
856.66 8.734258567690373
856.71 8.759750699833436
856.77 8.74770388343839
856.88 8.714645747536181
856.97 8.721800157066081
857.02 8.691084483247728
857.08 8.70118998015255
857.17 8.724810784900907
857.3 8.663752423783015
857.38 8.687364561839399
857.44 8.728589967931972
857.49 8.75421399248743
857.52 8.731089232845997
857.59 8.757213476830852
857.65 8.757536436946436
857.73 8.731523060125022
857.81 8.717444486994939
857.94 8.746508682978263
857.98 8.743228259861475
858.14 8.703906008108072
858.21 8.735501697040071
858.29 8.767818797434543
858.36 8.740385771483055
858.46 8.706690797683382
858.55 8.698513747424983
858.6 8.721273190343604
858.66 8.730788433278327
858.75 8.72170750588334
858.8 8.705043238133733
858.86 8.729399993265533
858.94 8.73957676436348
859.0 8.757103898371236
859.08 8.792420978699024
859.14 8.777864722750579
859.22 8.74969552139797
859.25 8.739062428041816
859.31 8.734807879219128
859.35 8.76330157791312
859.42 8.745769540096793
859.51 8.766897104933134
859.57 8.774682359211097
859.63 8.767081451185291
859.75 8.798961141618776
859.78 8.779659688303656
859.89 8.7754190668013
859.97 8.784116749605904
860.05 8.774820496595627
860.13 8.775142808702961
860.21 8.764361950766322
860.31 8.744054256949958
860.37 8.732448486287028
860.43 8.725042328628762
860.47 8.703250292653061
860.55 8.755229317615868
860.58 8.742303974804287
860.65 8.722865574934874
860.75 8.717073691174908
860.8 8.734004138013008
860.89 8.748904693350665
860.94 8.732639343233517
860.98 8.716615968332771
861.09 8.680751957374113
861.2 8.633970960424561
861.27 8.652500076611249
861.33 8.650398484427985
861.41 8.69702724086126
861.47 8.704410817325183
861.57 8.670459543003972
861.64 8.661443647603216
861.66 8.663425967534407
861.72 8.673750019105888
861.79 8.667010482690715
861.88 8.673982925852444
861.93 8.691404089702944
861.98 8.666643356612004
862.04 8.668904140080155
862.11 8.678191637720966
862.2 8.696916904073746
862.26 8.735877492018508
862.32 8.699100150839941
862.37 8.706963427120396
862.46 8.689271220501418
862.51 8.670739136412609
862.58 8.724955500450902
862.64 8.747317048990258
862.71 8.711185193459471
862.75 8.70663859107265
862.81 8.750982628807865
862.9 8.723010322756082
862.98 8.698055047892117
863.01 8.670739136412605
863.07 8.65530140574217
863.12 8.648325580916534
863.19 8.635953738279115
863.27 8.67232332879673
863.34 8.656427517962438
863.4 8.652669349321448
863.45 8.63908782128289
863.5 8.615818198657818
863.57 8.613185804159205
863.64 8.64276424168644
863.71 8.663513412378647
863.79 8.633146131116522
863.85 8.636749061043414
863.91 8.638760432966162
863.96 8.644400301099923
864.05 8.6402569640052
864.09 8.655114678674687
864.13 8.662767188002649
864.2 8.658504314816561
864.27 8.613889418206561
864.37 8.611309218965868
864.41 8.617687941353262
864.48 8.639210588703095
864.58 8.668041848938516
864.63 8.646427416610116
864.71 8.63080576080867
864.75 8.646100306210338
864.87 8.683730288140675
864.91 8.699349795742599
865.01 8.705617598871306
865.1 8.700981019808673
865.16 8.671001247045389
865.22 8.689457213581678
865.27 8.68396292721314
865.32 8.71997590581418
865.39 8.69447171390179
865.45 8.683404582968315
865.53 8.706731402608655
865.59 8.662114188939222
865.62 8.664078867730986
865.72 8.642249987618088
865.78 8.652179033064563
865.83 8.648062783016197
865.89 8.6700401359853
865.92 8.672119496735306
866.01 8.678889981623879
866.09 8.683078865578645
866.17 8.665565198071052
866.23 8.692101372086395
866.29 8.68331152210371
866.36 8.678919078067063
866.43 8.654134295470596
866.48 8.65439690900446
866.53 8.6718574199021
866.58 8.625988451631315
866.66 8.63773726449844
866.73 8.624436740501327
866.83 8.580050858081945
866.9 8.58528221475979
866.96 8.590480989814454
