498.13 14.16044783290002
498.81 14.758455888134778
499.53 14.668357340571815
501.55 14.16096141802626
503.6 13.723091208734
505.24 13.839717402381368
507.0 14.136420474730647
508.74 14.292485840998815
510.93 14.400655849262174
512.39 14.048900888027362
514.19 14.301723425143308
516.18 14.190891943123734
517.89 14.028754741457263
519.8 13.747359709773331
521.49 13.793202102573003
523.44 13.699753002270967
524.75 13.911244634206074
526.21 13.82304838545631
527.72 13.59521603321915
529.0 13.346962730951718
530.43 13.583453243568146
531.45 13.366908484172487
532.67 13.184820626367845
534.12 13.295613311665367
535.31 13.527148161151244
536.93 13.250694664466055
538.16 13.140053656702097
539.29 12.779635789375648
540.25 12.670952225583928
541.23 12.580933947442018
542.31 12.741957257324119
543.15 12.913367125000761
544.17 12.761253698582907
545.38 12.750741709462009
546.4 12.805459694200671
547.46 12.895398913229213
548.29 12.583695559707172
549.31 12.319562336447516
550.55 11.90821378526417
551.44 11.827309606383542
552.04 11.616706882239843
552.9 11.557934875480939
553.94 12.028434325515198
554.91 11.98491897462318
556.04 12.108866440119249
556.69 12.102837967546572
557.67 11.896060802898692
558.65 11.817958428347149
559.67 11.384070919801525
560.41 11.376117993676955
561.58 11.253892704753365
562.78 11.338305504667428
563.83 11.35208342022723
564.81 11.278561947161508
565.51 11.273903897537409
566.62 10.970833692987602
567.35 10.88542255690721
568.01 10.832512789437795
568.78 10.760552725092467
569.37 11.037726855716906
570.1 11.0914472464238
570.87 11.210254144300114
571.58 11.107536798830502
572.36 11.09601803178132
573.1 11.064092435177024
573.69 11.216595749246746
574.28 10.98031296126266
575.16 11.066119007989654
575.7 11.16225602626815
576.27 11.156241175759742
576.86 11.154579618463728
577.48 11.229902362474354
578.5 11.330213474323305
579.26 11.427081071655254
579.95 11.167571198100612
580.54 11.251415174738844
581.16 11.289326325733036
581.73 11.43259119421933
582.47 11.573615937060715
583.0 11.519855498532554
583.54 11.618011095630006
584.25 11.68991190745424
584.99 11.701243135201102
585.79 11.656094777177527
586.28 11.338750933293877
586.66 11.322829356943636
587.18 11.134059130760562
587.66 11.380667641206115
588.39 11.378603880205434
589.2 11.658438657006865
589.59 11.763747599118132
590.09 11.83736167028495
590.68 12.003265548940584
591.21 11.757048176229508
591.69 11.793419668389125
592.09 11.685348678467994
592.49 11.67704732984475
592.94 11.611401571931202
593.3 11.553564319501085
593.88 11.354952641686772
594.29 11.145769682627659
594.6 11.1000955496843
595.29 11.21623552685746
595.84 11.383773672658075
596.14 11.27974854652032
596.53 11.231678683999377
597.05 11.356816135135439
597.44 11.278226094487724
597.86 11.197961574962804
598.5 11.322187032191227
598.82 11.24778766125709
599.31 11.234592142399322
599.65 11.18022695420244
600.12 10.97129404078174
600.45 10.957562768160711
601.17 10.939738515516662
601.72 10.982152647258042
602.35 10.9667771938798
602.66 10.902895547198979
603.09 10.979406802617966
603.42 10.898225228509139
603.7 10.837178804672574
604.19 10.983637968829045
604.68 10.924793412742922
605.14 10.880452307888786
605.49 10.782041747388309
605.82 10.851969983613689
606.3 10.864175211690165
606.54 10.927141631846098
606.92 10.883849586344985
607.07 10.804278052809648
607.59 10.666756628408514
608.0 10.777829844714388
608.45 10.832400892272641
608.83 10.890691976048707
609.43 10.89829474196896
609.75 10.960327909272964
610.05 10.978744385530991
610.5 10.9188929027728
610.83 11.037177761062512
611.27 11.089949039421674
611.56 11.185596799347618
611.81 11.242681120972826
612.12 11.24051114981391
612.41 11.404495835087372
612.7 11.510645051210183
613.13 11.665069154695926
613.57 11.603948300540473
613.8 11.569727129824019
613.99 11.547438388375726
614.44 11.595296852211632
614.65 11.533328954281883
614.99 11.574523573763026
615.37 11.815633369362471
615.72 11.8612176798373
616.14 11.82449093443713
616.53 11.856426463519622
616.79 11.76048425444249
617.1 11.744330246092918
617.39 11.861060132835826
618.03 11.904039718354502
618.33 11.907942345724173
618.67 11.808279067902085
618.94 11.860144615603565
619.45 11.790575760652098
619.8 11.840693400389195
620.2 11.616776443983717
620.62 11.656515063874942
620.93 11.78190274629834
621.14 11.680960940130245
621.49 11.744325945714891
621.75 11.899728373098915
622.07 11.989267085711507
622.46 12.11845574720516
622.75 12.13923848975343
623.17 12.109813200771335
623.56 12.084149397730343
623.9 12.228051869584645
624.28 12.375505295264972
624.54 12.420592220627455
624.95 12.113416053485839
625.26 12.13694584916051
625.83 12.03031104495573
626.17 11.914726479055528
626.29 11.927639576151934
626.57 11.995163166624259
627.06 11.834566730428689
627.51 11.746045971287359
627.91 11.674971070411672
628.22 11.69440857500677
628.4 11.607207792026154
628.69 11.649506860850812
629.0 11.733574377689335
629.28 11.786038650484185
629.7 11.823192411014835
629.98 11.821039281593213
630.56 11.907318859602375
630.82 11.984316350290424
631.19 12.00226830413503
631.83 12.010984030200744
632.06 12.162884426638177
632.32 12.118005636492361
632.73 12.19857169979959
633.14 12.151418423252887
633.34 12.250104101804622
633.64 12.486372369487267
634.07 12.250957497108525
634.25 12.214724513860103
634.71 11.98761566338066
634.94 11.977099360484116
635.18 11.914154217025676
635.54 11.848726650249104
635.89 12.062040800910447
636.18 12.117588852406225
636.43 12.048098051836506
636.74 11.955827791575878
637.15 11.797427386057217
637.32 11.709341863174334
637.68 11.745517090242204
638.06 11.747185349536437
638.55 11.812829013108132
638.83 11.758560174346911
639.14 11.720671542797428
639.6 11.841546445554407
639.79 11.834972144308805
640.01 11.839409451556957
640.37 11.780530934168848
640.83 11.64895191886724
641.18 11.514049389043512
641.4 11.50230543426101
641.5 11.486047750609995
641.73 11.488118587778795
642.0 11.474169497465411
642.29 11.548138159439166
642.88 11.674265923324032
643.13 11.699654661224798
643.41 11.65938733944941
643.74 11.752171516512822
644.09 11.786908505677477
644.37 11.817343016075824
644.45 11.780290850622174
644.78 11.911780095791938
645.07 11.926758811914315
645.2 11.984838907401455
645.34 11.887706917550403
645.65 11.846130510880258
645.92 11.688447201394975
646.21 11.597017206196073
646.5 11.485168301295847
646.78 11.619888905743382
647.1 11.701247451412689
647.35 11.81624887067539
647.64 11.777842576532247
647.94 11.802944333914942
648.12 11.611801729014294
648.38 11.640038876674986
648.71 11.651761040869978
649.02 11.745603088781438
649.18 11.783724437382332
649.36 11.794982668983293
649.95 11.831625997189636
650.12 11.834959341977587
650.25 11.871683481582075
650.43 11.861366708858645
650.84 11.760849278754312
651.05 11.89718156930158
651.17 11.90285170822012
651.46 11.77175184134212
651.63 11.783960165059844
651.74 11.737550894888638
652.0 11.749919406557904
652.19 11.77456169164283
652.41 11.765464785386154
652.78 11.745259090846442
652.94 11.68338196505678
653.2 11.637626194131842
653.38 11.606146055544286
653.48 11.536923596028798
653.62 11.457237137647232
654.01 11.782965790847516
654.3 11.760660326407328
654.42 11.810951945486272
654.62 11.770344519214815
654.92 11.577302768518214
655.07 11.646523736785804
655.49 11.645864571433142
655.59 11.640312224629916
655.88 11.571717524406067
655.99 11.518535786577507
656.36 11.555330223133247
656.49 11.447283652915354
656.72 11.295015437677533
656.88 11.28266749747531
657.01 11.347135089857472
657.32 11.33679091642906
657.68 11.207753449007404
658.01 11.005503673667604
658.37 11.120692333654326
658.59 11.09654145773503
658.84 11.016718241294946
659.05 11.080399474985207
659.3 11.100550536897808
659.47 11.061312140186
659.7 10.986217260593826
659.94 10.928435710142004
660.26 10.940260185630548
660.52 11.180321818248165
660.61 11.17798612172039
660.83 11.160948332322286
661.06 11.085362083633195
661.23 11.029670727797651
661.44 11.001671131094929
661.67 10.948045349271124
661.92 10.810283170306977
662.17 10.875842008503955
662.43 10.727341636484715
662.7 10.649133317037606
662.86 10.515039733926855
663.01 10.49434190986801
663.12 10.515289493462033
663.44 10.673596233962408
663.63 10.713585258488827
663.78 10.739881307772933
664.0 10.799363991747969
664.29 10.98970592707723
664.5 11.034839227087849
664.64 11.01103211705553
664.86 11.032568864846288
665.0 10.98483803552272
665.22 10.994562476078984
665.34 11.001579317295649
665.51 10.942914316459477
665.76 11.093833030703646
665.93 11.154792420273626
666.06 11.15530403354422
666.23 11.055283484800057
666.46 11.06493232119959
666.71 10.899258616247183
667.1 10.799831648519513
667.4 10.798428617445252
667.68 10.753322249144189
668.09 10.681897270285331
668.42 10.647881185352027
668.54 10.696379072028313
668.78 10.666268931978648
669.05 10.679324875570538
669.2 10.698815189760339
669.46 10.761341210391235
669.69 10.793465101110431
669.98 10.839490091999046
670.16 10.937582322922516
670.48 10.825036449888481
670.68 10.74768474010693
670.91 10.787286755971376
671.14 10.798447325725332
671.39 10.693049758198688
671.62 10.730660310860218
671.93 10.663119675410249
671.98 10.620144761135546
672.09 10.600262051268146
672.29 10.52778430745247
672.48 10.611105293773859
672.65 10.53361622174791
672.8 10.481344658896871
672.99 10.665241382049153
673.15 10.68594375520449
673.23 10.719429164659916
673.47 10.849247052960015
673.72 10.740351554541945
673.84 10.755050493192078
674.14 10.698834072227239
674.31 10.616068438499678
674.64 10.81013366702697
674.97 10.826879196301817
675.14 10.97289590055626
675.25 11.01365085021788
675.42 10.94631527875103
675.61 11.008623800448353
676.02 11.032532242271838
676.22 10.931910476520864
676.32 11.022364775878419
676.52 10.95304948082008
676.84 10.94219891848605
676.99 11.017428800484142
677.06 11.07351011480218
677.19 11.106186282310128
677.37 11.106149902489419
677.62 11.088969858614124
677.82 11.026487851688511
677.96 11.024234094654247
678.16 11.075243117015996
678.44 11.04839674826491
678.61 11.133619121717551
678.77 11.187885764468094
678.92 11.190436031980997
679.08 11.225584054905003
679.21 11.22793683882152
679.4 11.213267754645555
679.52 11.219103477028941
679.68 11.160789950681464
679.87 11.09432014113255
680.09 11.138335838558879
680.3 11.171301616104538
680.47 11.215479022180448
680.66 11.235064159437036
680.89 11.119093597242648
681.07 11.05107974979656
681.26 11.02212650658995
681.39 11.061713933722706
681.58 11.0345463033698
681.66 11.02634127987167
681.81 11.07704423981908
682.0 11.04078755791406
682.22 11.125164849533373
682.49 11.173105335057166
682.74 10.999191889508165
682.9 11.040330107786133
683.11 11.138154463306964
683.23 11.169814119972967
683.4 11.10464458292706
683.62 11.156173269549107
683.78 11.13061117147235
683.83 11.121055650785978
683.98 11.19792549330167
684.22 11.15508671395967
684.41 11.05276143565649
684.56 11.076702277001637
684.72 11.141042513285205
684.87 11.08885599476913
685.01 11.084154674511037
685.23 11.224841678485747
685.35 11.168475656276847
685.57 11.153886852536738
685.67 11.149176714634198
685.86 11.127380008725588
686.08 11.246260882550425
686.21 11.238727236613125
686.3 11.165875141553737
686.5 11.192981206221525
686.68 11.169836727779531
686.78 11.165042848918304
686.92 11.21568166236521
687.23 11.205928265111652
687.48 11.162237927743506
687.66 11.190020806797706
687.93 11.117603658662738
688.13 11.099781597632967
688.42 11.051011197390421
688.56 10.930746183184935
688.78 11.024838806398517
688.93 11.032784020016129
689.01 10.990808832287042
689.15 10.975063562550337
689.34 11.173760749762332
689.61 11.07175403329289
689.76 11.10748223568967
689.94 11.065297469151387
690.21 11.124906082908534
690.45 11.24868117971295
690.66 11.286194301808816
690.82 11.353262335406752
691.08 11.186824862535863
691.15 11.167571198100616
691.31 11.139786734262392
691.53 10.994447634505281
691.68 11.089060948848317
691.91 11.171839597846002
692.01 11.110550995983209
692.23 10.906262680522854
692.4 10.869287655656837
692.6 10.809647767086812
692.7 10.867893591267405
692.91 10.90463250646302
693.15 11.015484968484548
693.32 11.059873782318137
693.45 11.033809382753965
693.67 10.98580810855441
693.87 11.057841497591589
693.99 10.968729657669131
694.12 11.002552504585541
694.36 11.06593644907423
694.49 11.12327162831025
694.71 11.175636379412518
694.98 11.186192788027084
695.22 11.214690942210263
695.44 11.15304008018903
695.56 11.309529368875364
695.72 11.349435975840255
695.86 11.348492535499277
696.11 11.387477616427901
696.21 11.434746798396283
696.52 11.3782354705922
696.68 11.368821443320371
696.87 11.19312108377103
697.02 11.209645918411592
697.16 11.182345392843514
697.31 11.212993004600158
697.37 11.179576436204075
697.47 11.212776803110085
697.6 11.078234188139943
697.74 11.184061530733473
697.88 11.139410426340552
698.0 11.154561507483942
698.09 11.123816473193582
698.22 11.116990363739399
698.3 11.129631030213305
698.71 11.239625968829744
698.8 11.24924239873311
699.02 11.258200153979798
699.12 11.245003379728299
699.22 11.189443076562672
699.42 11.178243659588532
699.56 11.262990255476094
699.89 11.12998951781477
700.11 11.114550477785073
700.23 11.093591743785137
700.35 11.175708686542642
700.53 11.121418956048707
700.77 11.112696351562034
700.9 11.043074524311377
700.97 10.99720350127635
701.21 10.987867505718851
701.34 10.950965088230182
701.4 10.924904363587599
701.56 10.9768535168924
701.72 11.031708202204493
701.8 11.012389716711235
702.0 10.953529019443824
702.16 11.009380756721276
702.37 11.034981109218453
702.59 11.01247685421615
702.75 11.071279615438874
702.85 11.05941255495092
702.98 11.00961930185223
703.08 10.98362417419679
703.25 10.982423974862579
703.39 11.004035072589867
703.47 11.040288936344906
703.66 11.043733082795887
703.76 11.184513102202228
703.86 11.198863578709469
704.04 11.271596554565315
704.1 11.237113831973375
704.29 11.190088507607117
704.54 11.232546506028855
704.64 11.213736165430273
704.73 11.178853594030459
704.83 11.140113159753861
705.02 11.11735380185211
705.07 11.142107774409904
705.22 11.072378956555621
705.35 11.137682873828824
705.48 11.134149852112332
705.61 11.169850292441499
705.95 11.214506298324123
706.26 11.165079036844743
706.36 11.251504949843987
706.41 11.243938883512378
706.54 11.224450223876572
706.75 11.17390086791809
706.91 11.1591743295448
707.16 11.173308743735149
707.22 11.173182178770736
707.41 11.153741954875933
707.66 11.135728285318587
707.88 11.191880173508904
708.04 11.195164901497295
708.17 11.196188925908958
708.29 11.113096287304863
708.46 11.037511796898185
708.54 11.046659534388068
708.66 11.045562205901717
708.76 11.046385212485855
708.85 11.053017321943898
708.99 10.912410690159488
709.22 10.923591373026019
709.28 10.947145746723209
709.47 10.936414015350344
709.64 11.001854756394856
709.8 11.079145939442935
709.96 11.032477308182209
710.13 11.052359316663859
710.33 10.990404446561095
710.45 11.094065207500938
710.64 11.006444393255174
710.81 11.032271302909937
711.02 10.987577926316092
711.11 10.966335078343405
711.33 11.01977561230058
711.42 11.074750607128854
711.62 11.170650578342979
711.81 11.15609630867737
711.82 11.158527110363949
711.94 11.162545598671667
712.05 11.210001847196162
712.13 11.248932609296086
712.24 11.268190680500625
712.39 11.206865680636952
712.51 11.169488562484622
712.71 11.101273928170714
712.9 11.131446038547324
713.1 11.188468089145102
713.2 11.108282468227909
713.45 11.06123908524764
713.5 11.065918193017037
713.6 11.066374585411722
713.81 11.147038380057039
713.9 11.171301616104538
714.02 11.188901427375038
714.16 11.16607415886229
714.35 11.12951758236455
714.45 11.134054594673573
714.6 11.174465842656055
714.71 11.210830802073827
714.91 11.144682112736072
715.04 11.15992107426563
715.35 11.110441899038907
715.5 11.07413037833507
715.62 11.071649115710548
715.72 10.959134375607695
715.83 10.967403493714425
715.87 10.973480429074117
716.03 10.996284955760412
716.23 10.973664526096698
716.33 10.965561333262217
716.46 11.025608391560095
716.54 11.069495804856576
716.73 11.061677407640628
716.91 10.975726201785719
717.0 10.985757538143133
717.09 10.97572620178572
717.2 10.956295178590441
717.41 10.982166443738677
717.56 10.932594210049874
717.68 10.936806543673406
717.76 10.977589660188373
717.89 10.99577053675502
718.17 11.02069219993266
718.46 11.09592699866018
718.56 11.041080316049442
718.73 10.981945697968612
718.96 10.997630598809844
719.07 11.056562565172587
719.21 11.086706025914566
719.28 11.118353195405236
719.39 11.026043549870293
719.47 11.129590189120968
719.63 11.15877604526065
719.93 11.09850749816698
720.09 11.110187335336096
720.22 11.15689758115416
720.33 11.108332480847452
720.38 11.106263589033485
720.58 11.236826181189357
720.76 11.19444306589459
720.84 11.196788861458488
720.96 11.140897448571895
721.22 11.037658220378944
721.41 11.19802922776408
721.47 11.219981274404152
721.77 11.256293413648267
721.9 11.264945179582096
722.01 11.30164464656236
722.23 11.407825596864848
722.38 11.464287984427948
722.42 11.454944677987648
722.46 11.451628616917246
722.67 11.461005473545788
722.74 11.487911960496618
722.84 11.49415310301527
722.93 11.498137749965066
723.02 11.479432640046884
723.09 11.494482646606208
723.25 11.59882874616348
723.4 11.686995276197326
723.56 11.724376746804499
723.66 11.77586986643072
723.81 11.822504648407465
723.92 11.78740982162877
724.01 11.80437771902159
724.17 11.834767305347286
724.37 11.896570255261969
724.56 11.897983871312826
724.71 11.846062295935809
724.82 11.805990603986356
724.95 11.845277795839403
725.12 11.857129296398648
725.2 11.867109286944437
725.31 11.976150542565078
725.47 11.962445444393925
725.6 11.972189997378646
725.63 11.987076374162303
725.74 12.02826637214158
725.91 12.15646728987073
726.02 12.120589377942268
726.19 12.021609331079215
726.3 12.04578806475567
726.39 12.052825646320702
726.58 11.97993271595412
726.72 11.865474914620778
726.94 11.843951701995069
727.11 11.891678611618302
727.26 11.795068306866069
727.42 11.753512262513299
727.48 11.77266136247686
727.69 11.70831958372966
727.81 11.767696752920124
727.87 11.70569661888319
728.11 11.525899688803634
728.29 11.540263288490294
728.32 11.55564491029944
728.47 11.547403398709388
728.57 11.564710340191196
728.72 11.695704123715469
728.75 11.678673475245986
728.94 11.67300260854035
729.1 11.71591337722443
729.23 11.6617781966161
729.35 11.611014450325026
729.39 11.602764386737384
729.48 11.595436232162266
729.64 11.529952210646758
729.8 11.466243825889434
730.04 11.519785351535607
730.16 11.48799988745393
730.25 11.521061083287794
730.35 11.521937792969137
730.43 11.521832591329655
730.52 11.494820968197336
730.68 11.500443557541685
730.79 11.56911160955513
730.87 11.516922112678149
731.03 11.64843163674662
731.2 11.726685444538523
731.31 11.72814537509635
731.37 11.71087295868867
731.5 11.789826122551595
731.67 11.790301612817723
731.92 11.75566057504025
731.99 11.77867873436035
732.21 11.761343117144051
732.29 11.76563649022874
732.4 11.848368595880126
732.53 11.755467242989965
732.63 11.736720413326974
732.78 11.721154147329285
732.87 11.75563909385834
733.07 11.699309312255934
733.14 11.685283847038487
733.23 11.733449551766027
733.48 11.794091998140685
733.62 11.773776717001992
733.72 11.83478864290454
733.78 11.828385649390494
733.89 11.852540962710371
734.12 11.886908170697113
734.26 11.795924651498856
734.38 11.827702458827135
734.49 11.875188462087715
734.55 11.93701906852897
734.66 11.90977868320097
734.76 11.970603724764825
734.91 11.956229093715713
735.03 11.94554563869146
735.11 11.911199211946153
735.2 11.895164962914537
735.27 11.9213372919435
735.4 11.921460150552535
735.54 11.870870892970567
735.6 11.928236595692937
735.72 11.96128434710601
735.9 12.034881961963064
736.09 12.063882987134477
736.2 12.022705791353903
736.39 11.972945090553702
736.51 11.989469285059027
736.61 11.974632277519763
736.68 11.972932435753206
736.79 11.953018299352102
736.94 12.074532845387575
737.07 12.053127344713436
737.19 12.060198333293851
737.29 12.094155028714734
737.33 12.107310588936329
737.48 12.113503609483498
737.62 12.122089362195382
737.69 12.169422684944774
737.79 12.165769996015841
738.02 12.143069686621317
738.17 12.15227874877295
738.3 12.199105779448828
738.51 12.147656381193686
738.57 12.149119766925958
738.7 12.117688881894264
738.84 12.129536535484634
738.93 12.13913863783946
739.06 12.149589509630568
739.17 12.164740403761563
739.22 12.1585319422165
739.32 12.17621460143513
739.43 12.146625253563437
739.59 12.117351279062683
739.69 12.171912526199593
739.83 12.187139272050826
739.86 12.209468092882306
739.95 12.212243401148244
740.06 12.23409707796743
740.17 12.197909242939538
740.27 12.178682319130544
740.32 12.227539706446562
740.45 12.201486082697574
740.58 12.176463469590118
740.68 12.180361740162407
740.75 12.195689750270319
740.86 12.164711341425328
740.99 12.117684714015416
741.16 12.18686161239209
741.2 12.165525060596442
741.28 12.009322977746848
741.37 12.026616105517585
741.41 12.042093680171241
741.5 11.990315957791802
741.62 12.000656547695945
741.76 11.984940044855787
741.82 12.024705208591824
741.99 12.040751511832514
742.08 11.985412008358376
742.26 11.989574595868655
742.41 12.002604936118043
742.54 12.020537980195956
742.71 12.109179254690314
742.87 12.033333333333331
743.03 12.059159727498981
743.17 12.11898502267405
743.28 12.04124225948117
743.4 12.035301610200086
743.52 12.049125036342437
743.66 12.095762677378994
743.78 12.125255386251384
743.87 12.120318527667546
743.92 12.141988255136752
744.05 12.149219536807099
744.12 12.063200573678946
744.26 12.12362248761575
744.46 12.149256950301305
744.68 12.152133287383887
744.87 12.176857500433295
745.01 12.127683499774681
745.08 12.120339362518955
745.23 12.12215185751134
745.27 12.126317485435374
745.39 12.070412109155528
745.54 12.219722425718855
745.67 12.263977801478259
745.83 12.210324328289568
746.01 12.175065594165078
746.1 12.165940202471038
746.2 12.154726395002637
746.26 12.156072598092738
746.34 12.181472933446216
746.42 12.159861110317923
746.55 12.18989066166856
746.67 12.231813958987143
746.77 12.160421809536814
746.86 12.131451735555855
746.94 12.174505569368549
747.01 12.154306714789278
747.11 12.230030104772283
747.25 12.232078211560674
747.33 12.219420707392086
747.49 12.276688100097306
747.56 12.302845199383755
747.71 12.282281727938198
747.82 12.247762112634161
747.92 12.307245135621656
748.04 12.345955866704937
748.17 12.287839928197716
748.27 12.285209140928922
748.34 12.274816133495078
748.37 12.265295542606172
748.41 12.28622863784547
748.57 12.329856184698729
748.72 12.323976794866342
748.89 12.267963534871193
748.97 12.248648657684402
749.07 12.253430770872525
749.16 12.217490360424712
749.26 12.174339631148191
749.39 12.17290832010563
749.53 12.07339089389421
749.63 12.075231348558592
749.77 12.069541763622942
749.83 12.072219549382158
749.89 12.008326235987223
750.04 12.050332155194097
750.14 12.066331821906921
750.2 12.06715217506441
750.28 12.055494576953263
750.35 12.062442756445531
750.55 12.051551725396154
750.65 12.031419305512154
750.8 12.089731848209711
750.95 12.090880610583906
751.17 12.037865343166203
751.28 12.037047189842909
751.48 11.96415521886147
751.6 12.02186560086464
751.65 12.004523558166973
751.79 11.997722847913819
751.89 11.934920327858215
752.04 12.010870497220836
752.16 12.050164507029134
752.3 11.98610306424347
752.45 11.957310430329754
752.61 11.972101407907136
752.76 11.964695541213716
752.85 11.959844429919599
752.97 11.893852923831592
753.07 11.922523460097098
753.23 11.900135811125532
753.37 11.770237246907342
753.47 11.74601157324425
753.57 11.698445895230543
753.66 11.689777974406061
753.77 11.679953472994361
753.98 11.586285867439152
754.05 11.621449169878977
754.09 11.594229668941423
754.2 11.5749642755301
754.28 11.55057390677007
754.4 11.531248716843159
754.56 11.49380157943727
754.63 11.431530911907602
754.68 11.403419653681954
754.8 11.460956999899066
754.9 11.48868569462578
754.94 11.481931347763208
755.04 11.46441133563896
755.11 11.427324156325371
755.26 11.304437315952663
755.34 11.362013621508886
755.44 11.359435182999533
755.49 11.3782487868101
755.61 11.317185465860621
755.76 11.229578547008536
755.85 11.231606737194365
755.99 11.310578761460086
756.08 11.277652882823386
756.18 11.233409765048853
756.29 11.207226204191617
756.33 11.220521423271782
756.4 11.202452833864086
756.49 11.227217110237254
756.59 11.277128906048578
756.72 11.320920118225034
756.87 11.30357501327824
756.99 11.325750582748427
757.13 11.386377648734294
757.16 11.362458120734903
757.26 11.36947890208916
757.31 11.336626081382894
757.4 11.360039834899572
757.46 11.335489990879681
757.58 11.309404328373192
757.74 11.327645631619818
757.87 11.322325313514467
757.97 11.299821219645892
758.07 11.314828922054168
758.16 11.331301065561
758.26 11.321401919115027
758.37 11.349947714915393
758.49 11.278382826980085
758.62 11.327788304818723
758.81 11.331278779902943
758.87 11.340153919109339
759.01 11.32664240994781
759.1 11.315940307835895
759.26 11.29102620346232
759.34 11.237761019316645
759.43 11.247675405176041
759.52 11.226303888185951
759.63 11.23905078849022
759.67 11.260061718258472
759.78 11.247069202977531
759.84 11.28037537881026
759.91 11.220557432271761
760.02 11.251917906101902
760.08 11.265106580171638
760.2 11.326200964261067
760.3 11.278387305019285
760.43 11.307684881253866
760.48 11.317707588133963
760.55 11.310471593915421
760.7 11.270323953649337
760.87 11.274047250838601
761.03 11.339084993280917
761.15 11.278275353505734
761.24 11.333440284700345
761.37 11.298212069154836
761.5 11.346249324661155
761.57 11.393117716987362
761.74 11.396100697655804
761.85 11.406515061954103
761.93 11.396663520256242
762.04 11.414079556460605
762.16 11.465116174243022
762.31 11.468617698711205
762.37 11.481786191242819
762.5 11.380916154917077
762.6 11.43360278859086
762.69 11.381976714938135
762.71 11.365635783698016
762.86 11.373387331570985
762.91 11.382331692033697
763.0 11.345804190416505
763.03 11.387974341205705
763.18 11.3701540904424
763.28 11.412451112887206
763.38 11.454591951164248
763.49 11.460511914104595
763.59 11.477773866446965
763.67 11.524287046025535
763.8 11.50932867132773
763.91 11.515553820723506
764.01 11.550062311257868
764.14 11.546148074294532
764.31 11.551111713518392
764.4 11.572345998940401
764.5 11.54569314952681
764.65 11.49912161774968
764.74 11.525658683164623
764.85 11.475379881918654
764.98 11.302971809093917
765.14 11.268997427912698
765.27 11.152618934174566
765.37 11.16511070118416
765.45 11.193770814631906
765.57 11.175600225672014
765.64 11.153221213368965
765.72 11.176345872900816
765.85 11.165762061957187
765.92 11.113446219273612
765.94 11.137179520721014
766.04 11.152677805003695
766.09 11.199833151715366
766.15 11.140403307716728
766.36 11.13509331035457
766.43 11.043765095054649
766.59 11.078320807739408
766.63 11.05144535544761
766.73 11.044313862203873
766.84 10.999283723235912
766.88 10.991530256235357
767.03 10.965008624776093
767.1 10.91241531837971
767.21 10.915002186315519
767.24 10.934257167177831
767.32 10.966321261945687
767.38 10.94502331443544
767.47 10.976057506401755
767.57 10.976793703081055
767.68 10.943269690323437
767.78 10.903229064841478
767.91 10.874950365612957
768.01 10.804502428491222
768.09 10.753524205035426
768.21 10.740553754322669
768.25 10.76505288590649
768.3 10.758600036597455
768.43 10.7958605984241
768.61 10.803941480550117
768.67 10.843286802758135
768.85 10.804390241232888
768.89 10.78897211007236
768.98 10.775936529174999
769.16 10.667348463058817
769.29 10.719843772418074
769.39 10.664673109160562
769.48 10.672801266241535
769.54 10.724671829878334
769.59 10.713057264833225
769.72 10.706440995395191
769.74 10.687120540844733
769.85 10.662286032288922
769.97 10.674670292734374
770.06 10.623796426186379
770.09 10.605025490613665
770.18 10.658500662083593
770.2 10.645812948447546
770.32 10.616244461420738
770.4 10.599218572302124
770.5 10.629195547161506
770.56 10.626173137849554
770.75 10.613860768073058
770.83 10.61070071658652
770.91 10.62120520468369
771.03 10.714339490004537
771.13 10.695656628139792
771.2 10.639169102515444
771.23 10.637132407683275
771.31 10.63698047076112
771.4 10.60874424922453
771.47 10.597746091609395
771.55 10.645219916502763
771.69 10.769105643628736
771.83 10.788185644256842
771.92 10.810283170306977
771.95 10.817470904406292
772.07 10.800537771871182
772.15 10.863129188110381
772.29 10.957489021512442
772.4 10.96735283843956
772.42 10.95277281437136
772.56 10.923350949209492
772.62 10.91637635514976
772.69 10.956013984302976
772.82 11.019156872547832
772.91 11.061896562323998
773.11 11.111823714522576
773.25 11.101346719650683
773.38 11.126254327199938
773.48 11.136871149021122
773.57 11.208992601992165
773.64 11.164988566808733
773.71 11.168403302318213
773.88 11.144849786680695
773.92 11.159703844591485
774.0 11.122822111189755
774.13 11.12069233365432
774.14 11.134639734639014
774.22 11.130611171472347
774.33 11.13739265499404
774.34 11.144795406218302
774.49 11.14232534713532
774.58 11.159251269188665
774.67 11.236713815601846
774.78 11.266810112050797
774.78 11.266810112050797
774.91 11.34054583333535
774.97 11.341757118958881
775.1 11.302542844310514
775.27 11.284972576865487
775.29 11.284471318112026
775.36 11.303454375016553
775.44 11.309529368875365
775.52 11.265823888148969
775.59 11.263685278833304
775.67 11.277988752567113
775.73 11.262573220874328
775.88 11.239612488377384
776.04 11.234794437843796
776.15 11.220809492036018
776.21 11.203620446583818
776.28 11.219643668156493
776.38 11.288485238945878
776.45 11.326535394391527
776.57 11.369154619745336
776.75 11.433050619351183
776.91 11.320933501859967
777.03 11.343538186379881
777.12 11.308600463560659
777.25 11.349698523117544
777.36 11.363169283330079
777.46 11.373742576743163
777.51 11.372032857547124
777.55 11.364818120370025
777.67 11.355642036477116
777.82 11.358599287666493
777.88 11.337147308335949
777.91 11.346779011657622
778.01 11.390670469176685
778.09 11.43810307787974
778.22 11.409352888456615
778.27 11.436124758629974
778.38 11.46781178214515
778.45 11.507902423196775
778.49 11.510640663527317
778.64 11.64328392705686
778.7 11.66666666666667
778.81 11.598236543073732
778.85 11.59185973522851
778.99 11.579758550194736
779.03 11.592800796314505
779.12 11.634396929759266
779.29 11.63440995278639
779.35 11.612754221374901
779.4 11.565361030144098
779.53 11.570997355370011
779.6 11.615037275406863
779.72 11.71037699192171
779.81 11.722976662016427
779.9 11.711601776085804
780.02 11.733557160399556
780.07 11.715702145739145
780.17 11.72156348381266
780.24 11.72248120734538
780.32 11.661799850690967
780.37 11.684103852169532
780.44 11.724376746804499
780.51 11.735722036465067
780.58 11.672448783612657
780.64 11.650222176751688
780.78 11.627709850337526
780.88 11.671669922846464
780.96 11.615837325293281
781.05 11.683861787210006
781.17 11.702589715981928
781.23 11.678223713001437
781.3 11.67618659209133
781.37 11.684103852169532
781.43 11.719150346696846
781.54 11.758014674719078
781.57 11.757013810376073
781.69 11.795988874840187
781.75 11.83674726682064
781.85 11.841013299527871
782.0 11.86029791643813
782.08 11.880448245123182
782.2 11.84154644555441
782.23 11.839716588199604
782.27 11.857619124981678
782.36 11.846254149465873
782.42 11.863857345362474
782.48 11.878577611002344
782.54 11.913340285901214
782.7 11.913408115618843
782.79 11.91747295428697
782.86 11.942640690679207
782.95 11.938711332586454
783.06 11.893313629552908
783.19 11.907636968845589
783.28 11.950301124645229
783.44 11.928507573426478
783.57 11.925064851696686
783.73 11.940809406942615
783.84 11.914442470965204
783.9 11.894740370636448
784.0 11.965438444608587
784.04 11.9721225006979
784.15 12.001157351596461
784.22 12.042500495404521
784.33 12.061337346491003
784.43 12.043905370171943
784.48 12.087626196681759
784.5 12.088478528388638
784.57 12.096626961198055
784.67 12.01855047647409
784.79 12.048969946334688
784.92 11.97360733978164
785.06 11.996480965497982
785.17 11.965484874539277
785.31 11.977837278014167
785.36 12.006328297690315
785.41 12.01269950905913
785.5 12.026485922178749
785.53 12.049104078349938
785.62 12.02672109105471
785.74 12.03582195369349
785.82 12.092555519405275
785.96 11.938326363592015
786.06 11.903500885593836
786.16 11.886432295994991
786.3 11.867534867797266
786.39 11.871275067033517
786.47 11.885357258901273
786.54 11.843610560598115
786.6 11.865406810888484
786.73 11.99819430858938
786.81 12.014044811272875
786.92 12.022436936785734
786.98 12.031087677640404
787.06 12.05862782618756
787.1 12.065896509827136
787.2 12.103927069552697
787.25 12.048198658268003
787.3 12.048303455740818
787.48 12.083447230393197
787.52 12.07006481533818
787.6 12.092238098144701
787.72 12.073077152043382
787.83 12.150616229124953
787.9 12.169260827630787
788.01 12.201585424390014
788.04 12.195312893306852
788.12 12.240254833288331
788.21 12.21465835739496
788.29 12.259232760608958
788.37 12.28833313810833
788.54 12.209799012235704
788.6 12.202831266107504
788.67 12.208669713020177
788.78 12.2512254592153
788.87 12.22735383548631
788.94 12.196058313399385
789.02 12.192049073312518
789.08 12.199254820759268
789.17 12.238418561598916
789.27 12.244854619245775
789.37 12.202545685721535
789.42 12.145731261590957
789.49 12.138506223309909
789.52 12.160940952429828
789.67 12.10063442697752
789.72 12.106497128702124
789.84 12.127870898276111
789.9 12.16594020247104
789.97 12.187470797685808
790.09 12.105675269780438
790.1 12.109350256572963
790.21 12.093319802204174
790.26 12.1011060517941
790.37 12.097795942512285
790.5 11.994527371626065
790.55 11.96744320937839
790.69 11.912725561475437
790.73 11.915404679945564
790.77 11.927266953065859
790.82 11.919240027295482
790.88 11.90558819643239
790.93 11.870730492444112
790.99 11.83172844430593
791.07 11.836644863142663
791.17 11.81939426570079
791.24 11.896965065838334
791.32 11.817535335853306
791.34 11.797294673617404
791.39 11.739508533412314
791.52 11.736569801567695
791.63 11.708285074849323
791.7 11.696066851637765
791.82 11.728735324971414
791.91 11.717288444211334
791.98 11.713740528614986
792.04 11.706788154267109
792.17 11.69481884762598
792.3 11.762377963385436
792.32 11.753254438622093
792.4 11.771391445604744
792.5 11.79496554133212
792.57 11.788759412459331
792.67 11.772296704423047
792.75 11.717529818630933
792.83 11.749966688110955
792.94 11.797808390895435
793.01 11.82489669376362
793.05 11.804275034533422
793.24 11.780929633534994
793.3 11.738308174003562
793.49 11.720219083000773
793.53 11.683066395601813
793.54 11.674387055914892
793.6 11.68180835592874
793.67 11.719839865145195
793.73 11.65051262582228
793.75 11.653564070942226
793.86 11.661054927415528
793.98 11.679196734520591
794.05 11.708043509838985
794.1 11.680511265965352
794.19 11.665103791421934
794.22 11.654608487199344
794.29 11.607464508807785
794.35 11.572673315909668
794.45 11.604052757723933
794.51 11.625898466420358
794.6 11.642832797715322
794.7 11.655405820840596
794.75 11.669155578669432
794.9 11.641531365127722
794.94 11.665212030527847
794.98 11.663618649458668
795.13 11.634722501064116
795.28 11.616846005311043
795.38 11.547687686679568
795.43 11.576931956928549
795.51 11.601545525741761
795.58 11.687150848239057
795.61 11.691225234112437
795.68 11.557393016304905
795.74 11.524782256537696
795.83 11.528668701120784
795.88 11.52185450841709
795.98 11.424747195664702
796.05 11.447177765190803
796.23 11.413137034562274
796.33 11.448660104213864
796.48 11.483391608243746
796.54 11.46925622627023
796.62 11.517031744421832
796.7 11.531686692752194
796.79 11.493779608856675
796.89 11.534660109356661
797.09 11.628157223053032
797.15 11.676943525641038
797.2 11.662769911997838
797.29 11.719184823582781
797.33 11.72070170616284
797.45 11.753679845009813
797.58 11.759526548567532
797.62 11.725634526562093
797.69 11.695371613237313
797.82 11.75540279826663
797.86 11.767117340498075
797.97 11.794070586956016
798.13 11.83783951759967
798.19 11.839580084008745
798.2 11.84154644555441
798.3 11.795821893425405
798.37 11.772811512510128
798.46 11.695997761472242
798.56 11.69850201927364
798.67 11.671475199533836
798.77 11.692054627572581
798.83 11.693091286669398
798.94 11.712740192981435
799.0 11.716344450071757
799.06 11.729114255224951
799.13 11.762511069778709
799.19 11.75739182923928
799.28 11.771460093262549
799.34 11.816116369628645
799.46 11.788900789224664
799.5 11.776967763264434
799.59 11.83480144542042
799.66 11.851965698106406
799.74 11.834396025692621
799.89 11.86616869911934
799.99 11.903225095610338
800.15 11.83162599718964
800.27 11.8363035111508
800.35 11.826502509878466
800.41 11.828825432438805
800.45 11.814539065631521
800.51 11.82575087841715
800.63 11.847221896574181
800.76 11.873168120266854
800.83 11.910486848559003
800.94 11.950081357231186
800.96 11.945938830642584
801.06 11.91367943062753
801.13 11.899117189900679
801.21 11.869062577332983
801.31 11.849813534738884
801.43 11.918286603180656
801.5 11.931200080190399
801.61 11.941689134872808
801.68 11.912034488556762
801.77 11.988930079220763
801.86 12.003383361419901
801.89 11.988121224989785
802.0 11.985681693444292
802.09 12.086468767705778
802.26 12.154410597379744
802.35 12.163345333294197
802.44 12.178238581564036
802.55 12.178284200190353
802.6 12.208624207932075
802.7 12.223094551055409
802.89 12.245712504688111
802.95 12.22877464396696
803.01 12.287379581086316
803.07 12.287182284187395
803.13 12.277642487485332
803.26 12.312939732187635
803.33 12.319037578832482
803.38 12.299938408320786
803.49 12.21978442171266
803.53 12.190785558168617
803.65 12.108411801868831
803.77 12.094622730366536
803.85 12.117584684492966
803.92 12.130335960106404
804.0 12.103927069552695
804.08 12.096981842466729
804.12 12.0882946972213
804.29 12.092484518004639
804.43 12.143298438632598
804.48 12.140989925192939
804.54 12.175832993717892
804.64 12.199122339684354
804.8 12.048722636517002
804.91 12.014381113288916
804.98 11.98313629879739
805.06 11.993954706223857
805.13 12.017373786617137
805.18 12.047364437875608
805.32 12.045268151788273
805.35 12.03645556741114
805.38 12.047699809800655
805.45 12.040650843175909
805.58 12.027896866464353
805.7 11.943046664748643
805.77 11.955181455601736
805.82 11.902278875250841
805.88 11.92932046969511
805.95 11.884439363718379
806.01 11.862422632290198
806.14 11.84071046189477
806.18 11.824798458572499
806.27 11.790986970452204
806.39 11.837191005854846
806.43 11.838351475461675
806.45 11.844425019409089
806.55 11.857210225994745
806.6 11.87476740867378
806.71 11.840945055103493
806.73 11.83886341118466
806.8 11.81250835069985
806.91 11.816864339928877
807.04 11.79875014781247
807.13 11.816488223638776
807.22 11.811294030150403
807.31 11.79170655309669
807.39 11.83548422620244
807.44 11.830725278107867
807.58 11.833166878897568
807.63 11.836986205290708
807.67 11.812555381731114
807.72 11.801455140547013
807.77 11.820077936470742
807.83 11.824520832967943
807.92 11.807958281933368
808.01 11.770099936927151
808.05 11.723562563995598
808.15 11.704592036780895
808.28 11.807445006255909
808.29 11.812760605858108
808.35 11.792289040219494
808.44 11.848641400190274
808.55 11.801707631961701
808.59 11.828825432438805
808.71 11.86736038149354
808.76 11.876570603205673
808.86 11.887536975906125
808.9 11.88539550299553
808.98 11.893449517030016
809.07 11.990951976091361
809.2 12.03194401448398
809.31 12.03924139359841
809.4 12.07551993986933
809.5 12.1118524469616
809.64 12.204917041913886
809.74 12.25620436573026
809.84 12.309739922910518
809.94 12.326222356251629
809.98 12.338639317283748
810.07 12.283071211380257
810.14 12.23921500090524
810.31 12.246372375672578
810.38 12.273631092794838
810.43 12.298685977277275
810.49 12.318578397581996
810.57 12.301970770916535
810.65 12.311918344975059
810.74 12.325238949063632
810.8 12.322271861892348
810.85 12.329954492121114
810.91 12.395905971266675
810.99 12.420653214007153
811.06 12.457458923403388
811.19 12.47356396463328
811.3 12.516252061083048
811.41 12.533667790508423
811.45 12.491107948367821
811.55 12.541144406723935
811.64 12.544482468561247
811.76 12.504641562478332
811.87 12.51960482804889
811.97 12.455541138405225
812.07 12.465106854290857
812.15 12.433560807083152
812.25 12.474924343407354
812.28 12.462533750194924
812.33 12.449538549721838
812.34 12.436684088257252
812.4 12.425129310547977
812.54 12.405130903270345
812.6 12.398272932839141
812.68 12.408761974402353
812.7 12.420657280221821
812.79 12.444052573195119
812.87 12.513148640086111
812.9 12.483119915641398
813.01 12.440155736463863
813.05 12.42787271426692
813.06 12.433922319301505
813.11 12.413657353451038
813.19 12.421629067351374
813.29 12.452167066276644
813.33 12.434925562196732
813.37 12.42972569319536
813.43 12.422897562098134
813.52 12.361131653597727
813.58 12.322419413492636
813.61 12.333656834414148
813.64 12.33744403239688
813.72 12.32315714499341
813.8 12.323911224882623
813.84 12.313021767645225
813.93 12.272375977014885
813.98 12.293531188837045
814.02 12.268033520684828
814.1 12.234658503075137
814.17 12.163910023948178
814.23 12.15792961508054
814.31 12.171082635708808
814.39 12.121351893133523
814.48 12.113503609483498
814.62 12.13874338261959
814.66 12.10327612381428
814.76 12.080638152921313
814.82 12.130918840681106
814.91 12.096493356140506
814.98 12.066298336919887
815.05 12.017138434819502
815.09 12.02278560639645
815.16 12.001447724118435
815.23 11.995668410141246
815.3 12.096831541082702
815.34 12.091586523135192
815.37 12.077740607490217
815.38 12.082862059775223
815.43 12.084930928869868
815.5 12.121856043502328
815.57 12.10914588818774
815.68 12.145481763714743
815.77 12.13381201186972
815.88 12.08411596211566
815.9 12.093491028339391
815.99 12.107677671042397
816.07 12.106643138409924
816.16 12.092839520839089
816.2 12.164694734344883
816.32 12.163764701652685
816.37 12.141967457433484
816.48 12.065879766741196
816.55 12.029740083004556
816.6 12.052913642465343
816.71 12.104173251445557
816.84 12.091168828378985
816.9 12.09014959261122
817.0 12.006732118341617
817.02 11.983136298797389
817.09 11.998396357493572
817.13 12.009806599002935
817.24 12.032044755988109
817.28 11.997541835768283
817.33 12.01182498182268
817.36 11.997912276304536
817.41 11.996712512647418
817.47 11.99617363237886
817.5 12.017243503155848
817.55 12.036455567411139
817.67 12.034508462724764
817.74 12.045888690480016
817.78 12.018991705470205
817.83 12.009301950293917
817.88 12.00949119604485
817.93 12.047259632234406
817.98 12.02772890558574
818.05 12.058255062467166
818.13 12.096960967386172
818.21 12.043938917416694
818.24 12.03372365689461
818.33 12.002571273344609
818.39 11.989806276393898
818.46 12.023898760973559
818.54 12.027258602647137
818.61 12.019256435093029
818.67 12.012665874573448
818.69 11.995533680617479
818.75 11.95815515652288
818.82 11.904824588579556
818.91 11.886750964197427
818.99 11.894736124637127
819.02 11.87985307530818
819.05 11.85721022599474
819.13 11.873623258842654
819.21 11.87586892089427
819.25 11.854654287782006
819.34 11.84940862863986
819.39 11.860208491192113
819.51 11.846232832560416
819.54 11.83849225999236
819.61 11.855097356552296
819.66 11.860485281433938
819.73 11.844834359757886
819.82 11.870836856631787
819.86 11.843269409374692
819.93 11.874984316842383
819.99 11.84793806379981
820.1 11.849647311803903
820.16 11.826797170541624
820.3 11.976829482147789
820.4 11.920612824054398
820.46 11.930285712074008
820.54 11.92435755209911
820.57 11.89623062277724
820.61 11.895924945250378
820.68 11.825225562159888
820.76 11.85954842685373
820.87 11.904209424409585
820.93 11.966497846365526
821.03 11.981850753316342
821.1 12.044110845579517
821.24 12.028686251178591
821.36 12.014738423866724
821.41 11.99502843142554
821.52 11.919324772414884
821.62 11.912797634256508
821.77 11.895041832714174
821.84 11.992186008085651
821.88 12.010332252193553
821.97 11.974261116784168
822.02 11.960355388118746
822.08 11.972763703801672
822.18 11.996110480762779
822.24 11.916477006331366
822.27 11.895890980595869
822.4 11.921460150552539
822.42 11.90380636857833
822.44 11.879291887885225
822.51 11.876889536006688
822.56 11.899681686600871
822.61 11.880631041295487
822.74 11.883797644888038
822.78 11.892260448958327
822.89 11.86531742414663
822.95 11.891236905869594
823.07 11.905566985764484
823.14 11.91384899937035
823.19 11.941519961457962
823.26 11.89229442398172
823.43 11.917439051044207
823.55 11.92940090954303
823.6 11.937547926816903
823.66 11.947038008298005
823.71 11.954708298618186
823.76 11.935110753020629
823.86 11.946868910625776
823.98 11.917205963639214
824.01 11.89983023391341
824.06 11.876315450798224
824.11 11.861911713334807
824.18 11.820526573924212
824.25 11.795714852813663
824.34 11.817825946467904
824.42 11.783552996109501
824.5 11.70728858705576
824.54 11.746841397936846
824.6 11.744760275944074
824.63 11.764228436538914
824.67 11.774870519779647
824.75 11.77085512199646
824.85 11.685590712626825
824.91 11.701761069224244
824.95 11.683861787210004
825.04 11.732644607885694
825.1 11.705562866440987
825.14 11.699969783264095
825.21 11.682063433341124
825.31 11.722976662016425
825.46 11.712395229849532
825.5 11.72453182283397
825.55 11.737340052803766
825.64 11.762395138488563
825.7 11.76495394866216
825.79 11.769070061012037
825.87 11.753920472108291
826.0 11.785970087739528
826.04 11.770464663038505
826.12 11.738118858805027
826.19 11.804548857850254
826.23 11.855915286165267
826.3 11.87349139805971
826.33 11.859493064949099
826.41 11.896094767068337
826.49 11.921032258198542
826.54 11.911644417429223
826.6 11.93839405134763
826.67 11.941824471879151
826.71 11.961465907933974
826.8 11.985681693444295
826.89 12.051987555602771
826.95 12.059930314554851
827.01 12.060030822279993
827.13 12.057651914737365
827.22 12.070985331309405
827.28 12.026133160242274
827.35 11.993579932445508
827.38 11.948356888009009
827.46 11.96241589058807
827.52 12.014704795088866
827.62 12.091218952511603
827.68 12.104661427847882
827.75 12.099231964939516
827.81 12.095324248934736
827.89 12.079613847597562
827.95 12.056579577604547
828.02 12.07299348617284
828.08 12.039228808483967
828.16 12.066917794138863
828.21 12.069909994392129
828.3 12.066733634503608
828.36 12.044966256541032
828.39 12.036052744008957
828.48 12.013023236168626
828.58 11.97487268231173
828.65 12.005364962331964
828.73 11.999877945507224
828.82 11.973354255229069
828.91 12.018584094491484
828.96 11.979713492130566
829.07 11.910656462753737
829.11 11.914590834244992
829.2 11.933316404254121
829.24 11.971447512959971
829.33 11.968017143346446
829.39 11.95098998477371
829.47 11.988593063256575
829.59 12.04544844672992
829.61 12.073759007270954
829.66 12.056449717805812
829.8 12.018504251546632
829.84 11.996396765426498
829.89 12.05617742658983
829.96 12.097182241407209
830.04 12.103860307498351
830.13 12.078576911292991
830.18 12.050717737122465
830.23 12.082088755131238
830.29 12.071583629049313
830.39 12.157132004953247
830.49 12.187503949753314
830.6 12.215241348910022
830.68 12.234146616513287
830.76 12.269795384923038
830.84 12.196803687934812
830.88 12.16575754179149
830.95 12.168326993394848
831.04 12.199453539674078
831.08 12.226548362006541
831.13 12.224048991122936
831.24 12.182219200394671
831.27 12.163743941183018
831.31 12.16859262464836
831.36 12.181721694175398
831.44 12.20144055081823
831.56 12.23450989305384
831.59 12.236800763651132
831.68 12.226713591661714
831.76 12.23104181328736
831.83 12.201221167563434
831.91 12.15480534312635
831.96 12.108032228419455
832.02 12.111418770997258
832.05 12.099231964939513
832.08 12.086121935275328
832.13 12.086936766775954
832.24 12.13070234545137
832.28 12.130669038150016
832.36 12.029861834517295
832.47 12.038200979726284
832.51 12.036556271155257
832.64 12.066750376404771
832.66 12.073194283288089
832.73 12.04105351275251
832.76 12.048823237733275
832.83 12.031150645660865
832.89 12.035213485284078
832.99 12.063380600609078
833.1 12.063384787249909
833.18 12.054908049454712
833.25 12.075833618254169
833.32 12.041913335001079
833.35 12.026380934588694
833.41 12.051317041064118
833.45 12.045683245398942
833.52 12.03570445874199
833.65 12.035616336775636
833.72 12.075586858608492
833.75 12.108411801868831
833.79 12.110013387375917
833.85 12.075833618254167
833.86 12.089748558262915
833.96 12.136363258048634
833.98 12.127254554527303
834.17 12.14562730476539
834.24 12.135697405388429
834.28 12.12067271527068
834.32 12.103826926333106
834.43 12.10163608606687
834.54 12.084232986362313
834.62 12.05272926885371
834.71 12.03806672622521
834.75 12.05071354608087
834.83 12.051283514357893
834.87 12.054300544459705
834.91 12.08981122075673
834.96 12.081307040133511
835.02 12.099737036962269
835.09 12.094823168395122
835.16 12.114537556259434
835.25 12.08753845324125
835.32 12.073746458136082
835.38 12.08118998754475
835.45 12.09422184434377
835.51 12.092651579460247
835.6 12.14391812697811
835.66 12.143269324979574
835.71 12.135010706566554
835.79 12.110013387375915
835.81 12.10784452286611
835.89 12.094656136935317
835.95 12.083359456607077
836.02 12.04199721681155
836.07 12.047259632234406
836.13 12.095290844211252
836.18 12.121756048401965
836.25 12.120085174884895
836.32 12.13133516680225
836.36 12.121872709272193
836.37 12.125317865249285
836.4 12.123939087190225
836.47 12.135976235635892
836.58 12.107414874757321
836.61 12.121351893133523
836.64 12.136030336285105
836.66 12.133283383180567
836.81 12.222429291175208
836.86 12.211949769456028
836.89 12.228378155881195
837.0 12.227638836470085
837.05 12.23538088718718
837.16 12.230711468688284
837.21 12.22540408536686
837.22 12.214067068075
837.36 12.246228031932977
837.42 12.255017525301811
837.5 12.258577701867672
837.53 12.275832379356626
837.57 12.283893536010492
837.63 12.250462782435546
837.69 12.253793475714145
837.79 12.279814265038295
837.84 12.297425204760005
837.87 12.319529539751429
837.95 12.296320382516665
838.06 12.335233268891983
838.14 12.336215879361962
838.2 12.275457982774766
838.29 12.29871882955639
838.35 12.296320382516676
838.39 12.327922646077754
838.43 12.354408692503828
838.49 12.32267762454183
838.56 12.35854916135941
838.57 12.356861260126706
838.69 12.318742392850586
838.74 12.291591936085107
838.79 12.311032253694844
838.92 12.328565827116124
838.97 12.325923244868262
839.04 12.3082628072906
839.06 12.304076683372177
839.15 12.295498888995635
839.22 12.284983031360198
839.28 12.31003532476531
839.34 12.335560814412151
839.41 12.28458424616031
839.5 12.307097402094715
839.53 12.334115454316294
839.6 12.338655690245362
839.61 12.341025447300115
839.67 12.358332567073273
839.73 12.369606772940342
839.76 12.381250079671014
839.79 12.364248722208966
839.85 12.365947867699695
839.9 12.37339929449503
839.93 12.375648131175463
839.98 12.400700534138135
840.02 12.381951674624132
840.07 12.40418225332639
840.12 12.393611909432055
840.13 12.391472303910694
840.21 12.351988348505506
840.26 12.368598231902528
840.35 12.355324374699372
840.41 12.334639570467122
840.45 12.33241192299316
840.49 12.310375848663341
840.52 12.302976563548851
840.67 12.284551356081428
840.79 12.242742645124379
840.85 12.243633678633381
840.91 12.251650064090521
840.99 12.268457543841874
841.04 12.266337281480158
841.13 12.289155110638537
841.19 12.296583248852482
841.29 12.21961909836354
841.36 12.245403177923501
841.47 12.192442600465935
841.51 12.204068703891052
841.53 12.196584221275508
841.68 12.17040623310446
841.73 12.183657708238323
841.76 12.183048332279837
841.85 12.165006113330719
841.89 12.164607546800545
841.91 12.141501579543634
841.98 12.087208365069504
842.01 12.106843377431487
842.07 12.146625253563439
842.09 12.14649219846095
842.15 12.125084608681162
842.18 12.151717673820537
842.21 12.161617881472395
842.28 12.099820517910857
842.32 12.102992367279438
842.42 12.063954156867055
842.51 12.008830925698817
842.56 11.926813861584696
842.62 11.90261833515312
842.75 11.834186909035187
842.82 11.898034809296547
842.91 11.950313803411186
842.96 11.977183696217114
843.02 11.994089453484245
843.05 11.964910819103117
843.1 11.937970996578587
843.16 11.95168725673611
843.26 11.939764645837025
843.31 11.95251125297631
843.39 11.939151281951881
843.46 11.9218160097234
843.56 11.956419179501847
843.58 11.945313099726812
843.66 11.90553729076593
843.71 11.885221278902842
843.8 11.86285263868994
843.88 11.83922601892846
843.94 11.875464903180276
843.96 11.877250982828082
844.08 11.844685122727647
844.12 11.867347614102286
844.13 11.853188634628268
844.18 11.88954213253025
844.32 11.849971231265426
844.39 11.832923595125628
844.45 11.851245512688537
844.48 11.843661732434072
844.57 11.827254093573004
844.67 11.84926797380967
844.76 11.801489376987611
844.84 11.835334871272194
844.92 11.79255029347946
844.94 11.788386683768923
844.97 11.770923772782085
845.06 11.723945969293315
845.11 11.684311332429113
845.13 11.690153847135498
845.16 11.682430907957125
845.23 11.710182912251367
845.32 11.61319347235129
845.34 11.623921694314511
845.41 11.58812959345672
845.47 11.574488665975174
845.52 11.55704341625714
845.59 11.575919798958493
845.65 11.604923197688231
845.67 11.615954719281756
845.8 11.610688214230926
845.81 11.606942367010834
845.83 11.611606001729214
845.87 11.622561653694909
845.96 11.597561568857227
846.03 11.606733503715096
846.07 11.643921551217577
846.16 11.6295687231672
846.2 11.647169856088032
846.24 11.63773034903145
846.28 11.646371958596372
846.38 11.668640525664149
846.47 11.621518703237411
846.57 11.649992413401955
846.61 11.627983488120368
846.66 11.624790646534565
846.69 11.614772029313762
846.74 11.587715543417156
846.82 11.597962203453122
846.84 11.609574592646462
846.87 11.622561653694913
846.97 11.544778871503736
847.05 11.553455034418196
847.1 11.578018183199797
847.13 11.567679634274633
847.23 11.587048673829631
847.25 11.591859735228516
847.34 11.593467335033326
847.44 11.599651684077378
847.55 11.673482857322488
847.66 11.721705671035416
847.71 11.750173005388717
847.74 11.766773971525488
847.78 11.793321171002855
847.87 11.823324832762147
847.93 11.84346983690919
848.02 11.818475520826018
848.07 11.856256073516972
848.1 11.861575346342903
848.16 11.856652226501465
848.18 11.875941217351144
848.24 11.840795769053884
848.29 11.84350395189641
848.33 11.845004914061516
848.37 11.809647656800683
848.4 11.82532806472547
848.44 11.81791141881806
848.47 11.841934560763882
848.57 11.817001106520856
848.64 11.767546537624211
848.66 11.752687206152327
848.74 11.724635205714112
848.83 11.727594154235753
848.89 11.711942450319505
848.96 11.711101527606134
849.03 11.711562964468364
849.06 11.742885230442871
849.14 11.76110693615343
849.2 11.781684124439973
849.3 11.760660326407328
849.38 11.76776971394342
849.45 11.72270093330531
849.54 11.684765182652903
849.56 11.682085049814997
849.6 11.687859539114108
849.68 11.705890772934746
849.73 11.67216753433118
849.79 11.632673420546565
849.84 11.607834345036897
849.89 11.583596029286285
849.91 11.559328735185309
849.91 11.559328735185309
849.98 11.52772678581883
850.07 11.538477570566432
850.13 11.509903509060305
850.17 11.513764270505439
850.22 11.482599923802143
850.26 11.513382639258536
850.29 11.516606367425357
850.32 11.518873401702292
850.44 11.535032279840816
850.47 11.517623737805318
850.51 11.550936819762349
850.54 11.568347620410913
850.65 11.570927518412844
850.69 11.581677448679553
850.71 11.583072811545986
850.79 11.560377296278997
850.86 11.607225196733143
850.93 11.588269059612822
850.95 11.593602380693248
851.01 11.590221409586286
851.16 11.606964123388005
851.21 11.59788817418972
851.27 11.59663395955564
851.3 11.59980842753688
851.39 11.609726851901273
851.42 11.599529771033433
851.5 11.58063517736014
851.52 11.583234139536039
851.59 11.540088230322866
851.62 11.556431590725191
851.73 11.507445986460809
851.86 11.485625623343115
851.9 11.471087942556217
851.94 11.470489144414072
852.01 11.486043353530924
852.03 11.48688756185007
852.07 11.43912743016863
852.12 11.464728518373207
852.16 11.476563734477113
852.19 11.473020614476464
852.26 11.479995776580367
852.3 11.499231419200296
852.43 11.43294459980552
852.54 11.482459174186896
852.58 11.481368306165347
852.65 11.505268885220028
852.7 11.50976748135024
852.73 11.539878157016556
852.76 11.545360693168206
852.83 11.528668701120782
852.88 11.541125411222932
852.89 11.540788447060189
852.94 11.532842869234996
853.03 11.479850595585715
853.03 11.479850595585715
853.15 11.500878315163671
853.18 11.513172078672815
853.27 11.544253894461862
853.3 11.503622617824933
853.34 11.505132802713787
853.43 11.477914673516493
853.5 11.504500656418573
853.51 11.515027511294043
853.58 11.531406390086744
853.63 11.528318229998744
853.65 11.524567521848994
853.76 11.429290742153984
853.82 11.410061128210266
853.86 11.391136018763877
853.93 11.37004304248136
853.96 11.38395113457288
854.05 11.391450808178533
854.11 11.41405743242547
854.17 11.406231683256362
854.24 11.44871745275999
854.31 11.464213091973727
854.36 11.470224958825378
854.43 11.476154460973465
854.51 11.472844530288107
854.57 11.362933715650312
854.62 11.372286001015313
854.7 11.27390837735566
854.74 11.23991804132742
854.79 11.259379928026059
854.8 11.258218098237165
854.84 11.280375378810263
854.88 11.288037826823485
854.93 11.349591724957875
854.98 11.342224676229117
855.08 11.393494510979382
855.13 11.381053722673656
855.19 11.385525987858532
855.24 11.415141459721575
855.28 11.37610467496487
855.37 11.441246488565888
855.41 11.423964710071965
855.43 11.41791521595724
855.57 11.396663520256237
855.62 11.361622447804919
855.66 11.378004653672358
855.71 11.404672974555899
855.75 11.39056405517082
855.8 11.381359915904323
855.86 11.435387217234089
855.93 11.419684405411207
855.97 11.411897920215292
856.05 11.375478677906925
856.06 11.379424991242438
856.14 11.383152534169152
856.2 11.39466470934463
856.27 11.429940304023255
856.37 11.458008535341545
856.41 11.411579269064443
856.43 11.443541692354096
856.55 11.50263474429255
856.61 11.528528513950494
856.65 11.521937792969137
856.73 11.490756056390484
856.83 11.499718924979659
856.87 11.46065293325671
856.9 11.441992480297825
856.99 11.44287083424841
857.05 11.465693228589416
857.12 11.446211494453415
857.15 11.435700788550411
857.19 11.434216769473679
857.25 11.400314544659357
857.32 11.395444774828302
857.32 11.395444774828302
857.37 11.432414487329485
857.41 11.44163494003414
857.48 11.435793533348427
857.54 11.410096539043971
857.6 11.382247385975917
857.63 11.385490500606197
857.71 11.38871938775073
857.74 11.381910155500213
857.8 11.386683698802115
857.86 11.384039864492905
857.9 11.401311283790962
857.99 11.395989902530882
858.04 11.398139135735073
858.06 11.378537301037904
858.09 11.385880854298573
858.13 11.395245331348338
858.2 11.368039550965829
858.23 11.36080005007472
858.31 11.330387317637328
858.31 11.330387317637328
858.4 11.361818036340365
858.46 11.339053814765213
858.53 11.296245018374535
858.56 11.326486345256981
858.67 11.356531516304091
858.72 11.368999138628759
858.81 11.402369946815456
858.87 11.381053722673652
858.9 11.365817972403844
858.95 11.394997130142663
859.05 11.387903381849679
859.12 11.402002305106613
859.21 11.400243662113335
859.22 11.402268071384619
859.26 11.35080649473015
859.34 11.36734646505356
859.4 11.377809343390556
859.45 11.365706882077019
859.49 11.348915313274611
859.56 11.297018467835937
859.62 11.287590396966795
859.68 11.282309384629773
859.74 11.272223840175917
859.79 11.303253308385823
859.87 11.306255531404467
859.91 11.310221532362267
859.98 11.302971809093915
860.04 11.263528341823909
860.12 11.216222018292804
860.17 11.14555217713924
860.21 11.111278281570701
860.25 11.133147340126676
860.32 11.109082643122123
860.37 11.137029870815395
860.4 11.147314755699075
860.49 11.115095750165793
860.57 11.056562565172584
860.68 11.032440685303841
860.8 11.066374585411724
860.83 11.06733751161315
860.88 11.02731228185799
860.91 11.013394049286006
860.95 11.022818389709828
860.99 11.014677994073695
861.08 11.039579848541486
861.09 11.03629915279116
861.13 11.035896433956333
861.19 11.061531302106173
861.22 11.0303346652893
861.27 11.07992542730985
861.33 11.052724879988977
861.35 11.020985491875091
861.43 11.06569455387216
861.53 11.019225623124944
861.58 11.065626092005855
861.68 11.002185274211701
861.7 11.02476550977183
861.75 11.0219019788929
861.8 11.04078755791406
861.84 11.040531388177532
861.92 11.024014191250345
861.96 11.029730254858876
861.99 10.990808832287042
862.01 10.99907709627026
862.05 11.001721628357929
862.1 10.984378255348172
862.2 10.981159255099556
862.24 10.996895797074604
862.29 10.894623824750827
862.34 10.88620663727705
862.35 10.879853497231116
862.42 10.875958102459968
862.45 10.845447771933506
862.53 10.864133372680673
862.56 10.85935801811767
862.59 10.876807872484898
862.63 10.902372089216055
862.71 10.92240307299126
862.77 10.915520411715873
862.8 10.922130254347335
862.84 10.932039834792727
862.87 10.922735994985944
862.9 10.917042556563487
862.96 10.881287802573002
863.02 10.898966682556416
863.1 10.868822987394411
863.14 10.882308875631423
863.23 10.910892528000433
863.31 10.890358074457376
863.33 10.88419760826482
863.36 10.866053152415148
863.4 10.870216932592289
863.46 10.869677961646293
863.51 10.804502428491228
863.54 10.816579119036847
863.62 10.848618587291439
863.64 10.839993290839923
863.7 10.809180535007446
863.78 10.841912686748154
863.81 10.81683592340844
863.87 10.853156688310094
863.89 10.833818170968915
863.93 10.868595292693701
863.95 10.85010356977054
864.05 10.876139206556891
864.11 10.876622136072816
864.19 10.869004210379739
864.25 10.883566520310344
864.31 10.87922215728104
864.39 10.860822931411537
864.44 10.845396547043643
864.46 10.829645059798231
864.5 10.823188723357555
864.53 10.81567792091133
864.58 10.817288818079014
864.62 10.804768868561249
864.69 10.876436396488911
864.75 10.826804559504017
864.76 10.839620553200822
864.82 10.824943137928894
864.87 10.822400077355455
864.92 10.849456533426322
864.99 10.866029912558039
865.08 10.883849586344983
865.15 10.877067898133486
865.17 10.865620882937023
865.26 10.856846278321857
865.32 10.909063973030722
865.37 10.880113450091812
865.44 10.924275627234874
865.46 10.908638037737981
865.51 10.88089327141106
865.55 10.881710167138998
865.62 10.87187084901103
865.67 10.869338767952964
865.73 10.871940530976556
865.79 10.852821631895418
865.86 10.832069856391131
865.91 10.849842897899073
865.96 10.803029878022846
866.03 10.813809913646752
866.06 10.835612813796224
866.12 10.863970663889814
866.14 10.854427016594926
866.23 10.87194053097656
866.29 10.862124910704978
866.32 10.875679474883587
866.39 10.865472141075363
866.45 10.881710167138996
866.51 10.886461799182074
866.58 10.825689611085085
866.61 10.824490563513642
866.62 10.831846051753548
866.69 10.863426733956482
866.72 10.862854880813616
866.74 10.858706882106876
866.77 10.857995238811839
866.82 10.873357300755778
866.86 10.895295991733072
866.95 10.888206018579469
866.99 10.870676895281923
867.04 10.83104404715976
867.06 10.836544978484005
867.11 10.840342720736754
867.13 10.855017924509111
867.17 10.816238260181311
867.19 10.828036000880473
867.23 10.871940530976559
867.29 10.883492272262801
867.32 10.8300741018012
867.43 10.781816904287314
867.48 10.786710866298927
867.51 10.767041929852043
867.57 10.791181397770865
867.66 10.805180201732833
867.7 10.780172596583098
867.74 10.777473701844018
867.79 10.780917484990855
867.87 10.744653356789867
867.92 10.745616912410519
867.99 10.83344522086743
868.05 10.78473949896825
868.08 10.77565531532758
868.15 10.74533020488999
868.2 10.77970408694136
868.27 10.70717214550767
868.32 10.721337169731708
868.42 10.74138602496781
868.43 10.736753642879155
868.45 10.697280877952968
868.56 10.724577644670466
868.67 10.67050593785023
868.72 10.645888854151613
868.76 10.661097030746404
868.8 10.668560437949536
868.84 10.706101347390941
868.89 10.693994349704658
868.96 10.667537843212152
869.05 10.68216204045725
869.15 10.600528860448996
869.23 10.610510321984009
869.25 10.617666809843323
869.29 10.618542006482548
869.33 10.624019859723438
869.39 10.652353085709569
869.47 10.659519385758136
869.54 10.644313699878174
