500.62 15.15561035565791
500.59 15.351830082067965
500.64 15.304663579207725
501.01 15.228558365747885
501.45 15.225825349574901
501.82 15.262934570952329
502.23 15.259939632113802
502.9 15.213962221086472
503.45 15.221180750334167
503.99 15.243143847101699
504.46 15.201289153199863
505.19 15.267774870456714
505.75 15.288058983230915
506.33 15.197723779593057
506.9 15.204664356105278
507.45 15.187298653942396
507.94 15.096872376606871
508.42 15.097782297510793
508.93 15.113880836482531
509.44 15.090514781266954
509.84 15.113523277468623
510.28 15.15181090620437
510.74 15.286238612199238
511.2 15.242153139344595
511.71 15.16328300583853
512.16 15.240642103178322
512.66 15.340722857081337
513.15 15.3704261489394
513.74 15.231294207398244
514.26 15.280290335175993
514.74 15.345594570666618
515.22 15.36793197972106
515.74 15.513187612447352
516.2 15.547905766931246
516.8 15.506922533650787
517.36 15.46029126700419
518.05 15.37371165662378
518.61 15.32733413601895
519.13 15.30475267834977
519.58 15.276032590865068
520.2 14.951098740071032
520.66 14.907268920451745
521.15 14.921596442875686
521.62 14.887985801045122
522.18 14.914828903213111
522.66 14.830503645656755
523.11 14.862939470272012
523.62 14.852663604943597
524.11 14.837772573721937
524.59 14.902440312671185
525.05 14.945270526528148
525.57 15.015988112338759
526.1 15.087288113715555
526.54 15.105969119202616
527.09 15.060883175305552
527.59 15.065577193111992
528.07 15.061661142239142
528.59 15.04142092471132
529.05 15.08519576648348
529.5 15.095989165632336
530.02 15.027234535262235
530.52 15.080578184666475
531.02 15.096310339238062
531.39 15.060749039014015
531.87 14.99875752429938
532.4 14.915926001587982
532.83 14.915963247338723
533.32 14.920584384796676
533.88 14.854363709433034
534.4 14.81331642254169
534.92 14.607788153840225
535.37 14.671937758038565
535.88 14.683378908194669
536.24 14.669503857811396
536.76 14.657793459143468
537.32 14.406003237988298
537.74 14.358765316493669
538.18 14.379685446328565
538.65 14.422467741602887
539.06 14.431181167838956
539.54 14.470045688325323
540.02 14.433392819528901
540.49 14.414845742420479
541.05 14.395829222031598
541.53 14.425324953012325
541.99 14.421851406105871
542.48 14.405722768568346
543.0 14.584480474362833
543.51 14.655295178456038
544.09 14.69562911724146
544.58 14.693625361449305
545.12 14.743791708356225
545.59 14.821561552977027
546.04 14.871109541318662
546.45 14.892459620067918
546.84 14.896084496717027
547.33 14.949784634102949
547.86 14.903745038131062
548.27 14.887358205653351
548.78 14.96499619482448
549.26 15.0101783648781
549.65 14.92836429774075
550.12 15.045573865070512
550.57 14.980967723728462
551.14 15.086966748043348
551.6 14.922696428154955
552.09 14.951838507269755
552.47 14.975033093840429
552.87 14.940051924780965
553.31 15.019647065753514
553.79 14.982343143200458
554.23 14.94289128649473
554.69 14.954270360676315
555.15 15.066435369637862
555.52 15.066505764761647
555.96 15.038616957685964
556.56 14.996511378829195
557.04 14.921965370052645
557.49 14.910165334530344
557.95 14.912116285799682
558.41 14.888199516680476
558.83 14.89088596586801
559.28 14.894294209528697
559.84 14.864179707734918
560.33 14.815399441326601
560.72 14.803139170220936
561.37 14.838970668649852
561.93 14.930312870942878
562.3 14.939271005702325
562.72 14.975454665025783
563.18 15.042283836914626
563.67 15.053477064026493
564.17 14.984203803885064
564.62 14.912390617851786
565.08 14.88181046876632
565.5 14.960891779178233
565.95 15.035563900904467
566.44 14.9884265115765
566.94 15.070085426017819
567.31 15.0565902212589
567.68 15.039933376168792
568.17 15.021234128641852
568.52 14.917605353908167
568.96 14.898254253367394
569.4 14.890848657392691
569.85 14.902630098019069
570.32 14.9280293611066
570.78 14.919027238307919
571.17 14.934236309279903
571.55 14.995874853647674
571.97 15.021503105733311
572.38 15.069388330203209
572.86 15.082279387252822
573.28 15.107747694611545
573.61 15.04531538890146
573.95 14.963507799194861
574.47 14.981102574357944
574.87 15.00279771889028
575.29 15.03483833090212
575.72 15.025285086120395
576.17 15.117088464263334
576.59 15.013862281440462
576.95 15.066435369637857
577.36 14.993277955083203
577.82 14.977680364158832
578.3 14.995285454388181
578.87 14.89264953260534
579.25 14.888389483558704
579.72 14.848106364996944
580.13 14.849858007007436
580.55 14.786955075472452
580.97 14.834068759433334
581.36 14.7809049626588
581.81 14.652675833816469
582.21 14.581221492111693
582.67 14.445337579225273
583.0 14.439004414600353
583.36 14.47011549450254
583.8 14.440403475154445
584.28 14.471204427267194
584.65 14.45814230072034
584.92 14.443676747275882
585.3 14.378364779674138
585.65 14.418965484963397
586.01 14.40993975130929
586.38 14.42695289023187
586.76 14.422289147095345
587.09 14.36120967865672
587.54 14.317764624353336
588.02 14.38853359414708
588.48 14.342477703195733
588.99 14.244258102438643
589.36 14.264117585923444
589.83 14.309744507809627
590.2 14.366065515089318
590.61 14.392685431822438
591.01 14.392404702874122
591.41 14.461439496925342
591.89 14.531675607430682
592.45 14.599968866716495
592.86 14.636346069379007
593.27 14.694776781103702
593.69 14.750925326222688
594.14 14.816739100617168
594.61 14.800283235073026
595.04 14.709249477863239
595.37 14.728283105383438
595.75 14.860547048674169
596.13 14.9812374237736
596.6 14.967979290485543
597.1 14.887117337693779
597.54 14.839491401342064
597.86 14.808556085362722
598.32 14.757213610141774
598.72 14.760772474379655
599.09 14.798372146348331
599.49 14.772685003824536
599.83 14.749802258561525
600.33 14.660504904006686
600.68 14.70304029578216
601.15 14.688258899370933
601.51 14.692466976603555
601.95 14.69719618694585
602.33 14.710028874715016
602.66 14.756761846760966
603.03 14.740485717638991
603.49 14.767213889580054
603.87 14.794658468241812
604.28 14.753243094932786
604.72 14.73954346016665
605.17 14.586596171786887
605.52 14.56956839554018
605.98 14.54354659203688
606.32 14.53653009045512
606.74 14.532874610497556
607.09 14.58593137031002
607.45 14.610342953268457
607.88 14.613042465585664
608.25 14.568108936296364
608.61 14.589947417882133
609.03 14.512589449345437
609.42 14.484530236138697
609.73 14.519130535784551
610.17 14.581747965774667
610.54 14.529259924008311
610.89 14.564308802998205
611.24 14.551975810864993
611.62 14.469598920816463
611.91 14.476100122183276
612.35 14.4385671803757
612.68 14.52957972099286
613.04 14.487835371006033
613.45 14.493032111948828
613.75 14.5
614.1 14.466610808438455
614.55 14.28807159483007
614.99 14.28532834976523
615.38 14.274919731239589
615.82 14.249848484042971
616.21 14.20648237299231
616.66 14.132289841409852
617.11 14.164898285351132
617.46 14.11526861525519
617.9 14.047178802992164
618.23 14.05318541121621
618.53 14.001049744193967
618.9 14.014782959937035
619.37 13.988924190229929
619.65 14.02477965760762
619.98 13.924021826986051
620.38 13.944898781282065
620.76 13.952386566788164
621.25 13.86615310820568
621.66 13.88714979010917
621.98 13.91386199283131
622.42 13.876933844668027
622.83 13.871746592817843
623.17 13.85134278579867
623.49 13.87934662101436
623.95 13.927209760650967
624.28 13.906673058483673
624.62 13.925327553589089
625.05 13.853763664678546
625.4 13.868065197540437
625.81 13.815300403991412
626.21 13.77180181575835
626.63 13.752248668284889
627.04 13.73848094171471
627.4 13.684024453812015
627.83 13.613759379555832
628.26 13.637900250123666
628.67 13.64710721557999
629.01 13.622244879444635
629.42 13.656818328903947
629.82 13.699059910236262
630.21 13.69530996916517
630.56 13.674661371908394
630.87 13.749310359197489
631.19 13.698554815760822
631.58 13.621269760891968
631.91 13.534911835096612
632.2 13.534094619579003
632.62 13.584587226007645
632.95 13.672485826903191
633.39 13.647728933800856
633.75 13.702005309258551
634.14 13.627082363344465
634.5 13.625214297267572
634.82 13.733671663970178
635.18 13.777730531036617
635.51 13.771215038491112
635.94 13.787580416352016
636.24 13.784136688324887
636.65 13.9134227756269
637.05 13.859595370658687
637.46 13.880747512837758
637.71 13.937301885170738
638.09 13.94440259159078
638.52 13.969288102870891
638.8 14.048976381706161
639.23 14.011434724192345
639.54 14.068677150595105
639.88 14.051334456200234
640.26 13.982398747978646
640.68 13.949316626395518
641.11 13.934112635883741
641.53 13.88368346897417
641.89 13.887640751998362
642.28 13.817775113632047
642.62 13.767756211929056
643.03 13.752101767740923
643.47 13.80415323243865
643.8 13.82356354529863
644.1 13.814426656158552
644.51 13.760208331756225
644.92 13.7405100400828
645.26 13.703660205591174
645.61 13.709021581691111
646.03 13.687312565018935
646.37 13.74784096915335
646.67 13.731961537841842
646.97 13.712381045587737
647.32 13.651417952770041
647.65 13.633274060773575
648.0 13.633737120789291
648.39 13.632918420003275
648.82 13.585033357085704
649.19 13.612750262051005
649.56 13.538064555880647
649.87 13.499461268711968
650.17 13.51097944845471
650.54 13.495543596672826
650.92 13.432720491321922
651.24 13.423272418610983
651.62 13.403436917899874
651.97 13.391882812081546
652.34 13.389442546916268
652.65 13.50149636301118
653.09 13.438295196109427
653.39 13.370323689258816
653.75 13.339676521451699
654.15 13.240109706890838
654.4 13.192437380575436
654.76 13.309159904882701
655.12 13.319143964969967
655.54 13.241669765623149
655.87 13.192938882737097
656.16 13.110039333012368
656.51 13.083643115421536
656.89 13.042196474861468
657.34 13.09114898770088
657.65 13.092811660285854
657.97 13.068935331811486
658.34 13.02384759050128
658.71 13.001394641586058
659.14 12.99418673441662
659.41 13.02375064288628
659.73 13.011925377137771
660.05 13.01310528240316
660.44 12.99675173093475
660.75 12.970343017044614
661.18 12.986690933957789
661.6 12.916202337695195
661.97 12.895426328819848
662.38 12.909772353617324
662.73 12.907483539138497
663.14 12.868425064333383
663.54 12.848314750160505
663.89 12.798275609856924
664.21 12.706711024120477
664.56 12.649366175681077
664.88 12.549119652007624
665.21 12.483763192016388
665.51 12.448272769725728
665.82 12.450613550254369
666.12 12.413156917016098
666.44 12.44244933502023
666.7 12.397050806013045
667.05 12.471685102380079
667.41 12.503813559684643
667.8 12.594691843243433
668.17 12.497316883752658
668.49 12.537213293699573
668.92 12.467881969608184
669.26 12.462160909948746
669.5 12.443407243933786
669.84 12.358876088941837
670.17 12.266448449969433
670.49 12.28491314210609
670.87 12.337554560173281
671.24 12.300217621463185
671.5 12.2758694069695
671.81 12.27191504981594
672.05 12.241983565426052
672.38 12.278568007843274
672.62 12.30240183497072
672.99 12.218957782598698
673.24 12.116538492923832
673.53 12.108478538827764
673.9 12.144334007464078
674.2 12.230942710844479
674.52 12.214811343676832
674.86 12.184623527423836
675.19 12.250495764035286
675.44 12.379781496415427
675.82 12.310281487562754
676.09 12.322349736568222
676.42 12.328975479075151
676.76 12.339572541423406
677.15 12.262594020891832
677.54 12.27086555276935
677.85 12.202313905422388
678.11 12.32956125772855
678.5 12.305455799125948
678.81 12.294118656306907
679.17 12.284551356081424
679.51 12.26434019440265
679.9 12.270931406203752
680.15 12.203969382412783
680.45 12.193204764303863
680.8 12.246623942123724
681.13 12.183491894669391
681.46 12.189927950334386
681.77 12.300821192920493
682.08 12.331023534733095
682.36 12.34644675502825
682.62 12.336019363529457
682.97 12.241224438657097
683.36 12.159312846081763
683.65 12.200658203804442
684.03 12.15593549163402
684.41 12.246702297831739
684.69 12.261210084134138
685.08 12.305603552360969
685.45 12.365130999971845
685.73 12.296714679913162
686.1 12.275869406969505
686.43 12.291291981962619
686.75 12.290568774799675
687.08 12.177707734075646
687.43 12.032158089172043
687.67 12.037026210821345
687.96 11.998249030503558
688.31 12.049305273573143
688.59 12.08646876770578
688.92 12.139492276338117
689.29 12.080784475163588
689.63 12.047595007076952
689.98 12.131418430311982
690.28 12.128170729855565
690.63 12.237263013460407
690.92 12.23067843373764
691.29 12.225404085366876
691.62 12.145398596617037
691.93 12.096626961198062
692.23 12.09879783659968
692.57 12.033836974266864
692.85 11.991895411299895
693.08 11.922883523508546
693.38 11.858407067638478
693.72 11.795462233118688
693.99 11.859016090142665
694.31 11.943211587772486
694.66 11.932656151430947
694.93 11.94960377180057
695.29 11.961465907933974
695.6 11.962061239222491
695.96 11.9586155071766
696.3 11.940509100359062
696.62 11.911949691572136
696.93 11.915743765915305
697.29 11.887770645040682
697.6 11.927389750596156
697.91 11.978174596601379
698.2 12.012619627001865
698.62 12.10207428584877
698.88 12.049795672855856
699.19 12.107844522866113
699.55 12.086702769505994
699.87 12.001393016789105
700.12 12.029660314103937
700.46 11.991933315627831
700.8 11.94516088995325
701.06 11.973725444075498
701.37 11.975273346240233
701.72 11.979848399573664
702.0 11.86114955166103
702.23 11.83886341118466
702.47 11.811187129757169
702.77 11.838863411184658
703.2 11.901956379375859
703.57 11.880086895577177
703.88 11.897100911609098
704.22 11.890561574015525
704.53 11.805199162772613
704.83 11.800577797872284
705.1 11.809515081689277
705.39 11.791877875825538
705.67 11.817684915738651
705.93 11.87498431684238
706.17 11.86204796054129
706.4 11.831305844233677
706.68 11.802995682059157
706.99 11.72538901165959
707.26 11.724635205714108
707.54 11.737378779184928
707.85 11.727869767904537
708.19 11.823359005875535
708.44 11.75105411132434
708.78 11.81898831746968
709.15 11.835893875765521
709.48 11.733987585065218
709.83 11.726732819769644
710.12 11.719171894762438
710.38 11.684211915264465
710.66 11.636081120307809
710.93 11.610910055772216
711.21 11.626593515199394
711.56 11.606616016459546
711.83 11.647217554750004
712.12 11.601358332174517
712.47 11.587571712046408
712.72 11.553197117523947
713.03 11.586699968568109
713.3 11.599808427536878
713.64 11.59198608583281
713.92 11.652961647217209
714.24 11.584664192131093
714.46 11.604091928925312
714.74 11.574632659921491
714.92 11.57293952688466
715.14 11.603743735832358
715.39 11.58359602928628
715.68 11.555644910299442
715.94 11.566950481191808
716.15 11.52018430688704
716.44 11.570006504105798
716.78 11.525623627379126
717.02 11.579309307571162
717.34 11.591724669266465
717.63 11.622561653694914
717.93 11.643921551217577
718.16 11.6078343450369
718.43 11.630033394951052
718.75 11.764846627203271
719.07 11.82212871156152
719.31 11.742777707290054
719.65 11.680403168633273
719.9 11.731422020635973
720.2 11.700815822372855
720.48 11.723653031544409
720.78 11.684903495406784
720.99 11.684830016960134
721.24 11.622096683177752
721.53 11.535150496187596
721.83 11.52165725312925
722.13 11.440363595267382
722.49 11.431389533502335
722.85 11.527196650802074
723.17 11.512009539448947
723.46 11.472778498020718
723.75 11.478900274640925
724.02 11.445064217796903
724.29 11.526250233464676
724.59 11.561949959616971
724.87 11.471224428934773
725.12 11.499916556570344
725.41 11.544463888143374
725.64 11.588500046741741
725.88 11.602228974284085
726.17 11.58286351783216
726.44 11.55690357327689
726.71 11.478829877367092
726.96 11.499600344394926
727.21 11.45504608493919
727.53 11.362222538310935
727.73 11.394536170702803
727.92 11.354418887940868
728.31 11.349983313297036
728.66 11.381555165257423
728.91 11.380556695833057
729.16 11.341993126466269
729.44 11.318457260045411
729.61 11.299320619605695
729.9 11.33645233373967
730.19 11.336626081382894
730.45 11.449824664530231
730.63 11.43064726818639
730.86 11.444216924285426
731.07 11.35937738370614
731.24 11.305777552234346
731.47 11.216379617201428
731.7 11.240708845688308
731.96 11.276972156128648
732.2 11.233068066286176
732.44 11.164807624537435
732.68 11.178876183555877
732.9 11.180339887498949
733.17 11.218720825909562
733.43 11.27727221835443
733.68 11.274248838334504
733.97 11.25234431242008
734.26 11.173218340335433
734.56 11.23785090349987
734.78 11.24527285645669
735.01 11.254175431654897
735.32 11.336790916429052
735.64 11.312387060656164
735.83 11.341400871910565
736.16 11.349115570934337
736.41 11.389428910577161
736.67 11.392053760796996
737.08 11.405899589885294
737.32 11.405191091708366
737.61 11.443223922364433
737.9 11.4561085994514
738.06 11.498634086646367
738.34 11.53319320286214
738.6 11.484728551384656
738.82 11.50351724869003
739.08 11.476528528727977
739.28 11.489195627267216
739.59 11.512044636691249
739.91 11.491846033276168
740.18 11.549087156196116
740.44 11.506976364384562
740.65 11.534204731487943
740.88 11.522731157730501
741.15 11.56044719697034
741.49 11.49483414935649
741.76 11.528725651671788
741.92 11.549349537851676
742.15 11.521937792969137
742.4 11.510206274643757
742.63 11.499367571542994
742.87 11.457126933736815
743.23 11.473161479881398
743.53 11.522007926861821
743.8 11.548754797541484
744.08 11.585152462344105
744.32 11.645331140578932
744.58 11.694063071110534
744.8 11.697362216682993
745.06 11.627049618380525
745.31 11.581677448679551
745.59 11.616859048013547
745.87 11.5362012549166
746.12 11.667341971797544
746.43 11.66039225218206
746.66 11.632608295544713
746.94 11.64527909723615
747.23 11.65137959490834
747.44 11.635299825109877
747.72 11.615976458779052
747.97 11.667493477195693
748.2 11.602855796150477
748.42 11.708737995810884
748.72 11.71727551329854
748.98 11.690434663701032
749.23 11.668705449564095
749.5 11.617211195446004
749.76 11.64727392564414
749.96 11.564417736131697
750.2 11.498792207106899
750.42 11.540162630368496
750.68 11.532019543318281
750.8 11.613297846377959
751.02 11.56534356243565
751.22 11.471158387341475
751.45 11.418905995821762
751.74 11.483514754251468
752.01 11.570159284062854
752.24 11.573323558158139
752.5 11.571036638473188
752.77 11.629685978546279
753.05 11.65096345779822
753.29 11.641353491373378
753.58 11.590818379522243
753.88 11.536748487185008
754.13 11.648605066702192
754.35 11.625794205519506
754.55 11.631006105677319
754.73 11.740334515909437
755.02 11.698208444376466
755.32 11.682569248347058
755.57 11.774184224030732
755.78 11.771031038833076
756.07 11.82041975702738
756.24 11.760333947021001
756.45 11.745082787999822
756.64 11.737464837352267
756.88 11.71658584393866
757.18 11.71149827815348
757.39 11.752407877073143
757.63 11.732416458666819
757.9 11.763236687822676
758.16 11.782301399243966
758.4 11.749919406557904
758.7 11.65107182826862
759.01 11.705558551820626
759.23 11.737753127615543
759.51 11.746045971287362
759.66 11.67680944384547
759.86 11.730147639154575
760.05 11.70459203678089
760.3 11.645868908169223
760.57 11.618737044319854
760.78 11.587680675370002
760.96 11.53468200207048
761.26 11.480875622116331
761.46 11.370189625560878
761.74 11.371255627478195
761.99 11.409277635399016
762.25 11.418021375054968
762.5 11.368483814582499
762.8 11.37514568671274
763.04 11.400797420276426
763.31 11.52747705583174
763.55 11.53332895428188
763.74 11.450922948113677
763.96 11.426462287341616
764.23 11.390102916323645
764.48 11.375571913694555
764.68 11.375039127471835
764.93 11.360266571064985
765.16 11.408591481684303
765.41 11.357456501427519
765.64 11.379158691452218
765.84 11.412132477182679
766.08 11.350859888220812
766.3 11.350699706995327
766.51 11.259559350510875
766.71 11.234232497059148
766.93 11.225201624699286
767.07 11.240488684153632
767.33 11.225921482502592
767.59 11.210650599705929
767.82 11.166671189506093
768.1 11.1758216654969
768.35 11.037470614944244
768.56 11.053880894431726
768.75 11.11771268532945
768.98 11.066356330077323
769.19 11.13887994659456
769.37 11.085211734194313
769.62 11.08259168172492
769.87 11.126140844920583
770.06 11.138993299089984
770.29 11.064818209993424
770.53 11.133219923211158
770.73 11.113605275617008
771.0 11.175369742826806
771.27 11.169814119972964
771.49 11.211011001545211
771.73 11.142651698257774
771.95 11.185646466283782
772.17 11.16637720113286
772.46 11.222650256863522
772.69 11.240884073215714
772.93 11.316614227575208
773.15 11.316721336950106
773.4 11.324417170098611
773.59 11.326285687494707
773.81 11.264223331980206
774.09 11.243938883512374
774.34 11.288878946945431
774.49 11.267630405258021
774.62 11.289380009996167
774.86 11.4008860190865
775.08 11.369532207890643
775.3 11.34179719605159
775.49 11.345354587101754
775.67 11.32803352018096
775.88 11.312172758813952
776.13 11.383715996940097
776.33 11.309292683899423
776.55 11.25765732667541
776.78 11.253354157671382
777.02 11.178966541201067
777.32 11.246440514332715
777.52 11.326629033058568
777.79 11.33003071309146
778.03 11.26131753958091
778.18 11.22621391155
778.42 11.22693370444666
778.62 11.177882201251299
778.88 11.110355529864917
779.1 11.104189763464527
779.29 11.061166029826783
779.48 11.060421750228572
779.67 11.048154469037678
779.86 11.015159434785197
780.12 11.051102600504107
780.38 11.04973147440994
780.57 11.04559421285933
780.78 11.119715860042506
780.96 11.165350442554425
781.21 11.251302954850074
781.44 11.279121679394448
781.73 11.258985188494895
781.93 11.293383241991966
782.15 11.293490571693468
782.37 11.283003217945199
782.6 11.22857106139548
782.78 11.240780734235122
782.97 11.163120196667798
783.11 11.106368179626235
783.37 11.091588404432134
783.55 11.091333408011714
783.73 11.103603018840326
783.97 11.126867111508593
784.33 11.067337511613152
784.53 11.045777107980761
784.87 11.051445355447605
785.09 11.045447894581692
785.37 10.97900199692508
785.56 11.000752958619044
785.8 10.955373203145665
786.03 10.941031103884201
786.26 10.962396700272318
786.51 10.995403079873375
786.69 10.998342391175834
786.86 11.006903251683426
787.05 11.053017321943898
787.22 11.029418878983643
787.47 11.045777107980769
787.67 11.065511987954084
787.84 11.06703175739511
788.08 11.002001654428184
788.28 10.970189173621872
788.45 11.001721628357933
788.66 11.020843429565174
788.82 10.99805308757744
788.98 11.026121418493158
789.17 11.053638735408772
789.4 11.03804257277457
789.58 10.996950908907854
789.8 11.006884897713578
790.0 11.005967160196015
790.16 11.048762442696985
790.4 11.128269579695841
790.59 11.141056113005236
790.84 11.170596323483462
791.03 11.173069173126725
791.26 11.12973993906017
791.54 11.100477740196865
791.65 11.091333408011717
791.77 11.120873993703837
791.98 11.12098752972791
792.2 11.112828150158247
792.43 11.083935959921291
792.7 11.057699908784253
792.91 11.107459500968547
793.27 11.070805177254602
793.49 11.05404080785928
793.71 11.106731965321528
793.89 11.127266537926584
794.12 11.10853707558272
794.34 11.150232139631743
794.56 11.16299804051426
794.79 11.168403302318202
795.0 11.173561869363093
795.22 11.187637477288595
795.45 11.174804813788143
795.71 11.182864778153435
795.92 11.182309260794055
796.14 11.209681962347087
796.29 11.225237618685835
796.46 11.228948879093403
796.69 11.108005121432818
796.88 11.144849786680696
797.05 11.127702259485444
797.26 11.140625447143234
797.43 11.165653504467087
797.69 11.152474020040431
797.89 11.147219610759674
798.18 11.136780449837323
798.37 11.088855994769132
798.53 11.058572249708376
798.74 11.066027728908406
798.9 11.090536506409418
799.13 11.020325574028009
799.35 11.036555420762204
799.49 11.059522155275536
799.58 11.019890189923842
799.79 11.019995600285094
800.04 11.00314004769051
800.2 10.996785572579519
800.37 11.012073264184071
800.57 10.985991998996733
800.75 10.966777193879796
800.96 10.996712088968982
801.19 10.930168610711632
801.4 11.005967160196015
801.62 10.993827469277589
801.83 10.992242443623317
802.05 11.039300775690528
802.28 10.994103102586545
802.5 10.978859391364548
802.69 10.977198590209108
802.96 10.990280370684927
803.15 11.04478943834484
803.41 11.006972078797801
803.59 10.936081509749219
803.78 11.015672948351837
803.97 10.954870693859963
804.2 10.873933246182098
804.46 10.844558287198446
804.67 10.853528961084082
804.9 10.875326536372475
805.09 10.928689886087104
805.24 10.945337091218521
805.39 10.915557426874443
805.58 10.918596868451441
805.8 10.930450469891326
805.96 10.88221605476688
806.2 10.930450469891328
806.37 10.967956081515855
806.59 10.92221811194267
806.72 10.892569981784867
806.93 10.887166942800318
807.2 10.818054493775815
807.43 10.801472963527619
807.57 10.803343103975836
807.65 10.816537095922834
807.87 10.849433258018685
808.02 10.828301861885885
808.18 10.819342947618482
808.37 10.783128422951227
808.61 10.802071443697614
808.82 10.74815464546488
809.04 10.68173178559515
809.23 10.607653992863986
809.47 10.641499666471598
809.69 10.613213605233007
809.9 10.521262742511933
810.08 10.489706354037727
810.24 10.524737574405405
810.45 10.537451247236154
810.7 10.518382177709825
810.82 10.482674498736696
811.02 10.512119028276198
811.21 10.492224152998613
811.42 10.51903517486756
811.61 10.518761497169873
811.8 10.518862326623765
812.02 10.54856972448508
812.23 10.44645317025754
812.34 10.458402450574457
812.5 10.366515637601983
812.68 10.307278981380101
812.9 10.29415839054835
813.1 10.352865216055807
813.32 10.370782579590191
813.46 10.352787161929008
813.7 10.393762698383249
813.92 10.382269267916103
814.15 10.468205831628133
814.3 10.455775070420765
814.45 10.449856216690014
814.66 10.474808645584709
814.9 10.466396445073855
815.04 10.44941639663684
815.25 10.450822789125121
815.39 10.418413186917347
815.59 10.428297748884711
815.79 10.448812218031128
816.03 10.472141976489697
816.24 10.445742451043646
816.42 10.466087611853336
816.61 10.389286439754787
816.82 10.33907953623366
816.99 10.286300588548825
817.15 10.223141702168968
817.35 10.288146557857722
817.55 10.20831014221237
817.77 10.154219902000438
817.9 10.148891565092226
818.06 10.211718362704282
818.22 10.21543692238132
818.34 10.235825380110839
818.56 10.25958039585391
818.76 10.236713487750988
818.97 10.249863265902475
819.22 10.225320127857694
819.36 10.215377594290848
819.47 10.249863265902475
819.73 10.264044332552645
819.9 10.251878369401878
820.05 10.19543867113964
820.3 10.116992406517626
820.4 10.081486181925936
820.57 10.091755811232023
820.7 10.131957641865943
820.85 10.110875233123883
821.03 10.144864850173352
821.26 10.148015679048894
821.43 10.039573213191398
821.57 10.022454587554684
821.79 10.022494900991664
821.96 10.052307639984399
822.17 10.014186906281477
822.37 10.043999163277505
822.57 10.019430617504662
822.84 9.992643758932333
822.97 10.017615797315559
823.23 10.01701078418632
823.42 10.034465857757704
823.6 10.029250150727053
823.79 9.960827315443266
823.99 9.921403248746746
824.18 9.901923086354529
824.39 9.929951630996964
824.6 9.912750691035574
824.79 9.837359216966526
824.97 9.87748690076314
825.13 9.945970200655301
825.27 9.96545041732696
825.49 9.987360699272548
825.65 10.010474312418769
825.75 10.012492197250394
825.92 10.022882909531663
826.11 10.035185573518287
826.31 10.01382377849074
826.57 10.000257572440395
826.71 9.974001557584955
826.92 9.95107222282295
827.1 9.912241182120487
827.23 9.970517144121063
827.43 9.930317825790475
827.62 9.915583083146846
827.74 9.919494121998541
827.87 9.936825702934765
828.06 9.892166066890985
828.19 9.875686908726497
828.35 9.90803673384349
828.52 9.858063407252674
828.7 9.89796428411908
828.84 9.921632319270246
828.98 9.914768089200384
829.13 9.83670204238733
829.31 9.815155257420669
829.48 9.808757167537447
829.6 9.762844427375216
829.77 9.77406897061936
829.96 9.712971645269947
830.14 9.637909157555539
830.33 9.604349814200614
830.42 9.56865674581296
830.56 9.600420866195435
830.72 9.585426648845843
830.86 9.582201514192125
831.03 9.5446372906518
831.27 9.48561377491561
831.4 9.48470326154677
831.58 9.461436882355022
831.73 9.487743289490542
831.87 9.471546970806934
832.04 9.445131288156078
832.2 9.47724547630702
832.4 9.42594742444943
832.61 9.455792944117388
832.79 9.504167081822155
832.94 9.465322140969276
833.09 9.464548418581664
833.31 9.48224816712947
833.46 9.477693108909287
833.62 9.49830394216661
833.8 9.593769021630868
833.97 9.622632202523924
834.14 9.608518947456803
834.31 9.557582002649708
834.53 9.594248066398738
834.78 9.56907899054411
834.88 9.594063821241786
835.08 9.617618512843288
835.2 9.624253873743289
835.38 9.566122886034192
835.61 9.686911924151191
835.77 9.63878423952739
835.9 9.61742946399658
836.04 9.546187562042599
836.2 9.547330263037685
836.39 9.536633249599864
836.56 9.546610800581414
836.73 9.532353202423714
836.89 9.512240917508729
837.02 9.494261956624646
837.21 9.4732958010047
837.34 9.471083050074798
837.51 9.498000852917434
837.61 9.46966981814289
837.8 9.501727647266488
837.91 9.51032931271907
838.09 9.55166176244963
838.26 9.559616238440885
838.41 9.569622603200024
838.6 9.546272211251528
838.81 9.499276952813968
838.99 9.41575619089963
839.14 9.371157124847807
839.3 9.409322692699702
839.43 9.424077266408226
839.57 9.417644089793377
839.76 9.400322367135107
839.92 9.37941007384438
840.1 9.351173426070364
840.25 9.33590332582182
840.31 9.313501657878898
840.51 9.425406242082245
840.69 9.470523115478256
840.76 9.44320609825611
840.87 9.421290095878962
841.06 9.397850603174959
841.2 9.41307923083943
841.35 9.379081603076699
841.51 9.369513209221592
841.67 9.380890741881133
841.8 9.393743888483671
841.92 9.444874618842574
842.09 9.422833861413347
842.27 9.445061774239063
842.41 9.435688751872975
842.54 9.480889870010762
842.67 9.52620521816457
842.79 9.51054173222556
842.85 9.502126290489091
842.96 9.503768524202176
843.12 9.543393716931286
843.38 9.547097501705466
843.51 9.51287803374187
843.64 9.492708525574523
843.85 9.541377195556137
843.94 9.522774402621975
844.07 9.511561279821416
844.18 9.485107944945733
844.39 9.4707364277995
844.57 9.466853391244266
844.73 9.44826957594871
844.86 9.408807393376515
844.99 9.415756190899627
845.07 9.447628102739692
845.25 9.482972512707589
845.38 9.444981565237528
845.6 9.421659979413224
845.74 9.371803832278347
845.92 9.366477944825855
846.07 9.385412063194646
846.2 9.363587329478364
846.3 9.393206227498855
846.44 9.411276279661601
846.6 9.474047485503531
846.79 9.48395242160954
846.93 9.509437098976678
847.13 9.538497224035307
847.31 9.527944015983568
847.43 9.590878452725248
847.57 9.578231843744712
847.66 9.587681490518777
847.81 9.548065539969633
847.97 9.546753639353273
848.07 9.52853767915257
848.21 9.556102286449786
848.32 9.583108034242318
848.47 9.579497255950734
848.68 9.565172515565271
848.88 9.441237720604734
849.05 9.419917647455758
849.24 9.490154387734178
849.32 9.429033177726481
849.48 9.43181806011927
849.67 9.477304096065133
849.78 9.508720080839351
849.88 9.52114075161801
850.0 9.55261876411517
850.19 9.488637543095555
850.37 9.524720627414911
850.49 9.552084758434848
850.65 9.580467292118561
850.8 9.548388197581684
850.9 9.526677057483154
851.04 9.531362373074927
851.17 9.485826747885977
851.27 9.530233655863512
851.43 9.475385442974297
851.56 9.495687484752262
851.68 9.48670521085038
851.9 9.519252156349348
852.0 9.575853470942928
852.18 9.524428984183118
852.33 9.531505440359146
852.49 9.426477860181127
852.63 9.396598352917966
852.79 9.43269084438033
852.92 9.445944028304353
853.09 9.33884577472186
853.29 9.308728390195101
853.43 9.268448705913055
853.54 9.28496123042552
853.65 9.321827323355903
853.79 9.275028928049853
853.89 9.228737506267906
854.05 9.189778027897091
854.14 9.173986058525497
854.3 9.16900796546208
854.46 9.14906850698225
854.61 9.133018132141213
854.85 9.195272171231816
855.07 9.158817576190682
855.22 9.14814105971726
855.4 9.12096043144137
855.61 9.14186175588082
855.69 9.161508190425428
855.79 9.22260617431237
855.98 9.186045631469195
856.13 9.180188374203361
856.25 9.207347746514873
856.4 9.176165876989156
856.5 9.229399665298832
856.65 9.213927753486278
856.8 9.192662862579622
856.92 9.121713466539969
857.13 9.14159657164917
857.3 9.180017825294637
857.51 9.216251566081137
857.59 9.230050833220712
857.71 9.2466701623292
857.84 9.251502744435795
857.95 9.204055979004387
858.11 9.170544634256402
858.29 9.155552490928194
858.42 9.164247614694528
858.55 9.108077223380944
858.65 9.050224619122206
858.81 9.025995006567749
858.93 9.009820680061768
859.13 8.987820041083882
859.29 9.027785392382183
859.44 9.075797541268805
859.63 9.034898667909562
859.75 8.963872494687221
859.88 8.96939802941652
860.02 8.951022739374983
860.17 8.891097579130266
860.28 8.851273948141618
860.47 8.821982415385655
860.58 8.803328112627964
860.67 8.853527517038026
860.87 8.834796905624733
860.99 8.855170263978012
861.16 8.920207453310772
861.25 8.865293810327683
861.37 8.84850612284699
861.49 8.869986847040233
861.64 8.888217146335032
861.82 8.894874247497143
861.97 8.86652426406495
862.14 8.848922778702182
862.22 8.896236861900109
862.34 8.908309592620801
862.46 8.880144688965915
862.65 8.892597080059506
862.79 8.874313175870817
862.94 8.826978846443192
863.08 8.837111827658713
863.18 8.813877945855866
863.34 8.840014625884876
863.45 8.826469603219945
863.62 8.845223558394656
863.75 8.865293810327683
863.89 8.855626528491433
864.07 8.887915982110234
864.2 8.844332774281067
864.35 8.891461117728673
864.44 8.906154948101669
864.61 8.901134872599224
864.77 8.880639480113887
864.97 8.940267548478838
865.12 8.904975342952154
865.22 8.867805805157202
865.3 8.863157200205556
865.43 8.856037146455174
865.55 8.892597080059504
865.68 8.882942455440467
865.83 8.83067999029005
865.93 8.73776778465678
866.09 8.76989225139112
866.23 8.74192845608525
866.34 8.669253693136424
866.49 8.682380858597337
866.6 8.651501883978575
866.81 8.653480644961732
866.89 8.6174535131038
867.01 8.573502755289084
867.17 8.634035305496822
867.31 8.617219078476797
867.45 8.640256964005202
867.61 8.649043854436139
867.68 8.646690264213964
867.85 8.633239732732335
868.01 8.573502755289084
868.19 8.526482808925913
868.27 8.52548763379195
868.46 8.561624503644971
868.56 8.613262031790436
868.72 8.55532204849913
868.81 8.56666666666667
868.93 8.574398114754354
869.05 8.553308769656972
869.17 8.494864758942734
869.3 8.445308302438242
869.45 8.422402785836633
869.56 8.39711350116902
869.67 8.402807371180879
869.78 8.392613394882407
869.85 8.395976669954734
870.04 8.40865355128004
870.18 8.451143010375471
870.26 8.443059429214776
870.33 8.44955918998444
870.41 8.425664257601188
870.56 8.386280282085549
870.68 8.398989838250213
870.78 8.405842124271771
870.88 8.377796532947949
871.01 8.433333333333337
871.1 8.456065899994543
871.25 8.448746246119192
871.37 8.477724823431004
871.47 8.434483093260962
871.59 8.467519642072814
871.76 8.500885277725521
871.94 8.488637682041194
872.07 8.534250660921222
872.21 8.465372127232524
872.37 8.470572947599596
872.53 8.465563039500536
872.66 8.524735251672691
872.75 8.470239045915381
872.86 8.453102950689145
873.07 8.43783566485332
873.21 8.419907866767222
873.43 8.378971996442742
873.54 8.333236363072162
873.65 8.405595779243754
873.75 8.447550598316125
873.86 8.442341577615258
874.0 8.414753758018163
874.12 8.416290120589911
874.21 8.434291477490731
874.36 8.44413609219051
874.42 8.430560090192314
874.53 8.412898946669255
874.64 8.490660347188147
874.73 8.508884245957939
874.85 8.51543459035569
874.99 8.547543802198684
875.08 8.605471597428084
875.21 8.521268696738781
875.33 8.47581824660575
875.5 8.498960126528612
875.68 8.542088311839956
875.75 8.545038137286268
875.89 8.527904286233019
876.04 8.464924659732617
876.19 8.5063196946432
876.3 8.536907395467512
876.46 8.600469801591112
876.6 8.558768909868128
876.75 8.504752088145079
876.89 8.426623273766296
877.02 8.444686333590324
877.12 8.448632666851712
877.2 8.472176684759225
877.33 8.47820140064501
877.48 8.4929917632663
877.57 8.461743975748208
877.72 8.482995468654464
877.88 8.437865592528462
877.99 8.424944923837606
878.06 8.40613051903373
878.18 8.454727922436312
878.29 8.501093215497987
878.4 8.532765132598037
878.54 8.562804223011058
878.71 8.520083226226035
878.84 8.572589627953327
878.93 8.573219990767821
879.03 8.539220270509643
879.16 8.531249745624743
879.31 8.50988136275005
879.4 8.531581259525035
879.52 8.54398010060862
879.68 8.562167194741477
879.8 8.535132386113581
879.96 8.4780405588303
880.05 8.5011882710714
880.14 8.533972513940203
880.3 8.538090530030114
880.46 8.533262310310489
880.55 8.57336137419421
880.64 8.582952330467107
880.72 8.551779305672552
880.86 8.592949893883231
881.01 8.66374659431502
881.18 8.653112944851904
881.35 8.712437411916696
881.44 8.668204991679515
881.58 8.718006444344734
881.77 8.700232204029977
881.79 8.699582017127451
881.9 8.729955395769286
882.04 8.710750353280226
882.18 8.686899459658905
882.34 8.638906589997775
882.44 8.626152389710311
882.56 8.580362828145796
882.7 8.578220012675041
882.86 8.56233235476966
882.98 8.589375631404977
883.14 8.605870676521354
883.22 8.590081195745181
883.39 8.598678545408747
883.47 8.604033585440837
883.58 8.553078481760325
883.78 8.613566935569452
883.9 8.56525751881614
884.01 8.587629110375795
884.16 8.540716502954444
884.28 8.56712061054095
884.44 8.593302536559989
884.49 8.591157069800312
884.6 8.629290032479293
884.67 8.645726450598922
884.78 8.654513623572733
884.91 8.688893409800158
885.03 8.706731402608654
885.13 8.701160958182651
885.26 8.672049610354202
885.41 8.653947543220267
885.55 8.649604416715052
885.7 8.604086414623174
885.78 8.583022942313672
885.88 8.601479788121022
885.96 8.598707913272648
886.07 8.573219990767823
886.21 8.548489145262261
886.34 8.549582067876388
886.46 8.486971595845407
886.62 8.449230435341136
886.73 8.480345666673188
886.86 8.490065495696257
886.95 8.496434189670035
887.05 8.532025231177794
887.23 8.537327427008965
887.3 8.542821429703306
887.37 8.584287972802407
887.49 8.565251622312998
887.65 8.578072821638516
887.73 8.579815401465956
887.82 8.534398607749672
887.98 8.52445086948494
888.09 8.57774310455126
888.22 8.55236986472348
888.35 8.541491129016684
888.5 8.618162639027373
888.66 8.587305641574552
888.81 8.560769105446527
888.96 8.527933897824047
889.09 8.51391611872983
889.2 8.482900209220666
889.3 8.459648725902074
889.44 8.472558198339053
889.59 8.466326645522653
889.72 8.462728743010599
889.8 8.415954065243161
889.91 8.475865916253214
890.03 8.465563039500536
890.14 8.50789294856502
890.28 8.522199175557843
890.44 8.550881577800947
890.56 8.565045242145533
890.75 8.65544144839919
890.9 8.681223206647577
890.99 8.647408673566714
891.18 8.715920647141797
891.26 8.696475542924667
891.37 8.709283332261972
891.48 8.691665577152094
891.56 8.674029506451298
891.69 8.637123305238777
891.81 8.634784012903564
891.95 8.634409667315436
892.08 8.619545559747667
892.22 8.636988813097753
892.4 8.607020859786973
892.5 8.618162639027373
892.58 8.604884682785727
892.67 8.572984346542375
892.79 8.557936832454589
892.92 8.561931246317428
893.03 8.561665796567931
893.11 8.566902484668436
893.22 8.509744859615802
893.31 8.52292807844246
893.43 8.495102570114593
893.51 8.51913473104262
893.69 8.501568482736966
893.79 8.483251473082452
893.93 8.480822096609707
893.97 8.472719144228119
894.07 8.499857396308235
894.19 8.45271458398921
894.28 8.438823222093077
894.4 8.487661871234272
894.52 8.495370099725688
894.62 8.514728771993042
894.77 8.565676160164356
894.86 8.588246607892662
894.98 8.535108716828434
895.07 8.525961541199923
895.18 8.55331467439331
895.25 8.52136352725527
895.37 8.57840252605285
895.44 8.581539971521904
895.57 8.613185804159206
895.69 8.577272058154376
895.77 8.539693415829607
895.87 8.538273901212186
895.99 8.512017648269094
896.08 8.469410197346043
896.2 8.441121089791643
896.3 8.440522746988146
896.38 8.446839107565085
896.47 8.45123265171024
896.56 8.48804268879867
896.67 8.485346846836089
896.8 8.50905637565297
896.92 8.495607896751922
897.02 8.518524081391826
897.18 8.526109631862907
897.28 8.536410430052143
897.39 8.514865195229413
897.53 8.521458356716444
897.59 8.529325526640074
897.7 8.56289859353901
897.81 8.578449625649032
897.94 8.5159624330792
898.01 8.55935308609975
898.09 8.569496054393314
898.19 8.590216422292178
898.28 8.569478373621093
898.39 8.527904286233017
898.51 8.551088299807878
898.66 8.587305641574552
898.78 8.612394169644892
898.86 8.57058629820326
898.93 8.597926693938685
899.04 8.553952361926084
899.14 8.565870732981056
899.19 8.591392215585334
899.31 8.604315337331743
899.38 8.655914075639181
899.48 8.667226089171102
899.52 8.6835267238396
899.58 8.670372168214783
899.73 8.53851050337011
899.9 8.51558286408814
899.97 8.517901529405375
900.07 8.527146194490994
900.18 8.509507457645075
900.3 8.51914065946546
900.41 8.550615785019833
900.48 8.577018860026637
900.54 8.589893050921093
900.66 8.51287794515409
900.75 8.518992447656725
900.83 8.519798688758417
900.89 8.549198083960151
901.01 8.536901479382722
901.12 8.522436223986611
901.17 8.531646376813205
901.26 8.500291141775644
901.3 8.536907395467512
901.39 8.527904286233014
901.46 8.522602153963737
901.57 8.53780067722598
901.69 8.501568482736966
901.8 8.55168481243978
901.9 8.575864652934689
901.99 8.53098334119091
902.04 8.525564645538287
902.13 8.527620009727393
902.24 8.516318263644024
902.33 8.530462348477243
902.42 8.534161891593058
902.47 8.507222124925871
902.56 8.48447185311275
902.65 8.466660701501121
902.75 8.517806660345743
902.83 8.482965700196306
902.99 8.47991685684417
903.07 8.465324398492779
903.15 8.393570170196957
903.28 8.387195628161448
903.37 8.409536433734209
903.49 8.386491061417308
903.6 8.337574678235361
903.7 8.363581466662172
903.82 8.392372679517944
903.97 8.375595863018106
904.05 8.399585126839911
904.19 8.38793626272129
904.27 8.373666032765035
904.35 8.377911072540336
904.48 8.334521127469923
904.59 8.375161689981475
904.74 8.370969556337625
904.81 8.338416631423017
905.0 8.3108788386492
905.11 8.29493578009858
905.22 8.270160551981776
905.3 8.316346322852134
905.45 8.344083974513762
905.54 8.295575064850267
905.65 8.272352638869924
905.77 8.341032806722929
905.85 8.340451505352169
905.98 8.389483556419565
906.05 8.383937263625246
906.07 8.386201991270175
906.12 8.381412816946838
906.2 8.343630002352791
906.33 8.410016875035618
906.43 8.382587773341697
906.53 8.410497288892293
906.66 8.477206515299144
906.78 8.463325515887878
906.89 8.449367916111724
907.01 8.427342464270751
907.06 8.388086790204309
907.22 8.372127880803378
907.29 8.36816357489274
907.42 8.349898686858905
907.53 8.375595863018106
907.59 8.393233205169723
907.67 8.382346770072054
907.76 8.382425096894721
907.81 8.413187099531141
907.9 8.384087862906098
907.98 8.346026696348481
908.07 8.389814652242915
908.13 8.348053665376138
908.23 8.308271404893658
908.34 8.26849930810185
908.42 8.266006816284914
908.48 8.26881692464729
908.54 8.251623654123641
908.65 8.296737827957362
908.75 8.252792609691937
908.88 8.249003612925657
908.97 8.257784818037466
909.06 8.210390066891163
909.13 8.248238256951257
909.18 8.257693076731233
909.26 8.235939962791562
909.38 8.245941762804025
909.5 8.233339467547708
909.64 8.212481262374274
909.76 8.188585304735446
909.83 8.211909311813818
909.87 8.183075660943585
909.99 8.18164365694895
910.07 8.126841671618536
910.1 8.103497187428815
910.16 8.106263945339752
910.24 8.078053570938327
910.33 8.06796258060362
910.4 8.037789534819916
910.47 8.055934508676245
910.54 8.024482739237657
910.63 8.051168432675668
910.74 8.082428877859464
910.84 8.038694300731066
910.96 8.025112101548745
911.03 8.03584771413996
911.11 8.055232316747151
911.16 8.058774000047304
911.26 8.054887467942189
911.35 8.075871282387864
911.42 8.06185681797533
911.47 8.010668391639243
911.58 7.992648137033448
911.64 7.977898763889444
911.71 7.976347611038605
911.8 7.911122460552525
911.9 7.8746492626720235
912.01 7.907923401579744
912.16 7.9718190515025515
912.21 7.995320601148622
912.31 7.974321161064298
912.39 7.899488539894158
912.44 7.911531029599967
912.52 7.906626807605602
912.59 7.973561109546771
912.68 8.042664014146336
912.78 7.953882223432933
912.91 7.955805960733862
912.96 7.951773831712452
913.04 7.945419873719502
913.13 7.905572769134492
913.23 7.859697734954468
913.28 7.852272398368628
913.38 7.827405881151354
913.46 7.85270975555893
913.53 7.819239416369409
913.63 7.765053805741507
913.72 7.794170315632761
913.8 7.8263992520523304
913.91 7.843281883693246
914.03 7.852754776239835
914.11 7.830134743477285
914.22 7.821984041369194
914.31 7.815673193957597
914.42 7.755324010320299
914.5 7.729649070137321
914.56 7.718952145351214
914.59 7.706870868637838
914.66 7.70572396457217
914.77 7.709177267478941
914.84 7.695886347047148
914.9 7.670618217483118
915.0 7.623726918063902
915.12 7.614818090109211
915.22 7.543249038750217
915.34 7.5360681547026385
915.42 7.525283980681326
915.54 7.505445834307053
915.61 7.462898129068119
915.73 7.392126578565563
915.82 7.394210129171569
915.96 7.420855133277487
916.02 7.3690315688444565
916.11 7.345575181527635
916.22 7.276057318425282
916.27 7.3207260775848155
916.3 7.317475968218451
916.34 7.32122968089405
916.48 7.397078320307804
916.58 7.39530290458106
916.65 7.390103948094126
916.79 7.421365552690873
916.9 7.437958881523368
916.99 7.435235522344085
917.1 7.406658211270852
917.2 7.374539876076229
917.29 7.348874716305867
917.37 7.3548650840134675
917.47 7.3463452055282445
917.62 7.319242661048553
917.67 7.254472671212826
917.77 7.276439078049482
917.88 7.306120306934036
917.93 7.296401493028925
918.02 7.276612598530365
918.12 7.301971506297996
918.21 7.385892914293721
918.32 7.318000499667332
918.42 7.285214028039495
918.49 7.252300227228504
918.54 7.263329787085227
918.63 7.309403104041655
918.69 7.247005651239054
918.8 7.241853660800144
918.88 7.233870947762951
918.95 7.2284161474004796
919.02 7.16892846620297
919.09 7.193003053613483
919.21 7.122726466967012
919.27 7.1348554026106
919.39 7.080910459064772
919.51 7.073203094793904
919.64 7.067524247563573
919.66 7.049922988332152
919.74 7.050496078255412
919.83 7.036779279348088
919.9 6.981215777883805
919.97 7.007146424194444
920.08 6.930652162238374
920.13 6.911642936437622
920.2 6.95003815119243
920.31 6.935044951898175
920.38 6.958433586648504
920.43 6.972174131589949
920.51 6.94348761084948
920.57 6.89935584754918
920.65 6.876067410250066
920.69 6.858887915277761
920.75 6.908310030300282
920.83 6.9107660117158405
920.93 6.9183623332214506
921.02 6.932546575408055
921.18 6.922923420554979
921.28 6.928319865711752
921.36 6.86893166527534
921.39 6.865070423469222
921.47 6.848217345271742
921.57 6.8316775525355515
921.65 6.805189641781197
921.74 6.775803653553956
921.8 6.782329983125267
921.87 6.802636149748021
921.92 6.78483156710168
922.0 6.791259980387449
922.09 6.779492248798216
922.25 6.800735254367722
922.33 6.789854285043328
922.4 6.737502459661103
922.54 6.766554708731955
922.57 6.772277118793749
922.62 6.77604216890269
922.65 6.791817715368097
922.76 6.754153230315841
922.89 6.783662787025959
922.93 6.796099594397486
923.01 6.832032396488377
923.04 6.8148975254825555
923.15 6.802220374275006
923.24 6.786975048063042
923.31 6.765472353178014
923.35 6.730564987466136
923.41 6.692518059728934
923.46 6.717112174111428
923.54 6.697534598415278
923.62 6.7206601407356334
923.73 6.695173898813501
923.82 6.718555640834561
923.9 6.708203932499372
923.98 6.693853655979991
924.02 6.731472890291337
924.12 6.739421190265374
924.17 6.715059210611635
924.28 6.689476131139929
924.36 6.679563283371578
924.44 6.671695073331449
924.49 6.6719600197431115
924.59 6.645565089105315
924.64 6.650768923419856
924.69 6.646477004071891
924.8 6.599663291074441
924.85 6.578776712300168
924.94 6.547140635808163
925.01 6.545096090072544
925.11 6.5395378701828415
925.14 6.5381862001535875
925.18 6.531013812123001
925.24 6.539885397321659
925.29 6.5416999613126885
925.33 6.567528016112626
925.4 6.592006178284837
925.51 6.586633235101022
925.6 6.567443424294811
925.67 6.559833392809161
925.76 6.56147310387914
925.86 6.59050434145578
925.9 6.555897953735858
925.94 6.525505514687903
926.02 6.52575317840435
926.06 6.530147646326865
926.18 6.560333817572076
926.3 6.568212400753663
926.37 6.545343012517769
926.41 6.549107426268717
926.51 6.532738068120185
926.57 6.524630876977489
926.65 6.524816650545234
926.74 6.498826622917973
926.78 6.515839287164905
926.86 6.508766427214947
926.96 6.5086112345123395
927.08 6.470882724352472
927.22 6.44256677626757
927.29 6.473403239019607
927.35 6.451646097992154
927.37 6.434840457786949
927.44 6.437453540089286
927.49 6.469032681814478
927.6 6.4791818912419785
927.76 6.508921616217287
927.81 6.461533420281447
927.86 6.490116806469369
927.95 6.493781018727991
928.01 6.4861857867784005
928.05 6.500000000000002
928.15 6.440677233981161
928.22 6.428440595109247
928.3 6.453407212199204
928.38 6.5037362998960715
928.44 6.532467475091729
928.53 6.594235315329543
928.6 6.598132579401051
928.67 6.599747469916304
928.72 6.619652406267107
928.8 6.642380004276487
928.85 6.653585651376407
928.9 6.653775414960089
928.95 6.6444706259407855
928.98 6.651467522435942
929.06 6.663362817707291
929.15 6.682367874042882
929.2 6.684823758848745
929.22 6.693250029663913
929.29 6.673171069380147
929.38 6.676931491442316
929.48 6.72772043282286
929.53 6.741182044236404
929.58 6.721261305391537
929.62 6.741669007753273
929.68 6.720810436940841
929.74 6.756396146533215
929.8 6.741998624632421
929.91 6.7481310543937045
929.97 6.747172995732615
930.06 6.704167255212134
930.13 6.7069314364267445
930.22 6.705312231448445
930.28 6.730122246627129
930.35 6.7679801680823175
930.39 6.779194255033168
930.44 6.806592170072842
930.53 6.80085407589489
930.62 6.8117248887191515
930.69 6.817527914771364
930.77 6.825168810581117
930.83 6.819542625144416
930.94 6.810301169566735
930.96 6.822304477508928
931.01 6.821675199337227
931.05 6.806673789804244
931.11 6.788128377445941
931.15 6.74705322883459
931.23 6.747771798336411
931.27 6.777644476251663
931.33 6.7660098203364205
931.38 6.734173364941749
931.48 6.797920062174692
931.52 6.793460908190397
931.59 6.778002148960496
931.66 6.813859909675783
931.67 6.829903056235555
931.72 6.8299400296108566
931.76 6.804811132239789
931.83 6.767502560700726
931.9 6.796463726962664
931.97 6.784496587027951
932.0 6.7509819712214885
932.08 6.715999290101697
932.17 6.695475632051386
932.2 6.695392656766503
932.36 6.676538146087511
932.44 6.642866607698572
932.5 6.586640902906304
932.52 6.6034579248797
932.62 6.610032167283699
932.69 6.58693994034997
932.74 6.574545342808613
932.79 6.593990223734573
932.86 6.5981631971146015
932.89 6.639178177205885
932.94 6.696629636231087
933.0 6.662119661476997
933.1 6.691619966628246
933.15 6.674805637846714
933.2 6.656052155972808
933.28 6.662240955223285
933.34 6.694215805643349
933.41 6.727142368379342
933.49 6.715721040283693
933.55 6.706509727665551
933.64 6.742777655021004
933.68 6.7433169310305505
933.73 6.747771798336417
933.76 6.734683333012741
933.83 6.713554809623448
933.93 6.6957773516922074
934.02 6.713441965959261
934.06 6.73273324658693
934.15 6.709521351607487
934.2 6.692374674798086
934.26 6.685760535600562
934.34 6.703263188458094
934.41 6.6743818992752955
934.47 6.677952568343867
934.56 6.670180891948366
934.67 6.69698409432156
934.76 6.727179906539554
934.83 6.690948204760509
934.89 6.687686559278291
934.95 6.7365653809128245
935.02 6.704408319090569
935.09 6.716623430193944
935.13 6.678255079666462
935.21 6.6792230238269665
935.28 6.707571479418992
935.35 6.691431276285556
935.37 6.693363213744728
935.44 6.689838517777492
935.5 6.726248898340311
935.59 6.680432756804144
935.7 6.70669799378189
935.72 6.707571479418993
935.83 6.706027742323176
935.86 6.7195177797159795
935.93 6.71686404702839
935.99 6.745735652614143
936.05 6.748550162288883
936.09 6.763083093478365
936.15 6.806673789804245
936.21 6.7708451048848755
936.27 6.792531549318332
936.34 6.791587190462666
936.38 6.838364740435562
936.47 6.884993196302466
936.53 6.871776562964854
936.58 6.809351858089927
936.63 6.7937211058923
936.72 6.766047142859255
936.82 6.7560373299768255
936.88 6.739421190265372
936.94 6.738731709343018
936.99 6.721734684716234
937.05 6.624678379843332
937.13 6.63120111916599
937.2 6.653016328149677
937.26 6.625051934235164
937.31 6.579268019830746
937.36 6.5713181495208595
937.41 6.552191398395815
937.47 6.558909431398855
937.53 6.546577485043365
937.6 6.53042606929017
937.65 6.507765369234674
937.71 6.527788308609605
937.79 6.527788308609605
937.84 6.516056314903203
937.89 6.479018194732653
937.96 6.496183805928223
937.99 6.518807290053033
938.05 6.538734625678774
938.12 6.529312306201867
938.18 6.5325602511070215
938.28 6.538278895022055
938.33 6.5212240903348535
938.39 6.507020295904501
938.48 6.521882358257425
938.52 6.531168472498742
938.56 6.541738563588692
938.65 6.544910892125163
938.72 6.5614115258929715
938.79 6.581724007362429
938.86 6.611926781020474
938.92 6.635807365644322
938.96 6.634650394601504
939.03 6.63241961119695
939.08 6.631239200431046
939.17 6.573677229924838
939.25 6.569557892970494
939.29 6.561742500774066
939.35 6.5787767123001695
939.42 6.53534291913646
939.49 6.495522933668864
939.56 6.4859132515838285
939.61 6.4571548289357645
939.68 6.400568156599283
939.76 6.353429043127866
939.82 6.364960901115361
939.88 6.3806525742064375
939.95 6.3633657951138
939.98 6.361151029824897
940.06 6.35136189960846
940.11 6.33555782305654
940.14 6.351679965476724
940.22 6.36845128089803
940.32 6.391092285835077
940.38 6.408296390325795
940.43 6.407468811134123
940.49 6.42201862597137
940.54 6.380874199947497
940.58 6.402619413453792
940.59 6.415094258343701
940.61 6.403747324651384
940.68 6.386349077951703
940.75 6.3235570478468635
940.82 6.259344529532939
940.86 6.266827850925164
940.89 6.261788881781307
940.96 6.289192268800457
941.03 6.312493624359217
941.08 6.295228271468717
941.13 6.275903894816243
941.2 6.329344836600864
941.26 6.346270677740705
941.3 6.317364237487892
941.36 6.261183932965414
941.45 6.291528696058952
941.51 6.304551826844928
941.56 6.342608837748618
941.6 6.322958008701148
941.65 6.345880712730268
941.69 6.338426978806056
941.74 6.346270677740705
941.79 6.356886030125131
941.85 6.364952966254052
941.88 6.345729495360072
941.97 6.290051468370309
942.04 6.319634307282173
942.13 6.359046685429724
942.18 6.391882478281466
942.26 6.409620294778176
942.33 6.42289937361908
942.4 6.425957461182676
942.46 6.396684747396561
942.53 6.36666666666666
942.59 6.3803596998123755
942.67 6.410305780695659
942.73 6.397371619373356
942.75 6.415535122582598
942.78 6.434722726400617
942.88 6.462447858453658
942.94 6.431959344562202
943.01 6.401538640803245
943.05 6.37763611569698
943.09 6.374023989457663
943.17 6.346963005559381
943.23 6.349827007903685
943.32 6.337128049770805
943.36 6.338148090106545
943.39 6.343524495917313
943.4 6.3405063048640065
943.44 6.329855504438527
943.54 6.382457017149244
943.64 6.366769791327279
943.66 6.385305099376317
943.72 6.405616222653298
943.76 6.39305178385966
943.82 6.380810879092679
943.85 6.388713216732815
943.92 6.409714848918358
943.99 6.456529073485828
944.04 6.419540875366797
944.11 6.397434776312432
944.17 6.391368864304104
944.25 6.401349289585183
944.3 6.431456783936002
944.36 6.456568184978206
944.44 6.449994127317035
944.46 6.467353915371163
944.49 6.4892996618287
944.52 6.495499607537135
944.55 6.512420146275583
944.57 6.513784916574534
944.62 6.5006293401625195
944.65 6.507765369234674
944.69 6.491167269856202
944.78 6.511186954431241
944.87 6.505095128148598
944.92 6.545381593308387
944.94 6.527053258739678
945.02 6.497831806211831
945.05 6.531006079008076
945.1 6.521913333934573
945.13 6.489548707286389
945.21 6.473403239019607
945.29 6.473403239019607
945.35 6.470406603619407
945.4 6.4916418679263375
945.45 6.473528068724626
945.5 6.481519961405736
945.55 6.482883446258903
945.56 6.487470441340965
945.63 6.497326567539341
945.65 6.5108689236855435
945.7 6.526558020577129
945.78 6.543683823336669
945.85 6.55416437900902
945.88 6.5401325164963815
945.91 6.519736934644652
945.97 6.526488374696649
946.02 6.516459347240827
946.08 6.528384025147266
946.11 6.472779054383726
946.17 6.465221644235477
946.2 6.4432252416900235
946.22 6.44883514655746
946.27 6.4586563946569
946.33 6.462096166777996
946.38 6.444447927550434
946.42 6.427812044293741
946.51 6.371487941278596
946.57 6.3297517783683706
946.62 6.348116717467145
946.67 6.305448982323691
946.75 6.305961585289869
946.8 6.326152228661746
946.85 6.297947396901739
946.89 6.2859390947598515
946.91 6.291079141743229
946.95 6.278671608845076
947.04 6.247294363857598
947.1 6.267601477664987
947.16 6.248587719224921
947.19 6.242077807391963
947.25 6.254493334290706
947.27 6.25849725403694
947.3 6.265989647503922
947.35 6.288316888717465
947.41 6.2942895395811576
947.48 6.2916972706460115
947.53 6.317292285321436
947.57 6.328155778388798
947.68 6.330749074034118
947.7 6.339709708805227
947.75 6.326750965367435
947.79 6.348936123398151
947.86 6.321392251711644
947.9 6.358800471342333
947.94 6.378340875434014
948.01 6.41887211213304
948.05 6.412385427334114
948.08 6.416015315228959
948.11 6.414779336765524
948.19 6.45058136914805
948.26 6.461416175259024
948.3 6.429886028805986
948.37 6.441116347185466
948.45 6.440677233981157
948.49 6.423591304910769
948.57 6.415346184475677
948.61 6.421074833717638
948.65 6.428118470494074
948.73 6.367301253476648
948.76 6.374063607204351
948.77 6.364127686660698
948.82 6.353842391129413
948.87 6.351099483275684
948.93 6.336131758144367
948.97 6.318891029158823
949.04 6.276330395408075
949.09 6.270171489285637
949.16 6.2663442857116225
949.23 6.26817357768593
949.31 6.258239013936385
949.38 6.288967412152101
949.41 6.303910923331078
949.44 6.302668987312944
949.49 6.325345840347386
949.5 6.312565631221972
949.53 6.326878688531483
949.56 6.361690900311891
949.58 6.339199834794181
949.64 6.314197566523472
949.69 6.340020393173707
949.74 6.327142109414584
949.79 6.353707261087499
949.85 6.390294092282339
949.9 6.379417661273616
949.94 6.360896957270264
949.99 6.331730259637421
950.01 6.355614713293945
950.05 6.315565187405137
950.11 6.322790267569909
950.15 6.33153882072785
950.19 6.3224707483416855
950.27 6.368887443873326
950.32 6.375267869198942
950.45 6.345880712730263
950.49 6.314157573151451
950.51 6.278864659645197
950.56 6.272144607691853
950.59 6.268560319949745
950.67 6.226458694859211
950.71 6.223602841058576
950.78 6.198044657451058
950.78 6.198044657451058
950.83 6.208588056600764
950.87 6.2095641448242445
950.89 6.211580907767151
950.94 6.2519815040731475
951.02 6.258698996701555
951.07 6.263982339332922
951.13 6.191644744852908
951.19 6.201490534418702
951.27 6.222888672822571
951.34 6.218610062635468
951.39 6.219706381715093
951.44 6.20739213935427
951.47 6.1782528339982985
951.52 6.170113696707943
951.56 6.1468888410514175
951.61 6.151118810936966
951.65 6.11898024117738
951.68 6.114860190676086
951.7 6.099345883127162
951.74 6.097888357804067
951.79 6.077437990243305
951.84 6.076482235935226
951.88 6.0591028438810355
951.9 6.05613471421894
951.95 6.045910212948117
952.02 6.040235462665703
952.07 6.0105210786057155
952.1 6.015972007241991
952.17 5.986609637306822
952.21 6.029045856468002
952.27 6.0350073016785295
952.33 6.003458599133932
952.35 6.030855007477141
952.4 6.060303022726895
952.45 6.08753487120039
952.49 6.087733983224385
952.54 6.090927182243602
952.59 6.092046479060239
952.61 6.091714856999617
952.67 6.093638013734016
952.71 6.094035832457238
952.75 6.10741394130978
952.78 6.082895376514065
952.81 6.074778127053629
952.87 6.056393232766429
952.89 6.021669623161423
952.94 6.028249993140463
952.98 5.998282582489246
953.05 5.943122670003297
953.09 5.911972102557158
953.11 5.904791753869534
953.17 5.882786050603208
953.22 5.888835524820156
953.23 5.896163793073214
953.27 5.889307208317412
953.31 5.868413995985862
953.32 5.844586548182165
953.36 5.840506412248442
953.4 5.827486247053355
953.44 5.848802001135349
953.5 5.85601650381292
953.55 5.848896986577547
953.58 5.84510500549413
953.61 5.8290373791627665
953.64 5.854325863251152
953.67 5.855248875491067
953.73 5.866967967469497
953.79 5.883198127041129
953.8 5.887840577551894
953.86 5.934014261233727
953.89 5.955890047895969
953.95 5.956704057809425
953.96 5.962712419188053
953.99 5.978910748403409
954.04 6.025065488558128
954.13 6.0396919447831765
954.18 5.997272107156112
954.22 6.0177850886964555
954.27 6.0098488190871215
954.33 6.040360882924098
954.37 6.024621200213391
954.39 6.0132765568777
954.47 6.009176484361391
954.53 5.997398425883326
954.56 6.007268324893832
954.62 5.960780912842636
954.65 5.961789101681583
954.7 5.938234271450254
954.74 5.906031842211154
954.8 5.906681715556446
954.81 5.907870114764643
954.84 5.906202868445371
954.88 5.903739612664279
954.94 5.9166261202195845
954.97 5.938157725399114
955.03 5.96192464348095
955.07 6.013881248974547
955.11 5.994770448255106
955.15 6.025828246855867
955.22 6.026171875639419
955.27 5.982896497938983
955.29 5.976883076749232
955.31 5.950460469407363
955.37 5.911220284554219
955.46 5.903979140966687
955.52 5.92968904085299
955.56 5.949823866334537
955.59 5.942646759235357
955.63 5.950392568324527
955.67 5.939178258297892
955.7 5.9348312715882905
955.77 5.945637565527023
955.8 5.967927748905944
955.83 5.957857048139086
955.88 5.961628141792313
955.92 5.958916585142546
955.93 5.941218798199642
955.95 5.941422813645321
956.01 5.87151142932095
956.09 5.855317879906045
956.16 5.880493348368147
956.25 5.847169737522072
956.29 5.871167350757949
956.31 5.878732427104917
956.34 5.862429599413609
956.39 5.856697797471632
956.47 5.905749638096651
956.49 5.898972689195871
956.55 5.886768247862348
956.57 5.877976357608632
956.62 5.887463139776095
956.63 5.87522619379738
956.67 5.903354636102759
956.71 5.9106050896039894
956.74 5.9128690330515665
956.76 5.90859671593139
956.79 5.9276700926479355
956.82 5.907331517408317
956.87 5.870066163824457
956.92 5.8597755671160074
956.95 5.867863169997935
956.99 5.854282728279045
957.06 5.837565564271782
957.11 5.830769999569419
957.14 5.8153749542558195
957.19 5.839079421008796
957.21 5.838387420920928
957.35 5.8350646781316655
957.4 5.818813097065919
957.47 5.8473079362224505
957.51 5.856007879334544
957.56 5.807205555483323
957.61 5.804726391902418
957.66 5.81745891973706
957.69 5.820019438337487
957.7 5.814471670588898
957.73 5.813351056408904
957.74 5.811204781291138
957.8 5.817076915288622
957.83 5.815435747155402
957.89 5.813420558144626
957.93 5.8261947662728755
958.03 5.779544213269012
958.07 5.791416497758129
958.17 5.808483868315796
958.19 5.821754742586482
958.23 5.822032343268168
958.25 5.831601474515877
958.27 5.847998880736122
958.3 5.859465277082319
958.36 5.842235631307351
958.37 5.83901022469052
958.44 5.848802001135349
958.48 5.838707481155823
958.49 5.828344186782035
958.52 5.847351122646483
958.55 5.8125169707583195
958.59 5.84322970054518
958.6 5.856878887515972
958.65 5.866141505420422
958.7 5.878397362849471
958.78 5.844068044875192
958.8 5.806648923188973
958.83 5.798040421321044
958.86 5.785771471044421
958.91 5.782409759456916
958.98 5.722505631895056
958.99 5.6951068843562975
959.04 5.704720710415054
959.1 5.6809090181701825
959.15 5.659308948783214
959.2 5.665775330968398
959.23 5.65838075135217
959.3 5.627314338711381
959.32 5.649492691982854
959.35 5.657523818560181
959.4 5.663992238766585
