495.53 14.306497076009157
495.4 14.292047658142842
495.66 14.29432323573511
495.93 14.322585822625213
496.25 14.28312205918495
496.84 14.261426395290297
497.31 14.286883862657053
497.77 14.330059527462057
498.38 14.304608284808722
499.0 14.224747250599371
499.49 14.203069094993932
499.98 14.246020177898494
500.44 14.173043128247071
500.92 14.174724980853362
501.36 14.222986090597617
501.87 14.216688869924756
502.35 14.202272545425453
502.83 14.148601672707068
503.35 14.153112945942533
503.93 14.159449141827517
504.33 14.174279594399215
504.72 14.021685945979423
505.27 13.95509030621247
505.71 13.867551690871387
506.16 13.925284031341528
506.7 13.906251773351377
507.16 13.941957603514
507.73 13.999895382004485
508.15 13.967765921881883
508.53 13.958419493175965
508.97 13.983724305582736
509.46 13.885840473538709
509.95 13.882897697701601
510.44 13.939494070786605
510.89 13.910896099929381
511.43 13.935098481782239
511.99 13.911331766410846
512.45 13.917778035826894
512.86 13.917520387532178
513.29 13.924975744860363
513.8 14.008655333129738
514.3 14.03782768310703
514.79 13.96047450786857
515.32 13.978251505517962
515.81 13.95280283924011
516.28 13.924819785570156
516.78 13.854642222414515
517.27 13.897790682643976
517.79 13.899563978336817
518.29 13.871921352869688
518.75 13.946054074268616
519.22 13.946202553260353
519.65 13.896714966807334
520.17 13.957406346423817
520.63 13.945532574551565
521.1 13.915691310404407
521.44 13.898128643741204
521.84 13.87587107102823
522.3 13.920045860832383
522.82 13.887993506491988
523.3 13.800526999160047
523.78 13.788137193715734
524.2 13.787712286706967
524.7 13.85822878475114
525.16 13.882421120309532
525.62 13.87154634421837
526.03 13.888048055356045
526.53 13.788045620036295
526.94 13.694959627246773
527.4 13.703203194062974
527.85 13.752777497250833
528.3 13.741112830414488
528.74 13.688172288733828
529.25 13.7071646826163
529.66 13.627971828618376
530.11 13.649209101296277
530.51 13.687342084324973
531.06 13.675030700019086
531.47 13.64592291203538
531.9 13.654835973183475
532.42 13.638315011893377
532.89 13.609188072769074
533.39 13.587646647383105
533.8 13.603326984620534
534.28 13.609325382756392
534.74 13.543510130932331
535.2 13.577313222557489
535.67 13.605595254240892
536.17 13.601140029461135
536.59 13.718744089527272
536.96 13.742891642848331
537.42 13.69743764285123
537.8 13.681809792272341
538.3 13.671100537227787
538.82 13.699059910236267
539.33 13.658944603327436
539.76 13.617516942407947
540.25 13.467037948677174
540.67 13.411931217759022
541.12 13.385715286729123
541.6 13.398326444565813
542.05 13.349516693858089
542.5 13.400964837871136
542.98 13.302980603206679
543.34 13.31378870558526
543.79 13.338101420177804
544.23 13.302126358464864
544.68 13.338544436210714
545.14 13.394571492009195
545.47 13.38509271804671
545.87 13.332314355002513
546.37 13.370897841615168
546.89 13.38693392827499
547.3 13.31324243910642
547.81 13.244930419529645
548.26 13.21738983080222
548.81 13.273117816310396
549.3 13.348097885905586
549.69 13.28604873200046
550.03 13.256944054214214
550.42 13.213996252825904
550.85 13.177402604228927
551.26 13.207451218034752
551.69 13.196797132086811
552.19 13.143877477803692
552.62 13.144711268926164
553.01 13.250115303481534
553.5 13.283619441046385
554.09 13.239133146269296
554.49 13.202000919664728
555.0 13.280957735940522
555.49 13.291217575770279
555.89 13.319610362244843
556.39 13.290001558094016
556.89 13.275552833321218
557.27 13.25648688169095
557.74 13.277626050441157
558.19 13.22355947740718
558.68 13.242020658159053
559.09 13.180253825670086
559.48 13.178249604035532
559.9 13.263834020723156
560.37 13.264713576350843
560.75 13.325281659804844
561.11 13.337041151119942
561.54 13.266818942326942
561.98 13.343920039486228
562.41 13.408195142139636
562.94 13.46812173357157
563.35 13.475286020464774
563.77 13.340039979950088
564.2 13.300717683985742
564.66 13.323647997436584
565.08 13.354286566378967
565.58 13.300094933966646
566.05 13.327555566334633
566.53 13.393391254380992
567.0 13.39983416149452
567.31 13.3535415043003
567.71 13.232417341017804
568.16 13.232741762214456
568.66 13.162711335320303
569.14 13.139515542319995
569.61 13.118646610412554
570.06 13.13397937189693
570.52 13.12063684091253
570.89 13.12326563817486
571.35 13.090496977239296
571.76 13.148814134031745
572.26 13.226557306488269
572.71 13.287265111429594
573.1 13.198178631611226
573.53 13.208854544730151
573.92 13.257115489845866
574.33 13.252066734184245
574.73 13.258010728795186
575.18 13.36615656851817
575.62 13.289914152537559
576.06 13.248838332914971
576.47 13.307137144776823
576.89 13.305952947398541
577.3 13.214240864164754
577.72 13.202448502631876
578.13 13.204418452422155
578.53 13.166728039749556
579.06 13.164706413342259
579.44 13.198040870836959
579.84 13.254859981580838
580.19 13.250267769354545
580.48 13.296524950436325
580.87 13.279934738795468
581.31 13.330071570730901
581.64 13.331454413066748
582.09 13.262002377872925
582.48 13.353378871009662
582.85 13.30024302960155
583.26 13.269255115232783
583.63 13.23116538229862
584.0 13.147185434475503
584.41 13.183318967160698
584.86 13.215402706193583
585.28 13.249798931197855
585.8 13.28323923011419
586.28 13.216212877684853
586.69 13.229668983543826
587.12 13.231642514682884
587.5 13.231047050804635
587.94 13.196892808459863
588.31 13.164610503048305
588.68 13.124023773218335
589.05 13.184299661937205
589.5 13.222646627600083
589.92 13.195254733226923
590.36 13.208904251116044
590.75 13.182767294288158
591.18 13.219498913164278
591.6 13.141806219354729
591.99 13.234096611832376
592.35 13.262215638284717
592.76 13.223120247918379
593.21 13.175808103942572
593.53 13.191254372469357
593.92 13.114630583952241
594.27 13.032093252638058
594.71 13.003725184994826
595.1 13.08133067089171
595.61 13.073139244151331
595.94 13.015002997706262
596.43 12.974921420131446
596.85 12.969564216256302
597.28 12.99423337523615
597.61 12.958281935004756
597.96 12.896573814839966
598.39 12.886368179145155
598.85 12.923531899897826
599.26 12.976762448174957
599.7 12.94003262918778
600.03 12.947801186130233
600.41 12.91940440194555
600.8 12.929490213141323
601.18 12.962556799793735
601.61 12.937218254385915
602.05 12.962552903567172
602.45 13.010000038820179
602.78 13.02257558040938
603.26 13.066743970086733
603.8 13.06239880826882
604.12 13.039396404199795
604.54 12.996052236636087
604.87 12.905761770181828
605.27 12.894956339200954
605.76 12.884192805233248
606.18 12.913371036067671
606.53 12.930626864584376
606.95 12.98046317518848
607.4 12.92089373648336
607.81 12.904227637061075
608.18 12.960998215703707
608.55 13.030946072927922
608.92 13.123869840712366
609.36 13.044229344500167
609.72 13.0554992476757
610.12 12.989723988327436
610.45 12.916495600040228
610.84 12.854052538661369
611.21 12.885113954333555
611.65 12.960214956441572
612.09 12.942838587692838
612.5 12.952516233059766
612.9 12.975112151867334
613.28 12.933458293679363
613.7 12.907205723779239
614.08 12.921425320885945
614.46 12.821556973797033
614.87 12.838275317631767
615.31 12.760177162254497
615.71 12.682840551092822
616.06 12.717457976094801
616.45 12.684497019845315
616.83 12.621974584994312
617.16 12.620105812039402
617.51 12.55975213678096
617.87 12.528476654115906
618.23 12.473693530908566
618.64 12.472612421063227
619.04 12.531108764538219
619.46 12.447400442573453
619.86 12.38280006193015
620.17 12.333787870412039
620.58 12.360069301234242
620.99 12.325136506302467
621.31 12.332674020051307
621.74 12.421568078763391
622.18 12.459534501738016
622.64 12.36688311498892
623.08 12.408599168855986
623.46 12.315236518437255
623.82 12.283174004969709
624.17 12.22603200494169
624.54 12.182467945885403
624.9 12.08262798359277
625.28 12.07224046724509
625.62 12.009911731481617
626.02 12.017646957031083
626.4 11.987367087770764
626.74 12.063485266193878
627.09 11.982390277723251
627.44 12.018773194087197
627.83 11.985728044957332
628.3 11.986103064243467
628.7 11.977672831758532
629.13 11.955012473114497
629.55 11.942095141290592
629.94 11.955996762539646
630.26 11.9304550447901
630.69 11.8506659234105
631.03 11.874303807343436
631.35 11.886139113703116
631.75 11.907365516156524
632.1 11.992000700803885
632.53 11.975104647272662
632.92 11.970232439115987
633.31 11.91865950702697
633.58 11.912288875888898
633.92 11.906775933531007
634.34 11.86899874939463
634.74 11.811328238071903
635.13 11.727249628040832
635.38 11.698035749818876
635.84 11.738497486148868
636.2 11.70254224301263
636.56 11.706270442663092
636.97 11.747731352018222
637.39 11.609726851901275
637.73 11.605340985681524
638.07 11.555972700318442
638.42 11.645591353804148
638.79 11.696753412979184
639.08 11.659027802219592
639.42 11.717361719114317
639.73 11.673032895083306
640.2 11.75593553070194
640.62 11.766052864066182
640.94 11.758358299481683
641.25 11.79742738605722
641.54 11.88447761076641
641.93 11.93268577894306
642.32 11.933214829274474
642.7 11.91764670689239
643.05 11.962377892730391
643.5 11.973455489692038
643.87 11.953322516853596
644.21 11.868211509930394
644.58 11.908896597998412
644.91 11.9333968171665
645.33 11.887566715869252
645.71 11.906449317640226
646.03 11.919303586191514
646.42 11.87747209781372
646.75 11.852950022775945
647.1 11.90407790242784
647.44 11.905622133422439
647.75 11.975037167020199
647.99 11.921879554886138
648.29 11.928486403512725
648.62 11.838799420429917
648.98 11.84749899021867
649.35 11.845277795839404
649.76 11.78350156324125
650.02 11.761072582159688
650.36 11.717654814144097
650.7 11.67532146508743
651.03 11.63194399969847
651.33 11.64374805150252
651.68 11.611453767115409
652.01 11.62416066265049
652.37 11.714322581154818
652.71 11.68984278091131
653.07 11.73637615503718
653.39 11.78930777347753
653.8 11.70858271059778
654.14 11.738755634154066
654.49 11.747765745025736
654.83 11.811700242821207
655.2 11.736156685106666
655.52 11.742592765164126
655.87 11.778815944334346
656.13 11.753920472108293
656.47 11.751170154499508
656.88 11.846049505589988
657.14 11.83815096127001
657.46 11.847021532516907
657.85 11.823939933691962
658.2 11.811653208384998
658.5 11.798390576770215
658.85 11.880188924797823
659.23 11.965316037564065
659.59 11.956229093715713
659.99 11.898981367148938
660.33 11.916421908908362
660.71 11.840945055103493
661.01 11.86157108847174
661.29 11.903055375521333
661.62 11.922121023415665
662.01 11.922726791360027
662.38 11.914493338583538
662.76 11.934264395708123
663.09 11.972270149192777
663.4 11.954459038747462
663.78 12.013948122700937
664.2 11.95952770933297
664.56 11.920036607631399
664.88 11.950470173752047
665.29 11.931873111946674
665.66 11.999343416380848
665.99 11.928655761770827
666.37 11.95078713438212
666.7 11.89134308663409
667.03 11.812042305814156
667.48 11.788952198537155
667.77 11.743775484326262
668.16 11.824234658214682
668.46 11.82568681670831
668.73 11.824349983202142
669.05 11.854654287782001
669.32 11.860195716101927
669.61 11.870424158258608
669.84 11.907658175826315
670.21 11.908994139478834
670.53 11.980164582940562
670.88 11.937784847730631
671.19 11.918659507026973
671.6 11.995790507465102
672.02 12.015125148047042
672.35 11.977567416304582
672.64 11.959122294742457
672.89 11.997386078945393
673.09 11.94608680275637
673.41 11.98744713810613
673.76 11.923256283584628
674.18 12.012098278423508
674.5 11.997895438346466
674.78 11.986170482196671
675.05 12.012094073907509
675.33 11.937594465224628
675.59 12.03454203616415
675.87 12.059327250612853
676.22 12.019832096845763
676.57 12.004422585704052
676.87 11.955857361666926
677.2 11.924001768777892
677.58 11.874920520733491
677.96 11.938326363592013
678.32 11.913730301503799
678.69 11.86940298720737
679.04 11.846595214736507
679.39 11.800440840934884
679.76 11.851028170031014
680.13 11.83783951759967
680.42 11.756090190435621
680.76 11.802345255725806
681.04 11.738669585449765
681.32 11.717103099764255
681.59 11.71211493982348
681.91 11.728489874978566
682.28 11.690521067441047
682.6 11.69563503140718
682.96 11.667030297363409
683.32 11.677380362102285
683.67 11.626385004928586
684.0 11.652372195299023
684.28 11.706926206828216
684.47 11.64843163674662
684.76 11.692283564363931
685.06 11.687703976505574
685.39 11.698998489467616
685.69 11.772845832248844
685.98 11.782524296086931
686.23 11.789273501661144
686.49 11.715909066415858
686.77 11.762682817737925
687.07 11.770752145067284
687.44 11.805083650698961
687.77 11.886547017532044
688.05 11.832479696055923
688.35 11.80769736958554
688.64 11.796695308518409
688.94 11.830298373074092
689.22 11.891411041825798
689.5 11.853908701991571
689.74 11.890595553893114
690.01 11.89388689430606
690.38 11.861813784688506
690.71 11.896264586462053
691.01 11.851347790207004
691.35 11.852950022775945
691.71 11.776791935108148
692.02 11.789380600756555
692.27 11.818368685391327
692.62 11.876281430063056
692.9 11.902380714238083
693.2 11.82703631003084
693.56 11.890340702444227
693.85 11.858913878759655
694.13 11.73241645866681
694.41 11.700897833115631
694.74 11.677155458242373
695.14 11.767117340498075
695.44 11.7776710496403
695.74 11.780500923993092
696.05 11.782862919760143
696.38 11.745431091073309
696.72 11.811721622048484
697.07 11.759590970691958
697.41 11.71211493982348
697.75 11.619710700687722
698.05 11.667424217829218
698.39 11.68258221767462
698.64 11.66322027017869
698.92 11.684989940046588
699.22 11.703905935259991
699.55 11.74164220269727
699.89 11.859356788390487
700.22 11.72460074485535
700.43 11.659525953251507
700.64 11.629395009321351
700.89 11.586211763570656
701.12 11.528865836444947
701.46 11.423367862996153
701.63 11.43506480395748
701.99 11.424318382514139
702.35 11.398542348772834
702.67 11.42127644160475
703.0 11.405297369240667
703.33 11.404460406863501
703.65 11.401200539301717
703.94 11.367879611813578
704.24 11.38324127031408
704.53 11.478970671483035
704.84 11.574719928108044
705.16 11.48360271487704
705.42 11.466402393008188
705.71 11.461216992514146
706.0 11.508451001088046
706.31 11.571206863712542
706.57 11.59175516816965
706.82 11.577041020393716
707.1 11.536941106767
707.38 11.482775858395105
707.7 11.493959766377777
708.04 11.466173350910541
708.33 11.512009539448952
708.55 11.44453025367458
708.85 11.4718584088863
709.13 11.51955298655729
709.32 11.481984131497468
709.71 11.442694286104675
709.99 11.46579894532193
710.32 11.474063857855308
710.55 11.525443964804937
710.79 11.64482370806527
711.1 11.65973820244241
711.35 11.687319382280712
711.61 11.642741702169392
711.9 11.528182419574648
712.21 11.566492008112796
712.52 11.501848775415427
712.77 11.435241469892423
713.01 11.441105230216566
713.31 11.380201663370901
713.69 11.42626338526707
713.97 11.460476659045437
714.24 11.470753323918258
714.52 11.49745689931105
714.8 11.53562772764045
715.0 11.497035190944585
715.34 11.458506610260066
715.55 11.449824664530233
715.87 11.352617283777304
716.12 11.423244068586865
716.41 11.442517735236951
716.7 11.418131956398883
716.94 11.414875993167595
717.14 11.372499170091741
717.51 11.310578761460087
717.79 11.320219685914825
718.09 11.314686085443164
718.37 11.353507000575691
718.64 11.266756320245772
718.89 11.253636898102917
719.21 11.253098338778615
719.5 11.274804305229077
719.76 11.261017052225121
720.1 11.237113831973375
720.32 11.262595642482273
720.52 11.248775466465208
720.81 11.26691321229259
721.16 11.225620047665318
721.45 11.24868117971295
721.74 11.374808245691998
722.02 11.32261525274158
722.26 11.30890415253897
722.52 11.424305119995157
722.8 11.424764878335685
723.17 11.346743403223046
723.41 11.370789263936278
723.7 11.362262543217794
724.02 11.406165265355668
724.29 11.524497403533069
724.61 11.602764386737386
724.92 11.666822509781639
725.18 11.692508177236714
725.47 11.695164329194723
725.78 11.692680953433554
725.98 11.683520294185588
726.21 11.750173005388708
726.53 11.727938670309692
726.82 11.692508177236714
727.08 11.741904582831665
727.35 11.811973894008032
727.64 11.832603477278578
727.9 11.845384388576479
728.18 11.81881738772727
728.46 11.810301957326592
728.63 11.777100704761807
728.98 11.788523780749353
729.25 11.891236905869597
729.54 11.893823199586848
729.72 11.952836610206932
729.97 11.939625055446523
730.21 11.902206738774328
730.55 11.986840427499795
730.89 12.029337034722634
731.04 12.0871582243054
731.37 12.076067826135054
731.6 12.032783501246866
731.84 11.964357842603114
732.08 11.944044625678611
732.31 11.989637781910432
732.57 11.959743080244428
732.78 11.98448491958994
733.03 12.061672329902654
733.3 12.008835131357294
733.53 11.968354738706365
733.85 11.934480222524067
734.09 11.95707389630156
734.34 11.94027223350042
734.58 11.902957785374358
734.83 11.902003056951244
735.11 11.892527999640036
735.34 11.888556589333199
735.67 11.922354014729025
735.97 11.814607462584165
736.22 11.85227250936982
736.6 11.889219291170274
736.96 11.821842478901473
737.21 11.853734015111433
737.55 11.859765613368605
737.86 11.928253531981632
738.17 11.959574162210549
738.42 11.964746195183224
738.7 11.997895438346465
738.96 11.993196724675512
739.18 12.074164755603368
739.42 12.107414874757325
739.67 12.061337346491003
739.86 12.058795356690712
740.17 12.10897905429577
740.44 12.096681237831183
740.72 12.091469570057914
740.94 12.181141244571542
741.21 12.236965854873217
741.43 12.278136107024801
741.73 12.264636689739854
741.98 12.272972687407837
742.22 12.237201106016473
742.49 12.198273598664644
742.72 12.17886893290377
742.98 12.114754340360058
743.19 12.04679009176932
743.42 12.116588512106746
743.7 12.172580546938974
744.0 12.160542252662415
744.22 12.227291877871673
744.49 12.18916143816533
744.77 12.195259055647133
745.09 12.194629551527584
745.32 12.25971476261198
745.63 12.274351183247816
745.9 12.220615137685762
746.14 12.195395720011577
746.42 12.13325008296448
746.6 12.108933174572508
746.79 12.074093646056296
747.01 12.087638731406976
747.22 12.018151255328728
747.44 11.995217902366445
747.76 11.995891552586414
748.0 11.907895691430111
748.28 11.956216421222528
748.55 12.014616519099148
748.78 12.038305864232226
749.08 12.051807358486139
749.27 12.087939560912883
749.57 12.047259632234404
749.87 12.055976346052013
750.12 11.993499923043327
750.36 12.0365772509959
750.61 12.057015226067191
750.78 12.049208867947899
751.04 12.045301695237551
751.26 12.069345090314176
751.41 12.032863249443086
751.67 12.091448685460783
751.91 12.054669240798374
752.14 12.024402797073233
752.46 11.975075124709003
752.67 11.985728044957336
753.0 12.008414558217925
753.17 12.058824674289466
753.45 12.059092717601818
753.66 12.058962884866418
753.86 12.187939062280321
754.05 12.169987093608016
754.3 12.201589563609646
754.54 12.26345478371912
754.77 12.263813073881677
754.98 12.211089512025827
755.29 12.287215167223883
755.52 12.281611449560671
755.72 12.3518125280168
755.93 12.314280943340345
756.14 12.293564054891368
756.36 12.257770159899774
756.63 12.222396233839325
756.87 12.155270711119769
757.14 12.17052242763704
757.4 12.222681350421414
757.69 12.209199214303348
757.9 12.220615137685765
758.12 12.215472883919709
758.37 12.262000924264633
758.6 12.313251464018819
758.94 12.248124985342267
759.14 12.223524264897808
759.35 12.15088224755468
759.64 12.134365590455412
759.9 12.01892447162164
760.13 12.039207833263998
760.37 11.966835484586205
760.64 11.99622836351055
760.9 11.970924371285216
761.13 11.927944440927725
761.36 11.99370205103032
761.57 12.027120027737986
761.86 12.015158775648386
762.06 12.015831307912153
762.28 11.98911964653744
762.54 11.972544348709604
762.75 11.936172846529253
763.03 11.964134112024363
763.18 11.962382114720539
763.41 11.979861047068566
763.63 11.963458673575273
763.82 11.948864110674016
764.08 11.901684797124355
764.32 11.920511140827223
764.56 11.912407588118134
764.84 12.038423333794025
765.19 12.02496981243192
765.44 11.982579948501161
765.68 12.014200352125405
765.94 11.991427914737397
766.18 11.991057273879335
766.53 11.981007697791762
766.74 11.994628427388285
767.01 12.001258351531392
767.24 12.053014208701136
767.45 12.071650569609256
767.62 12.024201185168774
767.84 12.067754847970152
768.06 12.015831307912153
768.29 11.931873111946674
768.48 11.847072689619633
768.63 11.860855744418235
768.87 11.877876047254382
769.11 11.835484226202444
769.29 11.838385605198615
769.47 11.802631961224632
769.78 11.797602906668553
770.04 11.821842478901472
770.28 11.843320582684676
770.51 11.877739981608757
770.79 11.85373401511143
771.01 11.84026258922572
771.23 11.780702419420901
771.47 11.77178187382218
771.69 11.756532677880013
771.93 11.781045382436584
772.14 11.690469225273667
772.43 11.593497829352103
772.73 11.57047356791668
772.98 11.514575743181101
773.24 11.505045006694258
773.52 11.417229581344651
773.68 11.411388959272136
773.85 11.371037993538891
774.09 11.384993667458964
774.3 11.375589672805551
774.53 11.322146885684274
774.72 11.370775938982597
774.92 11.356197969533309
775.13 11.334808281919843
775.29 11.336269673089564
775.5 11.35425875692429
775.76 11.31024385951143
775.99 11.233513171836234
776.24 11.22328027815487
776.47 11.195647603087783
776.67 11.194384414707333
776.97 11.166739031877686
777.16 11.164264780128073
777.34 11.133913975060178
777.51 11.14504464782534
777.7 11.078690073170824
777.9 11.152297403393499
778.09 11.154647534376043
778.34 11.099385732389138
778.54 11.088641927575253
778.79 11.034651573726066
779.04 11.045287856746134
779.32 11.056219968868204
779.49 11.167679736949427
779.71 11.14305055887192
779.95 11.157617319231923
780.13 11.16691994285358
780.35 11.198281794610955
780.56 11.228858923651712
780.83 11.242106096944177
781.03 11.236174445139952
781.24 11.306670954830514
781.48 11.257751538249979
781.74 11.342794624738207
781.96 11.330587902762236
782.14 11.285120264930248
782.35 11.195575424734054
782.54 11.198322385180038
782.74 11.25787715245632
782.96 11.259940613798209
783.11 11.253636898102917
783.4 11.254628677422753
783.64 11.201118270291166
783.81 11.143413147041462
784.05 11.178419866290165
784.33 11.208812370071806
784.53 11.25054880816258
784.77 11.278705241258498
784.96 11.255454345571852
785.14 11.23128746768678
785.34 11.196337785096507
785.53 11.253241957118602
785.68 11.253623434433925
785.84 11.189569457600445
786.03 11.26490482907338
786.22 11.25335415767138
786.5 11.269427669584644
786.74 11.26684597311147
786.9 11.262254829224204
787.08 11.27048527721138
787.24 11.233175972281497
787.48 11.292690046434839
787.66 11.269176697272227
787.78 11.236286816121302
787.93 11.282645115755473
788.18 11.258559033693055
788.36 11.195706247657554
788.56 11.197330129106758
788.72 11.167304368946292
788.94 11.187854164587625
789.13 11.218360671756642
789.28 11.242128559372311
789.44 11.244141010797893
789.71 11.203620446583827
789.92 11.136145534866966
790.1 11.111464640840405
790.33 11.13557861590996
790.54 11.16037362250653
790.78 11.075115431370536
790.95 11.104985685299507
791.18 11.038390308648294
791.42 11.004296681503343
791.69 11.001097282277865
791.92 10.985463305678287
792.09 11.050933504149379
792.28 11.050005713239536
792.46 11.063106400659958
792.71 11.045630792125891
792.91 10.985844886889119
793.11 11.020545551034408
793.3 10.966892325208962
793.52 10.998144930814103
793.72 10.959134375607697
793.92 10.942161993450343
794.17 10.900889593945708
794.34 10.91215613502444
794.51 10.889244995207733
794.66 10.922333712965086
794.86 10.874880702933265
795.09 10.82094396449904
795.28 10.827462278573844
795.52 10.822236741118173
795.72 10.841446845184905
795.91 10.940698738603892
796.09 10.949004843852567
796.3 10.917042556563482
796.54 10.94099879103616
796.68 10.91831932898544
796.92 10.982704492965201
797.07 11.019042287299426
797.3 10.986217260593822
797.51 10.973333149232303
797.7 10.896668010789984
797.93 10.92514013039132
798.2 10.84975445423406
798.38 10.884870419091081
798.58 10.831286519927705
798.82 10.737811977335328
798.94 10.735403527063559
799.19 10.797207832106267
799.4 10.768453740421412
799.61 10.815154911399821
799.81 10.855985641222274
800.03 10.86785176657291
800.21 10.857474267745108
800.44 10.790306162046885
800.58 10.793918976381416
800.82 10.772561478500869
801.01 10.724742468241418
801.23 10.806708541223342
801.45 10.826804559504016
801.61 10.908151895613557
801.8 10.873004286866731
802.0 10.82085528463019
802.19 10.820570570665273
802.38 10.749470271185977
802.63 10.706040020908432
802.84 10.709874609042544
803.04 10.73361565598959
803.2 10.766577539738055
803.45 10.72745462951407
803.67 10.703586673483228
803.86 10.713929383204036
803.97 10.686019375848524
804.11 10.703435679889678
804.33 10.696034382664985
804.57 10.746157405784588
804.76 10.751668886195473
804.95 10.738747928446172
805.14 10.832069856391131
805.45 10.843584893075416
805.67 10.828371824223455
805.87 10.808390866882688
806.02 10.727082689636688
806.23 10.655159512763019
806.36 10.704025486524298
806.57 10.702831684213576
806.77 10.758933333032902
807.04 10.780566128947305
807.26 10.779348005994771
807.38 10.751349457231644
807.58 10.758299591525144
807.76 10.758243257139986
807.99 10.812913155532645
808.19 10.782229113057493
808.38 10.712760256966098
808.66 10.669715473377357
808.84 10.649341991338474
809.07 10.60041451447951
809.32 10.673179829683733
809.46 10.651902661169524
809.65 10.631927331762517
809.8 10.655296970772502
809.98 10.660016866588892
810.18 10.632882103088596
810.36 10.643459603119297
810.53 10.612033383157653
810.77 10.578093429633743
810.99 10.57870454729642
811.16 10.587509316895716
811.31 10.521449951927208
811.49 10.527016709784444
811.72 10.541002194892444
811.91 10.52855184915779
812.02 10.528441518481303
812.21 10.529703056812487
812.43 10.53350114941117
812.57 10.540211601579
812.76 10.580256054643389
812.9 10.658614384902977
813.15 10.70766269566054
813.34 10.699022895063404
813.48 10.666174231057393
813.68 10.674126179550706
813.86 10.709214384224117
814.06 10.720338453876185
814.2 10.736513739232459
814.42 10.707478741986883
814.63 10.72018298502051
814.8 10.70825226947268
814.98 10.736494923033462
815.14 10.806862765311811
815.31 10.820570570665277
815.5 10.864175211690165
815.66 10.848097165918643
815.89 10.8719776945089
816.01 10.886461799182072
816.19 10.85040147281252
816.37 10.891248455952741
816.56 10.902061708454479
816.73 10.902557386950894
816.86 10.860939185908368
817.05 10.830535769319308
817.31 10.895921765096844
817.53 10.872497970623503
817.72 10.86750322119236
817.85 10.934492732318734
818.03 10.957636514312652
818.2 10.987596312536823
818.29 10.991544040945314
818.42 10.993276181926895
818.68 10.921094406253573
818.79 10.918703256709586
819.0 10.903618155864084
819.21 10.913151180427603
819.39 10.959885533576108
819.5 10.929988401853246
819.67 10.919406318268152
819.9 10.927215583305772
820.06 10.976393402261602
820.33 10.931425369367924
820.5 11.03117712154368
820.69 10.990992639062187
820.89 11.004035072589867
821.1 11.019266873265321
821.24 11.02166828194224
821.4 11.1000955496843
821.57 11.105786097727833
821.73 11.095412647494536
821.9 11.054959123041625
822.05 11.076752432208831
822.3 11.137796238507194
822.48 11.143218257366819
822.67 11.132857003056543
822.79 11.149394149414109
822.96 11.115481968585039
823.14 11.200667368284336
823.4 11.12191394036879
823.61 11.172562893810962
823.8 11.135528725660048
823.96 11.115481968585039
824.09 11.06007014060722
824.26 11.064201989143445
824.47 11.122327167286603
824.7 11.068656265109666
824.84 11.09984074869837
824.97 11.137755427355904
825.16 11.108937161064729
825.39 11.051664713032732
825.57 11.059302953540145
825.75 11.100436791842787
825.91 11.043618752542802
826.09 11.024394438120973
826.31 11.020362237167333
826.48 11.027495480192071
826.68 11.075389041665417
826.87 11.111605544554651
827.03 11.121418956048709
827.26 11.116118063788315
827.44 11.200036074977975
827.61 11.150843606261956
827.77 11.171622599924842
827.92 11.209375585201032
828.09 11.206144598731392
828.25 11.175708686542642
828.52 11.225404089372333
828.69 11.234592142399324
828.78 11.22279426484826
829.05 11.15490108346184
829.24 11.186319205786026
829.41 11.239446228135598
829.56 11.20454453254652
829.73 11.16800534716667
829.86 11.177195398206877
829.98 11.202434800280946
830.14 11.183519620902494
830.27 11.178853594030452
830.41 11.15193057526613
830.53 11.148633109131367
830.66 11.13391397506018
830.85 11.108623458895126
831.1 11.085070494985043
831.31 11.088892431326736
831.51 11.088710247341437
831.65 11.063065313981214
831.81 11.0286083446735
831.93 11.04102085018145
832.01 11.02017892025095
832.17 11.01519153008446
832.3 11.040330107786131
832.45 10.994374135268577
832.63 11.034981109218453
832.75 11.057585722941605
832.85 11.131332609196694
833.01 11.130534033854255
833.15 11.12134629594562
833.32 11.132698221768605
833.47 11.167643557450367
833.65 11.125886640414487
833.8 11.172657822930178
834.02 11.170831425971608
834.22 11.127888343702002
834.41 11.033553051002787
834.52 11.047628750555525
834.65 11.074928460447971
834.78 11.073291189965959
834.91 11.079232551914139
835.03 11.105058452449637
835.21 11.052944212180547
835.38 11.014022283829233
835.54 11.036596606131111
835.79 11.03190506181634
835.99 11.048556741068309
836.16 11.050590733329852
836.38 11.098075181186726
836.53 11.115059399505945
836.7 11.102370299293131
836.89 11.12181857813049
837.04 11.055342873950396
837.2 11.016058067817882
837.34 11.066575392102605
837.45 11.0173187814147
837.62 11.058869103962929
837.79 10.989705927077214
837.95 10.913225226690995
838.15 10.916926899512191
838.32 10.908138005520227
838.49 10.915187269640096
838.65 10.895625106649295
838.83 10.889764446349133
838.96 10.928528138442385
839.14 10.928620565961081
839.31 10.895921765096844
839.54 10.916043239196156
839.69 10.92647142392171
839.82 10.930801628536866
839.98 10.910082446521614
840.12 10.917764228887512
840.31 10.896848770691145
840.49 10.846490844340568
840.62 10.837439781152236
840.8 10.855338955481027
840.92 10.893126365750193
841.12 10.877908295664604
841.3 10.863245417926496
841.49 10.842765124983371
841.66 10.793956408541534
841.81 10.787848569927034
841.97 10.789496388767745
842.11 10.826356727911753
842.33 10.847012342930046
842.48 10.825036449888483
842.68 10.715682833392309
842.78 10.690862708619235
843.0 10.717681039697293
843.25 10.673648283355025
843.31 10.66258918278333
843.4 10.66193076683429
843.57 10.700943977995674
843.8 10.69692677474435
844.0 10.719565798533582
844.13 10.708870107994539
844.31 10.732462791724814
844.48 10.694546897056155
844.65 10.662286032288922
844.79 10.621395407574285
844.96 10.604858806369371
845.12 10.599485407749325
845.28 10.602153392856408
845.44 10.575672483811532
845.57 10.576565480993219
845.64 10.593994868449169
845.78 10.538606275130606
845.99 10.523177881575162
846.13 10.5358023573495
846.3 10.533736087428615
846.47 10.505847337689058
846.65 10.558518988585627
846.82 10.524027342949632
846.93 10.490260032790207
847.05 10.42856895767825
847.22 10.382171976493883
847.34 10.385712797060691
847.53 10.33524420259496
847.69 10.313955437545614
847.82 10.234009453530396
847.92 10.167963156280361
848.11 10.111394712417425
848.27 10.148249587833838
848.44 10.205286805762919
848.58 10.20712763442559
848.72 10.179281790862158
848.86 10.13147909669998
848.96 10.133373205663169
849.1 10.097004256188812
849.28 10.04744301357869
849.49 10.051880571828494
849.63 10.05706445512534
849.74 9.991531767987684
849.91 9.926085417583895
850.09 9.988978775114946
850.21 10.042631350619429
850.42 10.033459175693244
850.61 10.030151514007123
850.78 10.051965986911224
850.95 10.009465217452622
851.13 10.009747774297336
851.32 10.054276943096653
851.41 10.097599474702648
851.52 10.1169724380929
851.67 10.101560035534868
851.84 10.037022376273663
852.03 10.05384995859292
852.22 10.051965986911226
852.33 9.99399314537983
852.46 9.978178210677557
852.61 9.9330028417667
852.78 9.912322705306833
852.98 9.901515035589252
853.1 9.889796803174514
853.18 9.87741020324823
853.27 9.875850557922808
853.45 9.968004369537121
853.6 10.024213110506404
853.74 10.036921738252122
853.95 9.972056918806624
854.12 9.901821075239674
854.26 9.952026340541321
854.46 9.994362047037955
854.58 9.974897786874106
854.76 10.00718933486512
854.92 10.048046194322177
855.08 10.134130750123866
855.15 10.096879205822443
855.38 10.092281278984522
855.56 10.077798380699036
855.72 10.035371785274673
855.85 9.985216344904371
855.99 9.873436457219318
856.1 9.885710532241614
856.26 9.921530510801635
856.37 9.904243555367591
856.49 9.875482343417545
856.63 9.861316116804879
856.75 9.847703931743315
856.93 9.84655505568554
857.03 9.834442669834552
857.16 9.831633134988822
857.31 9.803828359628216
857.48 9.745737218876469
857.62 9.754335995190585
857.76 9.772275770636728
857.86 9.781470836084502
858.0 9.76905028313108
858.13 9.817172132893901
858.34 9.837282206591473
858.47 9.795334902829298
858.68 9.786488314781439
858.84 9.76048516760672
858.95 9.751845202241714
859.13 9.718933931644804
859.24 9.684017865545371
859.36 9.670866381336092
859.46 9.668672728106598
859.56 9.704023949273862
859.7 9.70421131116368
859.85 9.716564010061177
859.99 9.73434511138139
860.17 9.676645841792224
860.32 9.631471981231764
860.43 9.631865254602989
860.52 9.630003618741265
860.59 9.642179015223487
860.69 9.666870426274667
860.87 9.689789481821583
861.03 9.751928066290322
861.22 9.69700568175141
861.35 9.71240485568884
861.52 9.612155603897362
861.66 9.64859334490544
861.79 9.591973707009391
861.84 9.625009510686631
861.95 9.653988551344716
862.05 9.627795409357448
862.23 9.610447808021588
862.37 9.592352804355789
862.53 9.512835560653848
862.72 9.571717598100031
862.88 9.534922520647319
863.01 9.454297296665542
863.14 9.400214912651752
863.31 9.326507244072523
863.47 9.353284952033663
863.64 9.373851444795303
863.79 9.380072365166352
863.86 9.408807393376513
863.97 9.36947008624125
864.11 9.337547749800157
864.2 9.307323064461809
864.36 9.307887390636381
864.51 9.230488567346763
864.68 9.207901744993514
864.81 9.255841726207626
864.96 9.27679847247905
865.11 9.30069509729941
865.21 9.27938412271901
865.39 9.276771251275132
865.57 9.250995032476727
865.66 9.266230641584
865.83 9.245315494122336
865.99 9.347926902460102
866.07 9.303257819742829
866.19 9.338413119795016
866.31 9.329755807862462
866.41 9.280254916387337
866.61 9.247325575701888
866.72 9.23003441778715
866.86 9.284526064502389
866.99 9.227205055232767
867.07 9.186348017519798
867.14 9.18279022757442
867.26 9.184550048639272
867.38 9.168214745312286
867.46 9.199714532242146
867.62 9.19351989614468
867.74 9.17684833995558
867.88 9.190772711274224
868.05 9.19746890962042
868.17 9.180628485781318
868.34 9.23347007884737
868.47 9.20085086096153
868.62 9.191322213936582
868.78 9.22182304113564
868.87 9.18018837420336
868.97 9.163448470897178
869.1 9.163498074954623
869.21 9.186392000116147
869.35 9.202958461519017
869.49 9.223920374261
869.66 9.19400331573232
869.86 9.18828854927001
870.02 9.186045631469197
870.17 9.128770149611853
870.36 9.114889583599584
870.47 9.08707040166678
870.58 9.098984292299615
870.72 9.082205935039388
870.84 9.071789996322325
870.97 9.108165944287949
871.1 9.170109546287284
871.21 9.206162845802496
871.31 9.178031522405144
871.42 9.214810213603277
871.55 9.199665123461745
871.69 9.256932973766633
871.83 9.23110136025124
871.94 9.202349282831655
872.11 9.184852483927829
872.26 9.193344100901246
872.43 9.219276029333887
872.54 9.215073290949757
872.73 9.20568006475054
872.96 9.212332533461353
873.03 9.234821015694841
873.16 9.237298131362701
873.27 9.218837762807727
873.38 9.190223175755962
873.51 9.208576371398506
873.67 9.205899513821878
873.81 9.15489050737475
873.96 9.159550957190724
874.09 9.137662101810758
874.21 9.123501675797668
874.33 9.134300988332638
874.43 9.123457390018034
874.58 9.075641725369767
874.66 9.073460021826111
874.76 9.08558632053423
874.87 9.08729271504384
874.99 9.068198400025347
875.11 9.095336800534193
875.2 9.092121131323909
875.29 9.10022199751415
875.39 9.138546399894803
875.52 9.112628599915624
875.64 9.109346959041687
875.73 9.087515022982322
875.84 9.094031786914657
875.94 9.125189910850672
876.04 9.109790493105898
876.16 9.090698987471102
876.26 9.023672570891891
876.38 9.031683848060291
876.47 9.036910842525645
876.59 9.054375581547143
876.68 9.026202038084639
876.81 8.997973958260575
876.98 8.98256448050692
877.08 8.995711660720811
877.2 8.98033766884435
877.36 8.92224549351029
877.55 8.936786985050144
877.66 8.943390991354587
877.78 8.93927888986058
877.9 8.910894478336083
878.06 8.888558074652192
878.17 8.879729498109496
878.29 8.927649707113812
878.39 8.970090593328765
878.46 8.952647596655348
878.51 8.957244119829621
878.62 8.959820524898022
878.74 8.959640144288807
878.83 8.952235768372345
878.96 8.990365213197208
879.03 8.965089418562885
879.15 8.997614723195845
879.23 9.007129611501307
879.35 9.051340656320901
879.42 9.05447040656903
879.57 9.077950865652
879.74 9.092809902290488
879.84 9.07290338081343
879.99 9.064856102642567
880.21 9.06686162891989
880.3 9.071545033395871
880.38 9.116285793384643
880.54 9.083696128423448
880.65 9.08586981543486
880.74 9.12164702476721
880.88 9.087987409295588
880.99 9.071539465979756
881.12 9.06461652400545
881.25 9.074745732030738
881.37 9.04383823943187
881.47 8.996581842482446
881.58 9.008615404997125
881.69 8.98111936511841
881.82 8.945830245867555
881.99 8.93918284291075
882.11 8.873857872163242
882.21 8.867481165597267
882.37 8.838226203500477
882.52 8.856293773014732
882.62 8.839511847210213
882.76 8.804406610191043
882.85 8.793219380335453
882.92 8.784375477246666
882.99 8.751905997316165
883.12 8.79655579982267
883.18 8.80699905320946
883.34 8.83772903779328
883.44 8.854970640860698
883.53 8.894959417012705
883.61 8.915875071064434
883.77 8.970045550147281
883.91 8.95792070931326
884.03 8.961708666444261
884.16 8.959752882595131
884.24 8.944407428243872
884.42 8.963652754712818
884.48 8.9730010294632
884.61 9.001565520407091
884.7 8.998877595555902
884.86 8.993847504227148
884.99 8.92787599023249
885.09 8.893414883093458
885.22 8.920048919556029
885.36 8.882533081243997
885.45 8.881230918417932
885.51 8.902950367857015
885.56 8.897077036756489
885.68 8.86928646646631
885.74 8.871267887928644
885.85 8.883505314157617
885.99 8.847181826018174
886.09 8.816988881091598
886.25 8.828758106153419
886.36 8.811746063458068
886.47 8.820837359183747
886.62 8.942894024607108
886.72 8.938713892982934
886.84 8.945084988670903
886.96 8.936272695982902
887.04 8.948697777844089
887.11 8.906807066576222
887.2 8.90692614392493
887.34 8.949036402052036
887.44 8.924283068282186
887.57 8.99523442853172
887.68 8.9847008010756
887.81 8.984492813237217
887.93 9.01878510934177
888.05 9.066950753125104
888.1 9.09489811472189
888.21 9.135672118158853
888.29 9.124608750433351
888.42 9.111187484282022
888.55 9.101420690521815
888.65 9.071405846967936
888.75 9.090315637195355
888.88 9.117947669128709
888.99 9.144734092151701
889.13 9.111714072189345
889.22 9.113847827466849
889.29 9.110206286679716
889.44 9.129063368155453
889.54 9.099250718403324
889.63 9.056115741488311
889.72 9.030900936073419
889.79 9.027785392382183
889.93 8.953589653137321
890.07 8.959228637431783
890.14 8.98036016465201
890.29 8.902723451196543
890.37 8.904266370451845
890.52 8.901798705993096
890.65 8.932264748391281
890.78 8.970861922711975
890.93 8.95810112454508
891.02 8.949894192704514
891.12 8.936679608458745
891.22 8.920048919556029
891.33 8.916056337084273
891.44 8.884579763599254
891.54 8.868762568416706
891.64 8.82777984374877
891.73 8.825874495258851
891.83 8.82610338768479
891.94 8.771878851526543
892.11 8.854485823124866
892.18 8.892602759506566
892.26 8.88037218257265
892.38 8.830365424791522
892.52 8.875661876016565
892.6 8.848899948752404
892.67 8.880866961045975
892.78 8.895101364393113
892.89 8.901134872599227
893.01 8.887052209236593
893.14 8.895601001153164
893.27 8.913563606191198
893.4 8.893306982833163
893.51 8.88591553805769
893.57 8.874267646551246
893.71 8.80116498257504
893.84 8.803947691206202
893.92 8.791272072144322
894.05 8.801256797305777
894.14 8.807733057726127
894.26 8.794649429389363
894.36 8.755396604207588
894.49 8.75536776191981
894.52 8.722987163266103
894.64 8.783041510878691
894.8 8.78589319260821
894.85 8.804699158558867
894.93 8.794230202154415
895.05 8.825325129215557
895.18 8.824186230257304
895.27 8.81671392551922
895.36 8.889353523210003
895.43 8.925341291609923
895.58 8.821667539746562
895.71 8.782782743941283
895.84 8.70703883375544
895.94 8.682758952677602
896.0 8.687620357425127
896.09 8.669108047742528
896.18 8.644937795898214
896.3 8.632215909901207
896.4 8.64566219253764
896.56 8.603875095947553
896.66 8.603757694440635
896.79 8.615577857473163
896.91 8.620031873198002
897.05 8.634409667315435
897.21 8.586217520720714
897.29 8.573267118835686
897.46 8.560444621701139
897.56 8.540243414315393
897.65 8.553308769656978
897.73 8.565676160164367
897.85 8.514248307538617
897.93 8.480822096609709
898.04 8.4780405588303
898.16 8.526512425453577
898.28 8.498460942067005
898.37 8.494389116625545
898.49 8.509643964587502
898.63 8.511020781755548
898.73 8.552694654819962
898.8 8.548140562175329
898.92 8.567828007591938
899.06 8.573885650713752
899.14 8.594125313200285
899.23 8.613889418206549
899.37 8.612482132628696
899.45 8.637918520317053
899.56 8.588599443683483
899.68 8.54799876159811
899.84 8.525327684095911
899.94 8.508842696889163
900.04 8.536221102283523
900.2 8.605847201792868
900.26 8.60540116978455
900.38 8.598543451942865
900.5 8.621678104251709
900.57 8.647128325798583
900.64 8.62404437686527
900.71 8.600322991350708
900.82 8.559217371944822
900.97 8.581698873507246
901.05 8.595717749924294
901.13 8.607789519036835
901.25 8.599242390871984
901.33 8.572984346542379
901.38 8.56558771651385
901.48 8.549889242592924
901.59 8.530509712766051
901.7 8.50252487752487
901.89 8.425424486503799
901.94 8.40613051903373
902.07 8.399440818328685
902.15 8.428397166002485
902.21 8.467758221213531
902.29 8.517711790229473
902.39 8.48753691174788
902.52 8.497747770539986
902.65 8.509501522510952
902.71 8.471336102028735
902.82 8.488114090189926
902.87 8.48606106054112
903.02 8.494775578036894
903.2 8.437530396503425
903.3 8.438128951492756
903.35 8.473815879257442
903.41 8.47586591625322
903.53 8.495340374629379
903.58 8.506895598705366
903.71 8.473720516629012
903.86 8.460269594768336
904.0 8.469791835539628
904.13 8.453861707987526
904.25 8.482155958066894
904.32 8.5195912075307
904.45 8.558031256655877
904.52 8.545162255908199
904.61 8.577507584586348
904.72 8.57065701193098
904.79 8.588570041254563
904.88 8.649493474980908
904.96 8.636216904654619
905.06 8.648956263298158
905.15 8.669434290026706
905.24 8.66330937303576
905.33 8.657401807736898
905.43 8.672789212662364
905.53 8.670692538137255
905.61 8.686335489861314
905.67 8.701625298085574
905.79 8.684474711236199
905.93 8.718093341731981
906.01 8.732263408900598
906.08 8.742881664415906
906.15 8.74137381431638
906.21 8.699582017127451
906.27 8.703714521090783
906.37 8.725505397651446
906.42 8.694802813152002
906.5 8.720694069310369
906.65 8.756382953265716
906.74 8.7173575831397
906.85 8.693867570496648
906.97 8.66136784401245
907.03 8.678843427111884
907.12 8.671653576889225
907.21 8.66118124773178
907.35 8.710118346851646
907.44 8.726275195516044
907.51 8.747288180061899
907.61 8.75467551850686
907.75 8.796664886837121
907.84 8.787870428418179
907.94 8.802915036015806
908.03 8.844852409249917
908.08 8.830251034559177
908.14 8.814611377557931
908.19 8.797032327880688
908.27 8.797216042647253
908.38 8.79827806844595
908.46 8.802456039267227
908.55 8.764454151038533
908.61 8.731569333762572
908.69 8.700046441301788
908.83 8.703946626024702
908.94 8.737264902691116
909.01 8.703296716611112
909.08 8.70002902584268
909.19 8.655814884407558
909.26 8.689503711229701
909.33 8.695819267169297
909.4 8.71200263423915
909.44 8.690317379797813
909.55 8.682241250467134
909.63 8.669760520034423
909.72 8.65626415325394
909.82 8.625051602832016
909.92 8.58902282749983
910.01 8.581745955011932
910.08 8.573720713242702
910.14 8.580009653640586
910.23 8.585699879697767
910.29 8.600322991350708
910.36 8.579420997157365
910.43 8.620219360212463
910.53 8.627481344137136
910.6 8.647998542314793
910.69 8.680286500880808
910.81 8.663979769975548
910.84 8.647671491345069
910.92 8.612511453423654
910.97 8.66136784401245
911.04 8.665407833985238
911.09 8.655114678674687
911.25 8.59219166311818
911.35 8.586311633917528
911.44 8.550881577800947
911.58 8.581375181169975
911.71 8.585041018709774
911.79 8.631976025280084
911.88 8.607349455347133
911.95 8.599242390871979
912.04 8.63153719469679
912.12 8.651828790154218
912.22 8.676660904083114
912.31 8.680286500880808
912.37 8.65693509577872
912.48 8.657897661626182
912.59 8.621203600144907
912.66 8.66459182622883
912.74 8.674378852969737
912.83 8.690009357087172
912.91 8.698188595821822
912.99 8.71952991968042
913.05 8.675257979455187
913.09 8.651612799958396
913.17 8.644558047603349
913.26 8.679035462864327
913.31 8.698885334375083
913.4 8.636310472988946
913.47 8.611074617061801
913.51 8.601732266223943
913.61 8.629167123919041
913.69 8.64997810471917
913.78 8.617084275678252
913.82 8.592197541133384
913.93 8.633099329928044
914.02 8.637456602823338
914.08 8.631256331414676
914.16 8.655844058417204
914.28 8.646923899820848
914.36 8.598238015413218
914.46 8.609860450070999
914.53 8.591110039870966
914.6 8.605847201792866
914.66 8.602583591250037
914.76 8.597768091872222
914.88 8.575605523868854
914.92 8.587846709805149
915.04 8.584599788886685
915.14 8.58824660789266
915.19 8.607836457835884
915.29 8.606193447544953
915.38 8.640730421800127
915.43 8.603798785150282
915.49 8.629869434970992
915.58 8.617787571428211
915.7 8.620506441800927
915.78 8.587729089176653
915.85 8.572183107722514
915.91 8.560061125053164
915.99 8.534534716566736
916.04 8.562214383646026
916.11 8.524350148518387
916.17 8.523354724377938
916.26 8.557140086772362
916.35 8.587487961851794
916.39 8.591627354934598
916.52 8.646222974060517
916.62 8.620834523338674
916.73 8.615061980583368
916.8 8.578808751566832
916.88 8.593255518372555
916.93 8.609666871393088
916.99 8.580568839894104
917.05 8.593367186147669
917.11 8.602201973208881
917.22 8.561813269667029
917.33 8.628183792407043
917.45 8.670599340835267
917.54 8.67181665168284
917.6 8.651501883978574
917.7 8.587634991513944
917.79 8.595623739714735
917.85 8.575717421471467
917.92 8.567828007591938
918.04 8.545682352433106
918.1 8.545185897346064
918.11 8.530272888692108
918.2 8.591750800516847
918.25 8.574539478754954
918.32 8.55508591128663
918.42 8.560161425835592
918.51 8.622843750378088
918.59 8.680751957374117
918.69 8.645305843711544
918.75 8.623874542293164
918.88 8.622591890440535
918.95 8.592191663118175
919.04 8.544500269090324
919.16 8.604344685956479
919.24 8.597768091872222
919.31 8.57609432897014
919.4 8.576453553512405
919.5 8.50727555529603
919.6 8.503118857397578
919.75 8.482155958066894
919.77 8.47200380576215
919.88 8.499887105607977
919.97 8.476294931016481
920.1 8.502524877524872
920.17 8.519798688758417
920.28 8.539959548552272
920.38 8.515914987880523
920.46 8.503617768427445
920.51 8.475150843388093
920.6 8.426749136535454
920.66 8.40300571524886
920.7 8.416554154663526
920.83 8.38596109186916
920.91 8.382394971280306
920.99 8.39371457963901
921.04 8.361673023837728
921.14 8.381099467422414
921.21 8.419907866767222
921.25 8.422402785836635
921.37 8.428732725240216
921.42 8.418570141795056
921.52 8.473941041078639
921.59 8.48301332967921
921.68 8.463683559416634
921.73 8.468426207049484
921.8 8.450688812998706
921.86 8.485305182514297
921.93 8.471288406891084
921.96 8.456567587002137
922.01 8.392511091696125
922.11 8.402615033067944
922.21 8.297857822621722
922.28 8.317050759333705
922.36 8.299348885255515
922.47 8.282212899041564
922.56 8.250277007899221
922.65 8.21722138394283
922.72 8.19470141696031
922.78 8.175573374387877
922.84 8.167093371660089
922.88 8.182612756030403
922.91 8.200880711511685
922.96 8.1500077461697
923.05 8.13196088768188
923.15 8.150571647548297
923.2 8.129010276830025
923.26 8.071173296605542
923.34 8.065664851390089
923.45 8.097106354317651
923.49 8.078522467167208
923.55 8.074620421387927
923.64 8.077303280354672
923.66 8.07817861259391
923.76 8.099282921245795
923.86 8.107883680577674
923.93 8.126841671618536
923.95 8.126990820591576
924.06 8.170926532777077
924.14 8.145172704359215
924.25 8.169140008890071
924.35 8.135686445493949
924.38 8.144875069575342
924.42 8.160238657630972
924.51 8.11345683529418
924.59 8.119181677429758
924.69 8.090017542526326
924.75 8.060848139449888
924.8 8.027729719194864
924.87 7.975537092835308
924.93 7.981360862166378
925.04 8.040202017664006
925.11 8.021303705216075
925.22 8.012086828881435
925.29 8.051971337768315
925.35 8.064606548857718
925.45 8.043285674675767
925.49 8.029610604795636
925.57 8.012937770703806
925.66 8.006588196320235
925.7 8.028358826967407
925.79 7.982676951570279
925.85 7.961238165719771
925.87 7.953977468899288
925.95 7.926907252255355
926.01 7.92578581643996
926.08 7.903048893824578
926.19 7.943862378902943
926.28 7.939264398665608
926.36 7.924543131208503
926.46 7.910381875367414
926.5 7.915590038434637
926.59 7.858720948697371
926.73 7.849409679920677
926.82 7.839784577539245
926.87 7.846578099961016
926.97 7.852754776239834
927.02 7.834113436333
927.08 7.840171096875558
927.15 7.838489598890792
927.23 7.828793010419928
927.29 7.80739742458744
927.38 7.829986390070347
927.44 7.830682981681471
927.52 7.781719059125149
927.6 7.794066637351436
927.65 7.78288072138025
927.73 7.815879975919531
927.81 7.819549445802716
927.86 7.827715587138517
927.95 7.850078813218204
928.05 7.842354573246814
928.11 7.844312100065394
928.22 7.784444473279756
928.28 7.800647473774278
928.34 7.786572228568038
928.37 7.796211201019964
928.42 7.767037317205877
928.52 7.730929615982338
928.58 7.708292792686183
928.69 7.703724666508635
928.72 7.692420511993173
928.81 7.698478138993814
928.88 7.70318050541397
928.97 7.715202099384266
929.0 7.722458393307382
929.11 7.751044243757539
929.16 7.761234932455512
929.24 7.761755502774387
929.32 7.769247847842941
929.37 7.771555230909111
929.45 7.732098908792716
929.53 7.7699953849940115
929.6 7.775901649625362
929.66 7.772289549964337
929.75 7.756880295530666
929.79 7.80739742458744
929.82 7.812680704980833
929.87 7.780648099514901
929.95 7.736017036948637
929.99 7.716563583315672
930.01 7.725721175189262
930.08 7.72988428833907
930.19 7.664288168598122
930.23 7.692125056106914
930.3 7.669301260100679
930.36 7.638975022471238
930.44 7.633419345816839
930.52 7.624362864588042
930.59 7.634444804617259
930.7 7.5872034746444355
930.8 7.640931774583412
930.87 7.651044690007033
930.95 7.610963649681138
931.03 7.611069822198702
931.16 7.582169407847135
931.21 7.55892007678827
931.25 7.557690577728548
931.3 7.577878490992215
931.33 7.549239041188862
931.39 7.516843040328115
931.42 7.509159390203059
931.51 7.473177626577859
931.61 7.4588365328811435
931.65 7.4296362595684995
931.72 7.3719095562174735
931.79 7.379051703329099
931.9 7.376594160867295
931.99 7.373848138091565
932.07 7.366666666666665
932.11 7.4031047267993975
932.18 7.398307204688754
932.3 7.3916414710376515
932.34 7.369360538572849
932.42 7.329448006556024
932.5 7.361516093300292
932.55 7.361344574151786
932.56 7.353031395762606
932.67 7.367763527281493
932.76 7.332121111929345
932.84 7.3232989199340395
932.89 7.3400726608574285
932.94 7.368812247533109
933.06 7.3592105417619225
933.15 7.364088401139542
933.23 7.3413936419497725
933.3 7.327132364497637
933.37 7.350743795251907
933.45 7.346235207041202
933.55 7.3489846752851316
933.65 7.3421090741397785
933.71 7.3378704972453335
933.8 7.340217154743306
933.88 7.348854098814081
933.93 7.347445099825483
934.0 7.355338884171831
934.06 7.366070180156439
934.08 7.361763073853681
934.1 7.386173268720117
934.16 7.420582895234751
934.19 7.394640428763732
934.27 7.330378192456684
934.35 7.350359023733316
934.39 7.316640781344418
934.41 7.31139279798758
934.46 7.30216516942859
934.53 7.291138941942269
934.58 7.281053314853377
934.66 7.2323906661265704
934.72 7.229401249359617
934.81 7.19524955520072
934.9 7.213203382014339
934.95 7.23679570813023
935.0 7.2264944628929335
935.04 7.217990990531496
935.12 7.2352671622470766
935.17 7.233556762364096
935.22 7.203506441345429
935.29 7.256199021693402
935.36 7.2272212691135564
935.41 7.17049932752668
935.5 7.156970184527963
935.54 7.158268511365581
935.6 7.150616276329835
935.72 7.113907278540869
935.77 7.076572531097152
935.85 7.07160347853128
935.92 7.104814131163735
936.01 7.114496511072353
936.07 7.065716059561368
936.13 7.072003416517296
936.2 7.065351507122058
936.28 7.055451363264713
936.33 7.022410015389479
936.37 6.959703639342324
936.48 7.034518067674891
936.56 7.006951814974443
936.61 6.987571939963236
936.7 7.0187339501242185
936.75 7.017114719733389
936.84 7.030553809529297
936.91 7.042576147112556
936.99 7.044583849750226
937.09 6.9849694329895184
937.19 7.0262063560342245
937.22 6.997228888725316
937.27 7.000512246769646
937.34 7.035580568751516
937.39 7.030805232846531
937.44 7.034288316611142
937.5 7.037418029735943
937.57 7.038501619698968
937.63 7.027586335077624
937.73 7.07657253109716
937.78 7.0761799886890415
937.88 7.070039218098758
937.93 7.111315495800202
937.97 7.138535344780945
938.03 7.131456847494538
938.12 7.132625283466347
938.17 7.153518594567868
938.22 7.128800598964597
938.32 7.129225665235923
938.38 7.102112361825882
938.47 7.131456847494539
938.49 7.130096971870921
938.55 7.117165194376224
938.62 7.094997526355446
938.66 7.111265781146208
938.69 7.127546505770344
938.78 7.144369825395394
938.86 7.14923178750802
938.94 7.112117984273197
939.0 7.103847300206168
939.09 7.052608944872306
939.15 7.021431837631481
939.26 6.991510002940146
939.3 6.991336630343867
939.36 6.97690273095245
939.43 6.9692760083675855
939.51 7.001435639217222
939.57 6.999646455718348
939.64 6.982691443704202
939.74 6.9538449505262605
939.83 6.934112718431908
939.89 6.925133554486494
939.96 6.863635694695261
940.04 6.838571532568813
940.11 6.825228008919363
940.18 6.836296475062317
940.25 6.873128762790567
940.3 6.8909250819355545
940.36 6.886555486209814
940.39 6.906145703997884
940.42 6.91094871354231
940.54 6.898133256486306
940.6 6.874047225072378
940.68 6.910510221043854
940.74 6.876427308221362
940.78 6.905684965916478
940.81 6.932131306059084
940.85 6.934578850830365
940.9 6.939129279060537
940.99 6.963824271537051
941.05 6.899531531454534
941.15 6.830376300324921
941.21 6.837648305041316
941.25 6.842196764611243
941.26 6.845510214805763
941.29 6.840602194532177
941.42 6.8167648359234745
941.46 6.817120456111309
941.52 6.799405796973675
941.57 6.767801069264023
941.65 6.76200765118966
941.69 6.705485467401687
941.73 6.719269741466399
941.8 6.731502901516963
941.87 6.768398046895005
941.92 6.75199932979077
941.97 6.791936692903139
942.06 6.759684410779348
942.12 6.74691100288184
942.16 6.783402203507138
942.24 6.78101926130742
942.28 6.794352973111735
942.32 6.794055631152278
942.4 6.774879327264057
942.45 6.821497510285276
942.48 6.824613801187109
942.52 6.780065849923063
942.59 6.763083093478367
942.66 6.770733216043019
942.7 6.7547215061956996
942.75 6.760513697534045
942.8 6.786796450506383
942.83 6.782411894828497
942.88 6.799108675986781
942.93 6.8124292230592705
942.93 6.8124292230592705
942.98 6.794204303758612
943.03 6.778538622637319
943.07 6.793126353643489
943.13 6.793721105892296
943.17 6.785389830475116
943.22 6.778724888289179
943.27 6.7865806388546535
943.29 6.791698735748794
943.35 6.776929074202246
943.38 6.768584591606828
943.44 6.791735917103718
943.48 6.802376293055483
943.53 6.794910454215567
943.59 6.763083093478367
943.62 6.776042168902692
943.66 6.746821174419547
943.76 6.770584028044264
943.79 6.776809833184901
943.83 6.774961329048377
943.92 6.771419438501891
944.01 6.774126355389893
944.06 6.798425248437013
944.12 6.830235809408132
944.15 6.821497510285278
944.21 6.83025799237659
944.24 6.827040709449801
944.31 6.811598842260064
944.4 6.820942202163313
944.45 6.8288973036529335
944.5 6.851233023288139
944.55 6.840720323581025
944.61 6.85328941148524
944.66 6.847870715290505
944.68 6.838512449740262
944.73 6.81924638153816
944.8 6.791259980387449
944.87 6.804120854751229
944.91 6.801804573386786
944.93 6.7990715349504685
945.0 6.785307954721292
945.03 6.787473608036936
945.07 6.8198388558823
945.14 6.822452534525878
945.2 6.863753427324667
945.26 6.863194179347857
945.33 6.8770662643339735
945.38 6.850171420106834
945.45 6.82297811098865
945.51 6.786044800942893
945.57 6.758840077403751
945.63 6.736985208308664
945.7 6.766674130463123
945.79 6.7559102445431645
945.86 6.737532444029
945.92 6.7385218533204165
946.01 6.718728535319257
946.05 6.750046763773663
946.12 6.718405294187724
946.17 6.713554809623449
946.23 6.689136375836979
946.26 6.68122652503175
946.33 6.6667499994791735
946.38 6.6754184978330855
946.43 6.654921471961916
946.52 6.638546755902456
946.55 6.650548697648781
946.62 6.648125732684044
946.68 6.654352263023359
946.72 6.630325189703146
946.72 6.630325189703146
946.8 6.624106572118829
946.82 6.6033049576432825
946.85 6.606355984500029
946.88 6.623008562899671
946.9 6.615714380751094
946.96 6.622459490021035
947.05 6.58644920509626
947.1 6.557438524302006
947.16 6.542356169028422
947.23 6.5332946813946355
947.27 6.530201785054993
947.32 6.56418196338926
947.41 6.599808690217826
947.51 6.623336459714686
947.6 6.556668284265949
947.62 6.536270211889063
947.65 6.529459271933503
947.7 6.545103806539963
947.78 6.483202849820391
947.8 6.49008567903476
947.82 6.47509603688383
947.88 6.492077533969436
947.98 6.4666666666666615
948.03 6.4658465584308225
948.11 6.446195338603568
948.16 6.434942489912779
948.21 6.424849170890077
948.25 6.442245357988568
948.34 6.424731256416232
948.38 6.433466790890815
948.39 6.408477655308303
948.45 6.391874576840546
948.5 6.374665766639349
948.54 6.355495514302821
948.57 6.355233268652681
948.62 6.36718227326736
948.68 6.335533907966237
948.71 6.33300637114552
948.74 6.349453169805686
948.79 6.336195525500598
948.83 6.358093545659224
948.85 6.3697121067778495
948.89 6.373707038619003
948.92 6.3828684853293165
948.98 6.386507241636439
949.03 6.401475524352873
949.09 6.400907448293258
949.12 6.386981709190602
949.18 6.383976152457925
949.22 6.363691197454958
949.27 6.349827007903688
949.34 6.32011379516527
949.38 6.3337798885632015
949.39 6.333963286054859
949.46 6.31723632195874
949.51 6.346071718994849
949.54 6.369783466817492
949.6 6.378625924669724
949.63 6.370156111814603
949.65 6.349063400266695
949.7 6.3444877848826655
949.74 6.35899108953359
949.76 6.3597852705
949.78 6.371622694226003
949.85 6.369712106777848
949.88 6.372732316025609
949.96 6.389574842402796
950.03 6.368253015124829
950.12 6.405931594698741
950.15 6.406081390981444
950.2 6.419666752419565
950.25 6.428118470494074
950.28 6.448051933520205
950.34 6.477965761258729
950.42 6.504357513749275
950.55 6.492225342591691
950.6 6.45105895308372
950.64 6.44404039137377
950.66 6.451403417908852
950.71 6.46559660000061
950.76 6.47156952533249
950.79 6.467158681688695
950.84 6.444353883027918
950.91 6.397750551655797
950.98 6.3896696931749695
951.04 6.365817807920394
951.13 6.352689719061263
951.18 6.39504227167934
951.29 6.4122594073439325
951.33 6.433898546375325
951.37 6.434840457786949
951.42 6.4199499667643485
951.47 6.425100714535073
951.51 6.461220762160486
951.55 6.435970569519182
951.58 6.429383306116512
951.66 6.407413635387485
951.69 6.384474539969207
951.72 6.359721739672304
951.78 6.31749215042703
951.84 6.304912306441639
951.93 6.348872484007048
951.95 6.326750965367439
951.98 6.343659842868321
952.03 6.352371703751778
952.05 6.350654145897738
952.08 6.374950980203695
952.12 6.390143925917423
952.17 6.407153514753344
952.24 6.39305178385966
952.26 6.39068134714977
952.32 6.314773442995691
952.4 6.330940536824531
952.47 6.315693136780769
952.53 6.294867237309571
952.56 6.256019323641655
952.62 6.255147375311687
952.66 6.242927311297271
952.71 6.2138571114904355
952.79 6.158339996715963
952.85 6.17648685734778
952.91 6.187466967568183
952.96 6.144587829623696
953.0 6.167690332726186
953.02 6.139752898656882
953.06 6.14771042212818
953.1 6.129082848653347
953.14 6.118394190859843
953.2 6.124961348053673
953.21 6.117197153116864
953.28 6.067099551655378
953.39 6.114884968813241
953.43 6.117131102836758
953.48 6.10262404232967
953.52 6.084389696575812
953.55 6.079232739998577
953.61 6.081757786839077
953.64 6.074487133856979
953.69 6.063127505793938
953.74 6.0846221133794485
953.81 6.129404209186715
953.84 6.1475461146967625
953.85 6.128876839448749
953.9 6.109274287772024
953.97 6.117461347105786
954.01 6.138954933599676
954.04 6.146231497117698
954.1 6.115884270000575
954.15 6.102450244770453
954.21 6.030721014903277
954.24 6.02875265588651
954.31 6.049785036668565
954.36 6.052831376865519
954.4 6.071959063489055
954.41 6.088729445674709
954.48 6.062769310898415
954.52 6.041071548537178
954.62 5.997945776293207
954.67 5.986609637306826
954.7 5.980608394442564
954.77 5.945637565527025
954.83 5.942578768871507
954.86 5.96288181972103
954.88 5.944660621010239
954.95 5.936320324064313
954.99 5.914363614937543
955.02 5.91860616952158
955.06 5.913210685072926
955.12 5.89689183666559
955.14 5.891305012259569
955.15 5.88676824786235
955.16 5.890790621080856
955.23 5.870410306930618
955.29 5.853937637059854
955.35 5.873025135517834
955.39 5.863592514126227
955.43 5.912245467218559
955.52 5.91945943477949
955.57 5.931009078299293
955.6 5.937383704336891
955.65 5.953311615556439
955.71 5.936184197637644
955.77 5.950732065990889
955.81 5.96910395454811
955.87 5.9605690867889285
955.91 5.951139437625414
955.94 5.930268190232279
956.01 5.909237760413014
956.09 5.905133873216253
956.11 5.925283950916608
956.12 5.919118143436531
956.15 5.926102164887713
956.2 5.957763799862281
956.22 5.963830373784351
956.26 5.95711949916003
956.32 5.977871652599235
956.36 6.000875357021263
956.39 6.018313801232118
956.41 6.0085713187852985
956.51 6.015963612075638
956.55 6.032529663533703
956.63 6.014553057779814
956.72 5.991711446707524
956.77 5.99975588728998
956.82 5.992217174524523
956.87 5.965650836161122
956.9 5.9552201021160025
956.94 5.943878949784978
957.01 5.946724758515016
957.05 5.919280259278051
957.09 5.903423078215213
957.12 5.883172373109352
957.14 5.872414539629549
957.19 5.852902241321354
957.25 5.840255632982674
957.28 5.8414748379863966
957.33 5.839702150976641
957.34 5.827867569192043
957.36 5.800592097955925
957.42 5.808701240467623
957.47 5.831740042147955
957.51 5.845649336182948
957.58 5.827798239749925
957.63 5.8130035352655804
957.69 5.813073041156293
957.75 5.822934454084612
957.76 5.813811489926733
957.84 5.781754653103752
957.88 5.789715716752251
957.92 5.769442316763787
957.93 5.751161498850347
957.98 5.790936840870346
958.03 5.760287240312683
958.07 5.789672100413203
958.1 5.762119419277966
958.15 5.747858626295428
958.16 5.734390318354022
958.2 5.726070099804816
958.23 5.725814308458628
958.26 5.7130366600248434
958.27 5.709915175651156
958.32 5.718797641519282
958.37 5.72546147405684
958.42 5.733439040604098
958.44 5.742487406704662
