499.8 15.383317738591526
500.22 15.395512923635188
500.79 15.410409049428472
501.3 15.354070299027377
501.86 15.28650292634557
502.39 15.305571046207483
502.96 15.315483681687642
503.41 15.336030724533595
503.87 15.251199654751455
504.4 15.269299759698056
504.96 15.37275564632497
505.38 15.286344338406199
505.95 15.18729865394239
506.47 15.156726679476794
507.04 15.143035202743052
507.56 15.17595120410892
508.07 15.20981541138764
508.58 15.225032550428791
509.1 15.176736583776282
509.59 15.15981863381291
510.08 15.262471303921599
510.59 15.232272358782234
511.12 15.249626589235262
511.59 15.27928220324714
512.13 15.254510841390525
512.61 15.141684386507539
513.1 15.132078442163781
513.63 15.078685873668425
514.1 15.010097611375826
514.55 14.995201252602802
515.09 15.074290776824043
515.58 15.116503791177605
516.08 15.200132907446587
516.61 15.184318731952889
517.18 15.12866033845574
517.71 15.110565572446047
518.15 15.1239825603195
518.53 15.138722174969358
519.02 15.036642113869915
519.46 15.02349674827583
519.94 14.963133145680203
520.4 14.898986474918283
520.89 14.915854895805579
521.38 14.93607929298933
521.91 14.915313126333139
522.42 14.841369971342361
522.87 14.860057642260784
523.36 14.832751095144323
523.8 14.840566843703252
524.29 14.84553124612918
524.73 14.906343981979305
525.27 14.960456294018988
525.8 14.93149339314374
526.31 14.92316685864328
526.83 14.95181148445454
527.31 15.041823847076017
527.82 15.085199114470853
528.29 15.053638105189723
528.77 15.054013861204373
529.28 15.099053418721795
529.84 15.057948671111157
530.44 15.097206912725827
530.93 15.032795797686791
531.39 15.10160537322058
531.86 15.070219479208495
532.3 15.007405579320572
532.72 15.087006919126729
533.2 15.091639266745538
533.64 15.144102429125287
534.14 15.096337103396763
534.68 15.106945355689815
535.13 15.092077659514215
535.5 15.103347678945589
535.94 15.040564678847188
536.44 15.048957143639923
536.93 15.10184616448458
537.3 15.199348736712437
537.74 15.150170849455025
538.18 15.148677309997204
538.68 15.16367269816154
539.14 15.119069502659963
539.66 15.124546908648842
540.09 15.105083096545188
540.48 15.10266549488881
540.84 15.130222614477173
541.33 15.123100932619007
541.81 15.134878442014175
542.31 15.14488612560609
542.66 15.13389399575494
543.12 15.179252187433242
543.53 15.216587838754965
543.98 15.136403373017892
544.47 15.043005690420388
544.93 14.955999438082337
545.41 14.986926963122889
545.92 14.887239468413853
546.32 14.830272070901794
546.76 14.814080116462495
547.24 14.772428590609138
547.75 14.738374977238738
548.3 14.729548396322135
548.84 14.66509633466656
549.27 14.60790916253965
549.63 14.598086909391297
550.09 14.578311689532901
550.57 14.52984041984848
550.99 14.419750064380171
551.44 14.445522881264328
551.99 14.497993591591156
552.46 14.427400978343227
552.99 14.370631527704358
553.41 14.390018285694639
553.85 14.334654625498416
554.33 14.323150011873302
554.82 14.376172767268187
555.18 14.381792641946953
555.73 14.372993052698842
556.18 14.492338623834272
556.63 14.435964488286567
557.06 14.448669156847641
557.54 14.362141592085464
557.98 14.295566876596137
558.44 14.292980547432816
558.88 14.329654214215699
559.34 14.437059495225713
559.83 14.374539079127851
560.36 14.449857571560484
560.82 14.47211180864839
561.23 14.462668767512719
561.67 14.53873613780952
562.15 14.602736010415954
562.62 14.595405392994696
563.01 14.606277189391328
563.51 14.614573465406291
563.89 14.632808715659854
564.39 14.636259802630619
564.71 14.659981258686871
565.1 14.635297031215979
565.51 14.567498762725888
566.0 14.542171346630031
566.44 14.575002815461376
566.84 14.559331763997326
567.31 14.583576621347285
567.72 14.616360005075816
568.22 14.587652174342377
568.67 14.588673481142619
569.0 14.5150566201744
569.37 14.514120606144106
569.84 14.523210263699841
570.24 14.450975990247404
570.68 14.45010922331235
571.04 14.506647727260361
571.3 14.51401273447718
571.72 14.51441637918256
572.05 14.578505694440292
572.52 14.579964112965213
572.92 14.591875420343616
573.33 14.618415810479625
573.78 14.550906806412062
574.24 14.549893262130611
574.61 14.480146631324095
575.02 14.508778255409606
575.39 14.501058825848094
575.81 14.49395206507343
576.18 14.456748450380386
576.59 14.470516873486536
577.11 14.46339510556902
577.48 14.456119601725558
577.86 14.442515799758107
578.27 14.394762655882582
578.67 14.422243622651475
579.1 14.392408212019776
579.62 14.386286961035239
580.0 14.377310969269278
580.44 14.398597013584201
580.86 14.403296480144725
581.19 14.385525132345126
581.6 14.384334913686168
581.96 14.378659832747225
582.36 14.358694968976856
582.81 14.299604430496904
583.23 14.46336717016442
583.74 14.465996353692704
584.17 14.500473694805192
584.57 14.417480271314307
584.97 14.504234839619366
585.43 14.448274162079922
585.82 14.458145793910772
586.27 14.404583305393464
586.66 14.375357703059397
587.07 14.353583299488449
587.41 14.315418684803182
587.75 14.327606325911633
588.22 14.38825278419232
588.62 14.370128950729917
589.01 14.393808292863884
589.35 14.435768567742219
589.75 14.399337105954187
590.1 14.355866713330446
590.45 14.344516426675092
590.93 14.276670947154775
591.33 14.263788296439923
591.69 14.250071770154198
592.05 14.25126257032986
592.49 14.29239749876228
592.87 14.291803824768113
593.32 14.266496742120307
593.74 14.247182957420824
594.13 14.240116189515765
594.52 14.26692154969146
594.95 14.192311903693385
595.44 14.268932133920332
595.84 14.25930141233002
596.3 14.210182719771508
596.73 14.203325119296684
597.04 14.26794103625822
597.44 14.241297183000764
597.9 14.31711556074749
598.28 14.299876385705742
598.69 14.36585106311759
599.18 14.368441850532061
599.56 14.36418104068926
599.94 14.319457695278428
600.34 14.238388854491825
600.73 14.212567351012643
601.04 14.160636862925207
601.5 14.091691082895537
601.93 14.11944357503818
602.36 14.063722225224831
602.7 14.068734588771404
603.11 14.02083226394701
603.53 14.028437928260962
603.96 14.072625479234066
604.25 14.050683868471213
604.69 14.008435409647385
605.08 13.95641121998826
605.48 13.917128462670188
605.93 13.860236708518425
606.32 13.812510798021288
606.65 13.874163911473161
606.99 13.864054969669594
607.39 13.923960164646644
607.78 13.92518247890156
608.14 13.862251628145414
608.52 13.88806623826312
608.99 13.837071419001402
609.3 13.832694399264172
609.7 13.817351118039662
610.03 13.815856064242952
610.38 13.89991643024075
610.72 13.911030431882745
611.1 13.946868878538709
611.6 13.937088083327312
612.0 13.857864339082123
612.41 13.803158034202598
612.77 13.85557175604344
613.16 13.949200766359418
613.55 13.971381282804327
613.87 13.885283976610312
614.23 13.866502767096648
614.61 13.808864814848013
615.01 13.744784134685087
615.47 13.755039480536258
615.87 13.74049166191338
616.22 13.705104851474099
616.67 13.63303696795754
617.11 13.669175675086027
617.58 13.647939867476799
617.98 13.69434005328295
618.41 13.73051971766443
618.74 13.790364078375216
619.17 13.818487835526936
619.45 13.809215924318236
619.89 13.754628238516592
620.25 13.690942962116203
620.65 13.713058732390076
621.06 13.724430771438204
621.44 13.651743515393957
621.76 13.680421754973029
622.01 13.647432881037526
622.34 13.620557843186747
622.7 13.587353002559459
623.05 13.571639323950286
623.37 13.534583462188614
623.77 13.544431186344305
624.19 13.482270437935004
624.54 13.523955550702388
624.9 13.53073568143315
625.25 13.394839199173582
625.56 13.44522745862417
625.93 13.443675994400648
626.33 13.493773348916127
626.75 13.428730695073458
627.17 13.424728426800048
627.61 13.446410658460474
627.97 13.429543039978174
628.32 13.411046253598624
628.67 13.374221397143014
629.09 13.284832241197767
629.46 13.273669538989708
629.83 13.208548655161076
630.18 13.151318250166849
630.5 13.228756555322953
630.85 13.197317603179512
631.3 13.165995379895678
631.57 13.184207724900773
631.93 13.180376445015645
632.21 13.158931367990121
632.53 13.150607774870515
632.83 13.17792384132177
633.27 13.202276357132542
633.63 13.175317449647654
634.01 13.12295775357142
634.39 13.114025955734444
634.75 13.194255713695405
635.12 13.214837085334013
635.5 13.240205070278568
635.93 13.26288586296894
636.28 13.272649785300311
636.65 13.25154841343212
637.01 13.252402107397801
637.34 13.261335916981754
637.58 13.14809199969042
637.93 13.14353933545399
638.26 13.123053968285944
638.77 13.09858115533237
639.19 13.126190181727088
639.6 13.144880326114757
639.97 13.068935331811486
640.29 13.083488707820893
640.56 13.107419442607474
640.88 13.109700317865482
641.21 13.17580810394257
641.59 13.070202830109485
641.96 13.022063638845465
642.42 12.937440772323315
642.75 12.870273477822428
643.13 12.853215609922344
643.58 12.85205639325293
643.92 12.873651738761193
644.27 12.74208409447634
644.62 12.68561581023359
644.92 12.647257857461883
645.23 12.711130094638648
645.59 12.682681263849693
645.97 12.596660612474187
646.32 12.601010060525093
646.67 12.68822328385697
647.06 12.757901097125664
647.38 12.734888053586253
647.7 12.760022798497731
648.05 12.725044898811461
648.43 12.698727368034826
648.85 12.744874192467265
649.18 12.730604181588665
649.46 12.758376135549613
649.87 12.789401388602514
650.24 12.723254777029815
650.58 12.726477608640671
650.91 12.747029758997487
651.29 12.731330161329087
651.63 12.78624181681153
652.03 12.781342936981511
652.32 12.879299811572197
652.7 12.86566176009818
653.05 12.841201838086052
653.37 12.868923494962273
653.68 12.840812460528527
654.03 12.80424093254207
654.29 12.857647176256275
654.61 12.816415452477539
655.07 12.887434174262914
655.43 12.87724090530783
655.8 12.888801810921453
656.18 12.893017450926642
656.45 12.895363664527036
656.74 12.892422016616795
657.03 12.909518060936916
657.3 12.92050285164606
657.61 12.88244832116453
657.97 12.897776020020899
658.2 12.868409365417302
658.57 12.856044445624741
658.91 12.824451865735453
659.32 12.786419563447982
659.62 12.839947134791576
660.04 12.91222895419905
660.33 12.900595084543719
660.63 12.951857243677683
660.94 12.951985924712055
661.28 12.98645759274179
661.66 12.907769174048047
661.98 12.851113224585303
662.28 12.812620041319901
662.61 12.814839094194706
662.9 12.871156384205216
663.27 12.900438486009419
663.55 12.86477847662078
663.82 12.883612643489197
664.23 12.79192848414321
664.49 12.81452379926856
664.88 12.784365451597505
665.18 12.806548198780057
665.53 12.80345202819864
665.84 12.711817455828381
666.18 12.692461772981074
666.5 12.670254675236546
666.9 12.649509911854334
667.27 12.574509248009749
667.61 12.476964633461394
667.87 12.382502317236352
668.28 12.3305320323991
668.67 12.418668742394788
668.98 12.466504617323075
669.28 12.515106023836907
669.6 12.577838455077254
669.85 12.555633771098114
670.2 12.53681447464695
670.53 12.53234602816635
670.76 12.524013298096941
671.07 12.594896352944478
671.42 12.545013899449204
671.75 12.582957048357436
672.14 12.54166389811708
672.46 12.463619786475292
672.75 12.473304828045105
673.13 12.466241282646976
673.46 12.388019627972444
673.83 12.349338509254716
674.19 12.334312000482736
674.54 12.284851474786986
674.9 12.302992983970867
675.23 12.303284442814777
675.57 12.180672718646857
675.96 12.027678516864766
676.23 12.06870483372745
676.6 12.093908642892352
676.92 12.100321391507656
677.18 12.097566330097598
677.54 12.05326562061968
677.79 12.089978319152412
678.05 12.029740083004551
678.39 12.034374168030574
678.74 12.02658670940296
679.06 11.952616889411726
679.45 11.953930928630324
679.73 12.009133729345043
680.04 12.05954921515423
680.4 12.01598262248404
680.77 11.953491523231175
680.98 11.88750298728574
681.25 11.776860551286342
681.56 11.729544842926437
681.89 11.701588427097054
682.17 11.710355427672727
682.5 11.735726339995864
682.77 11.631422956801114
683.17 11.57326682706767
683.45 11.596215857865971
683.82 11.650967792636388
684.09 11.681025795552525
684.4 11.693907591026822
684.7 11.633719712260316
685.08 11.718654730252476
685.37 11.74618356245246
685.72 11.806589497206868
686.02 11.76107258215969
686.3 11.696066851637768
686.57 11.725182258280636
686.93 11.671648287083267
687.19 11.734172662817265
687.46 11.72963095856995
687.75 11.723562563995605
688.04 11.80217408494354
688.41 11.7731890241336
688.73 11.749794754278762
688.98 11.765366053966979
689.29 11.742433626584717
689.61 11.720563815858693
689.89 11.717116030867327
690.13 11.787388398306268
690.37 11.777958355772153
690.71 11.792220513816076
691.08 11.779694907815406
691.44 11.67862590505848
691.74 11.622531235631607
692.08 11.605188668884452
692.42 11.66725539640101
692.82 11.572677680073383
693.15 11.579653873859263
693.51 11.611118843939236
693.92 11.624321420403366
694.28 11.614237170408787
694.58 11.645591353804146
694.93 11.673379021422107
695.17 11.659352685741393
695.39 11.667008652996314
695.74 11.609487586461432
696.02 11.650621000486188
696.29 11.593532679903914
696.58 11.579483772795937
696.93 11.558594685821937
697.23 11.61578080183866
697.59 11.64465022179193
697.88 11.684644157650203
698.25 11.762270618422708
698.55 11.694231505535136
698.83 11.728455425445697
699.24 11.645539311624248
699.57 11.626558763747276
699.84 11.642589874675611
700.15 11.675213319704525
700.38 11.666909088390451
700.72 11.669765822133465
700.98 11.667947981586574
701.22 11.648540030771443
701.51 11.574523573763033
701.85 11.64749507036347
702.2 11.705994320445535
702.49 11.719357206491038
702.78 11.646805605318598
703.08 11.631270981559355
703.38 11.581751581560093
703.7 11.530810724298439
704.02 11.518084156067914
704.32 11.410503755732963
704.62 11.420148772227007
705.0 11.504061645498703
705.26 11.485273838769155
705.56 11.535032279840818
705.78 11.526499990031752
706.05 11.474499614978484
706.36 11.432295208634782
706.73 11.389216058370403
707.04 11.448540994777048
707.29 11.391379870478175
707.54 11.377294418394403
707.9 11.45522685162639
708.18 11.445417238247618
708.5 11.360484411353507
708.8 11.390231504994702
709.0 11.423880711257908
709.32 11.40784773298583
709.56 11.41974189946975
709.89 11.396344443139068
710.17 11.477738664409676
710.44 11.481491473874218
710.76 11.510311582545135
711.05 11.551706332482624
711.36 11.511540103546336
711.61 11.489912132304614
711.93 11.531472086635274
712.15 11.504390905259177
712.53 11.491283477470908
712.81 11.473020614476468
713.1 11.482529549210179
713.36 11.48518589094208
713.69 11.516957194949674
714.02 11.40616526535567
714.29 11.339833251940622
714.54 11.392377391320162
714.86 11.39556887123192
715.18 11.330997976856017
715.49 11.34624487340516
715.79 11.396698972717807
716.04 11.395480231081507
716.34 11.393086686338528
716.68 11.436146839974318
716.97 11.414553000534895
717.2 11.478570283688462
717.57 11.494623248996184
717.84 11.540635278279211
718.12 11.568225377465566
718.46 11.5359954888684
718.79 11.551636378898994
719.1 11.473729326006639
719.41 11.574174491146882
719.64 11.599825843346082
719.93 11.541103530731831
720.33 11.55492373952605
720.57 11.564710340191198
720.81 11.551986142581013
721.11 11.460864458731468
721.37 11.402334511986234
721.65 11.449824664530235
721.92 11.485326607142147
722.17 11.47509820384465
722.41 11.531331933545934
722.63 11.546703583116857
722.9 11.57365521127595
723.23 11.585305042565471
723.51 11.635451747729327
723.77 11.645309455881039
723.96 11.634084372735094
724.26 11.705666416852406
724.5 11.705562866440982
724.82 11.695963216236429
725.19 11.685867316955765
725.49 11.670125028542682
725.77 11.669571067048219
726.02 11.650621000486188
726.32 11.621888092228513
726.59 11.544463888143376
726.85 11.4832992478713
727.2 11.52160903465635
727.47 11.539528026340898
727.7 11.507134370213175
727.95 11.499999999999996
728.22 11.537886647164994
728.47 11.477210620894068
728.74 11.429732624991187
728.97 11.387087317473137
729.3 11.40662575484578
729.53 11.47457003881878
729.75 11.499121617749678
730.0 11.476810171697174
730.23 11.397195295600607
730.48 11.458735805603787
730.73 11.524111745169407
731.05 11.648362264041385
731.35 11.723562563995607
731.65 11.700276263681326
731.92 11.670285153138101
732.25 11.596215857865971
732.45 11.483299247871301
732.68 11.537273805743146
732.98 11.559228243086029
733.2 11.543505760925722
733.5 11.58063517736014
733.75 11.562194576910711
734.01 11.4728445302881
734.29 11.468265392425794
734.56 11.4682874118857
734.84 11.396189332980185
735.1 11.386240145301024
735.36 11.41638022202035
735.7 11.42432280335038
735.93 11.46823016120199
736.17 11.492689815353023
736.45 11.521937792969137
736.69 11.564221206860932
737.01 11.524672698522973
737.36 11.488703278886746
737.7 11.562303779388802
737.97 11.52288456450331
738.19 11.535360655590505
738.47 11.491283477470914
738.67 11.400917028507362
738.91 11.385880854298572
739.17 11.444247816296533
739.44 11.408237321684659
739.69 11.404141547895856
739.95 11.400314544659357
740.22 11.404925393544808
740.5 11.449052715434936
740.79 11.519237313417408
741.15 11.470097266942913
741.38 11.459000256073253
741.61 11.482877019565459
741.98 11.460057996926952
742.27 11.510956572419214
742.53 11.522884564503311
742.87 11.592103721364326
743.15 11.621449169878977
743.43 11.685486984315457
743.76 11.775784088929738
743.99 11.748625537491698
744.32 11.87296394028352
744.52 11.785524420176895
744.8 11.870513506546004
745.03 11.874303807343436
745.24 11.823722089105614
745.45 11.83162599718964
745.73 11.813239448289627
745.9 11.755505909654389
746.1 11.761519176251568
746.36 11.770979551250596
746.6 11.753357568857258
746.83 11.697409710675005
747.08 11.696222303018022
747.28 11.704337450343576
747.55 11.725285635425825
747.76 11.700056116588208
748.11 11.731762119317052
748.41 11.774904833517075
748.67 11.703452827298793
748.9 11.733143937865366
749.14 11.744777476810617
749.41 11.695717078477829
749.74 11.739271913134354
750.01 11.785537276208025
750.26 11.74185296753077
750.54 11.698588363429575
750.81 11.700552520839743
751.11 11.71539175787153
751.28 11.657641530798852
751.61 11.627983488120368
751.82 11.699417234903779
752.06 11.690296416388687
752.32 11.623626235761666
752.58 11.640385984089434
752.85 11.583142575276877
753.13 11.514290637676682
753.35 11.543833895638874
753.62 11.50386847538644
753.86 11.429202363536428
754.2 11.401754250991383
754.49 11.452576790902356
754.71 11.438279696888097
754.95 11.406515061954101
755.15 11.452470952117316
755.43 11.468230161201989
755.68 11.477584654227106
755.89 11.462627019222872
756.15 11.492092142781564
756.46 11.494768243409569
756.68 11.474944158223323
756.93 11.471752747994136
757.25 11.492092142781566
757.48 11.46490472721167
757.74 11.544923236005193
758.03 11.571870281773025
758.29 11.577839333673777
758.55 11.53332895428188
758.73 11.576582946935273
759.02 11.587157642071775
759.18 11.610148817114945
759.42 11.563771360624877
759.64 11.52294154364162
759.88 11.462966281011033
760.16 11.425401436264638
760.4 11.487366798339641
760.7 11.483409200611415
760.92 11.428018024119321
761.17 11.392053760796989
761.42 11.360199884427276
761.6 11.29762646029526
761.91 11.382331692033702
762.19 11.395280788222122
762.4 11.455667734022457
762.65 11.514922246521438
762.84 11.520486802284708
763.09 11.57940962539659
763.32 11.554770758120965
763.57 11.583909948586859
763.72 11.565430900714075
764.04 11.630610951756182
764.26 11.625138209235981
764.53 11.658832867760989
764.79 11.666489176139038
765.02 11.635872780051157
765.24 11.625572648000588
765.55 11.687319382280707
765.77 11.727421892403472
765.96 11.756725992409867
766.21 11.726939545811206
766.44 11.74417543149184
766.65 11.739061101960225
766.9 11.737447625769276
767.1 11.782970077123334
767.34 11.813551540497885
767.56 11.84693627018813
767.75 11.83674726682064
768.02 11.907030433209359
768.23 11.875494673375663
768.49 11.843674525358521
768.71 11.888620312268912
769.02 11.940069201024448
769.25 11.853802185907536
769.55 11.843572181576048
769.76 11.80662371875904
769.96 11.784187316360446
770.15 11.721839239279607
770.37 11.734999020886285
770.61 11.76099957958978
770.84 11.793441080755546
771.08 11.79083705187373
771.37 11.777958355772155
771.64 11.715930620442847
771.85 11.739921531925052
772.12 11.748440687421397
772.31 11.747077865743394
772.45 11.711493965719782
772.62 11.723049901365217
772.84 11.659062456893238
773.11 11.647946019133437
773.34 11.63694916456138
773.53 11.640624614432912
773.78 11.671064106315985
774.01 11.604157213967095
774.29 11.612684635537319
774.57 11.63611150295024
774.77 11.65398011519037
775.06 11.649615244871187
775.35 11.664826694734124
775.56 11.721791844270399
775.84 11.716965167110155
776.13 11.753061066992055
776.32 11.844855679180146
776.53 11.859833749494827
776.72 11.928304340703441
776.87 11.950787134382113
777.08 12.020756459498958
777.31 12.051819930465427
777.54 12.039010664410009
777.69 11.978680556671836
777.89 11.97969241270536
778.16 12.022470543935555
778.37 11.983705266702447
778.52 11.926949367383145
778.75 11.991895411299899
779.1 11.949810868711682
779.36 11.949827774423525
779.53 11.937086763697428
779.82 11.899732617316925
780.08 11.905079129972602
780.29 11.930179877905948
780.48 11.895572557243575
780.75 11.942095141290592
780.94 11.967818801631594
781.17 11.962107682261523
781.47 11.890455386272187
781.64 11.88031220893703
781.89 11.869573188483557
782.13 11.891474749465337
782.32 11.913730301503795
782.49 11.877739981608757
782.74 11.870190147651986
782.92 11.813944850442336
783.09 11.821137548023577
783.3 11.74347013914928
783.43 11.700172665565256
783.59 11.626419756900075
783.82 11.454239213478822
783.97 11.41897676252256
784.29 11.444459644983533
784.49 11.418127533165691
784.69 11.420073590309341
784.95 11.445412825559185
785.11 11.485515691821188
785.22 11.517733362870564
785.48 11.611975706053634
785.73 11.669571067048214
786.01 11.696062533514377
786.25 11.709768864870343
786.47 11.710700450891272
786.66 11.705321245251897
786.87 11.71604701150339
787.13 11.703107590410642
787.27 11.681682976853851
787.5 11.567544285978801
787.76 11.581175949083766
787.99 11.525549133480917
788.16 11.437771909888143
788.35 11.465693228589418
788.6 11.486487450016822
788.81 11.471259650962395
788.99 11.418127533165688
789.24 11.466349537545579
789.34 11.457625046979484
789.53 11.482489963312648
789.77 11.507445986460816
789.95 11.519307463751646
790.19 11.498524279491718
790.4 11.518978630367743
790.56 11.5621465274936
790.74 11.525658683164625
790.97 11.47280931312612
791.18 11.512294701445459
791.42 11.495436072853023
791.66 11.508644094283605
791.83 11.539177885041303
792.04 11.570530312702674
792.26 11.592944562809041
792.5 11.63892806338481
792.69 11.562474133195206
792.94 11.619228229381868
793.12 11.610931804714783
793.32 11.525010133872273
793.56 11.641375183440147
793.78 11.641600778538521
794.0 11.680078870634498
794.25 11.703729009476968
794.45 11.662228593093856
794.66 11.67161799694741
794.88 11.676861346658653
795.05 11.700276263681321
795.27 11.690326658127962
795.51 11.671855988754418
795.65 11.583142575276879
795.84 11.606093836490128
796.03 11.621518703237408
796.15 11.570054520881117
796.27 11.5931493180719
796.39 11.588826907453104
796.52 11.590208336907898
796.72 11.66110690035102
796.92 11.66682250978164
797.14 11.676636432801972
797.41 11.647252244563303
797.65 11.617102509105733
797.9 11.598066714549955
798.13 11.613867538073574
798.34 11.723429015385717
798.57 11.64218643771457
798.76 11.657676189593452
799.03 11.693436819278778
799.22 11.652008107158734
799.42 11.687150848239058
799.69 11.690188409538361
799.99 11.746905889628895
800.13 11.739302028707332
800.35 11.715805606534325
800.49 11.766666666666675
800.73 11.774698949592524
800.89 11.787594060594968
801.18 11.77600710913268
801.34 11.69668864476289
801.54 11.708082333123219
801.7 11.686563120770687
801.86 11.657589542413728
802.12 11.705373021640852
802.35 11.791432431552957
802.49 11.824896693763627
802.64 11.849664360417368
802.84 11.83618830263162
803.04 11.869594463471463
803.25 11.931940836310417
803.52 11.943875485627004
803.72 11.968038243335432
803.9 11.895589540037541
804.11 11.906958325519433
804.34 11.94619249600119
804.59 11.879100567931491
804.81 11.854074865171501
804.99 11.832582135780843
805.25 11.777718219784616
805.44 11.704544571932887
805.61 11.6071164168863
805.78 11.637261644642116
806.03 11.59628554252776
806.27 11.593149318071902
806.49 11.651934421269964
806.75 11.613624009165383
806.96 11.608878524907578
807.15 11.615363389350616
807.34 11.63694916456138
807.54 11.59712608077249
807.83 11.671475199533834
807.99 11.704695595781162
808.14 11.651522638607359
808.27 11.64183938398156
808.45 11.652697264382764
808.67 11.61943252147936
808.88 11.610931804714784
809.09 11.61077086157504
809.26 11.599042106043834
809.45 11.65789713698683
809.64 11.666683982671133
809.84 11.665991322444638
810.04 11.644498419182476
810.24 11.672396861178443
810.39 11.618424066015912
810.56 11.663913094963828
810.74 11.63903220663431
810.88 11.71141202917785
811.14 11.660188677718724
811.34 11.631739927344219
811.51 11.618945691838787
811.65 11.63795167509812
811.82 11.617976318506324
811.97 11.599769241870565
812.14 11.602002613620833
812.31 11.572952619069708
812.48 11.493942190158567
812.71 11.512220121297723
812.92 11.494996715743312
813.1 11.470207346236446
813.24 11.401860560558708
813.44 11.456831582029556
813.62 11.436058514341136
813.85 11.446295329392681
814.0 11.457431093955018
814.2 11.360039834899574
814.38 11.366955474869986
814.56 11.361213479077476
814.73 11.326963450550235
814.96 11.373298518544166
815.17 11.43188435027138
815.35 11.41359724277154
815.57 11.455010813057868
815.72 11.370775938982597
815.91 11.406267105978591
816.07 11.331777968138622
816.24 11.30845754827828
816.44 11.214456759203287
816.69 11.219297048506483
816.82 11.186553977833826
817.02 11.19792549330167
817.19 11.172382074209654
817.3 11.199296514703162
817.55 11.165762061957187
817.79 11.062079187910186
817.99 11.078685514413372
818.18 10.975988485431424
818.42 10.988681045107786
818.61 10.889616034265732
818.77 10.882155720780375
818.9 10.8808979130373
819.11 10.846863345891496
819.31 10.815902060102863
819.44 10.82582023859549
819.66 10.840645550869926
819.86 10.84604848213245
820.02 10.831100002895706
820.17 10.85445958716015
820.33 10.859111521220466
820.49 10.892954817057896
820.62 10.904340716643372
820.71 10.94826677856114
821.02 10.848804803136876
821.19 10.819637029704161
821.31 10.824303929378347
821.48 10.860436957557967
821.63 10.810259810555767
821.83 10.833967347414724
821.94 10.851448723278347
822.11 10.86082293141154
822.22 10.798971144408977
822.41 10.789159355388149
822.63 10.762500366616216
822.78 10.747402787030298
822.96 10.763687551065825
823.13 10.758745561663126
823.34 10.784594324659354
823.49 10.79046998162001
823.62 10.756045985980407
823.77 10.72319773654154
823.88 10.741480062793668
824.04 10.703459272779064
824.14 10.703553643816647
824.33 10.70830415041419
824.49 10.720974439354523
824.64 10.699306123069459
824.79 10.688703562096931
824.94 10.71279797270724
825.07 10.707549493773827
825.27 10.661793394351548
825.41 10.674329633813691
825.58 10.690484771349926
825.74 10.686175341736796
825.85 10.696336576679707
826.04 10.668484693552566
826.21 10.626149373364289
826.41 10.555380647142035
826.61 10.56379848273519
826.79 10.550786269709509
826.96 10.604858806369371
827.17 10.605939826152115
827.39 10.658988713946572
827.59 10.68378834184454
827.79 10.60902512681603
827.99 10.595877795757474
828.16 10.607525439969304
828.33 10.552471107027326
828.5 10.544278931336091
828.72 10.471780260212773
828.85 10.501923825680894
828.98 10.490958107828
829.17 10.550556498319999
829.36 10.551958983233321
829.49 10.463495949000393
829.61 10.452291808039227
829.79 10.455577024205347
830.0 10.47459649424128
830.13 10.457856743939823
830.38 10.457011566843125
830.55 10.459517921563842
830.67 10.463071183254877
830.85 10.45178927217244
831.01 10.43836648856012
831.22 10.395783916200028
831.42 10.454499780313052
831.61 10.448425525388785
831.72 10.498754134840876
831.87 10.450126865983567
832.06 10.492729565626558
832.25 10.54032660065545
832.49 10.538524804283812
832.66 10.559327343130995
832.82 10.595768166126653
833.0 10.595405903627583
833.13 10.62268869691262
833.3 10.649133317037606
833.52 10.632027088001616
833.66 10.644123906521084
833.84 10.635104820614352
834.02 10.601105335927683
834.18 10.608153905978611
834.38 10.601867569423607
834.55 10.607196908826866
834.73 10.618123443177023
834.91 10.642107143063555
835.12 10.616625041543438
835.37 10.628392506523616
835.56 10.624271811053754
835.7 10.53085893453093
835.89 10.588630265954654
836.01 10.591110242161403
836.2 10.612552125962104
836.35 10.611957235290594
836.51 10.54523205965233
836.63 10.58744730348352
836.79 10.574693443033762
836.95 10.575725015144803
837.15 10.524982305222773
837.26 10.476158598928286
837.41 10.503578033944029
837.63 10.443358529406975
837.8 10.389388525769649
838.04 10.408737588286964
838.22 10.36756792340733
838.42 10.348649450751793
838.52 10.3869381844933
838.67 10.376795207956974
838.83 10.356333152406615
839.02 10.340642576208158
839.18 10.430510800318242
839.35 10.390725273876303
839.57 10.397411293978976
839.71 10.370212781390418
839.88 10.377987582504913
840.06 10.344392908550244
840.19 10.30219649032441
840.38 10.326762329114588
840.49 10.27352683041971
840.66 10.292902330433257
840.82 10.281276499766282
840.99 10.313759564951877
841.18 10.339079536233658
841.34 10.307612171927532
841.53 10.275453736694525
841.67 10.281939643291185
841.78 10.313842811258736
842.0 10.318170693715357
842.18 10.294040641423205
842.31 10.263886872787213
842.45 10.291091567786465
842.61 10.247340132833482
842.72 10.254420086632466
842.87 10.311957362521657
843.03 10.300980633910635
843.21 10.265461361755586
843.37 10.269750619064608
843.5 10.259757612274583
843.61 10.265067762154134
843.76 10.267256968468528
843.95 10.270458764452691
844.1 10.26763080872323
844.3 10.208433827582034
844.44 10.22209925266395
844.63 10.231319513625749
844.77 10.211752983200233
844.91 10.198133122876909
845.07 10.150638134888593
845.19 10.149085643245872
845.3 10.186642075172601
845.42 10.169453170046939
845.6 10.154364141151877
845.7 10.202495238465396
845.86 10.205979629708272
845.94 10.17008884281288
846.04 10.223680177100421
846.25 10.258649959419563
846.42 10.311492068894234
846.55 10.340051579497402
846.66 10.382794625842516
846.77 10.365887138186295
846.9 10.452876458785225
847.05 10.467240864388819
847.25 10.537451247236154
847.39 10.515880247213607
847.54 10.524065735064541
847.66 10.531549522911401
847.87 10.523331461590717
847.99 10.528935599028271
848.18 10.53266204228398
848.34 10.435196851681011
848.5 10.450943604393922
848.67 10.449546894628034
848.8 10.477489097001145
848.96 10.486085055824196
849.1 10.472185381603346
849.26 10.464581919382866
849.45 10.44502201282912
849.6 10.421423156462874
849.84 10.417273921693525
850.05 10.423724881444269
850.21 10.434301436351468
850.32 10.43680356655565
850.48 10.551920692605231
850.63 10.52717023379565
850.75 10.503847299004688
850.85 10.472064811399008
851.01 10.49915340502377
851.14 10.487144607575603
851.29 10.494149404176202
851.45 10.467240864388824
851.66 10.464195809492189
851.8 10.490014491906297
852.01 10.460599476805402
852.17 10.433100975242015
852.3 10.41512109745957
852.41 10.359297780498952
852.57 10.335048733471568
852.67 10.332898329064694
852.82 10.316584667026156
853.01 10.34016880467098
853.14 10.316232183537092
853.27 10.295487880963716
853.39 10.31317192485004
853.55 10.268491573348019
853.69 10.248128678648671
853.81 10.266838841531499
853.93 10.251636972018693
854.08 10.289427740760091
854.22 10.294236889216855
854.36 10.235134576446946
854.59 10.240635041861712
854.72 10.265249803845672
854.85 10.250769865150756
854.97 10.251834031533138
855.02 10.248409583437763
855.14 10.237601518348175
855.28 10.22186209290972
855.39 10.137334736288206
855.5 10.16977101139659
855.6 10.123480058006166
855.71 10.09379747541764
855.8 10.132456102380445
856.03 10.112952990191248
856.19 10.124173491643106
856.35 10.120860545517768
856.57 10.173499939062317
856.74 10.193699777387756
856.87 10.221442109011761
856.98 10.178190190576888
857.1 10.174735992901857
857.21 10.197340710977421
857.38 10.18196067721356
857.58 10.176403682990955
857.7 10.17374319044129
857.86 10.159356537326822
857.98 10.101485039339513
858.14 10.102524936916021
858.35 10.066822194263148
858.53 10.07492637264121
858.65 10.084867151060815
858.78 10.081065359766233
858.92 10.104184551686767
859.06 10.090319393088876
859.21 10.127764618197645
859.33 10.109556435033705
859.43 10.120740780169895
859.52 10.11996726149534
859.71 10.147692179291635
859.85 10.147771810957945
860.02 10.208908765476268
860.14 10.209937721789895
860.23 10.218674724802282
860.38 10.126253507640923
860.51 10.141917217591796
860.63 10.10615873833597
860.75 10.053769583011281
860.87 10.074124269532303
861.06 10.10132504559514
861.21 10.054693863408701
861.38 10.063214338782753
861.52 10.109981066832782
861.68 10.093382170331394
861.81 10.136138965667016
861.96 10.185075236627235
862.13 10.225394215808347
862.28 10.22581403738953
862.47 10.252819272293012
862.58 10.219984383945054
862.76 10.233752829226281
862.89 10.1671832953683
863.04 10.224668130743323
863.16 10.243223924313888
863.31 10.237280849518541
863.4 10.178210038899746
863.56 10.262533603335768
863.71 10.198331216231391
863.85 10.207320605300584
864.06 10.261057105839189
864.17 10.26719302074586
864.35 10.227093152183292
864.44 10.241843268443109
864.55 10.237951775900127
864.7 10.249907612296127
864.93 10.226974630896965
865.0 10.205959835391091
865.09 10.263296377151567
865.25 10.278323763821579
865.39 10.27981743342976
865.59 10.25541985311359
865.71 10.261524686365517
865.8 10.254341283159794
865.94 10.223581376485255
866.07 10.199282010776715
866.19 10.245171318896304
866.29 10.267429133434574
866.37 10.263847507468421
866.5 10.314743787120424
866.71 10.341927022825804
866.89 10.295527125304403
867.04 10.323964472248157
867.2 10.375768195973043
867.36 10.348005224255164
867.48 10.331358560081526
867.66 10.315448843772373
867.77 10.346379838261093
867.96 10.319071291702178
868.03 10.341106558221163
868.18 10.31756372464552
868.38 10.246240995870368
868.49 10.19555755902511
868.64 10.155876042066398
868.7 10.159833769418782
868.86 10.140448060548747
869.0 10.142420168218573
869.17 10.1095564350337
869.27 10.082342801335233
869.4 10.126472956832234
869.45 10.151752597856236
869.58 10.13363237198316
869.66 10.125694888238382
869.75 10.076851159609795
869.83 10.04641249603081
869.98 10.090479561337892
870.09 10.143510638867001
870.22 10.164883102370064
870.32 10.187018873809626
870.45 10.185526471172194
870.66 10.221012225268632
870.77 10.221639750642703
870.99 10.156845728449124
871.1 10.088997908012415
871.25 10.120860545517766
871.43 10.13171338726161
871.59 10.171355103744274
871.78 10.220379719763915
871.93 10.213137706805966
872.03 10.172705608339372
872.16 10.140149222897378
872.26 10.151001343849204
872.41 10.131553870872121
872.58 10.125654985673217
872.72 10.121564138316797
872.83 10.084546633740198
872.97 10.037762034769834
873.12 9.97803648626382
873.21 10.009384485460517
873.37 10.004700915271803
873.54 9.980202625420203
873.69 9.993629283830083
873.86 10.038330578740709
874.02 10.030237114129285
874.08 10.006745199861419
874.17 10.020237098749284
874.26 10.009712455127945
874.41 9.984933093861414
874.47 9.977201283653924
874.56 9.978076979158862
874.64 10.001535235687927
874.81 9.928730884141087
874.88 9.929326016981975
875.03 9.94678263804356
875.14 9.97372305185739
875.27 9.999853534280927
875.44 9.99527160938883
875.54 9.999414124251617
875.66 10.039537998948118
875.76 10.038431202638234
875.88 10.035573091394793
876.09 10.016244381760634
876.2 10.01110494512081
876.38 10.07625471546393
876.52 10.06090543548732
876.62 10.050157041840517
876.75 10.031641858830406
876.89 9.989787714754435
877.02 10.01814515383124
877.17 10.04641249603081
877.32 10.034163863742931
877.43 10.074725852850834
877.55 10.077853507227188
877.68 10.013001648866442
877.75 10.014509675486067
877.81 10.005750871626306
877.94 9.981619471444862
878.05 9.939590260441042
878.15 9.90905615784843
878.3 9.902045498305139
878.44 9.852774823224753
878.61 9.827702548090134
878.75 9.800407124093356
878.89 9.791663120566733
878.96 9.818473620804
879.08 9.867485633497159
879.2 9.875998862664659
879.31 9.930765378866873
879.45 9.916189191458988
879.57 9.931334962703358
879.72 9.982894460935762
879.77 9.966463968750597
879.88 9.948635762523093
880.0 9.980789628890172
880.15 9.935524468524365
880.31 9.896122085101426
880.46 9.83748756625194
880.61 9.79681972722152
880.73 9.744052835271663
880.85 9.834360501051728
880.92 9.82336937402773
880.98 9.780396802592499
881.07 9.764142811762067
881.19 9.78320040176067
881.28 9.797010469598069
881.36 9.73540866210463
881.53 9.728075582840345
881.62 9.724258949720136
881.69 9.679401225324217
881.78 9.65524926575375
881.94 9.641890924816593
882.07 9.66118444335294
882.2 9.663008712287153
882.29 9.658089193452652
882.33 9.692291011443324
882.43 9.660138861749493
882.54 9.657174022508345
882.62 9.615622809792512
882.75 9.635136666693347
882.87 9.633333333333335
883.04 9.610516125683365
883.21 9.545526214257164
883.29 9.526459696205848
883.38 9.528034127952859
883.46 9.53083247553788
883.57 9.517930977949463
883.7 9.56160250294073
883.84 9.526910317727372
883.92 9.525807582615247
884.11 9.514364472371833
884.21 9.542351106853312
884.33 9.55479148930213
884.4 9.543097352050177
884.49 9.529852087418824
884.58 9.536935111089477
884.69 9.555468052218561
884.76 9.537930656705424
884.85 9.52972489454216
884.96 9.496325711568755
885.06 9.503662239347312
885.17 9.44527566157983
885.3 9.448959111078228
885.46 9.4648952674735
885.55 9.464847243000456
885.65 9.464847243000458
885.76 9.485895963071815
885.84 9.470549779781171
885.97 9.48625267948255
886.1 9.443612559916795
886.17 9.475172235315242
886.29 9.449808933988503
886.41 9.466682671774775
886.5 9.42005168443219
886.57 9.396168357260299
886.65 9.366149020528526
886.81 9.378349233390406
886.94 9.354758957424567
887.05 9.340230135810302
887.18 9.338072389931225
887.3 9.33603856898718
887.44 9.343414468993325
887.53 9.321914009905948
887.62 9.376286443723199
887.74 9.373959201485311
887.83 9.337720830214954
887.96 9.364579730845017
888.08 9.326490998410625
888.17 9.346370764347325
888.28 9.37553230812022
888.41 9.41425418279015
888.49 9.432905012226989
888.56 9.411276279661598
888.66 9.419751438956187
888.77 9.460022209383025
888.87 9.456604767958408
888.93 9.480714076162164
889.05 9.557243802002176
889.16 9.570282285821202
889.21 9.58565321064493
889.33 9.585400304103059
889.47 9.584768008552828
889.57 9.582449234581588
889.61 9.58206974541829
889.73 9.56831365824858
889.84 9.549149837878904
889.91 9.502891638598719
890.06 9.484511563383725
890.12 9.505213880239141
890.25 9.480841926557137
890.39 9.463267635623241
890.51 9.505442353906233
890.62 9.531214004734151
890.71 9.526459696205848
890.79 9.51478912647107
890.94 9.536553810777695
891.06 9.556657206874009
891.21 9.525399326182201
891.28 9.528352163385598
891.42 9.452892240852623
891.52 9.448937730899933
891.6 9.434516469332227
891.71 9.431619932199059
891.86 9.432396355651147
891.95 9.385541211799335
892.11 9.429049246714627
892.2 9.401267913629443
892.33 9.36472534611031
892.45 9.362913083765193
892.54 9.37374368686655
892.63 9.444847882054617
892.68 9.422603384705024
892.8 9.406638532698521
892.88 9.391894205519817
892.98 9.354931719405942
893.11 9.41082012119748
893.24 9.400322367135104
893.33 9.399177913761688
893.45 9.370461864580395
893.54 9.37266603943982
893.65 9.379081603076699
893.7 9.401805113590656
893.8 9.404490653110592
893.91 9.409961409983236
894.01 9.369513209221587
894.11 9.399005965064239
894.21 9.435902851675754
894.29 9.416614373681567
894.38 9.428926050438962
894.48 9.461757156302875
894.59 9.437829531339622
894.71 9.428406465827008
894.79 9.41232267731075
894.89 9.390404515764857
894.97 9.366235296871606
895.02 9.37650189989784
895.15 9.288175387028495
895.28 9.280238589757719
895.38 9.30491344083405
895.46 9.286049056014454
895.62 9.281000468536229
895.66 9.28147933175841
895.77 9.284346552616977
895.86 9.267102671233978
895.97 9.221686122911303
896.07 9.236789638628935
896.18 9.17218016007584
896.35 9.09475928569011
896.43 9.027740637064234
896.51 9.039190765603399
896.65 9.03011236325049
896.74 9.071678650357583
896.83 9.112157491034385
896.97 9.088181914170207
897.09 9.108875680434776
897.2 9.148604795102354
897.28 9.119941520280346
897.32 9.117504531882007
897.43 9.100177598444564
897.56 9.082472853321
897.64 9.059310741502975
897.75 9.049108444281329
897.84 9.076242714812219
897.97 9.113709287095837
898.08 9.01029713968716
898.21 9.031141409119625
898.36 9.00899662570812
898.51 8.998871983181951
898.64 8.976422539974466
898.71 8.967162315916894
898.79 8.93104335190102
898.9 8.971897764405787
899.03 8.975224034231482
899.13 8.941623245397126
899.22 8.941538520361645
899.35 8.908485343261848
899.44 8.909556780233338
899.57 8.852614748128815
899.7 8.895010518330606
899.8 8.868284199689628
899.85 8.86985019175873
899.93 8.874267646551251
900.04 8.882987940297712
900.11 8.849921531353322
900.21 8.816072329168549
900.26 8.80612734338306
900.38 8.837226129084037
900.49 8.783012759373243
900.61 8.811029589340986
900.69 8.837128972966747
900.82 8.816169717334647
900.88 8.854925012087731
900.95 8.8925970800595
901.04 8.839671825344979
901.1 8.841477092189814
901.19 8.847410167199593
901.27 8.838454776050105
901.35 8.827613928846668
901.44 8.828695180255032
901.5 8.863157200205555
901.56 8.873203332153345
901.64 8.89843931384725
901.75 8.864154349018992
901.82 8.86416004668989
901.91 8.877499647986474
902.01 8.857451351514412
902.13 8.880411993354654
902.24 8.837614742872328
902.3 8.835762959173763
902.36 8.834642555922063
902.51 8.824317869307857
902.6 8.805416147766868
902.72 8.780234920121742
902.85 8.784024755719377
902.93 8.77122821755565
903.01 8.766897104933129
903.12 8.750503593011835
903.18 8.781730346508473
903.23 8.73036613947507
903.37 8.752090659327688
903.42 8.776898050788752
903.51 8.766897104933133
903.58 8.804475445975635
903.68 8.774250665867415
903.73 8.746549103053233
903.8 8.73400413801301
903.92 8.737103049464952
904.02 8.736293738355425
904.12 8.752811957977682
904.25 8.718232375750015
904.35 8.718232375750018
904.42 8.712211330232195
904.49 8.683544172395248
904.57 8.645960112250473
904.7 8.680059581790575
904.79 8.679821019427358
904.88 8.685620300243382
904.99 8.670739136412605
905.08 8.644119855763693
905.2 8.605847201792866
905.27 8.64315575551786
905.36 8.648605889875194
905.47 8.594636570430291
905.58 8.553078481760323
905.68 8.51840550356887
905.76 8.532907186328996
905.92 8.493229626882197
906.04 8.532670428796866
906.12 8.528360293334774
906.22 8.506183134353003
906.31 8.501568482736966
906.37 8.478916216240153
906.43 8.50104568731269
906.5 8.513210174472816
906.61 8.46847391830727
906.73 8.463653723034422
906.83 8.471049927174718
906.88 8.448632666851712
906.97 8.457206597591393
907.03 8.44286202610934
907.1 8.458454619222982
907.19 8.514627936022157
907.27 8.492248396525087
907.37 8.484870670966666
907.49 8.473958921187892
907.54 8.460747155201028
907.64 8.460866541097472
907.72 8.425646275005565
907.8 8.443514036994866
907.92 8.447915288831487
908.02 8.44229371867167
908.13 8.474149640005898
908.23 8.477963115386766
908.33 8.493675603207677
908.4 8.52684412353543
908.48 8.481090076687607
908.54 8.483400309314694
908.62 8.474298636095932
908.71 8.451041415713277
908.82 8.410407213384467
908.91 8.437644125218739
908.98 8.418330168642873
909.1 8.390109617516297
909.23 8.449320096966973
909.3 8.463230035055329
909.35 8.484537331957103
909.46 8.482209546331584
909.56 8.473750317565669
909.62 8.477873756688254
909.69 8.469428087020514
909.8 8.487661871234275
909.9 8.53335700754292
910.0 8.554046830110131
910.1 8.549912870960156
910.18 8.550952454480603
910.31 8.565487479272594
910.4 8.577631233374257
910.47 8.543950544630446
910.57 8.461743975748204
910.62 8.485019478796472
910.74 8.516911281549067
910.83 8.504372018811464
910.99 8.470382148248907
911.08 8.48847108813722
911.18 8.509507457645075
911.26 8.472915851718524
911.32 8.519591207530699
911.4 8.51617593320221
911.54 8.536812737618858
911.62 8.490969653494567
911.74 8.478874520318906
911.81 8.465849399830246
911.89 8.433812419018576
911.99 8.391307431148048
912.04 8.399037943945618
912.15 8.38514198213757
912.22 8.366093183291419
912.29 8.375402900002708
912.35 8.3803220689779
912.49 8.364783079052083
912.58 8.329308118767953
912.68 8.302220708152053
912.77 8.292451234390672
912.83 8.289039861056393
912.92 8.305626667713545
913.03 8.294399960640352
913.14 8.242560159307176
913.23 8.211663299320914
913.33 8.173689003087404
913.41 8.203343738064893
913.53 8.196396103831797
913.59 8.179915042407844
913.64 8.189078708927529
913.7 8.18041514345036
913.76 8.181180671010582
913.83 8.204525728172369
913.94 8.161030832096166
914.01 8.15195954629588
914.09 8.15641904987548
914.19 8.147249644369369
914.31 8.123659174524633
914.41 8.114203782892258
914.47 8.133302285087282
914.52 8.139540602031623
914.64 8.132140995563052
914.71 8.13310357350586
914.77 8.140005956367407
914.82 8.158010254537029
914.92 8.155905092556432
915.03 8.143231681723309
915.11 8.11519960607653
915.22 8.129730945887768
915.29 8.11943049204509
915.43 8.096956654861566
915.5 8.092270910248153
915.66 8.00027777295541
915.77 8.067712178677404
915.79 8.065758776858175
915.88 8.065739991852054
916.01 8.055984662900553
916.13 8.039869087833143
916.23 8.031321261917066
916.33 8.021505186344111
916.42 8.066867014792262
916.53 8.062201368676602
916.61 8.012483946311464
916.71 7.99658386658663
916.76 7.979924305354777
916.8 7.983568984944877
916.85 7.967579509005428
916.96 7.9593918858113195
917.03 7.979082502127518
917.09 7.958344835784161
917.14 7.98865356981925
917.26 7.9640860534443405
917.35 8.009306455554682
917.44 7.953552030318893
917.53 7.941013598382572
917.58 7.950833766074951
917.74 7.925945120968607
917.83 7.965905884810373
917.89 7.936483968217778
917.99 7.975334450413957
918.06 8.00482177922605
918.1 7.999368661956957
918.16 8.008480353709912
918.28 7.995048973008739
918.36 7.9639592204284
918.45 7.894986262230483
918.6 7.930251502246878
918.69 7.957837125574484
918.79 7.976347611038605
918.83 7.997543814866352
918.95 7.954891767353155
919.07 7.921655525370078
919.21 7.9560598846972574
919.3 7.909207011803117
919.42 7.879368276990514
919.51 7.857949715884787
919.59 7.831682611371104
919.66 7.834422877160882
919.76 7.848463788435532
919.83 7.865093576664991
919.94 7.868643819334789
920.05 7.875771567140437
920.1 7.882341855775679
920.19 7.858206801899155
920.28 7.856130592014613
920.35 7.790663928346831
920.41 7.782517314955087
920.49 7.768747282762799
920.57 7.728021948229907
920.68 7.758839859128167
920.73 7.77181517479097
920.81 7.757296988362413
920.94 7.799015736914914
921.02 7.813456406104851
921.06 7.822293962021809
921.13 7.813036244222561
921.21 7.819032723251181
921.3 7.806368806262868
921.37 7.798802031806754
921.5 7.8515262622285515
921.57 7.8486375321523845
921.64 7.851551992241327
921.71 7.85512121440079
921.8 7.845734863959881
921.85 7.8410664601394116
921.92 7.787168933572718
922.02 7.788855026655878
922.11 7.773166742848196
922.2 7.74466254783241
922.29 7.722844244986641
922.36 7.759673011959028
922.4 7.731609003162134
922.47 7.738732441296816
922.59 7.763024246680249
922.62 7.762614367478384
922.74 7.759803184008305
922.83 7.775973095102473
922.92 7.712877857744468
922.97 7.6955385212026
923.03 7.692912913253932
923.14 7.706772569262921
923.21 7.708443488156417
923.26 7.729805883067115
923.37 7.779349768989879
923.43 7.743690817352372
923.57 7.742386289416553
923.67 7.736904870146525
923.75 7.726871647345092
923.82 7.752979225348592
923.95 7.755577986132941
924.06 7.784755888428632
924.16 7.785923584303027
924.25 7.760785912508989
924.34 7.774888352181582
924.4 7.78758400574046
924.44 7.789295944636537
924.5 7.7687537838147085
924.56 7.786701950937069
924.64 7.762276038181671
924.68 7.757537878695403
924.74 7.783198688083313
924.84 7.756027307582125
924.92 7.766387041396259
924.96 7.728891096124818
925.04 7.698773351067755
925.1 7.6903455150867055
925.19 7.702413369663543
925.25 7.739933181660269
925.28 7.7173293124740825
925.33 7.70419667873598
925.42 7.726616727948012
925.51 7.7726469367931825
925.63 7.761150336480707
925.68 7.756235679709067
925.76 7.768259688363836
925.81 7.735129101845826
925.92 7.771587724369829
925.99 7.796003897361574
926.07 7.804757678765076
926.13 7.805275346348982
926.24 7.81622244651042
926.33 7.795433783875526
926.36 7.823197827130814
926.45 7.820427795785273
926.53 7.769995384994009
926.65 7.746455690028556
926.71 7.714992618992656
926.78 7.712746893712038
926.9 7.679830595774757
926.98 7.685720722892744
927.09 7.725198176661024
927.16 7.7508161838061636
927.22 7.772757398488491
927.25 7.760785912508989
927.29 7.750262295984937
927.35 7.730792424787484
927.44 7.717643435791792
927.52 7.738765072573588
927.62 7.800258995959072
927.73 7.808121904579088
927.78 7.8064723211582665
927.82 7.793263083904551
927.91 7.766926774159229
927.97 7.776492678826255
928.06 7.792537222473587
928.11 7.783555574012262
928.18 7.793263083904552
928.25 7.781582763360569
928.34 7.765788739559858
928.42 7.773537083456847
928.5 7.749226093649936
928.56 7.686167557188149
928.59 7.689813542813137
928.66 7.6820925179631505
928.7 7.710022337480254
928.77 7.669768805860676
928.9 7.740096311357564
928.96 7.717119889825433
929.07 7.65315673959498
929.11 7.6711383533582325
929.19 7.668240945087678
929.3 7.637626158259737
929.32 7.610306674291628
929.4 7.566539846754608
929.46 7.540356072293246
929.55 7.525545720001862
929.61 7.514154992580683
929.71 7.5294640103282475
929.76 7.499656557793064
929.9 7.444745961027983
929.96 7.468343967450987
930.02 7.480587672047688
930.08 7.477481345528541
930.13 7.467985543693029
930.17 7.44821177101313
930.26 7.5016765802820045
930.31 7.450435550958733
930.38 7.432905273719072
930.42 7.419847802626508
930.49 7.371107944076816
930.62 7.37012807750231
930.67 7.3650210694563105
930.75 7.368202225808141
930.8 7.356712045554871
930.86 7.351245342172173
930.93 7.348819736199244
930.96 7.353855581883007
931.08 7.3218643097026215
931.19 7.364527318590284
931.29 7.39545997777206
931.33 7.355414414709836
931.39 7.34282443662319
931.41 7.371930109228758
931.52 7.365603927182159
931.58 7.391204163727248
931.61 7.403104726799396
931.7 7.423005462816939
931.79 7.444467812416215
931.88 7.374923386008488
931.9 7.394374055778336
931.99 7.3752178533137895
932.07 7.417226740854868
932.15 7.37368375516689
932.25 7.384634607265839
932.29 7.377682699886331
932.31 7.398737266001071
932.41 7.3828835624686455
932.47 7.414775039668356
932.58 7.393936910084031
932.64 7.350558282927027
932.73 7.342769411214184
932.76 7.326608486823348
932.87 7.325967375015942
932.97 7.351843031485093
933.08 7.349403878801153
933.16 7.363189910396559
933.21 7.374943930620627
933.29 7.385892914293721
933.33 7.374615209958381
933.38 7.339914402385318
933.43 7.339191874705097
933.46 7.35316876653126
933.54 7.366892907536464
933.63 7.343869841059568
933.69 7.353546522913032
933.74 7.3438217007030575
933.82 7.390110782237121
933.86 7.430513121751771
933.9 7.440674456232876
933.97 7.486627809608003
934.02 7.487336109739027
934.07 7.479608643140725
934.18 7.455429856382149
934.27 7.42212771366674
934.34 7.36387579109443
934.38 7.364643901641124
934.45 7.380529941828174
934.51 7.398464214096922
934.56 7.3804546683189525
934.68 7.4085399807563075
934.72 7.406085403916227
934.76 7.418404631234893
934.81 7.400102374394232
934.87 7.38228154489388
934.94 7.3646987636147
935.03 7.402504353735342
935.08 7.424610998890686
935.15 7.395569244111259
935.22 7.379441822804868
935.28 7.374649452377686
935.36 7.410775665178106
935.41 7.414284602145791
935.52 7.407994589521773
935.62 7.398853310008945
935.66 7.389892086526368
935.78 7.420392322662074
935.82 7.431002488210993
935.91 7.406105862084608
935.96 7.404503134354567
936.05 7.448645731428178
936.13 7.455802431595801
936.24 7.4415160831756335
936.29 7.413194624819626
936.39 7.419459807720761
936.42 7.4089489978353384
936.5 7.431165603202651
936.56 7.467532417341105
936.61 7.427623843437138
936.7 7.437958881523369
936.8 7.458978726096733
936.9 7.470480627649126
936.96 7.492649596758006
936.99 7.497467585926617
937.04 7.471048497805752
937.08 7.477481345528541
937.14 7.5116340741976
937.24 7.525203443674256
937.29 7.5455452106029135
937.36 7.49480628249465
937.47 7.5014544044350595
937.49 7.5149615078619325
937.56 7.533521048881415
937.63 7.568748879171485
937.71 7.561592211146857
937.78 7.540570404167184
937.81 7.536704796654781
937.87 7.489595476662301
937.92 7.511176857042966
937.97 7.486627809608004
938.05 7.4662540470405565
938.11 7.488570415552415
938.18 7.483827681586258
938.25 7.470311610338324
938.31 7.451791188646645
938.32 7.4682898668539615
938.42 7.460576520631768
938.51 7.437952091344186
938.53 7.452821308373454
938.59 7.47263695293054
938.69 7.454501724434426
938.74 7.462525908115356
938.8 7.441353195067237
938.85 7.443219407723726
938.91 7.438766868591357
938.98 7.4467537500672965
938.99 7.4379520913441874
939.06 7.3646987636147
939.11 7.4180982615615045
939.2 7.389591369355996
939.27 7.368860224627759
939.32 7.373005636862905
939.39 7.370285687211254
939.45 7.329716739052569
939.52 7.3491289939486695
939.63 7.358984064709373
939.67 7.34029284088169
939.72 7.301694835772545
939.79 7.310287479320022
939.85 7.313160960372961
939.9 7.320236238391397
939.93 7.333684564591615
939.97 7.340843262049652
940.02 7.388196975274446
940.08 7.394619938874754
940.13 7.39321966194005
940.17 7.418316125739998
940.27 7.446584194220611
940.33 7.399228734036126
940.38 7.390657493201683
940.47 7.4038687675615025
940.5 7.3807010151304375
940.54 7.388798510877354
940.58 7.399399375024373
940.63 7.354865084013468
940.71 7.324091973229397
940.77 7.294463100132312
940.8 7.311261550139308
940.86 7.336115174844643
940.95 7.347610069769199
940.98 7.336060099111628
941.03 7.343594749057428
941.07 7.3474450998254826
941.08 7.34527952586771
941.13 7.319070151241062
941.2 7.334710614467336
941.22 7.320346627549461
941.28 7.325174524759241
941.34 7.312946869709358
941.44 7.310322023058082
941.49 7.316088539318777
941.57 7.310232208999581
941.63 7.274773070847178
941.71 7.2825999908180234
941.77 7.304149920463437
941.87 7.365843914016679
941.94 7.363327091647218
942.01 7.349149610669255
942.11 7.32216091082683
942.15 7.27716089605491
942.23 7.240256427179434
942.28 7.207011176695236
942.33 7.209778713033369
942.36 7.239789047655014
942.47 7.26615928170245
942.53 7.268939038640696
942.6 7.323685113135576
942.68 7.327656204718223
942.72 7.312753492109767
942.82 7.2924203073735345
942.89 7.309734757309751
942.94 7.298567729979007
943.0 7.297432785063886
943.04 7.305622575258125
943.12 7.2631350884539705
943.17 7.272551134230682
943.21 7.250628673543847
943.23 7.233277474997277
943.3 7.229988054812215
943.36 7.27597402275448
943.39 7.290363086938395
943.49 7.27871533786677
943.56 7.232530328280337
943.63 7.227409947239369
943.71 7.222712493071824
943.75 7.270217369931975
943.79 7.278437783319757
943.87 7.259483522269405
943.92 7.256734942121151
943.96 7.2528921434448765
944.04 7.2528921434448765
944.11 7.302822202492138
944.13 7.263656590912532
944.24 7.267083668880183
944.33 7.240535445348882
944.4 7.240458716424149
944.49 7.245332876055351
944.55 7.284097803302807
944.62 7.25408975556673
944.7 7.259267848548483
944.75 7.277160896054911
944.86 7.327849189044062
944.89 7.297287444003014
944.98 7.279388363694774
944.99 7.275939315943542
945.06 7.306866840876673
945.12 7.336473157031132
945.17 7.34579519662147
945.23 7.36611817511075
945.28 7.3691686413493365
945.37 7.3466201945403675
945.37 7.3466201945403675
945.41 7.392454520548897
945.42 7.382999855660766
945.46 7.394264771777615
945.53 7.405232929994485
945.57 7.403595904912171
945.63 7.375436984143429
945.67 7.3869322236479
945.69 7.409651091173536
945.82 7.42692344912696
945.85 7.413303629763904
945.86 7.39508436241756
945.9 7.387540698754736
945.93 7.394039368424959
945.96 7.377169258098001
946.01 7.3573916656116785
946.06 7.339969449197422
946.1 7.340905181848417
946.16 7.387841499396291
946.22 7.371224423048691
946.23 7.351018619720312
946.32 7.323519604257194
946.37 7.3740673096242295
946.4 7.362202129935051
946.45 7.358599724063666
946.55 7.324202304274463
946.6 7.3181661333667165
946.62 7.326139722413382
946.66 7.2727803028369635
946.72 7.247542251471781
946.78 7.200701424868344
946.81 7.212076012081431
946.86 7.215331600211461
946.91 7.228024863982095
946.97 7.196316397780859
946.99 7.211795892841121
947.09 7.147924753579058
947.15 7.129926969181281
947.21 7.172189556216642
947.26 7.19374026427831
947.35 7.196204106009886
947.4 7.230686570639629
947.43 7.1777644869627055
947.5 7.156970184527963
947.53 7.172414889947132
947.59 7.185978209560811
947.66 7.126873313896019
947.78 7.152847847062898
947.88 7.18342649169713
947.91 7.157809890199822
947.97 7.163960024478306
948.0 7.140721181358294
948.05 7.161026674318637
948.1 7.138599019387207
948.16 7.116235527356308
948.23 7.116427148052267
948.27 7.150411445391368
948.33 7.116711021081
948.36 7.12020882680935
948.41 7.109667624957845
948.45 7.10295855274548
948.52 7.125824425101543
948.57 7.079997431946116
948.63 7.053410952199375
948.66 7.015451921050107
948.81 7.007492382796392
948.9 7.005769628014336
948.95 7.027183869183526
948.96 7.0351498444122225
949.01 7.053181816554412
949.07 7.0212592038807955
949.12 7.031358332498777
949.19 7.02764382832381
949.22 7.023165132961669
949.26 7.02178428502717
949.36 7.01876273306274
949.44 7.035724137671552
949.49 7.028793594489698
949.54 7.063092292138955
949.63 7.073431581872717
949.7 7.054620951381924
949.77 7.095104301594517
949.83 7.098235660708191
949.87 7.08769740786488
949.91 7.072631844802979
949.99 7.06033879062357
950.05 7.04584554144777
950.12 7.057169146593862
950.17 7.029598318912147
950.25 7.017114719733389
950.32 6.9672828493631815
950.35 6.962199524735141
950.35 6.962199524735141
950.39 6.968754218189598
950.41 6.9762873979349385
950.44 6.9592174179793425
950.48 6.92452820841181
950.53 6.8908591187122195
950.57 6.88029685758433
950.65 6.911233718747437
950.69 6.89414185516891
950.73 6.906087199278651
950.78 6.892508009909505
950.84 6.84270606285454
950.87 6.81746864957066
950.91 6.812191981730957
950.96 6.774760050169583
951.03 6.748669902621216
951.08 6.750503161194205
951.12 6.763359394785276
951.18 6.753046450575944
951.21 6.718427846399243
951.26 6.723425053084507
951.31 6.711508283116645
951.39 6.717826428182845
951.43 6.700301515905115
951.48 6.7141942212304215
951.53 6.705123926422749
951.62 6.6920426136893605
951.7 6.668939006674714
951.76 6.656234261611785
951.79 6.664082832618457
951.82 6.63687281843496
951.92 6.608351006892951
951.96 6.571932975183409
952.01 6.558971032875589
952.09 6.590619290041157
952.13 6.603725609017378
952.18 6.618584181353031
952.25 6.595644415258092
952.31 6.597665641663863
952.34 6.567781785028913
952.4 6.607311530158517
952.46 6.58498444964149
952.5 6.552815726036704
952.58 6.575405660182465
952.6 6.5812712535749
952.66 6.593875333913427
952.71 6.612346883908266
952.76 6.584524249781427
952.79 6.558663019706124
952.85 6.5618656499566335
952.91 6.613568849667544
952.96 6.578078071223474
953.03 6.591171015345858
953.09 6.5598949856093105
953.14 6.559779498634621
953.19 6.540773438341763
953.21 6.543243874718446
953.24 6.5799204809293546
953.3 6.563597190627113
953.35 6.532552519822739
953.37 6.508199955953004
953.41 6.501118784835839
953.43 6.490482542643774
953.45 6.535644303712254
953.49 6.543552613686298
953.52 6.531168472498742
953.55 6.510868923685539
953.62 6.5006293401625195
953.64 6.52039535270336
953.68 6.52250184385028
953.72 6.541367972335364
953.74 6.542201773134486
953.79 6.532428818029808
953.83 6.54287336872661
953.89 6.5271693247486215
953.95 6.555705356959902
954.01 6.509503542025031
954.04 6.502400489143386
954.07 6.498259285175815
954.13 6.525250101635102
954.14 6.527362763510594
954.18 6.548004553783057
954.25 6.513970999460942
954.32 6.553401460849986
954.37 6.54688606680437
954.46 6.543436838280453
954.53 6.551204685268412
954.56 6.549454445627783
954.64 6.568243157939436
954.69 6.562358223576748
954.75 6.568020165079344
954.84 6.582376225017588
954.9 6.608075867199672
954.93 6.601583831998884
954.95 6.603297309188447
954.99 6.586633235101029
955.03 6.594235315329549
955.08 6.5777095273554504
955.11 6.597971834073886
955.2 6.55820867387589
955.23 6.571833069927288
955.26 6.56993458141254
955.31 6.546947781411209
955.36 6.494006560831398
955.38 6.511497213360069
955.43 6.4811381342439764
955.5 6.467478861835022
955.52 6.458069887099907
955.54 6.46422946887428
955.59 6.480888765587569
955.66 6.4764062861928595
955.69 6.492723199509928
955.75 6.482883446258908
955.8 6.451058953083717
955.86 6.4432565955078624
955.9 6.437735971942659
955.97 6.384094819680129
956.04 6.357879069518884
956.12 6.318611278188306
956.2 6.274849589730206
956.26 6.291922029736446
956.26 6.291922029736446
956.29 6.288188382301629
956.32 6.29394450036997
956.36 6.275686609785613
956.42 6.286397050679181
956.42 6.286397050679181
956.45 6.3043595626319915
956.48 6.338084342395032
956.54 6.347543866040878
956.61 6.33396328605486
956.64 6.338148090106546
956.7 6.3333333333333375
956.75 6.361778227997438
956.79 6.360063210409476
956.84 6.343245831336485
956.89 6.305192665212898
956.93 6.297754931062111
956.96 6.311637479827855
957.02 6.263538871270707
957.1 6.2482320731871095
957.16 6.238881018551033
957.19 6.229118652900997
957.25 6.252878125190419
957.26 6.256503686871634
957.32 6.227796925515037
957.37 6.222564023801045
957.43 6.249452501272134
957.47 6.248159324912808
957.53 6.243307527976564
957.59 6.281438103369691
957.62 6.296993029384835
957.64 6.291761488348287
957.68 6.279483990896004
957.71 6.273714605359013
957.76 6.244383334831655
957.8 6.244189217976898
957.84 6.240499850479798
957.93 6.2186669135609876
957.97 6.235212810151614
958.01 6.210930410627432
958.05 6.215612470532444
958.09 6.207025996173343
958.14 6.236128039841144
958.19 6.21775723637591
958.23 6.213141823033765
958.25 6.21561247053244
958.27 6.205007752784941
958.33 6.185768939569063
958.39 6.167518368702504
958.43 6.153351718676363
958.5 6.135671491081041
958.55 6.110720832349408
958.6 6.126610281008052
958.63 6.129338290450927
958.66 6.100538144833261
958.75 6.062594370816054
958.81 6.071451659407755
958.87 6.064726629528251
958.93 6.0640603792202015
958.99 6.089392996901014
959.01 6.072782465121481
959.06 6.096563032404473
959.11 6.1082739052051425
959.16 6.09971021003987
959.19 6.11124976885855
959.23 6.1015894600828355
959.26 6.091258847187035
959.28 6.083725599640165
959.28 6.083725599640165
959.33 6.073713855624085
959.35 6.102450244770454
959.39 6.113232873170802
959.46 6.122355128807245
959.47 6.125711667581439
959.5 6.14554121031474
959.54 6.13718587832001
959.55 6.12228088479475
959.61 6.1461904107875265
959.65 6.132172156221264
959.68 6.144522073778524
959.71 6.143560314128395
959.78 6.186626175416085
959.83 6.187401667415764
959.9 6.209312003399056
959.95 6.207481637735897
959.98 6.1921749250994385
960.01 6.2239274358938985
960.05 6.226977800285831
960.09 6.241106804198603
960.15 6.2512624987503775
960.19 6.264691822936189
