9.5525 0.4978588238861518
9.66 0.47430201983023185
9.7025 0.45773086400159635
9.7225 0.44832604274289256
9.7375 0.4405439221785046
9.7425 0.43780467371971366
9.7475 0.4349905653918818
9.7525 0.43210013459357915
9.755 0.4306258195826485
9.76 0.4276179870598769
9.77 0.42135953727086983
9.77 0.42135953727086983
9.77 0.42135953727086983
9.775 0.4181052858732912
9.7775 0.4164460568858082
9.78 0.41476508434048553
9.7825 0.41908570970650116
9.7875 0.4156629514679637
9.7925 0.4121509687634286
9.7975 0.40854746060760444
9.805 0.40296519996266617
9.81 0.3991218430680469
9.815 0.3951776986797638
9.8175 0.3931668863234212
9.8175 0.3931668863234212
9.82 0.3911297177923866
9.825 0.38697464184825375
9.825 0.38697464184825375
9.83 0.3827089826663776
9.8325 0.3870636843458028
9.8375 0.3827007966406314
9.84 0.38047589248453534
9.84 0.38047589248453534
9.8425 0.37822133526034024
9.845 0.38254522886885667
9.8475 0.38026998719054317
9.8525 0.3756281289095254
9.8525 0.3756281289095254
9.8525 0.3756281289095254
9.8525 0.3756281289095254
9.8525 0.3756281289095254
9.8525 0.3756281289095254
9.855 0.373260375971892
9.855 0.373260375971892
9.855 0.373260375971892
9.855 0.373260375971892
9.855 0.373260375971892
9.855 0.373260375971892
9.855 0.373260375971892
9.8575 0.3775581085254064
9.8575 0.3775581085254064
9.86 0.37516913479022607
9.8625 0.3794122218448079
9.8625 0.3794122218448079
9.8625 0.3794122218448079
9.8625 0.3794122218448079
9.8625 0.3794122218448079
9.8625 0.3794122218448079
9.8625 0.3794122218448079
9.8675 0.37455905571156256
9.8675 0.37455905571156256
9.8675 0.37455905571156256
9.8675 0.37455905571156256
9.87 0.3720834789240451
9.87 0.3720834789240451
9.8725 0.37629475728596345
9.8775 0.37126586951221496
9.8775 0.37126586951221496
9.8775 0.37126586951221496
9.8775 0.37126586951221496
9.8775 0.37126586951221496
9.8775 0.37126586951221496
9.88 0.36870021646869205
9.88 0.36870021646869205
9.885 0.3770017583706146
9.885 0.3770017583706146
9.885 0.3770017583706146
9.885 0.3770017583706146
9.8875 0.37442520693587344
9.8875 0.37442520693587344
9.8875 0.37442520693587344
9.8875 0.37442520693587344
9.8875 0.37442520693587344
9.8875 0.37442520693587344
9.8925 0.3758949221274517
9.895 0.3799155690400153
9.895 0.3799155690400153
9.895 0.3799155690400153
9.895 0.3799155690400153
9.8975 0.38387778704748005
9.8975 0.38387778704748005
9.8975 0.38387778704748005
9.8975 0.38387778704748005
9.8975 0.38387778704748005
9.8975 0.38387778704748005
9.9 0.3812655354491187
9.9 0.3812655354491187
9.9 0.3812655354491187
9.9 0.3812655354491187
9.9025 0.3851813360667105
9.9025 0.3851813360667105
9.9025 0.3851813360667105
9.9025 0.3851813360667105
9.9025 0.3851813360667105
9.9025 0.3851813360667105
9.9025 0.3851813360667105
9.9025 0.3851813360667105
9.9025 0.3851813360667105
9.9025 0.3851813360667105
9.905 0.3825452288688572
9.905 0.3825452288688572
9.905 0.3825452288688572
9.905 0.3825452288688572
9.905 0.3825452288688572
9.905 0.3825452288688572
9.905 0.3825452288688572
9.905 0.3825452288688572
9.905 0.3825452288688572
9.905 0.3825452288688572
9.905 0.3825452288688572
9.905 0.3825452288688572
9.905 0.3825452288688572
9.905 0.3825452288688572
9.905 0.3825452288688572
9.9075 0.37987433616683763
9.91 0.3771679189667959
9.9125 0.3810600568378847
9.9125 0.3810600568378847
9.915 0.38489656195986083
9.915 0.38489656195986083
9.9175 0.3821765262847871
9.9175 0.3821765262847871
9.9175 0.3821765262847871
9.9175 0.3821765262847871
9.9175 0.3821765262847871
9.9175 0.3821765262847871
9.9175 0.3821765262847871
9.9175 0.3821765262847871
9.9175 0.3821765262847871
9.9175 0.3821765262847871
9.92 0.3794204788218119
9.92 0.3794204788218119
9.92 0.3794204788218119
9.9225 0.3832243497686936
9.925 0.386974641848254
9.925 0.386974641848254
9.925 0.386974641848254
9.9275 0.39067289806589905
9.9275 0.39067289806589905
9.9275 0.39067289806589905
9.9275 0.39067289806589905
9.9275 0.39067289806589905
9.9275 0.39067289806589905
9.9325 0.3915700035359869
9.935 0.3887838502375243
9.935 0.3887838502375243
9.935 0.3887838502375243
9.935 0.3887838502375243
9.9375 0.3859613522278284
9.94 0.383101706199845
9.94 0.383101706199845
9.94 0.383101706199845
9.9425 0.3867397951762052
9.9425 0.3867397951762052
9.9425 0.3867397951762052
9.9425 0.3867397951762052
9.9425 0.3867397951762052
9.945 0.38385330322401895
9.9475 0.38745199395415036
9.9475 0.38745199395415036
9.9475 0.38745199395415036
9.9475 0.38745199395415036
9.9475 0.38745199395415036
9.9475 0.38745199395415036
9.95 0.3845382610163296
9.9525 0.38809831325564964
9.9525 0.38809831325564964
9.9525 0.38809831325564964
9.9525 0.38809831325564964
9.9525 0.38809831325564964
9.9525 0.38809831325564964
9.9525 0.38809831325564964
9.9525 0.38809831325564964
9.9525 0.38809831325564964
9.955 0.38515693510782767
9.9575 0.38217652628478993
9.9575 0.38217652628478993
9.9575 0.38217652628478993
9.9575 0.38217652628478993
9.9575 0.38217652628478993
9.9575 0.38217652628478993
9.9575 0.38217652628478993
9.9575 0.38217652628478993
9.9575 0.38217652628478993
9.9575 0.38217652628478993
9.9575 0.38217652628478993
9.9575 0.38217652628478993
9.9575 0.38217652628478993
9.9575 0.38217652628478993
9.9575 0.38217652628478993
9.9575 0.38217652628478993
9.9575 0.38217652628478993
9.9575 0.38217652628478993
9.9575 0.38217652628478993
9.9575 0.38217652628478993
9.9575 0.38217652628478993
9.9575 0.38217652628478993
9.96 0.37915616636979826
9.96 0.37915616636979826
9.96 0.37915616636979826
9.96 0.37915616636979826
9.96 0.37915616636979826
9.96 0.37915616636979826
9.96 0.37915616636979826
9.96 0.37915616636979826
9.96 0.37915616636979826
9.96 0.37915616636979826
9.96 0.37915616636979826
9.96 0.37915616636979826
9.96 0.37915616636979826
9.9625 0.37609489284096004
9.965 0.3796516012686686
9.965 0.3796516012686686
9.965 0.3796516012686686
9.9675 0.38315894475055046
9.97 0.3866182667833055
9.97 0.3866182667833055
9.97 0.3866182667833055
9.97 0.3866182667833055
9.97 0.3866182667833055
9.97 0.3866182667833055
9.97 0.3866182667833055
9.97 0.3866182667833055
9.97 0.3866182667833055
9.97 0.3866182667833055
9.97 0.3866182667833055
9.97 0.3866182667833055
9.9725 0.3900308451268649
9.9725 0.3900308451268649
9.975 0.39339789623472127
9.975 0.39339789623472127
9.975 0.39339789623472127
9.975 0.39339789623472127
9.9775 0.39035200360289257
9.9775 0.39035200360289257
9.9775 0.39035200360289257
9.9775 0.39035200360289257
9.9775 0.39035200360289257
9.9775 0.39035200360289257
9.9775 0.39035200360289257
9.98 0.387265977518498
9.98 0.387265977518498
9.98 0.387265977518498
9.98 0.387265977518498
9.98 0.387265977518498
9.98 0.387265977518498
9.98 0.387265977518498
9.98 0.387265977518498
9.98 0.387265977518498
9.98 0.387265977518498
9.98 0.387265977518498
9.98 0.387265977518498
9.98 0.387265977518498
9.98 0.387265977518498
9.98 0.387265977518498
9.98 0.387265977518498
9.98 0.387265977518498
9.98 0.387265977518498
9.98 0.387265977518498
9.98 0.387265977518498
9.98 0.387265977518498
9.98 0.387265977518498
9.98 0.387265977518498
9.98 0.387265977518498
9.98 0.387265977518498
9.98 0.387265977518498
9.98 0.387265977518498
9.98 0.387265977518498
9.98 0.387265977518498
9.98 0.387265977518498
9.98 0.387265977518498
9.98 0.387265977518498
9.98 0.387265977518498
9.9825 0.38413885073187365
9.9825 0.38413885073187365
9.9825 0.38413885073187365
9.9825 0.38413885073187365
9.985 0.38749242049342064
9.985 0.38749242049342064
9.985 0.38749242049342064
9.985 0.38749242049342064
9.985 0.38749242049342064
9.985 0.38749242049342064
9.985 0.38749242049342064
9.985 0.38749242049342064
9.985 0.38749242049342064
9.9875 0.3908011820731559
9.9875 0.3908011820731559
9.9875 0.3908011820731559
9.9875 0.3908011820731559
9.9875 0.3908011820731559
9.9875 0.3908011820731559
9.9875 0.3908011820731559
9.9875 0.3908011820731559
9.99 0.39406626416299534
9.99 0.39406626416299534
9.99 0.39406626416299534
9.99 0.39406626416299534
9.99 0.39406626416299534
9.99 0.39406626416299534
9.99 0.39406626416299534
9.99 0.39406626416299534
9.99 0.39406626416299534
9.99 0.39406626416299534
9.99 0.39406626416299534
9.99 0.39406626416299534
9.9925 0.3909294239838451
9.9925 0.3909294239838451
9.9925 0.3909294239838451
9.9925 0.3909294239838451
9.9925 0.3909294239838451
9.9925 0.3909294239838451
9.9925 0.3909294239838451
9.9925 0.3909294239838451
9.9925 0.3909294239838451
9.9925 0.3909294239838451
9.9925 0.3909294239838451
9.995 0.39416165277878534
9.995 0.39416165277878534
9.995 0.39416165277878534
9.995 0.39416165277878534
9.9975 0.39735182292012194
9.9975 0.39735182292012194
9.9975 0.39735182292012194
10.0 0.3941934438545939
10.0 0.3941934438545939
10.0 0.3941934438545939
10.0 0.3941934438545939
10.0025 0.397351822920122
10.0025 0.397351822920122
10.0025 0.397351822920122
10.0025 0.397351822920122
10.0025 0.397351822920122
10.0025 0.397351822920122
10.0025 0.397351822920122
10.0025 0.397351822920122
10.0025 0.397351822920122
10.0025 0.397351822920122
10.0025 0.397351822920122
10.0025 0.397351822920122
10.0025 0.397351822920122
10.0025 0.397351822920122
10.0025 0.397351822920122
10.0025 0.397351822920122
10.0025 0.397351822920122
10.0025 0.397351822920122
10.0025 0.397351822920122
10.0025 0.397351822920122
10.0025 0.397351822920122
10.0025 0.397351822920122
10.0025 0.397351822920122
10.005 0.3941616527787853
10.005 0.3941616527787853
10.005 0.3941616527787853
10.005 0.3941616527787853
10.005 0.3941616527787853
10.0075 0.3972887436923701
10.0075 0.3972887436923701
10.0075 0.3972887436923701
10.0075 0.3972887436923701
10.0075 0.3972887436923701
10.0075 0.3972887436923701
10.0075 0.3972887436923701
10.01 0.3940662641629951
10.01 0.3940662641629951
10.01 0.3940662641629951
10.01 0.3940662641629951
10.01 0.3940662641629951
10.01 0.3940662641629951
10.01 0.3940662641629951
10.0125 0.3971625551812464
10.0125 0.3971625551812464
10.0125 0.3971625551812464
10.015 0.4002192381638988
10.015 0.4002192381638988
10.015 0.4002192381638988
10.015 0.4002192381638988
10.015 0.4002192381638988
10.0175 0.4032372138413902
10.0225 0.4029885226323874
10.0225 0.4029885226323874
10.0225 0.4029885226323874
10.0225 0.4029885226323874
10.0225 0.4029885226323874
10.0225 0.4029885226323874
10.0225 0.4029885226323874
10.025 0.399717945669475
10.025 0.399717945669475
10.025 0.399717945669475
10.025 0.399717945669475
10.0275 0.4026774426349432
10.0275 0.4026774426349432
10.0275 0.4026774426349432
10.0275 0.4026774426349432
10.0275 0.4026774426349432
10.0275 0.4026774426349432
10.0275 0.4026774426349432
10.0275 0.4026774426349432
10.0275 0.4026774426349432
10.03 0.39937294208192003
10.03 0.39937294208192003
10.0325 0.4023038291233604
10.0325 0.4023038291233604
10.0325 0.4023038291233604
10.0325 0.4023038291233604
10.0325 0.4023038291233604
10.0325 0.4023038291233604
10.0325 0.4023038291233604
10.0325 0.4023038291233604
10.035 0.4051980548560757
10.0375 0.4080563993649127
10.0375 0.4080563993649127
10.0375 0.4080563993649127
10.0375 0.4080563993649127
10.0375 0.4080563993649127
10.0375 0.4080563993649127
10.0375 0.4080563993649127
10.0375 0.4080563993649127
10.0375 0.4080563993649127
10.0375 0.4080563993649127
10.0375 0.4080563993649127
10.0375 0.4080563993649127
10.0375 0.4080563993649127
10.0375 0.4080563993649127
10.0375 0.4080563993649127
10.0375 0.4080563993649127
10.0375 0.4080563993649127
10.0375 0.4080563993649127
10.0375 0.4080563993649127
10.0375 0.4080563993649127
10.0375 0.4080563993649127
10.0375 0.4080563993649127
10.0375 0.4080563993649127
10.0375 0.4080563993649127
10.0375 0.4080563993649127
10.0375 0.4080563993649127
10.0375 0.4080563993649127
10.04 0.40473389258811177
10.04 0.40473389258811177
10.04 0.40473389258811177
10.04 0.40473389258811177
10.04 0.40473389258811177
10.04 0.40473389258811177
10.04 0.40473389258811177
10.04 0.40473389258811177
10.04 0.40473389258811177
10.0425 0.4013682738185357
10.0425 0.4013682738185357
10.0425 0.4013682738185357
10.0425 0.4013682738185357
10.0425 0.4013682738185357
10.0425 0.4013682738185357
10.0425 0.4013682738185357
10.0425 0.4013682738185357
10.0425 0.4013682738185357
10.0425 0.4013682738185357
10.0425 0.4013682738185357
10.0425 0.4013682738185357
10.0425 0.4013682738185357
10.0425 0.4013682738185357
10.045 0.404207197668
10.0475 0.40080589243238673
10.0475 0.40080589243238673
10.0475 0.40080589243238673
10.0475 0.40080589243238673
10.05 0.403617725292665
10.05 0.403617725292665
10.05 0.403617725292665
10.05 0.403617725292665
10.05 0.403617725292665
10.05 0.403617725292665
10.05 0.403617725292665
10.05 0.403617725292665
10.05 0.403617725292665
10.05 0.403617725292665
10.05 0.403617725292665
10.05 0.403617725292665
10.05 0.403617725292665
10.05 0.403617725292665
10.05 0.403617725292665
10.05 0.403617725292665
10.05 0.403617725292665
10.0525 0.40639468697807746
10.0525 0.40639468697807746
10.0525 0.40639468697807746
10.0525 0.40639468697807746
10.0525 0.40639468697807746
10.0525 0.40639468697807746
10.0525 0.40639468697807746
10.055 0.40913748753844786
10.055 0.40913748753844786
10.055 0.40913748753844786
10.055 0.40913748753844786
10.055 0.40913748753844786
10.055 0.40913748753844786
10.055 0.40913748753844786
10.055 0.40913748753844786
10.055 0.40913748753844786
10.055 0.40913748753844786
10.055 0.40913748753844786
10.055 0.40913748753844786
10.055 0.40913748753844786
10.055 0.40913748753844786
10.055 0.40913748753844786
10.055 0.40913748753844786
10.055 0.40913748753844786
10.055 0.40913748753844786
10.055 0.40913748753844786
10.055 0.40913748753844786
10.055 0.40913748753844786
10.055 0.40913748753844786
10.055 0.40913748753844786
10.055 0.40913748753844786
10.055 0.40913748753844786
10.055 0.40913748753844786
10.055 0.40913748753844786
10.0575 0.41184680948893615
10.06 0.4084324211011118
10.06 0.4084324211011118
10.06 0.4084324211011118
10.0625 0.41111590911422663
10.0625 0.41111590911422663
10.0625 0.41111590911422663
10.0625 0.41111590911422663
10.0625 0.41111590911422663
10.065 0.41376685164328586
10.065 0.41376685164328586
10.065 0.41376685164328586
10.065 0.41376685164328586
10.0675 0.4163858702963583
10.0675 0.4163858702963583
10.07 0.41897356374572636
10.07 0.41897356374572636
10.07 0.41897356374572636
10.07 0.41897356374572636
10.07 0.41897356374572636
10.07 0.41897356374572636
10.07 0.41897356374572636
10.07 0.41897356374572636
10.0725 0.4215305088897039
10.0725 0.4215305088897039
10.0725 0.4215305088897039
10.0725 0.4215305088897039
10.0725 0.4215305088897039
10.0725 0.4215305088897039
10.075 0.4240572619393627
10.075 0.4240572619393627
10.075 0.4240572619393627
10.075 0.4240572619393627
10.075 0.4240572619393627
10.075 0.4240572619393627
10.0775 0.4265543594360322
10.0775 0.4265543594360322
10.0775 0.4265543594360322
10.0775 0.4265543594360322
10.0775 0.4265543594360322
10.08 0.42902231920488665
10.08 0.42902231920488665
10.08 0.42902231920488665
10.08 0.42902231920488665
10.0825 0.43146164124945435
10.0825 0.43146164124945435
10.0825 0.43146164124945435
10.0825 0.43146164124945435
10.085 0.43387280859151306
10.085 0.43387280859151306
10.085 0.43387280859151306
10.085 0.43387280859151306
10.085 0.43387280859151306
10.0875 0.43625628806033145
10.0875 0.43625628806033145
10.0875 0.43625628806033145
10.0875 0.43625628806033145
10.0875 0.43625628806033145
10.0875 0.43625628806033145
10.09 0.43861253103502623
10.09 0.43861253103502623
10.09 0.43861253103502623
10.0925 0.44094197414331393
10.0925 0.44094197414331393
10.0925 0.44094197414331393
10.0925 0.44094197414331393
10.0925 0.44094197414331393
10.0925 0.44094197414331393
10.0925 0.44094197414331393
10.0925 0.44094197414331393
10.0925 0.44094197414331393
10.0925 0.44094197414331393
10.0925 0.44094197414331393
10.0925 0.44094197414331393
10.0925 0.44094197414331393
10.0925 0.44094197414331393
10.0925 0.44094197414331393
10.0925 0.44094197414331393
10.0925 0.44094197414331393
10.0925 0.44094197414331393
10.0925 0.44094197414331393
10.0925 0.44094197414331393
10.0925 0.44094197414331393
10.0925 0.44094197414331393
10.0925 0.44094197414331393
10.0925 0.44094197414331393
10.0925 0.44094197414331393
10.0925 0.44094197414331393
10.0925 0.44094197414331393
10.0925 0.44094197414331393
10.0925 0.44094197414331393
10.0925 0.44094197414331393
10.0925 0.44094197414331393
10.0925 0.44094197414331393
10.0925 0.44094197414331393
10.0925 0.44094197414331393
10.0925 0.44094197414331393
10.0925 0.44094197414331393
10.0925 0.44094197414331393
10.0925 0.44094197414331393
10.0925 0.44094197414331393
10.095 0.443245039919832
10.095 0.443245039919832
10.095 0.443245039919832
10.095 0.443245039919832
10.095 0.443245039919832
10.095 0.443245039919832
10.095 0.443245039919832
10.095 0.443245039919832
10.095 0.443245039919832
10.095 0.443245039919832
10.095 0.443245039919832
10.095 0.443245039919832
10.095 0.443245039919832
10.095 0.443245039919832
10.095 0.443245039919832
10.095 0.443245039919832
10.095 0.443245039919832
10.095 0.443245039919832
10.095 0.443245039919832
10.095 0.443245039919832
10.095 0.443245039919832
10.095 0.443245039919832
10.095 0.443245039919832
10.0975 0.43986070932628557
10.1 0.4421410655034336
10.1 0.4421410655034336
10.1 0.4421410655034336
10.1 0.4421410655034336
10.1 0.4421410655034336
10.1025 0.4443956217962543
10.105 0.4409774970247424
10.105 0.4409774970247424
10.105 0.4409774970247424
10.105 0.4409774970247424
10.105 0.4409774970247424
10.105 0.4409774970247424
10.1075 0.4432096987800821
10.1075 0.4432096987800821
10.1075 0.4432096987800821
10.1075 0.4432096987800821
10.1075 0.4432096987800821
10.11 0.4454166476176397
10.11 0.4454166476176397
10.11 0.4454166476176397
10.11 0.4454166476176397
10.11 0.4454166476176397
10.11 0.4454166476176397
10.11 0.4454166476176397
10.11 0.4454166476176397
10.11 0.4454166476176397
10.1125 0.44759871707682775
10.1125 0.44759871707682775
10.1125 0.44759871707682775
10.1125 0.44759871707682775
10.1125 0.44759871707682775
10.1125 0.44759871707682775
10.1125 0.44759871707682775
10.1125 0.44759871707682775
10.1125 0.44759871707682775
10.1125 0.44759871707682775
10.1125 0.44759871707682775
10.1125 0.44759871707682775
10.1125 0.44759871707682775
10.1125 0.44759871707682775
10.1125 0.44759871707682775
10.1125 0.44759871707682775
10.1125 0.44759871707682775
10.1125 0.44759871707682775
10.1125 0.44759871707682775
10.115 0.4497562692774677
10.115 0.4497562692774677
10.115 0.4497562692774677
10.115 0.4497562692774677
10.115 0.4497562692774677
10.115 0.4497562692774677
10.115 0.4497562692774677
10.115 0.4497562692774677
10.115 0.4497562692774677
10.115 0.4497562692774677
10.115 0.4497562692774677
10.115 0.4497562692774677
10.115 0.4497562692774677
10.115 0.4497562692774677
10.115 0.4497562692774677
10.1175 0.45188965539347087
10.1175 0.45188965539347087
10.1175 0.45188965539347087
10.1175 0.45188965539347087
10.1175 0.45188965539347087
10.1175 0.45188965539347087
10.12 0.44844482034273786
10.12 0.44844482034273786
10.12 0.44844482034273786
10.12 0.44844482034273786
10.1225 0.4505566036946206
10.1225 0.4505566036946206
10.125 0.44707346903701634
10.125 0.44707346903701634
10.125 0.44707346903701634
10.125 0.44707346903701634
10.125 0.44707346903701634
10.125 0.44707346903701634
10.125 0.44707346903701634
10.125 0.44707346903701634
10.125 0.44707346903701634
10.125 0.44707346903701634
10.1275 0.4435488574806958
10.1275 0.4435488574806958
10.1275 0.4435488574806958
10.1275 0.4435488574806958
10.1275 0.4435488574806958
10.1275 0.4435488574806958
10.1275 0.4435488574806958
10.1275 0.4435488574806958
10.1275 0.4435488574806958
10.1275 0.4435488574806958
10.1275 0.4435488574806958
10.1275 0.4435488574806958
10.1275 0.4435488574806958
10.1275 0.4435488574806958
10.1275 0.4435488574806958
10.1275 0.4435488574806958
10.1275 0.4435488574806958
10.1275 0.4435488574806958
10.1275 0.4435488574806958
10.1275 0.4435488574806958
10.1275 0.4435488574806958
10.13 0.4456416623567313
10.13 0.4456416623567313
10.13 0.4456416623567313
10.13 0.4456416623567313
10.13 0.4456416623567313
10.13 0.4456416623567313
10.13 0.4456416623567313
10.1325 0.4477106902402345
10.1325 0.4477106902402345
10.1325 0.4477106902402345
10.1325 0.4477106902402345
10.1325 0.4477106902402345
10.1325 0.4477106902402345
10.1325 0.4477106902402345
10.1325 0.4477106902402345
10.1325 0.4477106902402345
10.1325 0.4477106902402345
10.1325 0.4477106902402345
10.1325 0.4477106902402345
10.1325 0.4477106902402345
10.1325 0.4477106902402345
10.1325 0.4477106902402345
10.135 0.4497562692774684
10.135 0.4497562692774684
10.135 0.4497562692774684
10.135 0.4497562692774684
10.135 0.4497562692774684
10.1375 0.451778717985988
10.1375 0.451778717985988
10.1375 0.451778717985988
10.1375 0.451778717985988
10.1375 0.451778717985988
10.1375 0.451778717985988
10.1375 0.451778717985988
10.1375 0.451778717985988
10.14 0.44822121283925864
10.14 0.44822121283925864
10.14 0.44822121283925864
10.14 0.44822121283925864
10.14 0.44822121283925864
10.14 0.44822121283925864
10.14 0.44822121283925864
10.14 0.44822121283925864
10.14 0.44822121283925864
10.14 0.44822121283925864
10.14 0.44822121283925864
10.14 0.44822121283925864
10.14 0.44822121283925864
10.14 0.44822121283925864
10.14 0.44822121283925864
10.14 0.44822121283925864
10.14 0.44822121283925864
10.14 0.44822121283925864
10.14 0.44822121283925864
10.14 0.44822121283925864
10.14 0.44822121283925864
10.14 0.44822121283925864
10.14 0.44822121283925864
10.14 0.44822121283925864
10.14 0.44822121283925864
10.1425 0.4502227240523653
10.1425 0.4502227240523653
10.1425 0.4502227240523653
10.1425 0.4502227240523653
10.1425 0.4502227240523653
10.1425 0.4502227240523653
10.1425 0.4502227240523653
10.1425 0.4502227240523653
10.145 0.44662476891740677
10.1475 0.4486054693914466
10.1475 0.4486054693914466
10.1475 0.4486054693914466
10.1475 0.4486054693914466
10.1475 0.4486054693914466
10.1475 0.4486054693914466
10.1475 0.4486054693914466
10.1475 0.4486054693914466
10.1475 0.4486054693914466
10.1475 0.4486054693914466
10.1475 0.4486054693914466
10.15 0.45056355688958233
10.15 0.45056355688958233
10.15 0.45056355688958233
10.15 0.45056355688958233
10.15 0.45056355688958233
10.15 0.45056355688958233
10.15 0.45056355688958233
10.15 0.45056355688958233
10.15 0.45056355688958233
10.15 0.45056355688958233
10.15 0.45056355688958233
10.15 0.45056355688958233
10.15 0.45056355688958233
10.1525 0.4524993249693811
10.1525 0.4524993249693811
10.1525 0.4524993249693811
10.1525 0.4524993249693811
10.1525 0.4524993249693811
10.1525 0.4524993249693811
10.1525 0.4524993249693811
10.1525 0.4524993249693811
10.1525 0.4524993249693811
10.1525 0.4524993249693811
10.1525 0.4524993249693811
10.1525 0.4524993249693811
10.1525 0.4524993249693811
10.1525 0.4524993249693811
10.1525 0.4524993249693811
10.155 0.4488637841727207
10.155 0.4488637841727207
10.155 0.4488637841727207
10.155 0.4488637841727207
10.155 0.4488637841727207
10.155 0.4488637841727207
10.155 0.4488637841727207
10.155 0.4488637841727207
10.155 0.4488637841727207
10.1575 0.45077905273644203
10.1575 0.45077905273644203
10.1575 0.45077905273644203
10.1575 0.45077905273644203
10.1575 0.45077905273644203
10.16 0.45267237678231836
10.1625 0.4545440305286419
10.1625 0.4545440305286419
10.1625 0.4545440305286419
10.1625 0.4545440305286419
10.1625 0.4545440305286419
10.1625 0.4545440305286419
10.165 0.4563942805824501
10.165 0.4563942805824501
10.165 0.4563942805824501
10.165 0.4563942805824501
10.165 0.4563942805824501
10.165 0.4563942805824501
10.165 0.4563942805824501
10.1675 0.4582233862202995
10.1675 0.4582233862202995
10.17 0.45455092272855724
10.17 0.45455092272855724
10.17 0.45455092272855724
10.17 0.45455092272855724
10.17 0.45455092272855724
10.17 0.45455092272855724
10.17 0.45455092272855724
10.17 0.45455092272855724
10.17 0.45455092272855724
10.17 0.45455092272855724
10.17 0.45455092272855724
10.17 0.45455092272855724
10.17 0.45455092272855724
10.17 0.45455092272855724
10.17 0.45455092272855724
10.17 0.45455092272855724
10.17 0.45455092272855724
10.17 0.45455092272855724
10.17 0.45455092272855724
10.17 0.45455092272855724
10.17 0.45455092272855724
10.1725 0.4563599577390298
10.1725 0.4563599577390298
10.1725 0.4563599577390298
10.1725 0.4563599577390298
10.1725 0.4563599577390298
10.1725 0.4563599577390298
10.1725 0.4563599577390298
10.1725 0.4563599577390298
10.175 0.45814817403699576
10.175 0.45814817403699576
10.175 0.45814817403699576
10.175 0.45814817403699576
10.175 0.45814817403699576
10.175 0.45814817403699576
10.175 0.45814817403699576
10.175 0.45814817403699576
10.175 0.45814817403699576
10.175 0.45814817403699576
10.175 0.45814817403699576
10.1775 0.4599158144606232
10.1775 0.4599158144606232
10.1775 0.4599158144606232
10.1775 0.4599158144606232
10.1775 0.4599158144606232
10.18 0.4616631153559929
10.18 0.4616631153559929
10.18 0.4616631153559929
10.18 0.4616631153559929
10.18 0.4616631153559929
10.1825 0.4579498281611014
10.1825 0.4579498281611014
10.1825 0.4579498281611014
10.1825 0.4579498281611014
10.1825 0.4579498281611014
10.1825 0.4579498281611014
10.1825 0.4579498281611014
10.1825 0.4579498281611014
10.185 0.45967734134429994
10.185 0.45967734134429994
10.1875 0.4613848066956952
10.1875 0.4613848066956952
10.1875 0.4613848066956952
10.1875 0.4613848066956952
10.1875 0.4613848066956952
10.1875 0.4613848066956952
10.1875 0.4613848066956952
10.1875 0.4613848066956952
10.1875 0.4613848066956952
10.1875 0.4613848066956952
10.1875 0.4613848066956952
10.1925 0.4647404751828524
10.1925 0.4647404751828524
10.195 0.4663891047103062
10.195 0.4663891047103062
10.195 0.4663891047103062
10.195 0.4663891047103062
10.195 0.4663891047103062
10.195 0.4663891047103062
10.195 0.4663891047103062
10.195 0.4663891047103062
10.195 0.4663891047103062
10.195 0.4663891047103062
10.195 0.4663891047103062
10.195 0.4663891047103062
10.195 0.4663891047103062
10.195 0.4663891047103062
10.195 0.4663891047103062
10.195 0.4663891047103062
10.195 0.4663891047103062
10.195 0.4663891047103062
10.195 0.4663891047103062
10.195 0.4663891047103062
10.195 0.4663891047103062
10.195 0.4663891047103062
10.195 0.4663891047103062
10.195 0.4663891047103062
10.195 0.4663891047103062
10.195 0.4663891047103062
10.195 0.4663891047103062
10.195 0.4663891047103062
10.195 0.4663891047103062
10.195 0.4663891047103062
10.195 0.4663891047103062
10.195 0.4663891047103062
10.1975 0.4626324913526269
10.1975 0.4626324913526269
10.1975 0.4626324913526269
10.1975 0.4626324913526269
10.1975 0.4626324913526269
10.1975 0.4626324913526269
10.1975 0.4626324913526269
10.1975 0.4626324913526269
10.1975 0.4626324913526269
10.1975 0.4626324913526269
10.1975 0.4626324913526269
10.1975 0.4626324913526269
10.2 0.4642616149519521
10.2025 0.46587159266489975
10.2025 0.46587159266489975
10.2025 0.46587159266489975
10.2025 0.46587159266489975
10.2025 0.46587159266489975
10.2025 0.46587159266489975
10.2025 0.46587159266489975
10.2025 0.46587159266489975
10.2025 0.46587159266489975
10.2025 0.46587159266489975
10.2025 0.46587159266489975
10.2025 0.46587159266489975
10.2025 0.46587159266489975
10.2025 0.46587159266489975
10.2025 0.46587159266489975
10.2025 0.46587159266489975
10.2025 0.46587159266489975
10.2025 0.46587159266489975
10.2025 0.46587159266489975
10.2025 0.46587159266489975
10.2025 0.46587159266489975
10.2025 0.46587159266489975
10.2025 0.46587159266489975
10.2025 0.46587159266489975
10.2025 0.46587159266489975
10.2025 0.46587159266489975
10.2025 0.46587159266489975
10.2025 0.46587159266489975
10.2025 0.46587159266489975
10.2025 0.46587159266489975
10.2025 0.46587159266489975
10.2025 0.46587159266489975
10.2025 0.46587159266489975
10.2025 0.46587159266489975
10.2025 0.46587159266489975
10.2025 0.46587159266489975
10.2025 0.46587159266489975
10.205 0.4674626223112875
10.205 0.4674626223112875
10.205 0.4674626223112875
10.205 0.4674626223112875
10.205 0.4674626223112875
10.205 0.4674626223112875
10.205 0.4674626223112875
10.205 0.4674626223112875
10.205 0.4674626223112875
10.205 0.4674626223112875
10.205 0.4674626223112875
10.205 0.4674626223112875
10.205 0.4674626223112875
10.205 0.4674626223112875
10.205 0.4674626223112875
10.2075 0.46903489671434895
10.2075 0.46903489671434895
10.2075 0.46903489671434895
10.2075 0.46903489671434895
10.2075 0.46903489671434895
10.2075 0.46903489671434895
10.2075 0.46903489671434895
10.2075 0.46903489671434895
10.2075 0.46903489671434895
10.2075 0.46903489671434895
10.2075 0.46903489671434895
10.2075 0.46903489671434895
10.2075 0.46903489671434895
10.2075 0.46903489671434895
10.2075 0.46903489671434895
10.2075 0.46903489671434895
10.2075 0.46903489671434895
10.2075 0.46903489671434895
10.2075 0.46903489671434895
10.2075 0.46903489671434895
10.2075 0.46903489671434895
10.2075 0.46903489671434895
10.2075 0.46903489671434895
10.2075 0.46903489671434895
10.2075 0.46903489671434895
10.2075 0.46903489671434895
10.2075 0.46903489671434895
10.2075 0.46903489671434895
10.2075 0.46903489671434895
10.2075 0.46903489671434895
10.2075 0.46903489671434895
10.2075 0.46903489671434895
10.2075 0.46903489671434895
10.2075 0.46903489671434895
10.2075 0.46903489671434895
10.2075 0.46903489671434895
10.2075 0.46903489671434895
10.2075 0.46903489671434895
10.2075 0.46903489671434895
10.2075 0.46903489671434895
10.21 0.46523231052549663
10.21 0.46523231052549663
10.2125 0.46678525167141305
10.2125 0.46678525167141305
10.2125 0.46678525167141305
10.2125 0.46678525167141305
10.2125 0.46678525167141305
10.2125 0.46678525167141305
10.2125 0.46678525167141305
10.2125 0.46678525167141305
10.2125 0.46678525167141305
10.2125 0.46678525167141305
10.2125 0.46678525167141305
10.2125 0.46678525167141305
10.2125 0.46678525167141305
10.2125 0.46678525167141305
10.215 0.46831966462094804
10.215 0.46831966462094804
10.215 0.46831966462094804
10.2175 0.46447075549141653
10.2175 0.46447075549141653
10.2175 0.46447075549141653
10.2175 0.46447075549141653
10.2175 0.46447075549141653
10.2175 0.46447075549141653
10.22 0.46057608037601866
10.2225 0.46209043370568204
10.2225 0.46209043370568204
10.225 0.4635863249727632
10.225 0.4635863249727632
10.225 0.4635863249727632
10.225 0.4635863249727632
10.225 0.4635863249727632
10.225 0.4635863249727632
10.225 0.4635863249727632
10.225 0.4635863249727632
10.225 0.4635863249727632
10.225 0.4635863249727632
10.225 0.4635863249727632
10.225 0.4635863249727632
10.225 0.4635863249727632
10.225 0.4635863249727632
10.225 0.4635863249727632
10.225 0.4635863249727632
10.225 0.4635863249727632
10.225 0.4635863249727632
10.225 0.4635863249727632
10.225 0.4635863249727632
10.225 0.4635863249727632
10.2275 0.4650639323285354
10.2275 0.4650639323285354
10.2275 0.4650639323285354
10.2275 0.4650639323285354
10.2275 0.4650639323285354
10.2275 0.4650639323285354
10.2275 0.4650639323285354
10.2275 0.4650639323285354
10.2275 0.4650639323285354
10.2275 0.4650639323285354
10.2275 0.4650639323285354
10.2275 0.4650639323285354
10.2275 0.4650639323285354
10.2275 0.4650639323285354
10.2275 0.4650639323285354
10.2275 0.4650639323285354
10.23 0.4611199181854635
10.23 0.4611199181854635
10.23 0.4611199181854635
10.23 0.4611199181854635
10.23 0.4611199181854635
10.23 0.4611199181854635
10.2325 0.46257831417161704
10.2325 0.46257831417161704
10.235 0.4585855992938488
10.235 0.4585855992938488
10.235 0.4585855992938488
10.235 0.4585855992938488
10.235 0.4585855992938488
10.2375 0.4600247895685019
10.2375 0.4600247895685019
10.2375 0.4600247895685019
10.2375 0.4600247895685019
10.2375 0.4600247895685019
10.2375 0.4600247895685019
10.2375 0.4600247895685019
10.2375 0.4600247895685019
10.2375 0.4600247895685019
10.2375 0.4600247895685019
10.2375 0.4600247895685019
10.2375 0.4600247895685019
10.2375 0.4600247895685019
10.2375 0.4600247895685019
10.2375 0.4600247895685019
10.2375 0.4600247895685019
10.2375 0.4600247895685019
10.2375 0.4600247895685019
10.2375 0.4600247895685019
10.2375 0.4600247895685019
10.2375 0.4600247895685019
10.2375 0.4600247895685019
10.2375 0.4600247895685019
10.2375 0.4600247895685019
10.2375 0.4600247895685019
10.2375 0.4600247895685019
10.2375 0.4600247895685019
10.2375 0.4600247895685019
10.2375 0.4600247895685019
10.2375 0.4600247895685019
10.2375 0.4600247895685019
10.2375 0.4600247895685019
10.2375 0.4600247895685019
10.2375 0.4600247895685019
10.2375 0.4600247895685019
10.2375 0.4600247895685019
10.2375 0.4600247895685019
10.2375 0.4600247895685019
10.2375 0.4600247895685019
10.2375 0.4600247895685019
10.24 0.4614459132195967
10.24 0.4614459132195967
10.24 0.4614459132195967
10.24 0.4614459132195967
10.24 0.4614459132195967
10.24 0.4614459132195967
10.24 0.4614459132195967
10.24 0.4614459132195967
10.24 0.4614459132195967
10.24 0.4614459132195967
10.24 0.4614459132195967
10.24 0.4614459132195967
10.24 0.4614459132195967
10.24 0.4614459132195967
10.24 0.4614459132195967
10.24 0.4614459132195967
10.24 0.4614459132195967
10.24 0.4614459132195967
10.24 0.4614459132195967
10.24 0.4614459132195967
10.24 0.4614459132195967
10.24 0.4614459132195967
10.24 0.4614459132195967
10.24 0.4614459132195967
10.24 0.4614459132195967
10.24 0.4614459132195967
10.2425 0.46284913666147176
10.245 0.4642346222128999
10.245 0.4642346222128999
10.245 0.4642346222128999
10.245 0.4642346222128999
10.245 0.4642346222128999
10.245 0.4642346222128999
10.245 0.4642346222128999
10.2475 0.4656025282209212
10.2475 0.4656025282209212
10.2475 0.4656025282209212
10.2475 0.4656025282209212
10.2475 0.4656025282209212
10.25 0.4615545270643915
10.25 0.4615545270643915
10.25 0.4615545270643915
10.25 0.4615545270643915
10.25 0.4615545270643915
10.25 0.4615545270643915
10.25 0.4615545270643915
10.25 0.4615545270643915
10.25 0.4615545270643915
10.25 0.4615545270643915
10.25 0.4615545270643915
10.25 0.4615545270643915
10.25 0.4615545270643915
10.25 0.4615545270643915
10.25 0.4615545270643915
10.25 0.4615545270643915
10.25 0.4615545270643915
10.25 0.4615545270643915
10.25 0.4615545270643915
10.25 0.4615545270643915
10.25 0.4615545270643915
10.25 0.4615545270643915
10.25 0.4615545270643915
10.25 0.4615545270643915
10.2525 0.46290328214601495
10.2525 0.46290328214601495
10.2525 0.46290328214601495
10.2525 0.46290328214601495
10.2525 0.46290328214601495
10.2525 0.46290328214601495
10.2525 0.46290328214601495
10.2525 0.46290328214601495
10.255 0.4588041555313468
10.255 0.4588041555313468
10.255 0.4588041555313468
10.2575 0.4601337388674169
10.2575 0.4601337388674169
10.26 0.46144591321959666
10.26 0.46144591321959666
10.26 0.46144591321959666
10.26 0.46144591321959666
10.26 0.46144591321959666
10.26 0.46144591321959666
10.26 0.46144591321959666
10.26 0.46144591321959666
10.26 0.46144591321959666
10.26 0.46144591321959666
10.26 0.46144591321959666
10.26 0.46144591321959666
10.26 0.46144591321959666
10.26 0.46144591321959666
10.26 0.46144591321959666
10.26 0.46144591321959666
10.26 0.46144591321959666
10.26 0.46144591321959666
10.26 0.46144591321959666
10.2625 0.4627408266856339
10.2625 0.4627408266856339
10.2625 0.4627408266856339
10.2625 0.4627408266856339
10.2625 0.4627408266856339
10.2625 0.4627408266856339
10.265 0.4640186237728171
10.2675 0.4652794455013195
10.2675 0.4652794455013195
10.2675 0.4652794455013195
10.2675 0.4652794455013195
10.2675 0.4652794455013195
10.2675 0.4652794455013195
10.2675 0.4652794455013195
10.2675 0.4652794455013195
10.2675 0.4652794455013195
10.2675 0.4652794455013195
10.2675 0.4652794455013195
10.2675 0.4652794455013195
10.2675 0.4652794455013195
10.2675 0.4652794455013195
10.2675 0.4652794455013195
10.2675 0.4652794455013195
10.2675 0.4652794455013195
10.2675 0.4652794455013195
10.2675 0.4652794455013195
10.2675 0.4652794455013195
10.2675 0.4652794455013195
10.2675 0.4652794455013195
10.27 0.46652342950347975
10.27 0.46652342950347975
10.27 0.46652342950347975
10.27 0.46652342950347975
10.27 0.46652342950347975
10.27 0.46652342950347975
10.27 0.46652342950347975
10.27 0.46652342950347975
10.27 0.46652342950347975
10.27 0.46652342950347975
10.27 0.46652342950347975
10.27 0.46652342950347975
10.27 0.46652342950347975
10.27 0.46652342950347975
10.27 0.46652342950347975
10.27 0.46652342950347975
10.27 0.46652342950347975
10.27 0.46652342950347975
10.27 0.46652342950347975
10.27 0.46652342950347975
10.27 0.46652342950347975
10.27 0.46652342950347975
10.27 0.46652342950347975
10.27 0.46652342950347975
10.2725 0.4677507101192282
10.2725 0.4677507101192282
10.2725 0.4677507101192282
10.2725 0.4677507101192282
10.2725 0.4677507101192282
10.2725 0.4677507101192282
10.2725 0.4677507101192282
10.2725 0.4677507101192282
10.2725 0.4677507101192282
10.2725 0.4677507101192282
10.2725 0.4677507101192282
10.2725 0.4677507101192282
10.2725 0.4677507101192282
10.2725 0.4677507101192282
10.2725 0.4677507101192282
10.2725 0.4677507101192282
10.2725 0.4677507101192282
10.2725 0.4677507101192282
10.2725 0.4677507101192282
10.2725 0.4677507101192282
10.2725 0.4677507101192282
10.2725 0.4677507101192282
10.2725 0.4677507101192282
10.2725 0.4677507101192282
10.2725 0.4677507101192282
10.2725 0.4677507101192282
10.2725 0.4677507101192282
10.275 0.46358632497276653
10.275 0.46358632497276653
10.2775 0.4593705511437842
10.2775 0.4593705511437842
10.2775 0.4593705511437842
10.2775 0.4593705511437842
10.28 0.4605760803760188
10.28 0.4605760803760188
10.28 0.4605760803760188
10.28 0.4605760803760188
10.28 0.4605760803760188
10.28 0.4605760803760188
10.28 0.4605760803760188
10.28 0.4605760803760188
10.28 0.4605760803760188
10.28 0.4605760803760188
10.28 0.4605760803760188
10.2825 0.46176489368790824
10.2825 0.46176489368790824
10.2825 0.46176489368790824
10.2825 0.46176489368790824
10.2825 0.46176489368790824
10.2825 0.46176489368790824
10.2825 0.46176489368790824
10.2825 0.46176489368790824
10.2825 0.46176489368790824
10.285 0.46293711985793184
10.285 0.46293711985793184
10.285 0.46293711985793184
10.285 0.46293711985793184
10.285 0.46293711985793184
10.285 0.46293711985793184
10.285 0.46293711985793184
10.285 0.46293711985793184
10.285 0.46293711985793184
10.285 0.46293711985793184
10.285 0.46293711985793184
10.285 0.46293711985793184
10.285 0.46293711985793184
10.285 0.46293711985793184
10.285 0.46293711985793184
10.285 0.46293711985793184
10.285 0.46293711985793184
10.285 0.46293711985793184
10.285 0.46293711985793184
10.285 0.46293711985793184
10.285 0.46293711985793184
10.285 0.46293711985793184
10.285 0.46293711985793184
10.285 0.46293711985793184
10.285 0.46293711985793184
10.285 0.46293711985793184
10.285 0.46293711985793184
10.285 0.46293711985793184
10.285 0.46293711985793184
10.285 0.46293711985793184
10.285 0.46293711985793184
10.285 0.46293711985793184
10.285 0.46293711985793184
10.285 0.46293711985793184
10.285 0.46293711985793184
10.285 0.46293711985793184
10.285 0.46293711985793184
10.285 0.46293711985793184
10.285 0.46293711985793184
10.285 0.46293711985793184
10.285 0.46293711985793184
10.285 0.46293711985793184
10.285 0.46293711985793184
10.285 0.46293711985793184
10.285 0.46293711985793184
10.285 0.46293711985793184
10.285 0.46293711985793184
10.285 0.46293711985793184
10.285 0.46293711985793184
10.285 0.46293711985793184
10.285 0.46293711985793184
10.285 0.46293711985793184
10.285 0.46293711985793184
10.285 0.46293711985793184
10.285 0.46293711985793184
10.285 0.46293711985793184
10.285 0.46293711985793184
10.285 0.46293711985793184
10.285 0.46293711985793184
10.285 0.46293711985793184
10.285 0.46293711985793184
10.285 0.46293711985793184
10.2875 0.4640928845756894
10.2875 0.4640928845756894
10.2875 0.4640928845756894
10.2875 0.4640928845756894
10.2875 0.4640928845756894
10.2875 0.4640928845756894
10.2875 0.4640928845756894
10.2875 0.4640928845756894
10.2875 0.4640928845756894
10.2875 0.4640928845756894
10.2875 0.4640928845756894
10.2875 0.4640928845756894
10.2875 0.4640928845756894
10.2875 0.4640928845756894
10.2875 0.4640928845756894
10.2875 0.4640928845756894
10.2875 0.4640928845756894
10.2875 0.4640928845756894
10.2875 0.4640928845756894
10.2875 0.4640928845756894
10.2875 0.4640928845756894
10.2875 0.4640928845756894
10.2875 0.4640928845756894
10.2875 0.4640928845756894
10.29 0.4652323105254979
10.29 0.4652323105254979
10.29 0.4652323105254979
10.29 0.4652323105254979
10.29 0.4652323105254979
10.29 0.4652323105254979
10.29 0.4652323105254979
10.29 0.4652323105254979
10.2925 0.4663555174667504
10.2925 0.4663555174667504
10.2925 0.4663555174667504
10.2925 0.4663555174667504
10.2925 0.4663555174667504
10.2925 0.4663555174667504
10.2925 0.4663555174667504
10.295 0.46746262231128566
10.295 0.46746262231128566
10.295 0.46746262231128566
10.295 0.46746262231128566
10.295 0.46746262231128566
10.295 0.46746262231128566
10.295 0.46746262231128566
10.295 0.46746262231128566
10.295 0.46746262231128566
10.295 0.46746262231128566
10.295 0.46746262231128566
10.295 0.46746262231128566
10.2975 0.468553739197854
10.2975 0.468553739197854
10.2975 0.468553739197854
10.2975 0.468553739197854
10.2975 0.468553739197854
10.2975 0.468553739197854
10.3 0.46962897956377886
10.3 0.46962897956377886
10.3 0.46962897956377886
10.3 0.46962897956377886
10.3 0.46962897956377886
10.3 0.46962897956377886
10.3 0.46962897956377886
10.3 0.46962897956377886
10.3 0.46962897956377886
10.3 0.46962897956377886
10.3 0.46962897956377886
10.3 0.46962897956377886
10.3 0.46962897956377886
10.3 0.46962897956377886
10.3 0.46962897956377886
10.3 0.46962897956377886
10.3 0.46962897956377886
10.3 0.46962897956377886
10.3 0.46962897956377886
10.3 0.46962897956377886
10.3 0.46962897956377886
10.3 0.46962897956377886
10.3 0.46962897956377886
10.3 0.46962897956377886
10.3 0.46962897956377886
10.3 0.46962897956377886
10.3 0.46962897956377886
10.3 0.46962897956377886
10.3025 0.4706884522140092
10.3025 0.4706884522140092
10.3025 0.4706884522140092
10.3025 0.4706884522140092
10.3025 0.4706884522140092
10.3025 0.4706884522140092
10.3025 0.4706884522140092
10.3025 0.4706884522140092
10.3025 0.4706884522140092
10.3025 0.4706884522140092
10.305 0.4717322633876132
10.305 0.4717322633876132
10.305 0.4717322633876132
10.305 0.4717322633876132
10.305 0.4717322633876132
10.305 0.4717322633876132
10.305 0.4717322633876132
10.305 0.4717322633876132
10.305 0.4717322633876132
10.305 0.4717322633876132
10.305 0.4717322633876132
10.305 0.4717322633876132
10.305 0.4717322633876132
10.305 0.4717322633876132
10.305 0.4717322633876132
10.305 0.4717322633876132
10.3075 0.47276051682185055
10.3075 0.47276051682185055
10.3075 0.47276051682185055
10.3075 0.47276051682185055
10.3075 0.47276051682185055
10.3075 0.47276051682185055
10.3075 0.47276051682185055
10.3075 0.47276051682185055
10.3075 0.47276051682185055
10.3075 0.47276051682185055
10.3075 0.47276051682185055
10.3075 0.47276051682185055
10.3075 0.47276051682185055
10.3075 0.47276051682185055
10.3075 0.47276051682185055
10.3075 0.47276051682185055
10.3075 0.47276051682185055
10.3075 0.47276051682185055
10.3075 0.47276051682185055
10.3075 0.47276051682185055
10.3075 0.47276051682185055
10.3075 0.47276051682185055
10.3075 0.47276051682185055
10.3075 0.47276051682185055
10.3075 0.47276051682185055
10.3075 0.47276051682185055
10.3075 0.47276051682185055
10.31 0.4737733138139024
10.31 0.4737733138139024
10.3125 0.4747707532803869
10.3125 0.4747707532803869
10.3125 0.4747707532803869
10.3125 0.4747707532803869
10.3125 0.4747707532803869
10.3125 0.4747707532803869
10.3125 0.4747707532803869
10.3125 0.4747707532803869
10.3125 0.4747707532803869
10.3125 0.4747707532803869
10.3125 0.4747707532803869
10.3125 0.4747707532803869
10.3125 0.4747707532803869
10.3125 0.4747707532803869
10.3125 0.4747707532803869
10.3125 0.4747707532803869
10.3125 0.4747707532803869
10.3125 0.4747707532803869
10.315 0.47045543976236903
10.315 0.47045543976236903
10.315 0.47045543976236903
10.315 0.47045543976236903
10.315 0.47045543976236903
10.315 0.47045543976236903
10.315 0.47045543976236903
10.315 0.47045543976236903
10.315 0.47045543976236903
10.315 0.47045543976236903
10.315 0.47045543976236903
10.315 0.47045543976236903
10.315 0.47045543976236903
10.315 0.47045543976236903
10.315 0.47045543976236903
10.3175 0.4714333181199477
10.32 0.4723959088908832
10.32 0.4723959088908832
10.32 0.4723959088908832
10.32 0.4723959088908832
10.32 0.4723959088908832
10.32 0.4723959088908832
10.32 0.4723959088908832
10.32 0.4723959088908832
10.32 0.4723959088908832
10.32 0.4723959088908832
10.32 0.4723959088908832
10.32 0.4723959088908832
10.32 0.4723959088908832
10.32 0.4723959088908832
10.32 0.4723959088908832
10.32 0.4723959088908832
10.3225 0.4733433053416716
10.3225 0.4733433053416716
10.3225 0.4733433053416716
10.3225 0.4733433053416716
10.3225 0.4733433053416716
10.3225 0.4733433053416716
10.3225 0.4733433053416716
10.3225 0.4733433053416716
10.3225 0.4733433053416716
10.3225 0.4733433053416716
10.3225 0.4733433053416716
10.3225 0.4733433053416716
10.3225 0.4733433053416716
10.3225 0.4733433053416716
10.3225 0.4733433053416716
10.325 0.4742755985272641
10.325 0.4742755985272641
10.325 0.4742755985272641
10.325 0.4742755985272641
10.325 0.4742755985272641
10.325 0.4742755985272641
10.325 0.4742755985272641
10.325 0.4742755985272641
10.325 0.4742755985272641
10.325 0.4742755985272641
10.325 0.4742755985272641
10.325 0.4742755985272641
10.325 0.4742755985272641
10.325 0.4742755985272641
10.325 0.4742755985272641
10.325 0.4742755985272641
10.325 0.4742755985272641
10.325 0.4742755985272641
10.325 0.4742755985272641
10.325 0.4742755985272641
10.325 0.4742755985272641
10.325 0.4742755985272641
10.325 0.4742755985272641
10.325 0.4742755985272641
10.325 0.4742755985272641
10.325 0.4742755985272641
10.325 0.4742755985272641
10.325 0.4742755985272641
10.325 0.4742755985272641
10.325 0.4742755985272641
10.325 0.4742755985272641
10.325 0.4742755985272641
10.325 0.4742755985272641
10.325 0.4742755985272641
10.325 0.4742755985272641
10.325 0.4742755985272641
10.325 0.4742755985272641
10.325 0.4742755985272641
10.325 0.4742755985272641
10.325 0.4742755985272641
10.325 0.4742755985272641
10.325 0.4742755985272641
10.325 0.4742755985272641
10.325 0.4742755985272641
10.325 0.4742755985272641
10.3275 0.4751928773421295
10.3275 0.4751928773421295
10.3275 0.4751928773421295
10.3275 0.4751928773421295
10.3275 0.4751928773421295
10.3275 0.4751928773421295
10.3275 0.4751928773421295
10.3275 0.4751928773421295
10.3275 0.4751928773421295
10.3275 0.4751928773421295
10.3275 0.4751928773421295
10.3275 0.4751928773421295
10.3275 0.4751928773421295
10.3275 0.4751928773421295
10.3275 0.4751928773421295
10.3275 0.4751928773421295
10.3275 0.4751928773421295
10.3275 0.4751928773421295
10.3275 0.4751928773421295
10.3275 0.4751928773421295
10.3275 0.4751928773421295
10.3275 0.4751928773421295
10.3275 0.4751928773421295
10.3275 0.4751928773421295
10.3275 0.4751928773421295
10.3275 0.4751928773421295
10.3275 0.4751928773421295
10.3275 0.4751928773421295
10.3275 0.4751928773421295
10.3275 0.4751928773421295
10.3275 0.4751928773421295
10.3275 0.4751928773421295
10.3275 0.4751928773421295
10.3275 0.4751928773421295
10.3275 0.4751928773421295
10.3275 0.4751928773421295
10.3275 0.4751928773421295
10.3275 0.4751928773421295
10.3275 0.4751928773421295
10.3275 0.4751928773421295
10.3275 0.4751928773421295
10.3275 0.4751928773421295
10.3275 0.4751928773421295
10.3275 0.4751928773421295
10.3275 0.4751928773421295
10.3275 0.4751928773421295
10.33 0.4760952285695225
10.33 0.4760952285695225
10.33 0.4760952285695225
10.33 0.4760952285695225
10.33 0.4760952285695225
10.33 0.4760952285695225
10.33 0.4760952285695225
10.33 0.4760952285695225
10.33 0.4760952285695225
10.33 0.4760952285695225
10.33 0.4760952285695225
10.33 0.4760952285695225
10.33 0.4760952285695225
10.33 0.4760952285695225
10.33 0.4760952285695225
10.33 0.4760952285695225
10.33 0.4760952285695225
10.33 0.4760952285695225
10.33 0.4760952285695225
10.33 0.4760952285695225
10.33 0.4760952285695225
10.33 0.4760952285695225
10.33 0.4760952285695225
10.33 0.4760952285695225
10.33 0.4760952285695225
10.33 0.4760952285695225
10.33 0.4760952285695225
10.33 0.4760952285695225
10.33 0.4760952285695225
10.33 0.4760952285695225
10.33 0.4760952285695225
10.33 0.4760952285695225
10.33 0.4760952285695225
10.33 0.4760952285695225
10.33 0.4760952285695225
10.33 0.4760952285695225
10.33 0.4760952285695225
10.33 0.4760952285695225
10.33 0.4760952285695225
10.33 0.4760952285695225
10.33 0.4760952285695225
10.33 0.4760952285695225
10.33 0.4760952285695225
10.33 0.4760952285695225
10.33 0.4760952285695225
10.33 0.4760952285695225
10.33 0.4760952285695225
10.33 0.4760952285695225
10.33 0.4760952285695225
10.33 0.4760952285695225
10.33 0.4760952285695225
10.33 0.4760952285695225
10.33 0.4760952285695225
10.3325 0.47698273692904347
10.3325 0.47698273692904347
10.3325 0.47698273692904347
10.3325 0.47698273692904347
10.3325 0.47698273692904347
10.3325 0.47698273692904347
10.3325 0.47698273692904347
10.3325 0.47698273692904347
10.3325 0.47698273692904347
10.3325 0.47698273692904347
10.3325 0.47698273692904347
10.3325 0.47698273692904347
10.3325 0.47698273692904347
10.3325 0.47698273692904347
10.3325 0.47698273692904347
10.3325 0.47698273692904347
10.3325 0.47698273692904347
10.3325 0.47698273692904347
10.3325 0.47698273692904347
10.335 0.47785548512249376
10.335 0.47785548512249376
10.335 0.47785548512249376
10.335 0.47785548512249376
10.335 0.47785548512249376
10.335 0.47785548512249376
10.3375 0.4734491898169707
10.3375 0.4734491898169707
10.3375 0.4734491898169707
10.34 0.4743020198302314
10.34 0.4743020198302314
10.34 0.4743020198302314
10.34 0.4743020198302314
10.34 0.4743020198302314
10.34 0.4743020198302314
10.34 0.4743020198302314
10.3425 0.47514013234350955
10.3425 0.47514013234350955
10.3425 0.47514013234350955
10.3425 0.47514013234350955
10.3425 0.47514013234350955
10.345 0.47596360510385405
10.345 0.47596360510385405
10.345 0.47596360510385405
10.345 0.47596360510385405
10.345 0.47596360510385405
10.345 0.47596360510385405
10.345 0.47596360510385405
10.345 0.47596360510385405
10.345 0.47596360510385405
10.345 0.47596360510385405
10.345 0.47596360510385405
10.345 0.47596360510385405
10.345 0.47596360510385405
10.345 0.47596360510385405
10.345 0.47596360510385405
10.345 0.47596360510385405
10.345 0.47596360510385405
10.345 0.47596360510385405
10.345 0.47596360510385405
10.345 0.47596360510385405
10.345 0.47596360510385405
10.345 0.47596360510385405
10.345 0.47596360510385405
10.345 0.47596360510385405
10.345 0.47596360510385405
10.345 0.47596360510385405
10.3475 0.47677251396781295
10.3475 0.47677251396781295
10.3475 0.47677251396781295
10.3475 0.47677251396781295
10.3475 0.47677251396781295
10.3475 0.47677251396781295
10.3475 0.47677251396781295
10.3475 0.47677251396781295
10.3475 0.47677251396781295
10.3475 0.47677251396781295
10.3475 0.47677251396781295
10.3475 0.47677251396781295
10.3475 0.47677251396781295
10.3475 0.47677251396781295
10.3475 0.47677251396781295
10.3475 0.47677251396781295
10.3475 0.47677251396781295
10.3475 0.47677251396781295
10.3475 0.47677251396781295
10.3475 0.47677251396781295
10.3475 0.47677251396781295
10.3475 0.47677251396781295
10.3475 0.47677251396781295
10.3475 0.47677251396781295
10.3475 0.47677251396781295
10.3475 0.47677251396781295
10.3475 0.47677251396781295
10.3475 0.47677251396781295
10.3475 0.47677251396781295
10.3475 0.47677251396781295
10.3475 0.47677251396781295
10.3475 0.47677251396781295
10.3475 0.47677251396781295
10.3475 0.47677251396781295
10.3475 0.47677251396781295
10.3475 0.47677251396781295
10.3475 0.47677251396781295
10.3475 0.47677251396781295
10.3475 0.47677251396781295
10.3475 0.47677251396781295
10.3475 0.47677251396781295
10.3475 0.47677251396781295
10.3475 0.47677251396781295
10.3475 0.47677251396781295
10.3475 0.47677251396781295
10.3475 0.47677251396781295
10.3475 0.47677251396781295
10.3475 0.47677251396781295
10.3475 0.47677251396781295
10.3475 0.47677251396781295
10.3475 0.47677251396781295
10.3475 0.47677251396781295
10.3475 0.47677251396781295
10.3475 0.47677251396781295
10.3475 0.47677251396781295
10.3475 0.47677251396781295
10.3475 0.47677251396781295
10.3475 0.47677251396781295
10.3475 0.47677251396781295
10.3475 0.47677251396781295
10.3475 0.47677251396781295
10.3475 0.47677251396781295
10.3475 0.47677251396781295
10.3475 0.47677251396781295
10.3475 0.47677251396781295
10.3475 0.47677251396781295
10.3475 0.47677251396781295
10.3475 0.47677251396781295
10.3475 0.47677251396781295
10.3475 0.47677251396781295
10.3475 0.47677251396781295
10.3475 0.47677251396781295
10.3475 0.47677251396781295
10.3475 0.47677251396781295
10.3475 0.47677251396781295
10.3475 0.47677251396781295
10.3475 0.47677251396781295
10.3475 0.47677251396781295
10.3475 0.47677251396781295
10.3475 0.47677251396781295
10.3475 0.47677251396781295
10.3475 0.47677251396781295
10.3475 0.47677251396781295
10.3475 0.47677251396781295
10.3475 0.47677251396781295
10.3475 0.47677251396781295
10.3475 0.47677251396781295
10.3475 0.47677251396781295
10.3475 0.47677251396781295
10.3475 0.47677251396781295
10.3475 0.47677251396781295
10.3475 0.47677251396781295
10.3475 0.47677251396781295
10.3475 0.47677251396781295
10.3475 0.47677251396781295
10.35 0.47756693294091995
10.35 0.47756693294091995
10.35 0.47756693294091995
10.35 0.47756693294091995
10.35 0.47756693294091995
10.35 0.47756693294091995
10.35 0.47756693294091995
10.35 0.47756693294091995
10.35 0.47756693294091995
10.35 0.47756693294091995
10.3525 0.47834693421583224
10.3525 0.47834693421583224
10.3525 0.47834693421583224
10.3525 0.47834693421583224
10.3525 0.47834693421583224
10.3525 0.47834693421583224
10.3525 0.47834693421583224
10.3525 0.47834693421583224
10.3525 0.47834693421583224
10.3525 0.47834693421583224
10.3525 0.47834693421583224
10.3525 0.47834693421583224
10.3525 0.47834693421583224
10.3525 0.47834693421583224
10.3525 0.47834693421583224
10.3525 0.47834693421583224
10.3525 0.47834693421583224
10.3525 0.47834693421583224
10.3525 0.47834693421583224
10.3525 0.47834693421583224
10.3525 0.47834693421583224
10.3525 0.47834693421583224
10.3525 0.47834693421583224
10.3525 0.47834693421583224
10.3525 0.47834693421583224
10.3525 0.47834693421583224
10.3525 0.47834693421583224
10.3525 0.47834693421583224
10.3525 0.47834693421583224
10.355 0.4791125882091297
10.355 0.4791125882091297
10.355 0.4791125882091297
10.355 0.4791125882091297
10.355 0.4791125882091297
10.355 0.4791125882091297
10.355 0.4791125882091297
10.355 0.4791125882091297
10.355 0.4791125882091297
10.355 0.4791125882091297
10.355 0.4791125882091297
10.355 0.4791125882091297
10.355 0.4791125882091297
10.3575 0.47986396359686984
10.3575 0.47986396359686984
10.3575 0.47986396359686984
10.3575 0.47986396359686984
10.3575 0.47986396359686984
10.3575 0.47986396359686984
10.3575 0.47986396359686984
10.3575 0.47986396359686984
10.3575 0.47986396359686984
10.3575 0.47986396359686984
10.3575 0.47986396359686984
10.3575 0.47986396359686984
10.3575 0.47986396359686984
10.3575 0.47986396359686984
10.3575 0.47986396359686984
10.3575 0.47986396359686984
10.3575 0.47986396359686984
10.3575 0.47986396359686984
10.3575 0.47986396359686984
10.3575 0.47986396359686984
10.3575 0.47986396359686984
10.3575 0.47986396359686984
10.3575 0.47986396359686984
10.3575 0.47986396359686984
10.3575 0.47986396359686984
10.3575 0.47986396359686984
10.3575 0.47986396359686984
10.36 0.4806011273488866
10.36 0.4806011273488866
10.36 0.4806011273488866
10.36 0.4806011273488866
10.36 0.4806011273488866
10.36 0.4806011273488866
10.36 0.4806011273488866
10.36 0.4806011273488866
10.36 0.4806011273488866
10.36 0.4806011273488866
10.36 0.4806011273488866
10.36 0.4806011273488866
10.36 0.4806011273488866
10.36 0.4806011273488866
10.36 0.4806011273488866
10.36 0.4806011273488866
10.36 0.4806011273488866
10.3625 0.4813241447619542
10.3625 0.4813241447619542
10.3625 0.4813241447619542
10.3625 0.4813241447619542
10.3625 0.4813241447619542
10.3625 0.4813241447619542
10.3625 0.4813241447619542
10.3625 0.4813241447619542
10.3625 0.4813241447619542
10.3625 0.4813241447619542
10.3625 0.4813241447619542
10.3625 0.4813241447619542
10.3625 0.4813241447619542
10.3625 0.4813241447619542
10.3625 0.4813241447619542
10.365 0.4820330794917628
10.365 0.4820330794917628
10.365 0.4820330794917628
10.365 0.4820330794917628
10.365 0.4820330794917628
10.365 0.4820330794917628
10.365 0.4820330794917628
10.365 0.4820330794917628
10.365 0.4820330794917628
10.365 0.4820330794917628
10.365 0.4820330794917628
10.365 0.4820330794917628
10.365 0.4820330794917628
10.365 0.4820330794917628
10.365 0.4820330794917628
10.365 0.4820330794917628
10.365 0.4820330794917628
10.365 0.4820330794917628
10.365 0.4820330794917628
10.365 0.4820330794917628
10.365 0.4820330794917628
10.365 0.4820330794917628
10.365 0.4820330794917628
10.365 0.4820330794917628
10.365 0.4820330794917628
10.365 0.4820330794917628
10.365 0.4820330794917628
10.365 0.4820330794917628
10.365 0.4820330794917628
10.365 0.4820330794917628
10.365 0.4820330794917628
10.365 0.4820330794917628
10.365 0.4820330794917628
10.365 0.4820330794917628
10.365 0.4820330794917628
10.365 0.4820330794917628
10.365 0.4820330794917628
10.365 0.4820330794917628
10.365 0.4820330794917628
10.365 0.4820330794917628
10.3675 0.48272799358383395
10.3675 0.48272799358383395
10.3675 0.48272799358383395
10.3675 0.48272799358383395
10.3675 0.48272799358383395
10.3675 0.48272799358383395
10.37 0.4834089475033695
10.37 0.4834089475033695
10.37 0.4834089475033695
10.37 0.4834089475033695
10.37 0.4834089475033695
10.37 0.4834089475033695
10.37 0.4834089475033695
10.37 0.4834089475033695
10.37 0.4834089475033695
10.37 0.4834089475033695
10.37 0.4834089475033695
10.37 0.4834089475033695
10.37 0.4834089475033695
10.37 0.4834089475033695
10.37 0.4834089475033695
10.37 0.4834089475033695
10.37 0.4834089475033695
10.37 0.4834089475033695
10.37 0.4834089475033695
10.37 0.4834089475033695
10.37 0.4834089475033695
10.37 0.4834089475033695
10.37 0.4834089475033695
10.37 0.4834089475033695
10.37 0.4834089475033695
10.37 0.4834089475033695
10.37 0.4834089475033695
10.37 0.4834089475033695
10.37 0.4834089475033695
10.3725 0.4840760001640617
10.3725 0.4840760001640617
10.3725 0.4840760001640617
10.3725 0.4840760001640617
10.3725 0.4840760001640617
10.3725 0.4840760001640617
10.3725 0.4840760001640617
10.3725 0.4840760001640617
10.3725 0.4840760001640617
10.3725 0.4840760001640617
10.3725 0.4840760001640617
10.3725 0.4840760001640617
10.3725 0.4840760001640617
10.3725 0.4840760001640617
10.3725 0.4840760001640617
10.3725 0.4840760001640617
10.3725 0.4840760001640617
10.3725 0.4840760001640617
10.3725 0.4840760001640617
10.3725 0.4840760001640617
10.3725 0.4840760001640617
10.3725 0.4840760001640617
10.3725 0.4840760001640617
10.3725 0.4840760001640617
10.3725 0.4840760001640617
10.3725 0.4840760001640617
10.3725 0.4840760001640617
10.3725 0.4840760001640617
10.375 0.4847292089559258
10.375 0.4847292089559258
10.375 0.4847292089559258
10.375 0.4847292089559258
10.375 0.4847292089559258
10.375 0.4847292089559258
10.375 0.4847292089559258
10.375 0.4847292089559258
10.375 0.4847292089559258
10.375 0.4847292089559258
10.375 0.4847292089559258
10.375 0.4847292089559258
10.375 0.4847292089559258
10.375 0.4847292089559258
10.375 0.4847292089559258
10.375 0.4847292089559258
10.375 0.4847292089559258
10.375 0.4847292089559258
10.375 0.4847292089559258
10.375 0.4847292089559258
10.375 0.4847292089559258
10.375 0.4847292089559258
10.375 0.4847292089559258
10.375 0.4847292089559258
10.375 0.4847292089559258
10.375 0.4847292089559258
10.375 0.4847292089559258
10.375 0.4847292089559258
10.375 0.4847292089559258
10.375 0.4847292089559258
10.375 0.4847292089559258
10.375 0.4847292089559258
10.375 0.4847292089559258
10.375 0.4847292089559258
10.375 0.4847292089559258
10.375 0.4847292089559258
10.3775 0.4853686297721728
10.3775 0.4853686297721728
10.3775 0.4853686297721728
10.3775 0.4853686297721728
10.3775 0.4853686297721728
10.38 0.48599431703516427
10.38 0.48599431703516427
10.38 0.48599431703516427
10.38 0.48599431703516427
10.38 0.48599431703516427
10.38 0.48599431703516427
10.38 0.48599431703516427
10.38 0.48599431703516427
10.38 0.48599431703516427
10.38 0.48599431703516427
10.38 0.48599431703516427
10.38 0.48599431703516427
10.38 0.48599431703516427
10.38 0.48599431703516427
10.38 0.48599431703516427
10.38 0.48599431703516427
10.38 0.48599431703516427
10.38 0.48599431703516427
10.38 0.48599431703516427
10.38 0.48599431703516427
10.38 0.48599431703516427
10.38 0.48599431703516427
10.38 0.48599431703516427
10.38 0.48599431703516427
10.38 0.48599431703516427
10.38 0.48599431703516427
10.38 0.48599431703516427
10.38 0.48599431703516427
10.38 0.48599431703516427
10.38 0.48599431703516427
10.38 0.48599431703516427
10.38 0.48599431703516427
10.38 0.48599431703516427
10.38 0.48599431703516427
10.38 0.48599431703516427
10.38 0.48599431703516427
10.38 0.48599431703516427
10.38 0.48599431703516427
10.38 0.48599431703516427
10.38 0.48599431703516427
10.38 0.48599431703516427
10.38 0.48599431703516427
10.38 0.48599431703516427
10.3825 0.4866063237214592
10.3825 0.4866063237214592
10.3825 0.4866063237214592
10.3825 0.4866063237214592
10.3825 0.4866063237214592
10.3825 0.4866063237214592
10.3825 0.4866063237214592
10.3825 0.4866063237214592
10.3825 0.4866063237214592
10.385 0.48720470138600935
10.385 0.48720470138600935
10.385 0.48720470138600935
10.385 0.48720470138600935
10.385 0.48720470138600935
10.385 0.48720470138600935
10.385 0.48720470138600935
10.385 0.48720470138600935
10.385 0.48720470138600935
10.385 0.48720470138600935
10.385 0.48720470138600935
10.385 0.48720470138600935
10.385 0.48720470138600935
10.385 0.48720470138600935
10.385 0.48720470138600935
10.385 0.48720470138600935
10.385 0.48720470138600935
10.385 0.48720470138600935
10.385 0.48720470138600935
10.385 0.48720470138600935
10.385 0.48720470138600935
10.385 0.48720470138600935
10.385 0.48720470138600935
10.385 0.48720470138600935
10.385 0.48720470138600935
10.385 0.48720470138600935
10.385 0.48720470138600935
10.385 0.48720470138600935
10.385 0.48720470138600935
10.385 0.48720470138600935
10.385 0.48720470138600935
10.385 0.48720470138600935
10.385 0.48720470138600935
10.385 0.48720470138600935
10.385 0.48720470138600935
10.385 0.48720470138600935
10.385 0.48720470138600935
10.385 0.48720470138600935
10.385 0.48720470138600935
10.385 0.48720470138600935
10.385 0.48720470138600935
10.385 0.48720470138600935
10.3875 0.4877895001855095
10.3875 0.4877895001855095
10.3875 0.4877895001855095
10.3875 0.4877895001855095
10.3875 0.4877895001855095
10.3875 0.4877895001855095
10.3875 0.4877895001855095
10.3875 0.4877895001855095
10.3875 0.4877895001855095
10.3875 0.4877895001855095
10.3875 0.4877895001855095
10.3875 0.4877895001855095
10.3875 0.4877895001855095
10.3875 0.4877895001855095
10.3875 0.4877895001855095
10.39 0.4883607689009259
10.39 0.4883607689009259
10.39 0.4883607689009259
10.39 0.4883607689009259
10.39 0.4883607689009259
10.39 0.4883607689009259
10.39 0.4883607689009259
10.39 0.4883607689009259
10.39 0.4883607689009259
10.39 0.4883607689009259
10.39 0.4883607689009259
10.39 0.4883607689009259
10.39 0.4883607689009259
10.39 0.4883607689009259
10.39 0.4883607689009259
10.39 0.4883607689009259
10.39 0.4883607689009259
10.39 0.4883607689009259
10.39 0.4883607689009259
10.39 0.4883607689009259
10.39 0.4883607689009259
10.39 0.4883607689009259
10.39 0.4883607689009259
10.39 0.4883607689009259
10.39 0.4883607689009259
10.39 0.4883607689009259
10.39 0.4883607689009259
10.39 0.4883607689009259
10.39 0.4883607689009259
10.39 0.4883607689009259
10.39 0.4883607689009259
10.39 0.4883607689009259
10.39 0.4883607689009259
10.39 0.4883607689009259
10.39 0.4883607689009259
10.39 0.4883607689009259
10.39 0.4883607689009259
10.39 0.4883607689009259
10.39 0.4883607689009259
10.39 0.4883607689009259
10.39 0.4883607689009259
10.39 0.4883607689009259
10.39 0.4883607689009259
10.39 0.4883607689009259
10.39 0.4883607689009259
10.39 0.4883607689009259
10.39 0.4883607689009259
10.39 0.4883607689009259
10.39 0.4883607689009259
10.39 0.4883607689009259
10.39 0.4883607689009259
10.39 0.4883607689009259
10.39 0.4883607689009259
10.39 0.4883607689009259
10.39 0.4883607689009259
10.3925 0.4889185549592686
10.3925 0.4889185549592686
10.3925 0.4889185549592686
10.395 0.4894629044545603
10.3975 0.48999386216809426
10.3975 0.48999386216809426
10.3975 0.48999386216809426
10.3975 0.48999386216809426
10.3975 0.48999386216809426
10.3975 0.48999386216809426
10.3975 0.48999386216809426
10.3975 0.48999386216809426
10.3975 0.48999386216809426
10.3975 0.48999386216809426
10.3975 0.48999386216809426
10.3975 0.48999386216809426
10.3975 0.48999386216809426
10.3975 0.48999386216809426
10.3975 0.48999386216809426
10.3975 0.48999386216809426
10.3975 0.48999386216809426
10.3975 0.48999386216809426
10.3975 0.48999386216809426
10.4 0.49051147158797326
10.4 0.49051147158797326
10.4 0.49051147158797326
10.4 0.49051147158797326
10.4 0.49051147158797326
10.4025 0.4910157749279236
10.4025 0.4910157749279236
10.4025 0.4910157749279236
10.4025 0.4910157749279236
10.4025 0.4910157749279236
10.4025 0.4910157749279236
10.4025 0.4910157749279236
10.4025 0.4910157749279236
10.4025 0.4910157749279236
10.4025 0.4910157749279236
10.4025 0.4910157749279236
10.4025 0.4910157749279236
10.4025 0.4910157749279236
10.4025 0.4910157749279236
10.4025 0.4910157749279236
10.4025 0.4910157749279236
10.4025 0.4910157749279236
10.4025 0.4910157749279236
10.4025 0.4910157749279236
10.4025 0.4910157749279236
10.4025 0.4910157749279236
10.4025 0.4910157749279236
10.4025 0.4910157749279236
10.4025 0.4910157749279236
10.4025 0.4910157749279236
10.4025 0.4910157749279236
10.4025 0.4910157749279236
10.4025 0.4910157749279236
10.4025 0.4910157749279236
10.4025 0.4910157749279236
10.4025 0.4910157749279236
10.4025 0.4910157749279236
10.4025 0.4910157749279236
10.4025 0.4910157749279236
10.4025 0.4910157749279236
10.4025 0.4910157749279236
10.4025 0.4910157749279236
10.4025 0.4910157749279236
10.4025 0.4910157749279236
10.4025 0.4910157749279236
10.4025 0.4910157749279236
10.4025 0.4910157749279236
10.4025 0.4910157749279236
10.4025 0.4910157749279236
10.4025 0.4910157749279236
10.4025 0.4910157749279236
10.4025 0.4910157749279236
10.4025 0.4910157749279236
10.4025 0.4910157749279236
10.4025 0.4910157749279236
10.4025 0.4910157749279236
10.4025 0.4910157749279236
10.4025 0.4910157749279236
10.4025 0.4910157749279236
10.4025 0.4910157749279236
10.4025 0.4910157749279236
10.4025 0.4910157749279236
10.4025 0.4910157749279236
10.4025 0.4910157749279236
10.4025 0.4910157749279236
10.4025 0.4910157749279236
