9.534 0.4993422527392838
9.656 0.475516805659831
9.7 0.45871651559908777
9.732 0.4478584087729288
9.756 0.4345591828125733
9.768 0.4272482675966412
9.774 0.42341771943349094
9.784 0.41676298152010866
9.794 0.409755780434147
9.8 0.40537471222886085
9.81 0.39776429310049105
9.81 0.39776429310049105
9.81 0.39776429310049105
9.814 0.39460794576607405
9.816 0.39300496919456795
9.818 0.3913851871615215
9.82 0.3948567128051558
9.826 0.3899077533368953
9.832 0.384801434883727
9.836 0.3813066870370306
9.846 0.3722379914040035
9.85 0.3684719027092449
9.854 0.3646229556673551
9.856 0.3626665880781081
9.856 0.3626665880781081
9.858 0.36068849771620115
9.862 0.3566656989979327
9.862 0.3566656989979327
9.866 0.3525515354814668
9.868 0.3561315196927059
9.872 0.3519427900311508
9.874 0.3498124318473389
9.874 0.3498124318473389
9.876 0.34765749159615045
9.878 0.351230302580661
9.88 0.3490611513399195
9.886 0.3482046711145224
9.886 0.3482046711145224
9.886 0.3482046711145224
9.886 0.3482046711145224
9.886 0.3482046711145224
9.886 0.3482046711145224
9.888 0.3459702166105659
9.888 0.3459702166105659
9.888 0.3459702166105659
9.888 0.3459702166105659
9.888 0.3459702166105659
9.888 0.3459702166105659
9.888 0.3459702166105659
9.89 0.34949147139401354
9.89 0.34949147139401354
9.892 0.3472422127400683
9.894 0.3507278432632325
9.894 0.3507278432632325
9.894 0.3507278432632325
9.894 0.3507278432632325
9.894 0.3507278432632325
9.894 0.3507278432632325
9.894 0.3507278432632325
9.898 0.34617289227015785
9.898 0.34617289227015785
9.898 0.34617289227015785
9.9 0.34963479371760975
9.902 0.3473287701142815
9.902 0.3473287701142815
9.904 0.35075641137439134
9.908 0.34608604580682834
9.908 0.34608604580682834
9.908 0.34608604580682834
9.91 0.3494914713940147
9.91 0.3494914713940147
9.91 0.3494914713940147
9.912 0.34712676933359216
9.912 0.34712676933359216
9.916 0.35382819104411956
9.916 0.35382819104411956
9.916 0.35382819104411956
9.916 0.35382819104411956
9.918 0.35145845571302287
9.918 0.35145845571302287
9.918 0.35145845571302287
9.918 0.35145845571302287
9.918 0.35145845571302287
9.918 0.35145845571302287
9.922 0.3523695909940524
9.924 0.35563598511373173
9.924 0.35563598511373173
9.924 0.35563598511373173
9.924 0.35563598511373173
9.926 0.3588614818091427
9.926 0.3588614818091427
9.926 0.3588614818091427
9.926 0.3588614818091427
9.926 0.3588614818091427
9.926 0.3588614818091427
9.928 0.356468989227059
9.928 0.356468989227059
9.93 0.35966472920606096
9.93 0.35966472920606096
9.932 0.3628212763291517
9.932 0.3628212763291517
9.932 0.3628212763291517
9.932 0.3628212763291517
9.932 0.3628212763291517
9.932 0.3628212763291517
9.932 0.3628212763291517
9.932 0.3628212763291517
9.932 0.3628212763291517
9.932 0.3628212763291517
9.934 0.36042170802440754
9.934 0.36042170802440754
9.934 0.36042170802440754
9.934 0.36042170802440754
9.934 0.36042170802440754
9.934 0.36042170802440754
9.934 0.36042170802440754
9.934 0.36042170802440754
9.934 0.36042170802440754
9.934 0.36042170802440754
9.934 0.36042170802440754
9.934 0.36042170802440754
9.934 0.36042170802440754
9.934 0.36042170802440754
9.934 0.36042170802440754
9.936 0.35799486119395774
9.938 0.3555401772448102
9.94 0.3586883251923009
9.94 0.3586883251923009
9.942 0.36179800385184796
9.944 0.3648701968111968
9.946 0.3624178436373863
9.946 0.3624178436373863
9.946 0.3624178436373863
9.946 0.3624178436373863
9.946 0.3624178436373863
9.946 0.3624178436373863
9.946 0.3624178436373863
9.946 0.3624178436373863
9.946 0.3624178436373863
9.946 0.3624178436373863
9.948 0.3599376476842091
9.948 0.3599376476842091
9.948 0.3599376476842091
9.95 0.3629924614287564
9.952 0.3660108302437398
9.952 0.3660108302437398
9.952 0.3660108302437398
9.954 0.3689936484890373
9.954 0.3689936484890373
9.954 0.3689936484890373
9.954 0.3689936484890373
9.954 0.3689936484890373
9.954 0.3689936484890373
9.958 0.36947126821455595
9.96 0.3669732124792709
9.96 0.3669732124792709
9.96 0.3669732124792709
9.96 0.3669732124792709
9.962 0.3644470376976235
9.964 0.36189215501821653
9.964 0.36189215501821653
9.964 0.36189215501821653
9.966 0.3648427338469035
9.966 0.3648427338469035
9.966 0.3648427338469035
9.968 0.3677587429089521
9.968 0.3677587429089521
9.97 0.3651941038227957
9.972 0.3680855524846045
9.972 0.3680855524846045
9.972 0.3680855524846045
9.972 0.3680855524846045
9.972 0.3680855524846045
9.972 0.3680855524846045
9.974 0.3655012754625192
9.976 0.36836855292161325
9.976 0.36836855292161325
9.976 0.36836855292161325
9.976 0.36836855292161325
9.976 0.36836855292161325
9.976 0.36836855292161325
9.976 0.36836855292161325
9.976 0.36836855292161325
9.976 0.36836855292161325
9.978 0.3657643601203765
9.98 0.36313045514650677
9.98 0.36313045514650677
9.98 0.36313045514650677
9.98 0.36313045514650677
9.98 0.36313045514650677
9.98 0.36313045514650677
9.98 0.36313045514650677
9.98 0.36313045514650677
9.98 0.36313045514650677
9.98 0.36313045514650677
9.98 0.36313045514650677
9.98 0.36313045514650677
9.98 0.36313045514650677
9.98 0.36313045514650677
9.98 0.36313045514650677
9.98 0.36313045514650677
9.98 0.36313045514650677
9.98 0.36313045514650677
9.98 0.36313045514650677
9.98 0.36313045514650677
9.98 0.36313045514650677
9.98 0.36313045514650677
9.982 0.3604661866853623
9.982 0.3604661866853623
9.982 0.3604661866853623
9.982 0.3604661866853623
9.982 0.3604661866853623
9.982 0.3604661866853623
9.982 0.3604661866853623
9.982 0.3604661866853623
9.982 0.3604661866853623
9.982 0.3604661866853623
9.982 0.3604661866853623
9.982 0.3604661866853623
9.982 0.3604661866853623
9.984 0.35777087639996635
9.986 0.36064404647313164
9.986 0.36064404647313164
9.986 0.36064404647313164
9.988 0.3634834803412135
9.99 0.36628996256155905
9.99 0.36628996256155905
9.99 0.36628996256155905
9.99 0.36628996256155905
9.99 0.36628996256155905
9.99 0.36628996256155905
9.99 0.36628996256155905
9.99 0.36628996256155905
9.99 0.36628996256155905
9.99 0.36628996256155905
9.99 0.36628996256155905
9.99 0.36628996256155905
9.992 0.36906424485943823
9.992 0.36906424485943823
9.994 0.371807048026156
9.994 0.371807048026156
9.994 0.371807048026156
9.994 0.371807048026156
9.996 0.3691293987561176
9.996 0.3691293987561176
9.996 0.3691293987561176
9.996 0.3691293987561176
9.996 0.3691293987561176
9.996 0.3691293987561176
9.996 0.3691293987561176
9.998 0.3664212453694728
9.998 0.3664212453694728
9.998 0.3664212453694728
9.998 0.3664212453694728
9.998 0.3664212453694728
9.998 0.3664212453694728
9.998 0.3664212453694728
9.998 0.3664212453694728
9.998 0.3664212453694728
9.998 0.3664212453694728
9.998 0.3664212453694728
9.998 0.3664212453694728
9.998 0.3664212453694728
9.998 0.3664212453694728
9.998 0.3664212453694728
9.998 0.3664212453694728
9.998 0.3664212453694728
9.998 0.3664212453694728
9.998 0.3664212453694728
9.998 0.3664212453694728
9.998 0.3664212453694728
9.998 0.3664212453694728
10.0 0.3691511141662454
10.0 0.3691511141662454
10.0 0.3691511141662454
10.0 0.3691511141662454
10.0 0.3691511141662454
10.0 0.3691511141662454
10.0 0.3691511141662454
10.0 0.3691511141662454
10.0 0.3691511141662454
10.002 0.37185016483817734
10.002 0.37185016483817734
10.004 0.36912939875611767
10.004 0.36912939875611767
10.004 0.36912939875611767
10.004 0.36912939875611767
10.006 0.371807048026156
10.006 0.371807048026156
10.006 0.371807048026156
10.006 0.371807048026156
10.006 0.371807048026156
10.006 0.371807048026156
10.006 0.371807048026156
10.006 0.371807048026156
10.006 0.371807048026156
10.008 0.3744548475660737
10.008 0.3744548475660737
10.008 0.3744548475660737
10.008 0.3744548475660737
10.008 0.3744548475660737
10.008 0.3744548475660737
10.008 0.3744548475660737
10.008 0.3744548475660737
10.01 0.3770734261884237
10.01 0.3770734261884237
10.01 0.3770734261884237
10.01 0.3770734261884237
10.01 0.3770734261884237
10.01 0.3770734261884237
10.01 0.3770734261884237
10.01 0.3770734261884237
10.01 0.3770734261884237
10.01 0.3770734261884237
10.01 0.3770734261884237
10.01 0.3770734261884237
10.012 0.37434779623378317
10.012 0.37434779623378317
10.012 0.37434779623378317
10.012 0.37434779623378317
10.012 0.37434779623378317
10.012 0.37434779623378317
10.012 0.37434779623378317
10.012 0.37434779623378317
10.012 0.37434779623378317
10.012 0.37434779623378317
10.012 0.37434779623378317
10.014 0.3769458533432973
10.014 0.3769458533432973
10.014 0.3769458533432973
10.014 0.3769458533432973
10.016 0.3795155650671725
10.016 0.3795155650671725
10.016 0.3795155650671725
10.018 0.37677568902422554
10.018 0.37677568902422554
10.018 0.37677568902422554
10.018 0.37677568902422554
10.02 0.3793254217042428
10.02 0.3793254217042428
10.02 0.3793254217042428
10.02 0.3793254217042428
10.022 0.38184763352738077
10.022 0.38184763352738077
10.022 0.38184763352738077
10.022 0.38184763352738077
10.022 0.38184763352738077
10.022 0.38184763352738077
10.022 0.38184763352738077
10.022 0.38184763352738077
10.022 0.38184763352738077
10.022 0.38184763352738077
10.022 0.38184763352738077
10.022 0.38184763352738077
10.022 0.38184763352738077
10.022 0.38184763352738077
10.022 0.38184763352738077
10.022 0.38184763352738077
10.022 0.38184763352738077
10.022 0.38184763352738077
10.022 0.38184763352738077
10.024 0.3790928947444032
10.024 0.3790928947444032
10.024 0.3790928947444032
10.024 0.3790928947444032
10.024 0.3790928947444032
10.026 0.3815956373714471
10.026 0.3815956373714471
10.026 0.3815956373714471
10.026 0.3815956373714471
10.026 0.3815956373714471
10.026 0.3815956373714471
10.026 0.3815956373714471
10.03 0.38130143136779215
10.03 0.38130143136779215
10.03 0.38130143136779215
10.03 0.38130143136779215
10.03 0.38130143136779215
10.032 0.3837584410565648
10.032 0.3837584410565648
10.036 0.38859492022419484
10.036 0.38859492022419484
10.036 0.38859492022419484
10.038 0.39097534889925534
10.038 0.39097534889925534
10.038 0.39097534889925534
10.038 0.39097534889925534
10.038 0.39097534889925534
10.04 0.3933311821324057
10.044 0.3929029721075958
10.044 0.3929029721075958
10.044 0.3929029721075958
10.044 0.3929029721075958
10.044 0.3929029721075958
10.044 0.3929029721075958
10.044 0.3929029721075958
10.046 0.390113287076341
10.046 0.390113287076341
10.046 0.390113287076341
10.046 0.390113287076341
10.048 0.39243344405902975
10.048 0.39243344405902975
10.048 0.39243344405902975
10.048 0.39243344405902975
10.048 0.39243344405902975
10.048 0.39243344405902975
10.048 0.39243344405902975
10.05 0.3947298104355588
10.05 0.3947298104355588
10.052 0.3919224494881932
10.052 0.3919224494881932
10.054 0.3942014581139417
10.054 0.3942014581139417
10.054 0.3942014581139417
10.054 0.3942014581139417
10.054 0.3942014581139417
10.054 0.3942014581139417
10.054 0.3942014581139417
10.054 0.3942014581139417
10.056 0.39645725710778235
10.058 0.39869024043188195
10.058 0.39869024043188195
10.058 0.39869024043188195
10.058 0.39869024043188195
10.058 0.39869024043188195
10.058 0.39869024043188195
10.058 0.39869024043188195
10.058 0.39869024043188195
10.058 0.39869024043188195
10.058 0.39869024043188195
10.058 0.39869024043188195
10.058 0.39869024043188195
10.058 0.39869024043188195
10.058 0.39869024043188195
10.058 0.39869024043188195
10.06 0.40090078933044304
10.06 0.40090078933044304
10.06 0.40090078933044304
10.06 0.40090078933044304
10.06 0.40090078933044304
10.06 0.40090078933044304
10.06 0.40090078933044304
10.06 0.40090078933044304
10.06 0.40090078933044304
10.06 0.40090078933044304
10.06 0.40090078933044304
10.06 0.40090078933044304
10.062 0.39808660601907236
10.062 0.39808660601907236
10.062 0.39808660601907236
10.062 0.39808660601907236
10.062 0.39808660601907236
10.062 0.39808660601907236
10.062 0.39808660601907236
10.062 0.39808660601907236
10.062 0.39808660601907236
10.064 0.3952422458008902
10.064 0.3952422458008902
10.064 0.3952422458008902
10.064 0.3952422458008902
10.064 0.3952422458008902
10.064 0.3952422458008902
10.064 0.3952422458008902
10.064 0.3952422458008902
10.064 0.3952422458008902
10.064 0.3952422458008902
10.064 0.3952422458008902
10.064 0.3952422458008902
10.066 0.3974417187962029
10.066 0.3974417187962029
10.068 0.39961905708007
10.07 0.39675537760605006
10.07 0.39675537760605006
10.07 0.39675537760605006
10.07 0.39675537760605006
10.072 0.39891636784804174
10.072 0.39891636784804174
10.072 0.39891636784804174
10.072 0.39891636784804174
10.072 0.39891636784804174
10.072 0.39891636784804174
10.072 0.39891636784804174
10.072 0.39891636784804174
10.072 0.39891636784804174
10.072 0.39891636784804174
10.072 0.39891636784804174
10.072 0.39891636784804174
10.072 0.39891636784804174
10.072 0.39891636784804174
10.072 0.39891636784804174
10.072 0.39891636784804174
10.072 0.39891636784804174
10.074 0.4010557210448028
10.074 0.4010557210448028
10.074 0.4010557210448028
10.074 0.4010557210448028
10.074 0.4010557210448028
10.074 0.4010557210448028
10.074 0.4010557210448028
10.076 0.40317378163317047
10.076 0.40317378163317047
10.076 0.40317378163317047
10.076 0.40317378163317047
10.076 0.40317378163317047
10.076 0.40317378163317047
10.076 0.40317378163317047
10.076 0.40317378163317047
10.076 0.40317378163317047
10.076 0.40317378163317047
10.076 0.40317378163317047
10.076 0.40317378163317047
10.076 0.40317378163317047
10.076 0.40317378163317047
10.076 0.40317378163317047
10.076 0.40317378163317047
10.076 0.40317378163317047
10.076 0.40317378163317047
10.076 0.40317378163317047
10.076 0.40317378163317047
10.076 0.40317378163317047
10.076 0.40317378163317047
10.076 0.40317378163317047
10.076 0.40317378163317047
10.076 0.40317378163317047
10.076 0.40317378163317047
10.076 0.40317378163317047
10.078 0.40527088345692525
10.08 0.4023976238689669
10.08 0.4023976238689669
10.08 0.4023976238689669
10.082 0.40447893197647017
10.082 0.40447893197647017
10.082 0.40447893197647017
10.082 0.40447893197647017
10.082 0.40447893197647017
10.084 0.4065397263468809
10.084 0.4065397263468809
10.084 0.4065397263468809
10.084 0.4065397263468809
10.086 0.40858031738142153
10.086 0.40858031738142153
10.088 0.4106010062977763
10.088 0.4106010062977763
10.088 0.4106010062977763
10.088 0.4106010062977763
10.088 0.4106010062977763
10.088 0.4106010062977763
10.088 0.4106010062977763
10.088 0.4106010062977763
10.09 0.41260208550360405
10.09 0.41260208550360405
10.09 0.41260208550360405
10.09 0.41260208550360405
10.09 0.41260208550360405
10.09 0.41260208550360405
10.094 0.4165465424704532
10.094 0.4165465424704532
10.094 0.4165465424704532
10.094 0.4165465424704532
10.094 0.4165465424704532
10.094 0.4165465424704532
10.096 0.4184904640933575
10.096 0.4184904640933575
10.096 0.4184904640933575
10.096 0.4184904640933575
10.096 0.4184904640933575
10.098 0.4204158643509968
10.098 0.4204158643509968
10.098 0.4204158643509968
10.098 0.4204158643509968
10.1 0.4223229965640692
10.1 0.4223229965640692
10.1 0.4223229965640692
10.1 0.4223229965640692
10.102 0.4242121071158231
10.102 0.4242121071158231
10.102 0.4242121071158231
10.102 0.4242121071158231
10.102 0.4242121071158231
10.104 0.4260834357122766
10.104 0.4260834357122766
10.104 0.4260834357122766
10.104 0.4260834357122766
10.104 0.4260834357122766
10.104 0.4260834357122766
10.106 0.42793721562986314
10.106 0.42793721562986314
10.106 0.42793721562986314
10.108 0.4297736739513525
10.108 0.4297736739513525
10.108 0.4297736739513525
10.108 0.4297736739513525
10.108 0.4297736739513525
10.108 0.4297736739513525
10.108 0.4297736739513525
10.108 0.4297736739513525
10.108 0.4297736739513525
10.108 0.4297736739513525
10.108 0.4297736739513525
10.108 0.4297736739513525
10.108 0.4297736739513525
10.108 0.4297736739513525
10.108 0.4297736739513525
10.108 0.4297736739513525
10.108 0.4297736739513525
10.108 0.4297736739513525
10.108 0.4297736739513525
10.108 0.4297736739513525
10.108 0.4297736739513525
10.108 0.4297736739513525
10.108 0.4297736739513525
10.108 0.4297736739513525
10.108 0.4297736739513525
10.108 0.4297736739513525
10.108 0.4297736739513525
10.108 0.4297736739513525
10.108 0.4297736739513525
10.108 0.4297736739513525
10.108 0.4297736739513525
10.108 0.4297736739513525
10.108 0.4297736739513525
10.108 0.4297736739513525
10.108 0.4297736739513525
10.108 0.4297736739513525
10.108 0.4297736739513525
10.108 0.4297736739513525
10.108 0.4297736739513525
10.11 0.43159303179057534
10.112 0.43339550450674286
10.112 0.43339550450674286
10.112 0.43339550450674286
10.112 0.43339550450674286
10.112 0.43339550450674286
10.112 0.43339550450674286
10.112 0.43339550450674286
10.112 0.43339550450674286
10.112 0.43339550450674286
10.112 0.43339550450674286
10.112 0.43339550450674286
10.112 0.43339550450674286
10.112 0.43339550450674286
10.112 0.43339550450674286
10.112 0.43339550450674286
10.112 0.43339550450674286
10.112 0.43339550450674286
10.114 0.43518130190882776
10.114 0.43518130190882776
10.114 0.43518130190882776
10.114 0.43518130190882776
10.116 0.4369506284506385
10.118 0.43411162828427496
10.12 0.43586690619940255
10.12 0.43586690619940255
10.12 0.43586690619940255
10.12 0.43586690619940255
10.12 0.43586690619940255
10.122 0.43760598487222613
10.124 0.4347436072077629
10.124 0.4347436072077629
10.124 0.4347436072077629
10.124 0.4347436072077629
10.124 0.4347436072077629
10.124 0.4347436072077629
10.126 0.4364687961584892
10.126 0.4364687961584892
10.126 0.4364687961584892
10.126 0.4364687961584892
10.126 0.4364687961584892
10.128 0.4381780460041344
10.128 0.4381780460041344
10.128 0.4381780460041344
10.128 0.4381780460041344
10.128 0.4381780460041344
10.128 0.4381780460041344
10.128 0.4381780460041344
10.128 0.4381780460041344
10.128 0.4381780460041344
10.13 0.439871542552934
10.13 0.439871542552934
10.13 0.439871542552934
10.13 0.439871542552934
10.13 0.439871542552934
10.13 0.439871542552934
10.13 0.439871542552934
10.13 0.439871542552934
10.132 0.4415494670631229
10.132 0.4415494670631229
10.132 0.4415494670631229
10.132 0.4415494670631229
10.132 0.4415494670631229
10.132 0.4415494670631229
10.132 0.4415494670631229
10.132 0.4415494670631229
10.132 0.4415494670631229
10.132 0.4415494670631229
10.132 0.4415494670631229
10.134 0.44321199639393094
10.134 0.44321199639393094
10.134 0.44321199639393094
10.134 0.44321199639393094
10.134 0.44321199639393094
10.134 0.44321199639393094
10.134 0.44321199639393094
10.134 0.44321199639393094
10.136 0.4448593031501064
10.136 0.4448593031501064
10.136 0.4448593031501064
10.136 0.4448593031501064
10.136 0.4448593031501064
10.136 0.4448593031501064
10.136 0.4448593031501064
10.138 0.4464915558203046
10.138 0.4464915558203046
10.138 0.4464915558203046
10.138 0.4464915558203046
10.138 0.4464915558203046
10.138 0.4464915558203046
10.14 0.4436142323847902
10.14 0.4436142323847902
10.14 0.4436142323847902
10.14 0.4436142323847902
10.142 0.4452330456399873
10.142 0.4452330456399873
10.144 0.4423294141488247
10.144 0.4423294141488247
10.144 0.4423294141488247
10.144 0.4423294141488247
10.144 0.4423294141488247
10.144 0.4423294141488247
10.144 0.4423294141488247
10.144 0.4423294141488247
10.144 0.4423294141488247
10.144 0.4423294141488247
10.148 0.44100450104265476
10.148 0.44100450104265476
10.148 0.44100450104265476
10.148 0.44100450104265476
10.148 0.44100450104265476
10.148 0.44100450104265476
10.148 0.44100450104265476
10.148 0.44100450104265476
10.148 0.44100450104265476
10.148 0.44100450104265476
10.15 0.44259663754612133
10.15 0.44259663754612133
10.15 0.44259663754612133
10.15 0.44259663754612133
10.15 0.44259663754612133
10.15 0.44259663754612133
10.15 0.44259663754612133
10.15 0.44259663754612133
10.15 0.44259663754612133
10.15 0.44259663754612133
10.15 0.44259663754612133
10.152 0.44417404377374947
10.152 0.44417404377374947
10.152 0.44417404377374947
10.152 0.44417404377374947
10.154 0.4457368761112878
10.154 0.4457368761112878
10.154 0.4457368761112878
10.156 0.4472852873240002
10.156 0.4472852873240002
10.156 0.4472852873240002
10.156 0.4472852873240002
10.156 0.4472852873240002
10.156 0.4472852873240002
10.156 0.4472852873240002
10.156 0.4472852873240002
10.156 0.4472852873240002
10.156 0.4472852873240002
10.156 0.4472852873240002
10.156 0.4472852873240002
10.156 0.4472852873240002
10.156 0.4472852873240002
10.156 0.4472852873240002
10.158 0.4488194266690216
10.158 0.4488194266690216
10.158 0.4488194266690216
10.158 0.4488194266690216
10.158 0.4488194266690216
10.16 0.4503394400032533
10.16 0.4503394400032533
10.162 0.45184546988690183
10.162 0.45184546988690183
10.162 0.45184546988690183
10.162 0.45184546988690183
10.162 0.45184546988690183
10.162 0.45184546988690183
10.164 0.44889532636022766
10.164 0.44889532636022766
10.164 0.44889532636022766
10.164 0.44889532636022766
10.164 0.44889532636022766
10.164 0.44889532636022766
10.164 0.44889532636022766
10.164 0.44889532636022766
10.164 0.44889532636022766
10.164 0.44889532636022766
10.164 0.44889532636022766
10.164 0.44889532636022766
10.164 0.44889532636022766
10.164 0.44889532636022766
10.164 0.44889532636022766
10.164 0.44889532636022766
10.164 0.44889532636022766
10.164 0.44889532636022766
10.164 0.44889532636022766
10.164 0.44889532636022766
10.164 0.44889532636022766
10.164 0.44889532636022766
10.164 0.44889532636022766
10.164 0.44889532636022766
10.164 0.44889532636022766
10.166 0.45038838728235125
10.166 0.45038838728235125
10.166 0.45038838728235125
10.166 0.45038838728235125
10.166 0.45038838728235125
10.166 0.45038838728235125
10.166 0.45038838728235125
10.166 0.45038838728235125
10.168 0.44741072037380775
10.17 0.4488908620277569
10.17 0.4488908620277569
10.17 0.4488908620277569
10.17 0.4488908620277569
10.17 0.4488908620277569
10.17 0.4488908620277569
10.17 0.4488908620277569
10.17 0.4488908620277569
10.17 0.4488908620277569
10.17 0.4488908620277569
10.17 0.4488908620277569
10.172 0.45035723962935637
10.172 0.45035723962935637
10.172 0.45035723962935637
10.172 0.45035723962935637
10.172 0.45035723962935637
10.172 0.45035723962935637
10.172 0.45035723962935637
10.172 0.45035723962935637
10.172 0.45035723962935637
10.172 0.45035723962935637
10.172 0.45035723962935637
10.172 0.45035723962935637
10.172 0.45035723962935637
10.174 0.45180998719490345
10.174 0.45180998719490345
10.174 0.45180998719490345
10.176 0.45324923578477117
10.176 0.45324923578477117
10.176 0.45324923578477117
10.176 0.45324923578477117
10.176 0.45324923578477117
10.176 0.45324923578477117
10.176 0.45324923578477117
10.176 0.45324923578477117
10.176 0.45324923578477117
10.176 0.45324923578477117
10.176 0.45324923578477117
10.176 0.45324923578477117
10.178 0.45024598042155933
10.178 0.45024598042155933
10.178 0.45024598042155933
10.178 0.45024598042155933
10.178 0.45024598042155933
10.178 0.45024598042155933
10.178 0.45024598042155933
10.178 0.45024598042155933
10.178 0.45024598042155933
10.18 0.451672465434925
10.18 0.451672465434925
10.18 0.451672465434925
10.18 0.451672465434925
10.18 0.451672465434925
10.182 0.45308561348413234
10.184 0.45448554897648547
10.184 0.45448554897648547
10.184 0.45448554897648547
10.184 0.45448554897648547
10.184 0.45448554897648547
10.186 0.4558723936350557
10.19 0.458607284375821
10.19 0.458607284375821
10.192 0.45995556115397884
10.192 0.45995556115397884
10.192 0.45995556115397884
10.192 0.45995556115397884
10.192 0.45995556115397884
10.194 0.4612912086289072
10.194 0.4612912086289072
10.196 0.4582619425787304
10.196 0.4582619425787304
10.196 0.4582619425787304
10.196 0.4582619425787304
10.196 0.4582619425787304
10.196 0.4582619425787304
10.196 0.4582619425787304
10.196 0.4582619425787304
10.196 0.4582619425787304
10.196 0.4582619425787304
10.196 0.4582619425787304
10.196 0.4582619425787304
10.196 0.4582619425787304
10.196 0.4582619425787304
10.196 0.4582619425787304
10.196 0.4582619425787304
10.196 0.4582619425787304
10.196 0.4582619425787304
10.196 0.4582619425787304
10.196 0.4582619425787304
10.196 0.4582619425787304
10.198 0.4595850703338242
10.2 0.460895703711154
10.2 0.460895703711154
10.2 0.460895703711154
10.2 0.460895703711154
10.2 0.460895703711154
10.2 0.460895703711154
10.2 0.460895703711154
10.202 0.46219394900083327
10.202 0.46219394900083327
10.202 0.46219394900083327
10.202 0.46219394900083327
10.202 0.46219394900083327
10.202 0.46219394900083327
10.202 0.46219394900083327
10.202 0.46219394900083327
10.202 0.46219394900083327
10.202 0.46219394900083327
10.202 0.46219394900083327
10.204 0.46347991030303537
10.204 0.46347991030303537
10.204 0.46347991030303537
10.204 0.46347991030303537
10.204 0.46347991030303537
10.206 0.4647536895861806
10.206 0.4647536895861806
10.206 0.4647536895861806
10.206 0.4647536895861806
10.206 0.4647536895861806
10.208 0.4616950559073563
10.208 0.4616950559073563
10.208 0.4616950559073563
10.208 0.4616950559073563
10.208 0.4616950559073563
10.208 0.4616950559073563
10.208 0.4616950559073563
10.208 0.4616950559073563
10.21 0.46295643133520586
10.21 0.46295643133520586
10.212 0.46420574527669917
10.212 0.46420574527669917
10.212 0.46420574527669917
10.212 0.46420574527669917
10.212 0.46420574527669917
10.212 0.46420574527669917
10.212 0.46420574527669917
10.212 0.46420574527669917
10.212 0.46420574527669917
10.212 0.46420574527669917
10.212 0.46420574527669917
10.216 0.46666857524182564
10.216 0.46666857524182564
10.218 0.4678822796979074
10.218 0.4678822796979074
10.218 0.4678822796979074
10.218 0.4678822796979074
10.218 0.4678822796979074
10.218 0.4678822796979074
10.218 0.4678822796979074
10.218 0.4678822796979074
10.218 0.4678822796979074
10.218 0.4678822796979074
10.218 0.4678822796979074
10.218 0.4678822796979074
10.218 0.4678822796979074
10.218 0.4678822796979074
10.218 0.4678822796979074
10.218 0.4678822796979074
10.218 0.4678822796979074
10.218 0.4678822796979074
10.218 0.4678822796979074
10.22 0.4690842996310166
10.22 0.4690842996310166
10.22 0.4690842996310166
10.222 0.47027472463791425
10.222 0.47027472463791425
10.222 0.47027472463791425
10.222 0.47027472463791425
10.222 0.47027472463791425
10.222 0.47027472463791425
10.222 0.47027472463791425
10.222 0.47027472463791425
10.222 0.47027472463791425
10.222 0.47027472463791425
10.224 0.4671836052796405
10.226 0.4683617463573437
10.226 0.4683617463573437
10.226 0.4683617463573437
10.226 0.4683617463573437
10.226 0.4683617463573437
10.226 0.4683617463573437
10.226 0.4683617463573437
10.226 0.4683617463573437
10.226 0.4683617463573437
10.226 0.4683617463573437
10.226 0.4683617463573437
10.228 0.4695283951239327
10.23 0.47068363703483884
10.23 0.47068363703483884
10.23 0.47068363703483884
10.23 0.47068363703483884
10.23 0.47068363703483884
10.23 0.47068363703483884
10.23 0.47068363703483884
10.23 0.47068363703483884
10.23 0.47068363703483884
10.23 0.47068363703483884
10.23 0.47068363703483884
10.23 0.47068363703483884
10.23 0.47068363703483884
10.23 0.47068363703483884
10.23 0.47068363703483884
10.23 0.47068363703483884
10.23 0.47068363703483884
10.23 0.47068363703483884
10.23 0.47068363703483884
10.23 0.47068363703483884
10.23 0.47068363703483884
10.23 0.47068363703483884
10.23 0.47068363703483884
10.23 0.47068363703483884
10.23 0.47068363703483884
10.23 0.47068363703483884
10.23 0.47068363703483884
10.23 0.47068363703483884
10.23 0.47068363703483884
10.23 0.47068363703483884
10.23 0.47068363703483884
10.23 0.47068363703483884
10.232 0.47182755587711467
10.232 0.47182755587711467
10.234 0.4729602338099147
10.234 0.4729602338099147
10.234 0.4729602338099147
10.236 0.4740817514037291
10.238 0.4751921876782725
10.238 0.4751921876782725
10.238 0.4751921876782725
10.238 0.4751921876782725
10.238 0.4751921876782725
10.238 0.4751921876782725
10.238 0.4751921876782725
10.238 0.4751921876782725
10.238 0.4751921876782725
10.238 0.4751921876782725
10.238 0.4751921876782725
10.238 0.4751921876782725
10.238 0.4751921876782725
10.238 0.4751921876782725
10.24 0.47629162013920523
10.24 0.47629162013920523
10.24 0.47629162013920523
10.24 0.47629162013920523
10.24 0.47629162013920523
10.24 0.47629162013920523
10.24 0.47629162013920523
10.24 0.47629162013920523
10.24 0.47629162013920523
10.24 0.47629162013920523
10.24 0.47629162013920523
10.24 0.47629162013920523
10.24 0.47629162013920523
10.24 0.47629162013920523
10.24 0.47629162013920523
10.24 0.47629162013920523
10.24 0.47629162013920523
10.24 0.47629162013920523
10.24 0.47629162013920523
10.24 0.47629162013920523
10.24 0.47629162013920523
10.24 0.47629162013920523
10.24 0.47629162013920523
10.24 0.47629162013920523
10.24 0.47629162013920523
10.24 0.47629162013920523
10.24 0.47629162013920523
10.24 0.47629162013920523
10.24 0.47629162013920523
10.24 0.47629162013920523
10.24 0.47629162013920523
10.24 0.47629162013920523
10.24 0.47629162013920523
10.24 0.47629162013920523
10.24 0.47629162013920523
10.24 0.47629162013920523
10.24 0.47629162013920523
10.24 0.47629162013920523
10.24 0.47629162013920523
10.24 0.47629162013920523
10.242 0.4731635737618326
10.242 0.4731635737618326
10.244 0.47425080669969266
10.244 0.47425080669969266
10.244 0.47425080669969266
10.244 0.47425080669969266
10.244 0.47425080669969266
10.244 0.47425080669969266
10.244 0.47425080669969266
10.244 0.47425080669969266
10.244 0.47425080669969266
10.244 0.47425080669969266
10.244 0.47425080669969266
10.244 0.47425080669969266
10.244 0.47425080669969266
10.244 0.47425080669969266
10.246 0.47532712077419786
10.246 0.47532712077419786
10.246 0.47532712077419786
10.248 0.47216722013237594
10.248 0.47216722013237594
10.248 0.47216722013237594
10.248 0.47216722013237594
10.248 0.47216722013237594
10.248 0.47216722013237594
10.25 0.4689774832116346
10.252 0.47004029162562533
10.252 0.47004029162562533
10.254 0.47109219449214196
10.254 0.47109219449214196
10.254 0.47109219449214196
10.254 0.47109219449214196
10.254 0.47109219449214196
10.254 0.47109219449214196
10.254 0.47109219449214196
10.254 0.47109219449214196
10.254 0.47109219449214196
10.254 0.47109219449214196
10.254 0.47109219449214196
10.254 0.47109219449214196
10.254 0.47109219449214196
10.254 0.47109219449214196
10.254 0.47109219449214196
10.254 0.47109219449214196
10.254 0.47109219449214196
10.254 0.47109219449214196
10.254 0.47109219449214196
10.254 0.47109219449214196
10.254 0.47109219449214196
10.256 0.47213326470317385
10.256 0.47213326470317385
10.258 0.47316357376183255
10.258 0.47316357376183255
10.258 0.47316357376183255
10.258 0.47316357376183255
10.258 0.47316357376183255
10.258 0.47316357376183255
10.258 0.47316357376183255
10.258 0.47316357376183255
10.258 0.47316357376183255
10.258 0.47316357376183255
10.258 0.47316357376183255
10.258 0.47316357376183255
10.258 0.47316357376183255
10.258 0.47316357376183255
10.26 0.46993795693339496
10.26 0.46993795693339496
10.26 0.46993795693339496
10.26 0.46993795693339496
10.26 0.46993795693339496
10.26 0.46993795693339496
10.262 0.4709560480537418
10.262 0.4709560480537418
10.264 0.46769806816570364
10.264 0.46769806816570364
10.264 0.46769806816570364
10.264 0.46769806816570364
10.264 0.46769806816570364
10.266 0.46870392225099755
10.266 0.46870392225099755
10.266 0.46870392225099755
10.266 0.46870392225099755
10.266 0.46870392225099755
10.266 0.46870392225099755
10.266 0.46870392225099755
10.266 0.46870392225099755
10.266 0.46870392225099755
10.266 0.46870392225099755
10.266 0.46870392225099755
10.266 0.46870392225099755
10.266 0.46870392225099755
10.266 0.46870392225099755
10.266 0.46870392225099755
10.266 0.46870392225099755
10.266 0.46870392225099755
10.266 0.46870392225099755
10.266 0.46870392225099755
10.266 0.46870392225099755
10.266 0.46870392225099755
10.266 0.46870392225099755
10.266 0.46870392225099755
10.266 0.46870392225099755
10.268 0.46969908927838
10.268 0.46969908927838
10.268 0.46969908927838
10.268 0.46969908927838
10.268 0.46969908927838
10.268 0.46969908927838
10.268 0.46969908927838
10.268 0.46969908927838
10.268 0.46969908927838
10.268 0.46969908927838
10.268 0.46969908927838
10.268 0.46969908927838
10.268 0.46969908927838
10.268 0.46969908927838
10.268 0.46969908927838
10.268 0.46969908927838
10.27 0.4706836370348393
10.27 0.4706836370348393
10.27 0.4706836370348393
10.27 0.4706836370348393
10.27 0.4706836370348393
10.27 0.4706836370348393
10.27 0.4706836370348393
10.27 0.4706836370348393
10.27 0.4706836370348393
10.27 0.4706836370348393
10.27 0.4706836370348393
10.27 0.4706836370348393
10.27 0.4706836370348393
10.27 0.4706836370348393
10.27 0.4706836370348393
10.27 0.4706836370348393
10.272 0.4716576320210318
10.272 0.4716576320210318
10.272 0.4716576320210318
10.272 0.4716576320210318
10.272 0.4716576320210318
10.272 0.4716576320210318
10.272 0.4716576320210318
10.272 0.4716576320210318
10.272 0.4716576320210318
10.272 0.4716576320210318
10.274 0.4726211394795699
10.276 0.47357422342245314
10.276 0.47357422342245314
10.276 0.47357422342245314
10.276 0.47357422342245314
10.276 0.47357422342245314
10.276 0.47357422342245314
10.276 0.47357422342245314
10.278 0.47451694665768324
10.278 0.47451694665768324
10.278 0.47451694665768324
10.278 0.47451694665768324
10.278 0.47451694665768324
10.28 0.4712155432244924
10.28 0.4712155432244924
10.28 0.4712155432244924
10.28 0.4712155432244924
10.28 0.4712155432244924
10.28 0.4712155432244924
10.28 0.4712155432244924
10.28 0.4712155432244924
10.28 0.4712155432244924
10.28 0.4712155432244924
10.28 0.4712155432244924
10.28 0.4712155432244924
10.28 0.4712155432244924
10.28 0.4712155432244924
10.28 0.4712155432244924
10.28 0.4712155432244924
10.28 0.4712155432244924
10.28 0.4712155432244924
10.28 0.4712155432244924
10.28 0.4712155432244924
10.28 0.4712155432244924
10.28 0.4712155432244924
10.28 0.4712155432244924
10.28 0.4712155432244924
10.282 0.4721459982752956
10.282 0.4721459982752956
10.282 0.4721459982752956
10.282 0.4721459982752956
10.282 0.4721459982752956
10.282 0.4721459982752956
10.282 0.4721459982752956
10.282 0.4721459982752956
10.284 0.46881080100000655
10.284 0.46881080100000655
10.284 0.46881080100000655
10.286 0.46972895437811835
10.286 0.46972895437811835
10.288 0.4706368005118081
10.288 0.4706368005118081
10.288 0.4706368005118081
10.288 0.4706368005118081
10.288 0.4706368005118081
10.288 0.4706368005118081
10.288 0.4706368005118081
10.288 0.4706368005118081
10.288 0.4706368005118081
10.29 0.471534398934754
10.29 0.471534398934754
10.29 0.471534398934754
10.29 0.471534398934754
10.29 0.471534398934754
10.29 0.471534398934754
10.29 0.471534398934754
10.29 0.471534398934754
10.29 0.471534398934754
10.29 0.471534398934754
10.292 0.4724218080587088
10.292 0.4724218080587088
10.292 0.4724218080587088
10.294 0.473299085196767
10.294 0.473299085196767
10.294 0.473299085196767
10.296 0.47416628658590604
10.298 0.47502346740890555
10.298 0.47502346740890555
10.298 0.47502346740890555
10.298 0.47502346740890555
10.298 0.47502346740890555
10.298 0.47502346740890555
10.298 0.47502346740890555
10.298 0.47502346740890555
10.298 0.47502346740890555
10.298 0.47502346740890555
10.298 0.47502346740890555
10.298 0.47502346740890555
10.298 0.47502346740890555
10.298 0.47502346740890555
10.298 0.47502346740890555
10.298 0.47502346740890555
10.298 0.47502346740890555
10.298 0.47502346740890555
10.298 0.47502346740890555
10.298 0.47502346740890555
10.298 0.47502346740890555
10.298 0.47502346740890555
10.3 0.47587068181557907
10.3 0.47587068181557907
10.3 0.47587068181557907
10.3 0.47587068181557907
10.3 0.47587068181557907
10.3 0.47587068181557907
10.3 0.47587068181557907
10.3 0.47587068181557907
10.3 0.47587068181557907
10.3 0.47587068181557907
10.3 0.47587068181557907
10.3 0.47587068181557907
10.3 0.47587068181557907
10.3 0.47587068181557907
10.3 0.47587068181557907
10.3 0.47587068181557907
10.3 0.47587068181557907
10.3 0.47587068181557907
10.3 0.47587068181557907
10.3 0.47587068181557907
10.3 0.47587068181557907
10.3 0.47587068181557907
10.3 0.47587068181557907
10.3 0.47587068181557907
10.302 0.4767079829434421
10.302 0.4767079829434421
10.302 0.4767079829434421
10.302 0.4767079829434421
10.302 0.4767079829434421
10.302 0.4767079829434421
10.302 0.4767079829434421
10.302 0.4767079829434421
10.302 0.4767079829434421
10.302 0.4767079829434421
10.302 0.4767079829434421
10.302 0.4767079829434421
10.302 0.4767079829434421
10.302 0.4767079829434421
10.302 0.4767079829434421
10.302 0.4767079829434421
10.302 0.4767079829434421
10.302 0.4767079829434421
10.302 0.4767079829434421
10.302 0.4767079829434421
10.302 0.4767079829434421
10.302 0.4767079829434421
10.302 0.4767079829434421
10.302 0.4767079829434421
10.302 0.4767079829434421
10.302 0.4767079829434421
10.302 0.4767079829434421
10.304 0.47332025535387356
10.304 0.47332025535387356
10.306 0.46989957567808455
10.306 0.46989957567808455
10.306 0.46989957567808455
10.306 0.46989957567808455
10.308 0.47072195436014486
10.308 0.47072195436014486
10.308 0.47072195436014486
10.308 0.47072195436014486
10.31 0.47153439893475346
10.31 0.47153439893475346
10.31 0.47153439893475346
10.31 0.47153439893475346
10.312 0.47233696066348185
10.312 0.47233696066348185
10.312 0.47233696066348185
10.314 0.4731296898386467
10.314 0.4731296898386467
10.314 0.4731296898386467
10.314 0.4731296898386467
10.314 0.4731296898386467
10.314 0.4731296898386467
10.314 0.4731296898386467
10.314 0.4731296898386467
10.314 0.4731296898386467
10.316 0.473912635801944
10.316 0.473912635801944
10.316 0.473912635801944
10.316 0.473912635801944
10.316 0.473912635801944
10.316 0.473912635801944
10.316 0.473912635801944
10.316 0.473912635801944
10.316 0.473912635801944
10.316 0.473912635801944
10.316 0.473912635801944
10.316 0.473912635801944
10.316 0.473912635801944
10.316 0.473912635801944
10.316 0.473912635801944
10.316 0.473912635801944
10.316 0.473912635801944
10.316 0.473912635801944
10.316 0.473912635801944
10.316 0.473912635801944
10.316 0.473912635801944
10.316 0.473912635801944
10.316 0.473912635801944
10.316 0.473912635801944
10.316 0.473912635801944
10.316 0.473912635801944
10.316 0.473912635801944
10.316 0.473912635801944
10.316 0.473912635801944
10.316 0.473912635801944
10.316 0.473912635801944
10.316 0.473912635801944
10.316 0.473912635801944
10.316 0.473912635801944
10.316 0.473912635801944
10.316 0.473912635801944
10.316 0.473912635801944
10.316 0.473912635801944
10.316 0.473912635801944
10.316 0.473912635801944
10.316 0.473912635801944
10.316 0.473912635801944
10.316 0.473912635801944
10.316 0.473912635801944
10.316 0.473912635801944
10.316 0.473912635801944
10.316 0.473912635801944
10.316 0.473912635801944
10.316 0.473912635801944
10.316 0.473912635801944
10.316 0.473912635801944
10.316 0.473912635801944
10.316 0.473912635801944
10.316 0.473912635801944
10.316 0.473912635801944
10.316 0.473912635801944
10.316 0.473912635801944
10.316 0.473912635801944
10.316 0.473912635801944
10.316 0.473912635801944
10.316 0.473912635801944
10.316 0.473912635801944
10.318 0.474685846962613
10.318 0.474685846962613
10.318 0.474685846962613
10.318 0.474685846962613
10.318 0.474685846962613
10.318 0.474685846962613
10.318 0.474685846962613
10.318 0.474685846962613
10.318 0.474685846962613
10.318 0.474685846962613
10.318 0.474685846962613
10.318 0.474685846962613
10.318 0.474685846962613
10.318 0.474685846962613
10.318 0.474685846962613
10.318 0.474685846962613
10.318 0.474685846962613
10.318 0.474685846962613
10.318 0.474685846962613
10.318 0.474685846962613
10.318 0.474685846962613
10.318 0.474685846962613
10.318 0.474685846962613
10.318 0.474685846962613
10.32 0.47544937081504124
10.32 0.47544937081504124
10.32 0.47544937081504124
10.32 0.47544937081504124
10.32 0.47544937081504124
10.32 0.47544937081504124
10.32 0.47544937081504124
10.32 0.47544937081504124
10.322 0.4762032539558675
10.322 0.4762032539558675
10.322 0.4762032539558675
10.322 0.4762032539558675
10.322 0.4762032539558675
10.322 0.4762032539558675
10.322 0.4762032539558675
10.324 0.4769475421006278
10.324 0.4769475421006278
10.324 0.4769475421006278
10.324 0.4769475421006278
10.324 0.4769475421006278
10.324 0.4769475421006278
10.324 0.4769475421006278
10.324 0.4769475421006278
10.324 0.4769475421006278
10.324 0.4769475421006278
10.324 0.4769475421006278
10.326 0.4776822800999018
10.328 0.4784075119550182
10.328 0.4784075119550182
10.328 0.4784075119550182
10.328 0.4784075119550182
10.328 0.4784075119550182
10.328 0.4784075119550182
10.33 0.4791232808333076
10.33 0.4791232808333076
10.33 0.4791232808333076
10.33 0.4791232808333076
10.33 0.4791232808333076
10.33 0.4791232808333076
10.33 0.4791232808333076
10.33 0.4791232808333076
10.33 0.4791232808333076
10.33 0.4791232808333076
10.33 0.4791232808333076
10.33 0.4791232808333076
10.33 0.4791232808333076
10.33 0.4791232808333076
10.33 0.4791232808333076
10.33 0.4791232808333076
10.33 0.4791232808333076
10.33 0.4791232808333076
10.33 0.4791232808333076
10.33 0.4791232808333076
10.33 0.4791232808333076
10.33 0.4791232808333076
10.33 0.4791232808333076
10.33 0.4791232808333076
10.33 0.4791232808333076
10.33 0.4791232808333076
10.33 0.4791232808333076
10.33 0.4791232808333076
10.332 0.47982962908296195
10.332 0.47982962908296195
10.332 0.47982962908296195
10.332 0.47982962908296195
10.332 0.47982962908296195
10.332 0.47982962908296195
10.332 0.47982962908296195
10.332 0.47982962908296195
10.332 0.47982962908296195
10.332 0.47982962908296195
10.334 0.4805265982474286
10.334 0.4805265982474286
10.334 0.4805265982474286
10.334 0.4805265982474286
10.334 0.4805265982474286
10.334 0.4805265982474286
10.334 0.4805265982474286
10.334 0.4805265982474286
10.334 0.4805265982474286
10.334 0.4805265982474286
10.334 0.4805265982474286
10.336 0.48121422907945804
10.336 0.48121422907945804
10.336 0.48121422907945804
10.336 0.48121422907945804
10.336 0.48121422907945804
10.338 0.4818925615547132
10.338 0.4818925615547132
10.338 0.4818925615547132
10.338 0.4818925615547132
10.338 0.4818925615547132
10.338 0.4818925615547132
10.338 0.4818925615547132
10.338 0.4818925615547132
10.338 0.4818925615547132
10.338 0.4818925615547132
10.338 0.4818925615547132
10.338 0.4818925615547132
10.338 0.4818925615547132
10.338 0.4818925615547132
10.338 0.4818925615547132
10.338 0.4818925615547132
10.338 0.4818925615547132
10.338 0.4818925615547132
10.338 0.4818925615547132
10.338 0.4818925615547132
10.338 0.4818925615547132
10.338 0.4818925615547132
10.338 0.4818925615547132
10.338 0.4818925615547132
10.338 0.4818925615547132
10.338 0.4818925615547132
10.338 0.4818925615547132
10.34 0.4825616348850425
10.34 0.4825616348850425
10.342 0.48322148753136346
10.342 0.48322148753136346
10.342 0.48322148753136346
10.342 0.48322148753136346
10.342 0.48322148753136346
10.342 0.48322148753136346
10.342 0.48322148753136346
10.342 0.48322148753136346
10.342 0.48322148753136346
10.342 0.48322148753136346
10.342 0.48322148753136346
10.342 0.48322148753136346
10.342 0.48322148753136346
10.342 0.48322148753136346
10.342 0.48322148753136346
10.342 0.48322148753136346
10.342 0.48322148753136346
10.342 0.48322148753136346
10.346 0.4803597516257614
10.346 0.4803597516257614
10.346 0.4803597516257614
10.346 0.4803597516257614
10.346 0.4803597516257614
10.346 0.4803597516257614
10.346 0.4803597516257614
10.346 0.4803597516257614
10.346 0.4803597516257614
10.346 0.4803597516257614
10.346 0.4803597516257614
10.346 0.4803597516257614
10.346 0.4803597516257614
10.346 0.4803597516257614
10.346 0.4803597516257614
10.348 0.48099762726532386
10.35 0.4816263363393992
10.35 0.4816263363393992
10.35 0.4816263363393992
10.35 0.4816263363393992
10.35 0.4816263363393992
10.35 0.4816263363393992
10.35 0.4816263363393992
10.35 0.4816263363393992
10.35 0.4816263363393992
10.35 0.4816263363393992
10.35 0.4816263363393992
10.35 0.4816263363393992
10.35 0.4816263363393992
10.35 0.4816263363393992
10.35 0.4816263363393992
10.35 0.4816263363393992
10.352 0.4822459146996371
10.352 0.4822459146996371
10.352 0.4822459146996371
10.354 0.4828563974943288
10.354 0.4828563974943288
10.354 0.4828563974943288
10.354 0.4828563974943288
10.354 0.4828563974943288
10.354 0.4828563974943288
10.354 0.4828563974943288
10.354 0.4828563974943288
10.354 0.4828563974943288
10.354 0.4828563974943288
10.354 0.4828563974943288
10.354 0.4828563974943288
10.356 0.4834578191795556
10.356 0.4834578191795556
10.356 0.4834578191795556
10.356 0.4834578191795556
10.356 0.4834578191795556
10.356 0.4834578191795556
10.356 0.4834578191795556
10.356 0.4834578191795556
10.356 0.4834578191795556
10.356 0.4834578191795556
10.356 0.4834578191795556
10.356 0.4834578191795556
10.356 0.4834578191795556
10.356 0.4834578191795556
10.356 0.4834578191795556
10.356 0.4834578191795556
10.356 0.4834578191795556
10.356 0.4834578191795556
10.356 0.4834578191795556
10.356 0.4834578191795556
10.356 0.4834578191795556
10.356 0.4834578191795556
10.356 0.4834578191795556
10.356 0.4834578191795556
10.356 0.4834578191795556
10.356 0.4834578191795556
10.356 0.4834578191795556
10.358 0.4840502135299982
10.358 0.4840502135299982
10.358 0.4840502135299982
10.358 0.4840502135299982
10.358 0.4840502135299982
10.358 0.4840502135299982
10.358 0.4840502135299982
10.358 0.4840502135299982
10.358 0.4840502135299982
10.358 0.4840502135299982
10.358 0.4840502135299982
10.358 0.4840502135299982
10.358 0.4840502135299982
10.358 0.4840502135299982
10.358 0.4840502135299982
10.358 0.4840502135299982
10.358 0.4840502135299982
10.358 0.4840502135299982
10.36 0.4846336136494824
10.36 0.4846336136494824
10.36 0.4846336136494824
10.36 0.4846336136494824
10.36 0.4846336136494824
10.36 0.4846336136494824
10.36 0.4846336136494824
10.36 0.4846336136494824
10.36 0.4846336136494824
10.36 0.4846336136494824
10.36 0.4846336136494824
10.36 0.4846336136494824
10.36 0.4846336136494824
10.36 0.4846336136494824
10.36 0.4846336136494824
10.36 0.4846336136494824
10.36 0.4846336136494824
10.36 0.4846336136494824
10.36 0.4846336136494824
10.36 0.4846336136494824
10.36 0.4846336136494824
10.36 0.4846336136494824
10.36 0.4846336136494824
10.362 0.48520805198122546
10.362 0.48520805198122546
10.362 0.48520805198122546
10.362 0.48520805198122546
10.362 0.48520805198122546
10.362 0.48520805198122546
10.362 0.48520805198122546
10.362 0.48520805198122546
10.362 0.48520805198122546
10.362 0.48520805198122546
10.362 0.48520805198122546
10.362 0.48520805198122546
10.362 0.48520805198122546
10.362 0.48520805198122546
10.362 0.48520805198122546
10.362 0.48520805198122546
10.362 0.48520805198122546
10.362 0.48520805198122546
10.364 0.4857735603177759
10.364 0.4857735603177759
10.364 0.4857735603177759
10.364 0.4857735603177759
10.364 0.4857735603177759
10.366 0.48633016981073157
10.366 0.48633016981073157
10.366 0.48633016981073157
10.366 0.48633016981073157
10.366 0.48633016981073157
10.366 0.48633016981073157
10.366 0.48633016981073157
10.366 0.48633016981073157
10.368 0.4868779109801552
10.368 0.4868779109801552
10.368 0.4868779109801552
10.368 0.4868779109801552
10.368 0.4868779109801552
10.368 0.4868779109801552
10.368 0.4868779109801552
10.368 0.4868779109801552
10.368 0.4868779109801552
10.368 0.4868779109801552
10.368 0.4868779109801552
10.368 0.4868779109801552
10.368 0.4868779109801552
10.368 0.4868779109801552
10.368 0.4868779109801552
10.368 0.4868779109801552
10.368 0.4868779109801552
10.368 0.4868779109801552
10.368 0.4868779109801552
10.368 0.4868779109801552
10.368 0.4868779109801552
10.368 0.4868779109801552
10.368 0.4868779109801552
10.368 0.4868779109801552
10.368 0.4868779109801552
10.368 0.4868779109801552
10.368 0.4868779109801552
10.368 0.4868779109801552
10.368 0.4868779109801552
10.368 0.4868779109801552
10.368 0.4868779109801552
10.368 0.4868779109801552
10.368 0.4868779109801552
10.368 0.4868779109801552
10.368 0.4868779109801552
10.368 0.4868779109801552
10.368 0.4868779109801552
10.368 0.4868779109801552
10.368 0.4868779109801552
10.368 0.4868779109801552
10.368 0.4868779109801552
10.368 0.4868779109801552
10.368 0.4868779109801552
10.368 0.4868779109801552
10.368 0.4868779109801552
10.37 0.4874168137237377
10.37 0.4874168137237377
10.37 0.4874168137237377
10.37 0.4874168137237377
10.37 0.4874168137237377
10.37 0.4874168137237377
10.37 0.4874168137237377
10.37 0.4874168137237377
10.37 0.4874168137237377
10.37 0.4874168137237377
10.37 0.4874168137237377
10.37 0.4874168137237377
10.37 0.4874168137237377
10.37 0.4874168137237377
10.37 0.4874168137237377
10.37 0.4874168137237377
10.37 0.4874168137237377
10.37 0.4874168137237377
10.37 0.4874168137237377
10.372 0.48794690732572416
10.372 0.48794690732572416
10.372 0.48794690732572416
10.372 0.48794690732572416
10.372 0.48794690732572416
10.372 0.48794690732572416
10.374 0.4843482077728222
10.374 0.4843482077728222
10.374 0.4843482077728222
10.376 0.4848651239022585
10.376 0.4848651239022585
10.376 0.4848651239022585
10.376 0.4848651239022585
10.376 0.4848651239022585
10.376 0.4848651239022585
10.376 0.4848651239022585
10.378 0.4853732320067683
10.378 0.4853732320067683
10.378 0.4853732320067683
10.378 0.4853732320067683
10.378 0.4853732320067683
10.38 0.4858725597197039
10.38 0.4858725597197039
10.38 0.4858725597197039
10.38 0.4858725597197039
10.38 0.4858725597197039
10.38 0.4858725597197039
10.38 0.4858725597197039
10.38 0.4858725597197039
10.38 0.4858725597197039
10.38 0.4858725597197039
10.38 0.4858725597197039
10.38 0.4858725597197039
10.38 0.4858725597197039
10.38 0.4858725597197039
10.38 0.4858725597197039
10.38 0.4858725597197039
10.38 0.4858725597197039
10.38 0.4858725597197039
10.38 0.4858725597197039
10.38 0.4858725597197039
10.38 0.4858725597197039
10.38 0.4858725597197039
10.38 0.4858725597197039
10.38 0.4858725597197039
10.38 0.4858725597197039
10.38 0.4858725597197039
10.382 0.48636313408439114
10.382 0.48636313408439114
10.382 0.48636313408439114
10.382 0.48636313408439114
10.382 0.48636313408439114
10.382 0.48636313408439114
10.382 0.48636313408439114
10.382 0.48636313408439114
10.382 0.48636313408439114
10.382 0.48636313408439114
10.382 0.48636313408439114
10.382 0.48636313408439114
10.382 0.48636313408439114
10.382 0.48636313408439114
10.382 0.48636313408439114
10.382 0.48636313408439114
10.382 0.48636313408439114
10.382 0.48636313408439114
10.382 0.48636313408439114
10.382 0.48636313408439114
10.382 0.48636313408439114
10.382 0.48636313408439114
10.382 0.48636313408439114
10.382 0.48636313408439114
10.382 0.48636313408439114
10.382 0.48636313408439114
10.382 0.48636313408439114
10.382 0.48636313408439114
10.382 0.48636313408439114
10.382 0.48636313408439114
10.382 0.48636313408439114
10.382 0.48636313408439114
10.382 0.48636313408439114
10.382 0.48636313408439114
10.382 0.48636313408439114
10.382 0.48636313408439114
10.382 0.48636313408439114
10.382 0.48636313408439114
10.382 0.48636313408439114
10.382 0.48636313408439114
10.382 0.48636313408439114
10.382 0.48636313408439114
10.382 0.48636313408439114
10.382 0.48636313408439114
10.382 0.48636313408439114
10.382 0.48636313408439114
10.382 0.48636313408439114
10.382 0.48636313408439114
10.382 0.48636313408439114
10.382 0.48636313408439114
10.382 0.48636313408439114
10.382 0.48636313408439114
10.382 0.48636313408439114
10.382 0.48636313408439114
10.382 0.48636313408439114
10.382 0.48636313408439114
10.382 0.48636313408439114
10.382 0.48636313408439114
10.382 0.48636313408439114
10.382 0.48636313408439114
10.382 0.48636313408439114
10.382 0.48636313408439114
10.382 0.48636313408439114
10.382 0.48636313408439114
10.382 0.48636313408439114
10.382 0.48636313408439114
10.382 0.48636313408439114
10.382 0.48636313408439114
10.382 0.48636313408439114
10.382 0.48636313408439114
10.382 0.48636313408439114
10.382 0.48636313408439114
10.382 0.48636313408439114
10.382 0.48636313408439114
10.382 0.48636313408439114
10.382 0.48636313408439114
10.382 0.48636313408439114
10.382 0.48636313408439114
10.382 0.48636313408439114
10.382 0.48636313408439114
10.382 0.48636313408439114
10.382 0.48636313408439114
10.382 0.48636313408439114
10.382 0.48636313408439114
10.382 0.48636313408439114
10.382 0.48636313408439114
10.382 0.48636313408439114
10.382 0.48636313408439114
10.382 0.48636313408439114
10.382 0.48636313408439114
10.382 0.48636313408439114
10.382 0.48636313408439114
10.382 0.48636313408439114
10.382 0.48636313408439114
10.382 0.48636313408439114
10.384 0.48684498156204276
10.384 0.48684498156204276
10.384 0.48684498156204276
10.384 0.48684498156204276
10.384 0.48684498156204276
10.384 0.48684498156204276
10.384 0.48684498156204276
10.384 0.48684498156204276
10.384 0.48684498156204276
10.384 0.48684498156204276
10.386 0.4873181280394066
10.388 0.4877825988362578
10.388 0.4877825988362578
10.388 0.4877825988362578
10.388 0.4877825988362578
10.388 0.4877825988362578
10.388 0.4877825988362578
10.388 0.4877825988362578
10.388 0.4877825988362578
10.388 0.4877825988362578
10.388 0.4877825988362578
10.388 0.4877825988362578
10.388 0.4877825988362578
10.388 0.4877825988362578
10.388 0.4877825988362578
10.388 0.4877825988362578
10.388 0.4877825988362578
10.388 0.4877825988362578
10.388 0.4877825988362578
10.388 0.4877825988362578
10.388 0.4877825988362578
10.388 0.4877825988362578
10.388 0.4877825988362578
10.388 0.4877825988362578
10.388 0.4877825988362578
10.388 0.4877825988362578
10.388 0.4877825988362578
10.388 0.4877825988362578
10.388 0.4877825988362578
10.39 0.48823841871263535
10.39 0.48823841871263535
10.39 0.48823841871263535
10.39 0.48823841871263535
10.39 0.48823841871263535
10.39 0.48823841871263535
10.392 0.48868561187588666
10.392 0.48868561187588666
10.392 0.48868561187588666
10.392 0.48868561187588666
10.392 0.48868561187588666
10.392 0.48868561187588666
10.392 0.48868561187588666
10.394 0.48912420198753376
10.394 0.48912420198753376
10.394 0.48912420198753376
10.394 0.48912420198753376
10.394 0.48912420198753376
10.394 0.48912420198753376
10.394 0.48912420198753376
10.394 0.48912420198753376
10.394 0.48912420198753376
10.394 0.48912420198753376
10.394 0.48912420198753376
10.394 0.48912420198753376
10.394 0.48912420198753376
10.394 0.48912420198753376
10.394 0.48912420198753376
10.394 0.48912420198753376
10.394 0.48912420198753376
10.394 0.48912420198753376
10.394 0.48912420198753376
10.394 0.48912420198753376
10.394 0.48912420198753376
10.394 0.48912420198753376
10.394 0.48912420198753376
10.394 0.48912420198753376
10.394 0.48912420198753376
10.394 0.48912420198753376
10.394 0.48912420198753376
10.396 0.4895542121699171
10.396 0.4895542121699171
10.396 0.4895542121699171
10.398 0.4899756650126705
10.398 0.4899756650126705
10.398 0.4899756650126705
10.398 0.4899756650126705
10.398 0.4899756650126705
10.398 0.4899756650126705
10.398 0.4899756650126705
10.398 0.4899756650126705
10.398 0.4899756650126705
10.398 0.4899756650126705
10.398 0.4899756650126705
10.398 0.4899756650126705
10.398 0.4899756650126705
10.398 0.4899756650126705
10.4 0.4903885825790073
10.4 0.4903885825790073
10.4 0.4903885825790073
10.4 0.4903885825790073
10.4 0.4903885825790073
10.4 0.4903885825790073
10.4 0.4903885825790073
10.4 0.4903885825790073
10.4 0.4903885825790073
10.4 0.4903885825790073
10.4 0.4903885825790073
10.4 0.4903885825790073
10.4 0.4903885825790073
10.4 0.4903885825790073
10.4 0.4903885825790073
10.402 0.49079298641180663
10.402 0.49079298641180663
10.402 0.49079298641180663
10.402 0.49079298641180663
10.402 0.49079298641180663
10.402 0.49079298641180663
10.402 0.49079298641180663
10.402 0.49079298641180663
10.402 0.49079298641180663
10.404 0.4911888975395639
10.404 0.4911888975395639
10.404 0.4911888975395639
10.404 0.4911888975395639
10.404 0.4911888975395639
10.404 0.4911888975395639
10.404 0.4911888975395639
10.404 0.4911888975395639
10.404 0.4911888975395639
10.404 0.4911888975395639
10.404 0.4911888975395639
10.404 0.4911888975395639
10.404 0.4911888975395639
10.404 0.4911888975395639
10.404 0.4911888975395639
10.404 0.4911888975395639
10.404 0.4911888975395639
10.404 0.4911888975395639
10.404 0.4911888975395639
10.404 0.4911888975395639
10.404 0.4911888975395639
10.404 0.4911888975395639
10.404 0.4911888975395639
10.404 0.4911888975395639
10.406 0.49157633648211413
10.408 0.49195532325624997
10.408 0.49195532325624997
10.408 0.49195532325624997
10.408 0.49195532325624997
10.408 0.49195532325624997
10.408 0.49195532325624997
10.41 0.49232587738110895
10.41 0.49232587738110895
10.41 0.49232587738110895
10.41 0.49232587738110895
10.41 0.49232587738110895
10.41 0.49232587738110895
10.412 0.49268801788345773
10.412 0.49268801788345773
10.412 0.49268801788345773
10.412 0.49268801788345773
10.412 0.49268801788345773
10.412 0.49268801788345773
10.412 0.49268801788345773
10.412 0.49268801788345773
10.412 0.49268801788345773
10.412 0.49268801788345773
10.412 0.49268801788345773
10.412 0.49268801788345773
10.412 0.49268801788345773
10.412 0.49268801788345773
10.412 0.49268801788345773
10.412 0.49268801788345773
10.412 0.49268801788345773
10.412 0.49268801788345773
10.412 0.49268801788345773
10.412 0.49268801788345773
10.412 0.49268801788345773
10.412 0.49268801788345773
10.412 0.49268801788345773
10.412 0.49268801788345773
10.412 0.49268801788345773
10.412 0.49268801788345773
10.412 0.49268801788345773
10.412 0.49268801788345773
10.412 0.49268801788345773
10.414 0.4930417633027872
10.414 0.4930417633027872
10.414 0.4930417633027872
10.414 0.4930417633027872
10.414 0.4930417633027872
10.414 0.4930417633027872
10.414 0.4930417633027872
10.414 0.4930417633027872
10.414 0.4930417633027872
10.414 0.4930417633027872
10.414 0.4930417633027872
10.414 0.4930417633027872
10.414 0.4930417633027872
10.414 0.4930417633027872
10.414 0.4930417633027872
10.414 0.4930417633027872
10.414 0.4930417633027872
10.414 0.4930417633027872
10.414 0.4930417633027872
10.414 0.4930417633027872
10.414 0.4930417633027872
10.414 0.4930417633027872
10.414 0.4930417633027872
10.414 0.4930417633027872
10.414 0.4930417633027872
10.414 0.4930417633027872
10.414 0.4930417633027872
10.414 0.4930417633027872
10.416 0.4933871316962437
10.416 0.4933871316962437
10.416 0.4933871316962437
10.416 0.4933871316962437
10.416 0.4933871316962437
10.416 0.4933871316962437
10.416 0.4933871316962437
10.416 0.4933871316962437
10.416 0.4933871316962437
10.416 0.4933871316962437
10.416 0.4933871316962437
10.416 0.4933871316962437
10.416 0.4933871316962437
10.416 0.4933871316962437
10.416 0.4933871316962437
10.416 0.4933871316962437
10.416 0.4933871316962437
10.416 0.4933871316962437
10.416 0.4933871316962437
10.416 0.4933871316962437
10.416 0.4933871316962437
10.416 0.4933871316962437
10.416 0.4933871316962437
10.416 0.4933871316962437
10.416 0.4933871316962437
10.416 0.4933871316962437
10.416 0.4933871316962437
10.416 0.4933871316962437
10.416 0.4933871316962437
10.416 0.4933871316962437
10.416 0.4933871316962437
10.416 0.4933871316962437
10.416 0.4933871316962437
10.416 0.4933871316962437
10.416 0.4933871316962437
10.416 0.4933871316962437
10.418 0.49372414064344355
10.418 0.49372414064344355
10.418 0.49372414064344355
10.418 0.49372414064344355
10.418 0.49372414064344355
10.42 0.4940528072511126
10.42 0.4940528072511126
10.42 0.4940528072511126
10.42 0.4940528072511126
10.42 0.4940528072511126
10.42 0.4940528072511126
10.42 0.4940528072511126
10.42 0.4940528072511126
10.42 0.4940528072511126
10.42 0.4940528072511126
10.42 0.4940528072511126
10.42 0.4940528072511126
10.42 0.4940528072511126
10.42 0.4940528072511126
10.42 0.4940528072511126
10.42 0.4940528072511126
10.42 0.4940528072511126
10.42 0.4940528072511126
10.42 0.4940528072511126
10.42 0.4940528072511126
10.42 0.4940528072511126
10.42 0.4940528072511126
10.42 0.4940528072511126
10.42 0.4940528072511126
10.42 0.4940528072511126
10.42 0.4940528072511126
10.42 0.4940528072511126
10.42 0.4940528072511126
10.42 0.4940528072511126
10.42 0.4940528072511126
10.42 0.4940528072511126
10.42 0.4940528072511126
10.42 0.4940528072511126
10.42 0.4940528072511126
10.42 0.4940528072511126
10.42 0.4940528072511126
10.42 0.4940528072511126
10.42 0.4940528072511126
10.42 0.4940528072511126
10.42 0.4940528072511126
10.42 0.4940528072511126
10.42 0.4940528072511126
10.42 0.4940528072511126
10.422 0.49437314815758243
10.422 0.49437314815758243
10.422 0.49437314815758243
10.422 0.49437314815758243
10.422 0.49437314815758243
10.422 0.49437314815758243
10.422 0.49437314815758243
10.422 0.49437314815758243
10.422 0.49437314815758243
10.424 0.49468517953715635
10.424 0.49468517953715635
10.424 0.49468517953715635
10.424 0.49468517953715635
10.424 0.49468517953715635
10.424 0.49468517953715635
10.424 0.49468517953715635
10.424 0.49468517953715635
10.424 0.49468517953715635
10.424 0.49468517953715635
10.424 0.49468517953715635
10.424 0.49468517953715635
10.424 0.49468517953715635
10.424 0.49468517953715635
10.424 0.49468517953715635
10.424 0.49468517953715635
10.424 0.49468517953715635
10.424 0.49468517953715635
10.424 0.49468517953715635
10.424 0.49468517953715635
10.424 0.49468517953715635
10.424 0.49468517953715635
10.424 0.49468517953715635
10.424 0.49468517953715635
10.424 0.49468517953715635
10.424 0.49468517953715635
10.424 0.49468517953715635
10.424 0.49468517953715635
10.424 0.49468517953715635
10.424 0.49468517953715635
10.424 0.49468517953715635
10.424 0.49468517953715635
10.424 0.49468517953715635
10.424 0.49468517953715635
10.424 0.49468517953715635
10.424 0.49468517953715635
10.424 0.49468517953715635
10.424 0.49468517953715635
10.424 0.49468517953715635
10.424 0.49468517953715635
10.424 0.49468517953715635
10.424 0.49468517953715635
10.426 0.4949889171043261
10.426 0.4949889171043261
10.426 0.4949889171043261
10.426 0.4949889171043261
10.426 0.4949889171043261
10.426 0.4949889171043261
10.426 0.4949889171043261
10.426 0.4949889171043261
10.426 0.4949889171043261
10.426 0.4949889171043261
10.426 0.4949889171043261
10.426 0.4949889171043261
10.426 0.4949889171043261
10.426 0.4949889171043261
10.426 0.4949889171043261
10.428 0.4952843761178562
10.428 0.4952843761178562
10.428 0.4952843761178562
10.428 0.4952843761178562
10.428 0.4952843761178562
10.428 0.4952843761178562
10.428 0.4952843761178562
10.428 0.4952843761178562
10.428 0.4952843761178562
10.428 0.4952843761178562
10.428 0.4952843761178562
10.428 0.4952843761178562
10.428 0.4952843761178562
10.428 0.4952843761178562
10.428 0.4952843761178562
10.428 0.4952843761178562
10.428 0.4952843761178562
10.428 0.4952843761178562
10.428 0.4952843761178562
10.428 0.4952843761178562
10.428 0.4952843761178562
10.428 0.4952843761178562
10.428 0.4952843761178562
10.428 0.4952843761178562
10.428 0.4952843761178562
10.428 0.4952843761178562
10.428 0.4952843761178562
10.428 0.4952843761178562
10.428 0.4952843761178562
10.428 0.4952843761178562
10.428 0.4952843761178562
10.428 0.4952843761178562
10.428 0.4952843761178562
10.428 0.4952843761178562
10.428 0.4952843761178562
10.428 0.4952843761178562
10.428 0.4952843761178562
10.428 0.4952843761178562
10.428 0.4952843761178562
10.428 0.4952843761178562
10.428 0.4952843761178562
10.428 0.4952843761178562
10.428 0.4952843761178562
10.428 0.4952843761178562
10.428 0.4952843761178562
10.428 0.4952843761178562
10.428 0.4952843761178562
10.428 0.4952843761178562
10.428 0.4952843761178562
10.428 0.4952843761178562
10.428 0.4952843761178562
10.428 0.4952843761178562
10.428 0.4952843761178562
10.428 0.4952843761178562
10.428 0.4952843761178562
10.43 0.4955715713847282
10.43 0.4955715713847282
10.43 0.4955715713847282
10.432 0.49585051726396595
10.434 0.49612122767030536
10.434 0.49612122767030536
10.434 0.49612122767030536
10.434 0.49612122767030536
10.434 0.49612122767030536
10.434 0.49612122767030536
10.434 0.49612122767030536
10.434 0.49612122767030536
10.434 0.49612122767030536
10.434 0.49612122767030536
10.436 0.49638371607776605
10.436 0.49638371607776605
10.436 0.49638371607776605
10.436 0.49638371607776605
10.436 0.49638371607776605
10.436 0.49638371607776605
10.436 0.49638371607776605
10.436 0.49638371607776605
10.436 0.49638371607776605
10.438 0.4966379955230921
10.438 0.4966379955230921
10.438 0.4966379955230921
10.438 0.4966379955230921
10.438 0.4966379955230921
10.44 0.49688407860903405
10.44 0.49688407860903405
10.44 0.49688407860903405
10.44 0.49688407860903405
10.44 0.49688407860903405
10.44 0.49688407860903405
10.44 0.49688407860903405
10.44 0.49688407860903405
10.44 0.49688407860903405
10.44 0.49688407860903405
10.44 0.49688407860903405
10.44 0.49688407860903405
10.44 0.49688407860903405
10.44 0.49688407860903405
10.44 0.49688407860903405
10.44 0.49688407860903405
10.44 0.49688407860903405
10.44 0.49688407860903405
10.44 0.49688407860903405
10.44 0.49688407860903405
10.44 0.49688407860903405
10.44 0.49688407860903405
10.44 0.49688407860903405
10.44 0.49688407860903405
10.44 0.49688407860903405
10.44 0.49688407860903405
10.44 0.49688407860903405
10.44 0.49688407860903405
10.44 0.49688407860903405
10.44 0.49688407860903405
10.44 0.49688407860903405
10.44 0.49688407860903405
10.44 0.49688407860903405
10.44 0.49688407860903405
10.44 0.49688407860903405
10.44 0.49688407860903405
10.44 0.49688407860903405
10.44 0.49688407860903405
10.44 0.49688407860903405
10.44 0.49688407860903405
10.44 0.49688407860903405
10.44 0.49688407860903405
10.44 0.49688407860903405
10.44 0.49688407860903405
10.44 0.49688407860903405
10.44 0.49688407860903405
10.44 0.49688407860903405
10.44 0.49688407860903405
10.44 0.49688407860903405
10.44 0.49688407860903405
10.44 0.49688407860903405
10.44 0.49688407860903405
10.44 0.49688407860903405
10.44 0.49688407860903405
10.44 0.49688407860903405
10.44 0.49688407860903405
10.44 0.49688407860903405
10.44 0.49688407860903405
10.44 0.49688407860903405
10.44 0.49688407860903405
10.44 0.49688407860903405
