9.521666666666667 0.4999471313173109
9.625 0.48452685903729587
9.665 0.47238428373433056
9.693333333333333 0.46509792770930436
9.716666666666667 0.4546794966016622
9.73 0.44807136326441405
9.736666666666666 0.4445802982869674
9.745 0.44003528466808667
9.755 0.4343071545663407
9.76 0.4313274923722396
9.768333333333333 0.4261845582432894
9.768333333333333 0.4261845582432894
9.768333333333333 0.4261845582432894
9.776666666666667 0.42081353226472984
9.78 0.4185993019894371
9.781666666666666 0.4174777859061414
9.786666666666667 0.41806720656400415
9.791666666666666 0.414588585283409
9.801666666666666 0.40735789708324344
9.806666666666667 0.40360093129450486
9.816666666666666 0.39579031339315246
9.823333333333334 0.39035391957354837
9.83 0.3847250389468472
9.833333333333334 0.38183576724048274
9.836666666666666 0.3788950928350916
9.838333333333333 0.3774051049526193
9.843333333333334 0.37285464979266253
9.843333333333334 0.37285464979266253
9.848333333333333 0.36817996011090354
9.851666666666667 0.3695377551432994
9.856666666666667 0.36925529290874676
9.86 0.36600081191695616
9.861666666666666 0.36435121595767705
9.863333333333333 0.362686445825496
9.865 0.3656014780256755
9.866666666666667 0.3639271362370588
9.873333333333333 0.36171852229485707
9.873333333333333 0.36171852229485707
9.873333333333333 0.36171852229485707
9.876666666666667 0.3582403044723905
9.876666666666667 0.3582403044723905
9.876666666666667 0.3582403044723905
9.878333333333334 0.3564767617835788
9.878333333333334 0.3564767617835788
9.878333333333334 0.3564767617835788
9.881666666666666 0.35289958782544256
9.881666666666666 0.35289958782544256
9.881666666666666 0.35289958782544256
9.881666666666666 0.35289958782544256
9.885 0.3540016883088867
9.885 0.3540016883088867
9.886666666666667 0.3521774227820667
9.89 0.3532345175290143
9.893333333333333 0.349512738173876
9.896666666666667 0.3457187073280099
9.898333333333333 0.3437938518596802
9.898333333333333 0.3437938518596802
9.898333333333333 0.3437938518596802
9.898333333333333 0.3437938518596802
9.901666666666667 0.3398868841918287
9.901666666666667 0.3398868841918287
9.901666666666667 0.3398868841918287
9.903333333333334 0.34280910970740763
9.905 0.3408351718312858
9.906666666666666 0.33884152370373005
9.908333333333333 0.3417482631233118
9.911666666666667 0.3377187866459972
9.911666666666667 0.3377187866459972
9.911666666666667 0.3377187866459972
9.913333333333334 0.3406106010164177
9.913333333333334 0.3406106010164177
9.913333333333334 0.3406106010164177
9.915 0.33857454305071916
9.916666666666666 0.33651789855662834
9.92 0.3422404820872282
9.92 0.3422404820872282
9.92 0.3422404820872282
9.921666666666667 0.3401814632449085
9.923333333333334 0.3381016762178563
9.923333333333334 0.3381016762178563
9.926666666666666 0.3338782413129989
9.93 0.32956692379864705
9.93 0.32956692379864705
9.93 0.32956692379864705
9.933333333333334 0.33025849473475116
9.936666666666667 0.33091498924305673
9.936666666666667 0.33091498924305673
9.936666666666667 0.33091498924305673
9.936666666666667 0.33091498924305673
9.938333333333333 0.3337407082193611
9.938333333333333 0.3337407082193611
9.938333333333333 0.3337407082193611
9.938333333333333 0.3337407082193611
9.938333333333333 0.3337407082193611
9.938333333333333 0.3337407082193611
9.94 0.3315366156941184
9.94 0.3315366156941184
9.941666666666666 0.33434043743225894
9.941666666666666 0.33434043743225894
9.943333333333333 0.3371126871368153
9.943333333333333 0.3371126871368153
9.943333333333333 0.3371126871368153
9.943333333333333 0.3371126871368153
9.943333333333333 0.3371126871368153
9.943333333333333 0.3371126871368153
9.943333333333333 0.3371126871368153
9.943333333333333 0.3371126871368153
9.943333333333333 0.3371126871368153
9.943333333333333 0.3371126871368153
9.945 0.3349058622373373
9.945 0.3349058622373373
9.945 0.3349058622373373
9.945 0.3349058622373373
9.945 0.3349058622373373
9.945 0.3349058622373373
9.945 0.3349058622373373
9.945 0.3349058622373373
9.945 0.3349058622373373
9.945 0.3349058622373373
9.945 0.3349058622373373
9.945 0.3349058622373373
9.945 0.3349058622373373
9.945 0.3349058622373373
9.945 0.3349058622373373
9.946666666666667 0.3326760353001006
9.948333333333334 0.33042274064413263
9.95 0.333194183532514
9.95 0.333194183532514
9.951666666666666 0.33593448098512696
9.953333333333333 0.33864438908583566
9.955 0.33639798752373434
9.955 0.33639798752373434
9.955 0.33639798752373434
9.955 0.33639798752373434
9.955 0.33639798752373434
9.955 0.33639798752373434
9.955 0.33639798752373434
9.955 0.33639798752373434
9.955 0.33639798752373434
9.955 0.33639798752373434
9.956666666666667 0.33412815644665494
9.956666666666667 0.33412815644665494
9.956666666666667 0.33412815644665494
9.958333333333334 0.33682781533625994
9.96 0.33949781237539656
9.96 0.33949781237539656
9.96 0.33949781237539656
9.961666666666666 0.3421388419938457
9.961666666666666 0.3421388419938457
9.961666666666666 0.3421388419938457
9.961666666666666 0.3421388419938457
9.961666666666666 0.3421388419938457
9.961666666666666 0.3421388419938457
9.965 0.34249648134380734
9.966666666666667 0.34021826769248387
9.966666666666667 0.34021826769248387
9.966666666666667 0.34021826769248387
9.966666666666667 0.34021826769248387
9.968333333333334 0.33791646124476943
9.97 0.33559057653401386
9.97 0.33559057653401386
9.97 0.33559057653401386
9.971666666666666 0.3382127565157853
9.971666666666666 0.3382127565157853
9.971666666666666 0.3382127565157853
9.975 0.3384759123464044
9.975 0.3384759123464044
9.976666666666667 0.3361207881043379
9.978333333333333 0.3387060059791764
9.978333333333333 0.3387060059791764
9.978333333333333 0.3387060059791764
9.978333333333333 0.3387060059791764
9.978333333333333 0.3387060059791764
9.978333333333333 0.3387060059791764
9.98 0.3363359478006639
9.981666666666667 0.338903104755489
9.981666666666667 0.338903104755489
9.981666666666667 0.338903104755489
9.981666666666667 0.338903104755489
9.981666666666667 0.338903104755489
9.981666666666667 0.338903104755489
9.981666666666667 0.338903104755489
9.981666666666667 0.338903104755489
9.981666666666667 0.338903104755489
9.983333333333333 0.3365178985566305
9.985 0.33410733732553416
9.985 0.33410733732553416
9.985 0.33410733732553416
9.985 0.33410733732553416
9.985 0.33410733732553416
9.985 0.33410733732553416
9.985 0.33410733732553416
9.985 0.33410733732553416
9.985 0.33410733732553416
9.985 0.33410733732553416
9.985 0.33410733732553416
9.985 0.33410733732553416
9.985 0.33410733732553416
9.985 0.33410733732553416
9.985 0.33410733732553416
9.985 0.33410733732553416
9.985 0.33410733732553416
9.985 0.33410733732553416
9.985 0.33410733732553416
9.985 0.33410733732553416
9.985 0.33410733732553416
9.985 0.33410733732553416
9.986666666666666 0.33167086822673086
9.986666666666666 0.33167086822673086
9.986666666666666 0.33167086822673086
9.986666666666666 0.33167086822673086
9.986666666666666 0.33167086822673086
9.986666666666666 0.33167086822673086
9.986666666666666 0.33167086822673086
9.986666666666666 0.33167086822673086
9.986666666666666 0.33167086822673086
9.986666666666666 0.33167086822673086
9.986666666666666 0.33167086822673086
9.986666666666666 0.33167086822673086
9.986666666666666 0.33167086822673086
9.988333333333333 0.32920791602802507
9.99 0.3317882946309168
9.99 0.3317882946309168
9.99 0.3317882946309168
9.991666666666667 0.33434043743225705
9.993333333333334 0.3368649861894541
9.993333333333334 0.3368649861894541
9.993333333333334 0.3368649861894541
9.993333333333334 0.3368649861894541
9.993333333333334 0.3368649861894541
9.993333333333334 0.3368649861894541
9.993333333333334 0.3368649861894541
9.993333333333334 0.3368649861894541
9.993333333333334 0.3368649861894541
9.993333333333334 0.3368649861894541
9.993333333333334 0.3368649861894541
9.993333333333334 0.3368649861894541
9.995 0.3393625567268421
9.995 0.3393625567268421
9.996666666666666 0.34183374038509545
9.996666666666666 0.34183374038509545
9.996666666666666 0.34183374038509545
9.996666666666666 0.34183374038509545
9.998333333333333 0.3393953509246587
9.998333333333333 0.3393953509246587
9.998333333333333 0.3393953509246587
9.998333333333333 0.3393953509246587
9.998333333333333 0.3393953509246587
9.998333333333333 0.3393953509246587
9.998333333333333 0.3393953509246587
10.0 0.33693105758093056
10.0 0.33693105758093056
10.0 0.33693105758093056
10.0 0.33693105758093056
10.0 0.33693105758093056
10.0 0.33693105758093056
10.0 0.33693105758093056
10.0 0.33693105758093056
10.0 0.33693105758093056
10.0 0.33693105758093056
10.0 0.33693105758093056
10.0 0.33693105758093056
10.0 0.33693105758093056
10.0 0.33693105758093056
10.0 0.33693105758093056
10.0 0.33693105758093056
10.0 0.33693105758093056
10.0 0.33693105758093056
10.0 0.33693105758093056
10.0 0.33693105758093056
10.0 0.33693105758093056
10.0 0.33693105758093056
10.001666666666667 0.3393953509246588
10.001666666666667 0.3393953509246588
10.001666666666667 0.3393953509246588
10.001666666666667 0.3393953509246588
10.001666666666667 0.3393953509246588
10.001666666666667 0.3393953509246588
10.001666666666667 0.3393953509246588
10.001666666666667 0.3393953509246588
10.001666666666667 0.3393953509246588
10.003333333333334 0.3418337403850955
10.003333333333334 0.3418337403850955
10.005 0.33936255672684246
10.005 0.33936255672684246
10.005 0.33936255672684246
10.005 0.33936255672684246
10.006666666666666 0.3417848988531048
10.006666666666666 0.3417848988531048
10.006666666666666 0.3417848988531048
10.006666666666666 0.3417848988531048
10.006666666666666 0.3417848988531048
10.006666666666666 0.3417848988531048
10.006666666666666 0.3417848988531048
10.006666666666666 0.3417848988531048
10.006666666666666 0.3417848988531048
10.008333333333333 0.34418210939792515
10.008333333333333 0.34418210939792515
10.008333333333333 0.34418210939792515
10.008333333333333 0.34418210939792515
10.008333333333333 0.34418210939792515
10.008333333333333 0.34418210939792515
10.008333333333333 0.34418210939792515
10.008333333333333 0.34418210939792515
10.01 0.3465547098870684
10.01 0.3465547098870684
10.011666666666667 0.3489032023784543
10.011666666666667 0.3489032023784543
10.011666666666667 0.3489032023784543
10.011666666666667 0.3489032023784543
10.011666666666667 0.3489032023784543
10.011666666666667 0.3489032023784543
10.011666666666667 0.3489032023784543
10.011666666666667 0.3489032023784543
10.011666666666667 0.3489032023784543
10.011666666666667 0.3489032023784543
10.013333333333334 0.34644228858655723
10.013333333333334 0.34644228858655723
10.013333333333334 0.34644228858655723
10.013333333333334 0.34644228858655723
10.013333333333334 0.34644228858655723
10.013333333333334 0.34644228858655723
10.013333333333334 0.34644228858655723
10.013333333333334 0.34644228858655723
10.013333333333334 0.34644228858655723
10.013333333333334 0.34644228858655723
10.013333333333334 0.34644228858655723
10.015 0.3487755830696528
10.015 0.3487755830696528
10.015 0.3487755830696528
10.015 0.3487755830696528
10.016666666666667 0.35108544620902365
10.016666666666667 0.35108544620902365
10.016666666666667 0.35108544620902365
10.018333333333333 0.34861599323628584
10.018333333333333 0.34861599323628584
10.018333333333333 0.34861599323628584
10.018333333333333 0.34861599323628584
10.02 0.35091104894800484
10.02 0.35091104894800484
10.021666666666667 0.3531833135599479
10.021666666666667 0.3531833135599479
10.023333333333333 0.35543322417903656
10.023333333333333 0.35543322417903656
10.023333333333333 0.35543322417903656
10.023333333333333 0.35543322417903656
10.023333333333333 0.35543322417903656
10.023333333333333 0.35543322417903656
10.023333333333333 0.35543322417903656
10.023333333333333 0.35543322417903656
10.023333333333333 0.35543322417903656
10.023333333333333 0.35543322417903656
10.023333333333333 0.35543322417903656
10.023333333333333 0.35543322417903656
10.023333333333333 0.35543322417903656
10.023333333333333 0.35543322417903656
10.023333333333333 0.35543322417903656
10.023333333333333 0.35543322417903656
10.023333333333333 0.35543322417903656
10.023333333333333 0.35543322417903656
10.023333333333333 0.35543322417903656
10.025 0.35296265769844404
10.025 0.35296265769844404
10.025 0.35296265769844404
10.025 0.35296265769844404
10.025 0.35296265769844404
10.026666666666667 0.3551982994640127
10.026666666666667 0.3551982994640127
10.026666666666667 0.3551982994640127
10.026666666666667 0.3551982994640127
10.026666666666667 0.3551982994640127
10.026666666666667 0.3551982994640127
10.026666666666667 0.3551982994640127
10.03 0.3549318634792539
10.03 0.3549318634792539
10.03 0.3549318634792539
10.03 0.3549318634792539
10.03 0.3549318634792539
10.031666666666666 0.3571318068089304
10.031666666666666 0.3571318068089304
10.035 0.3614684389920002
10.035 0.3614684389920002
10.035 0.3614684389920002
10.036666666666667 0.36360588226574564
10.036666666666667 0.36360588226574564
10.036666666666667 0.36360588226574564
10.036666666666667 0.36360588226574564
10.036666666666667 0.36360588226574564
10.038333333333334 0.3657232259768568
10.041666666666666 0.3653578604133676
10.041666666666666 0.3653578604133676
10.041666666666666 0.3653578604133676
10.041666666666666 0.3653578604133676
10.041666666666666 0.3653578604133676
10.041666666666666 0.3653578604133676
10.041666666666666 0.3653578604133676
10.043333333333333 0.36287051948605054
10.043333333333333 0.36287051948605054
10.043333333333333 0.36287051948605054
10.043333333333333 0.36287051948605054
10.045 0.36496163495859996
10.045 0.36496163495859996
10.045 0.36496163495859996
10.045 0.36496163495859996
10.045 0.36496163495859996
10.045 0.36496163495859996
10.045 0.36496163495859996
10.046666666666667 0.36703325631467654
10.046666666666667 0.36703325631467654
10.048333333333334 0.36453444898442977
10.048333333333334 0.36453444898442977
10.05 0.36659330474674645
10.05 0.36659330474674645
10.05 0.36659330474674645
10.05 0.36659330474674645
10.05 0.36659330474674645
10.05 0.36659330474674645
10.05 0.36659330474674645
10.05 0.36659330474674645
10.051666666666666 0.368633114144171
10.053333333333333 0.3706541916285893
10.053333333333333 0.3706541916285893
10.053333333333333 0.3706541916285893
10.053333333333333 0.3706541916285893
10.053333333333333 0.3706541916285893
10.053333333333333 0.3706541916285893
10.053333333333333 0.3706541916285893
10.053333333333333 0.3706541916285893
10.053333333333333 0.3706541916285893
10.053333333333333 0.3706541916285893
10.053333333333333 0.3706541916285893
10.053333333333333 0.3706541916285893
10.053333333333333 0.3706541916285893
10.053333333333333 0.3706541916285893
10.053333333333333 0.3706541916285893
10.055 0.3726568419736597
10.055 0.3726568419736597
10.055 0.3726568419736597
10.055 0.3726568419736597
10.055 0.3726568419736597
10.055 0.3726568419736597
10.055 0.3726568419736597
10.055 0.3726568419736597
10.055 0.3726568419736597
10.055 0.3726568419736597
10.055 0.3726568419736597
10.055 0.3726568419736597
10.056666666666667 0.37015841335007715
10.056666666666667 0.37015841335007715
10.056666666666667 0.37015841335007715
10.056666666666667 0.37015841335007715
10.056666666666667 0.37015841335007715
10.056666666666667 0.37015841335007715
10.056666666666667 0.37015841335007715
10.056666666666667 0.37015841335007715
10.056666666666667 0.37015841335007715
10.058333333333334 0.3676354379648894
10.058333333333334 0.3676354379648894
10.058333333333334 0.3676354379648894
10.058333333333334 0.3676354379648894
10.058333333333334 0.3676354379648894
10.058333333333334 0.3676354379648894
10.058333333333334 0.3676354379648894
10.058333333333334 0.3676354379648894
10.058333333333334 0.3676354379648894
10.058333333333334 0.3676354379648894
10.058333333333334 0.3676354379648894
10.058333333333334 0.3676354379648894
10.06 0.3696318612548969
10.06 0.3696318612548969
10.061666666666667 0.3716100720265918
10.063333333333333 0.3690744036296481
10.063333333333333 0.3690744036296481
10.063333333333333 0.3690744036296481
10.063333333333333 0.3690744036296481
10.065 0.3710405887916928
10.065 0.3710405887916928
10.065 0.3710405887916928
10.065 0.3710405887916928
10.065 0.3710405887916928
10.065 0.3710405887916928
10.065 0.3710405887916928
10.065 0.3710405887916928
10.065 0.3710405887916928
10.065 0.3710405887916928
10.065 0.3710405887916928
10.065 0.3710405887916928
10.065 0.3710405887916928
10.065 0.3710405887916928
10.065 0.3710405887916928
10.065 0.3710405887916928
10.066666666666666 0.3729889499930493
10.068333333333333 0.37491976511338687
10.068333333333333 0.37491976511338687
10.068333333333333 0.37491976511338687
10.068333333333333 0.37491976511338687
10.068333333333333 0.37491976511338687
10.068333333333333 0.37491976511338687
10.068333333333333 0.37491976511338687
10.07 0.3768333038601624
10.07 0.3768333038601624
10.07 0.3768333038601624
10.07 0.3768333038601624
10.07 0.3768333038601624
10.07 0.3768333038601624
10.07 0.3768333038601624
10.07 0.3768333038601624
10.07 0.3768333038601624
10.07 0.3768333038601624
10.07 0.3768333038601624
10.07 0.3768333038601624
10.07 0.3768333038601624
10.07 0.3768333038601624
10.07 0.3768333038601624
10.07 0.3768333038601624
10.07 0.3768333038601624
10.07 0.3768333038601624
10.07 0.3768333038601624
10.07 0.3768333038601624
10.07 0.3768333038601624
10.07 0.3768333038601624
10.07 0.3768333038601624
10.07 0.3768333038601624
10.07 0.3768333038601624
10.07 0.3768333038601624
10.07 0.3768333038601624
10.071666666666667 0.37872982810095523
10.073333333333334 0.3761977717832936
10.073333333333334 0.3761977717832936
10.073333333333334 0.3761977717832936
10.075 0.378082765581005
10.075 0.378082765581005
10.075 0.378082765581005
10.075 0.378082765581005
10.075 0.378082765581005
10.076666666666666 0.3799510849224938
10.076666666666666 0.3799510849224938
10.076666666666666 0.3799510849224938
10.076666666666666 0.3799510849224938
10.078333333333333 0.3818029745927863
10.078333333333333 0.3818029745927863
10.08 0.3836386725184945
10.08 0.3836386725184945
10.08 0.3836386725184945
10.08 0.3836386725184945
10.08 0.3836386725184945
10.08 0.3836386725184945
10.08 0.3836386725184945
10.08 0.3836386725184945
10.081666666666667 0.38545841003321096
10.081666666666667 0.38545841003321096
10.081666666666667 0.38545841003321096
10.081666666666667 0.38545841003321096
10.081666666666667 0.38545841003321096
10.081666666666667 0.38545841003321096
10.085 0.38905089770063644
10.085 0.38905089770063644
10.085 0.38905089770063644
10.085 0.38905089770063644
10.085 0.38905089770063644
10.085 0.38905089770063644
10.086666666666666 0.3908240797653487
10.086666666666666 0.3908240797653487
10.086666666666666 0.3908240797653487
10.086666666666666 0.3908240797653487
10.086666666666666 0.3908240797653487
10.088333333333333 0.3925821656888126
10.088333333333333 0.3925821656888126
10.088333333333333 0.3925821656888126
10.088333333333333 0.3925821656888126
10.09 0.3943253573879461
10.09 0.3943253573879461
10.09 0.3943253573879461
10.09 0.3943253573879461
10.091666666666667 0.3960538515291475
10.091666666666667 0.3960538515291475
10.091666666666667 0.3960538515291475
10.091666666666667 0.3960538515291475
10.091666666666667 0.3960538515291475
10.093333333333334 0.3977678397165155
10.093333333333334 0.3977678397165155
10.093333333333334 0.3977678397165155
10.093333333333334 0.3977678397165155
10.093333333333334 0.3977678397165155
10.093333333333334 0.3977678397165155
10.095 0.39946750867140385
10.095 0.39946750867140385
10.095 0.39946750867140385
10.096666666666666 0.4011530404038607
10.096666666666666 0.4011530404038607
10.096666666666666 0.4011530404038607
10.096666666666666 0.4011530404038607
10.096666666666666 0.4011530404038607
10.096666666666666 0.4011530404038607
10.096666666666666 0.4011530404038607
10.096666666666666 0.4011530404038607
10.096666666666666 0.4011530404038607
10.096666666666666 0.4011530404038607
10.096666666666666 0.4011530404038607
10.096666666666666 0.4011530404038607
10.096666666666666 0.4011530404038607
10.096666666666666 0.4011530404038607
10.096666666666666 0.4011530404038607
10.096666666666666 0.4011530404038607
10.096666666666666 0.4011530404038607
10.096666666666666 0.4011530404038607
10.096666666666666 0.4011530404038607
10.096666666666666 0.4011530404038607
10.096666666666666 0.4011530404038607
10.096666666666666 0.4011530404038607
10.096666666666666 0.4011530404038607
10.096666666666666 0.4011530404038607
10.096666666666666 0.4011530404038607
10.096666666666666 0.4011530404038607
10.096666666666666 0.4011530404038607
10.096666666666666 0.4011530404038607
10.096666666666666 0.4011530404038607
10.096666666666666 0.4011530404038607
10.096666666666666 0.4011530404038607
10.096666666666666 0.4011530404038607
10.096666666666666 0.4011530404038607
10.096666666666666 0.4011530404038607
10.096666666666666 0.4011530404038607
10.096666666666666 0.4011530404038607
10.096666666666666 0.4011530404038607
10.096666666666666 0.4011530404038607
10.096666666666666 0.4011530404038607
10.098333333333333 0.4028246123762969
10.1 0.40448239765989363
10.1 0.40448239765989363
10.1 0.40448239765989363
10.1 0.40448239765989363
10.1 0.40448239765989363
10.1 0.40448239765989363
10.1 0.40448239765989363
10.1 0.40448239765989363
10.1 0.40448239765989363
10.101666666666667 0.40612656508409023
10.101666666666667 0.40612656508409023
10.101666666666667 0.40612656508409023
10.101666666666667 0.40612656508409023
10.101666666666667 0.40612656508409023
10.101666666666667 0.40612656508409023
10.101666666666667 0.40612656508409023
10.101666666666667 0.40612656508409023
10.103333333333333 0.40775727937957434
10.103333333333333 0.40775727937957434
10.103333333333333 0.40775727937957434
10.103333333333333 0.40775727937957434
10.105 0.40937470131506204
10.106666666666667 0.40689658424798625
10.108333333333333 0.4085037916615838
10.108333333333333 0.4085037916615838
10.108333333333333 0.4085037916615838
10.108333333333333 0.4085037916615838
10.108333333333333 0.4085037916615838
10.11 0.4100979157479779
10.111666666666666 0.40760371711491944
10.111666666666666 0.40760371711491944
10.111666666666666 0.40760371711491944
10.111666666666666 0.40760371711491944
10.111666666666666 0.40760371711491944
10.111666666666666 0.40760371711491944
10.113333333333333 0.40918774816005327
10.113333333333333 0.40918774816005327
10.113333333333333 0.40918774816005327
10.113333333333333 0.40918774816005327
10.113333333333333 0.40918774816005327
10.115 0.4107588969851078
10.115 0.4107588969851078
10.115 0.4107588969851078
10.115 0.4107588969851078
10.115 0.4107588969851078
10.115 0.4107588969851078
10.115 0.4107588969851078
10.115 0.4107588969851078
10.115 0.4107588969851078
10.116666666666667 0.4123173108544864
10.116666666666667 0.4123173108544864
10.116666666666667 0.4123173108544864
10.116666666666667 0.4123173108544864
10.116666666666667 0.4123173108544864
10.116666666666667 0.4123173108544864
10.116666666666667 0.4123173108544864
10.116666666666667 0.4123173108544864
10.118333333333334 0.41386313362976807
10.118333333333334 0.41386313362976807
10.118333333333334 0.41386313362976807
10.118333333333334 0.41386313362976807
10.118333333333334 0.41386313362976807
10.118333333333334 0.41386313362976807
10.118333333333334 0.41386313362976807
10.118333333333334 0.41386313362976807
10.118333333333334 0.41386313362976807
10.118333333333334 0.41386313362976807
10.118333333333334 0.41386313362976807
10.12 0.415396505877405
10.12 0.415396505877405
10.12 0.415396505877405
10.12 0.415396505877405
10.12 0.415396505877405
10.12 0.415396505877405
10.12 0.415396505877405
10.12 0.415396505877405
10.121666666666666 0.4169175649720106
10.121666666666666 0.4169175649720106
10.121666666666666 0.4169175649720106
10.121666666666666 0.4169175649720106
10.121666666666666 0.4169175649720106
10.121666666666666 0.4169175649720106
10.121666666666666 0.4169175649720106
10.123333333333333 0.41842644519551503
10.123333333333333 0.41842644519551503
10.123333333333333 0.41842644519551503
10.123333333333333 0.41842644519551503
10.123333333333333 0.41842644519551503
10.123333333333333 0.41842644519551503
10.125 0.4159286730941213
10.125 0.4159286730941213
10.125 0.4159286730941213
10.125 0.4159286730941213
10.126666666666667 0.41742779674819663
10.126666666666667 0.41742779674819663
10.128333333333334 0.41491060109424555
10.128333333333334 0.41491060109424555
10.128333333333334 0.41491060109424555
10.128333333333334 0.41491060109424555
10.128333333333334 0.41491060109424555
10.128333333333334 0.41491060109424555
10.128333333333334 0.41491060109424555
10.128333333333334 0.41491060109424555
10.128333333333334 0.41491060109424555
10.128333333333334 0.41491060109424555
10.131666666666666 0.4138631336297681
10.131666666666666 0.4138631336297681
10.131666666666666 0.4138631336297681
10.131666666666666 0.4138631336297681
10.131666666666666 0.4138631336297681
10.131666666666666 0.4138631336297681
10.131666666666666 0.4138631336297681
10.131666666666666 0.4138631336297681
10.131666666666666 0.4138631336297681
10.131666666666666 0.4138631336297681
10.133333333333333 0.4153429167001397
10.133333333333333 0.4153429167001397
10.133333333333333 0.4153429167001397
10.133333333333333 0.4153429167001397
10.133333333333333 0.4153429167001397
10.133333333333333 0.4153429167001397
10.133333333333333 0.4153429167001397
10.133333333333333 0.4153429167001397
10.133333333333333 0.4153429167001397
10.133333333333333 0.4153429167001397
10.133333333333333 0.4153429167001397
10.135 0.41681077085151086
10.135 0.41681077085151086
10.135 0.41681077085151086
10.135 0.41681077085151086
10.136666666666667 0.41826682167297236
10.138333333333334 0.41971119200792756
10.138333333333334 0.41971119200792756
10.14 0.4211440020358227
10.14 0.4211440020358227
10.14 0.4211440020358227
10.14 0.4211440020358227
10.14 0.4211440020358227
10.14 0.4211440020358227
10.14 0.4211440020358227
10.14 0.4211440020358227
10.14 0.4211440020358227
10.14 0.4211440020358227
10.14 0.4211440020358227
10.14 0.4211440020358227
10.14 0.4211440020358227
10.14 0.4211440020358227
10.14 0.4211440020358227
10.141666666666667 0.42256536935072375
10.141666666666667 0.42256536935072375
10.141666666666667 0.42256536935072375
10.141666666666667 0.42256536935072375
10.141666666666667 0.42256536935072375
10.143333333333333 0.4239754090368932
10.143333333333333 0.4239754090368932
10.145 0.4253742337415581
10.145 0.4253742337415581
10.145 0.4253742337415581
10.145 0.4253742337415581
10.145 0.4253742337415581
10.145 0.4253742337415581
10.146666666666667 0.42283196071318385
10.146666666666667 0.42283196071318385
10.146666666666667 0.42283196071318385
10.146666666666667 0.42283196071318385
10.146666666666667 0.42283196071318385
10.146666666666667 0.42283196071318385
10.146666666666667 0.42283196071318385
10.146666666666667 0.42283196071318385
10.146666666666667 0.42283196071318385
10.146666666666667 0.42283196071318385
10.146666666666667 0.42283196071318385
10.146666666666667 0.42283196071318385
10.146666666666667 0.42283196071318385
10.146666666666667 0.42283196071318385
10.146666666666667 0.42283196071318385
10.146666666666667 0.42283196071318385
10.146666666666667 0.42283196071318385
10.146666666666667 0.42283196071318385
10.146666666666667 0.42283196071318385
10.146666666666667 0.42283196071318385
10.146666666666667 0.42283196071318385
10.146666666666667 0.42283196071318385
10.146666666666667 0.42283196071318385
10.146666666666667 0.42283196071318385
10.146666666666667 0.42283196071318385
10.148333333333333 0.42422143817023816
10.148333333333333 0.42422143817023816
10.148333333333333 0.42422143817023816
10.148333333333333 0.42422143817023816
10.148333333333333 0.42422143817023816
10.148333333333333 0.42422143817023816
10.148333333333333 0.42422143817023816
10.148333333333333 0.42422143817023816
10.15 0.4216590177050857
10.151666666666667 0.4230391934019177
10.151666666666667 0.4230391934019177
10.151666666666667 0.4230391934019177
10.151666666666667 0.4230391934019177
10.151666666666667 0.4230391934019177
10.151666666666667 0.4230391934019177
10.151666666666667 0.4230391934019177
10.151666666666667 0.4230391934019177
10.151666666666667 0.4230391934019177
10.151666666666667 0.4230391934019177
10.151666666666667 0.4230391934019177
10.153333333333334 0.4244083249254158
10.153333333333334 0.4244083249254158
10.153333333333334 0.4244083249254158
10.153333333333334 0.4244083249254158
10.153333333333334 0.4244083249254158
10.153333333333334 0.4244083249254158
10.153333333333334 0.4244083249254158
10.153333333333334 0.4244083249254158
10.153333333333334 0.4244083249254158
10.153333333333334 0.4244083249254158
10.153333333333334 0.4244083249254158
10.153333333333334 0.4244083249254158
10.153333333333334 0.4244083249254158
10.155 0.4257665188193856
10.155 0.4257665188193856
10.155 0.4257665188193856
10.156666666666666 0.42711387942665496
10.156666666666666 0.42711387942665496
10.156666666666666 0.42711387942665496
10.156666666666666 0.42711387942665496
10.156666666666666 0.42711387942665496
10.156666666666666 0.42711387942665496
10.156666666666666 0.42711387942665496
10.156666666666666 0.42711387942665496
10.156666666666666 0.42711387942665496
10.156666666666666 0.42711387942665496
10.156666666666666 0.42711387942665496
10.156666666666666 0.42711387942665496
10.158333333333333 0.42453614740833967
10.158333333333333 0.42453614740833967
10.158333333333333 0.42453614740833967
10.158333333333333 0.42453614740833967
10.158333333333333 0.42453614740833967
10.158333333333333 0.42453614740833967
10.158333333333333 0.42453614740833967
10.158333333333333 0.42453614740833967
10.158333333333333 0.42453614740833967
10.16 0.4258743338674886
10.16 0.4258743338674886
10.16 0.4258743338674886
10.16 0.4258743338674886
10.16 0.4258743338674886
10.161666666666667 0.42720181554807296
10.163333333333334 0.42851869193511827
10.163333333333334 0.42851869193511827
10.163333333333334 0.42851869193511827
10.163333333333334 0.42851869193511827
10.163333333333334 0.42851869193511827
10.165 0.4298250605045394
10.168333333333333 0.4324066543738676
10.168333333333333 0.4324066543738676
10.17 0.4336820650614047
10.17 0.4336820650614047
10.17 0.4336820650614047
10.17 0.4336820650614047
10.17 0.4336820650614047
10.171666666666667 0.43494733880641256
10.171666666666667 0.43494733880641256
10.173333333333334 0.43235839129101467
10.173333333333334 0.43235839129101467
10.173333333333334 0.43235839129101467
10.173333333333334 0.43235839129101467
10.173333333333334 0.43235839129101467
10.173333333333334 0.43235839129101467
10.173333333333334 0.43235839129101467
10.173333333333334 0.43235839129101467
10.173333333333334 0.43235839129101467
10.173333333333334 0.43235839129101467
10.173333333333334 0.43235839129101467
10.173333333333334 0.43235839129101467
10.173333333333334 0.43235839129101467
10.173333333333334 0.43235839129101467
10.173333333333334 0.43235839129101467
10.173333333333334 0.43235839129101467
10.173333333333334 0.43235839129101467
10.173333333333334 0.43235839129101467
10.173333333333334 0.43235839129101467
10.173333333333334 0.43235839129101467
10.173333333333334 0.43235839129101467
10.175 0.43361469398310637
10.176666666666666 0.43486096896145754
10.176666666666666 0.43486096896145754
10.176666666666666 0.43486096896145754
10.176666666666666 0.43486096896145754
10.176666666666666 0.43486096896145754
10.176666666666666 0.43486096896145754
10.176666666666666 0.43486096896145754
10.178333333333333 0.4360973021974162
10.178333333333333 0.4360973021974162
10.178333333333333 0.4360973021974162
10.178333333333333 0.4360973021974162
10.178333333333333 0.4360973021974162
10.178333333333333 0.4360973021974162
10.178333333333333 0.4360973021974162
10.178333333333333 0.4360973021974162
10.178333333333333 0.4360973021974162
10.178333333333333 0.4360973021974162
10.178333333333333 0.4360973021974162
10.181666666666667 0.4385404790992156
10.181666666666667 0.4385404790992156
10.181666666666667 0.4385404790992156
10.181666666666667 0.4385404790992156
10.181666666666667 0.4385404790992156
10.183333333333334 0.439747486605115
10.183333333333334 0.439747486605115
10.183333333333334 0.439747486605115
10.183333333333334 0.439747486605115
10.183333333333334 0.439747486605115
10.185 0.4371424128914778
10.185 0.4371424128914778
10.185 0.4371424128914778
10.185 0.4371424128914778
10.185 0.4371424128914778
10.185 0.4371424128914778
10.185 0.4371424128914778
10.185 0.4371424128914778
10.186666666666667 0.4383405749585373
10.186666666666667 0.4383405749585373
10.188333333333333 0.4395291404800232
10.188333333333333 0.4395291404800232
10.188333333333333 0.4395291404800232
10.188333333333333 0.4395291404800232
10.188333333333333 0.4395291404800232
10.188333333333333 0.4395291404800232
10.188333333333333 0.4395291404800232
10.188333333333333 0.4395291404800232
10.188333333333333 0.4395291404800232
10.188333333333333 0.4395291404800232
10.188333333333333 0.4395291404800232
10.191666666666666 0.4418777910152804
10.191666666666666 0.4418777910152804
10.193333333333333 0.44303802701105865
10.193333333333333 0.44303802701105865
10.193333333333333 0.44303802701105865
10.193333333333333 0.44303802701105865
10.193333333333333 0.44303802701105865
10.193333333333333 0.44303802701105865
10.193333333333333 0.44303802701105865
10.193333333333333 0.44303802701105865
10.193333333333333 0.44303802701105865
10.193333333333333 0.44303802701105865
10.193333333333333 0.44303802701105865
10.193333333333333 0.44303802701105865
10.193333333333333 0.44303802701105865
10.193333333333333 0.44303802701105865
10.193333333333333 0.44303802701105865
10.193333333333333 0.44303802701105865
10.193333333333333 0.44303802701105865
10.193333333333333 0.44303802701105865
10.193333333333333 0.44303802701105865
10.195 0.4441889684952672
10.195 0.4441889684952672
10.195 0.4441889684952672
10.196666666666667 0.4453306875319197
10.196666666666667 0.4453306875319197
10.196666666666667 0.4453306875319197
10.196666666666667 0.4453306875319197
10.196666666666667 0.4453306875319197
10.196666666666667 0.4453306875319197
10.196666666666667 0.4453306875319197
10.196666666666667 0.4453306875319197
10.196666666666667 0.4453306875319197
10.196666666666667 0.4453306875319197
10.198333333333334 0.4427081880748718
10.2 0.4438411784104269
10.2 0.4438411784104269
10.2 0.4438411784104269
10.2 0.4438411784104269
10.2 0.4438411784104269
10.2 0.4438411784104269
10.2 0.4438411784104269
10.2 0.4438411784104269
10.2 0.4438411784104269
10.2 0.4438411784104269
10.2 0.4438411784104269
10.201666666666666 0.44496503085827016
10.203333333333333 0.4460798144843293
10.203333333333333 0.4460798144843293
10.203333333333333 0.4460798144843293
10.203333333333333 0.4460798144843293
10.203333333333333 0.4460798144843293
10.203333333333333 0.4460798144843293
10.203333333333333 0.4460798144843293
10.203333333333333 0.4460798144843293
10.203333333333333 0.4460798144843293
10.205 0.4471855971112796
10.205 0.4471855971112796
10.205 0.4471855971112796
10.205 0.4471855971112796
10.205 0.4471855971112796
10.205 0.4471855971112796
10.205 0.4471855971112796
10.206666666666667 0.44828244534768696
10.206666666666667 0.44828244534768696
10.206666666666667 0.44828244534768696
10.206666666666667 0.44828244534768696
10.206666666666667 0.44828244534768696
10.206666666666667 0.44828244534768696
10.206666666666667 0.44828244534768696
10.206666666666667 0.44828244534768696
10.206666666666667 0.44828244534768696
10.206666666666667 0.44828244534768696
10.206666666666667 0.44828244534768696
10.206666666666667 0.44828244534768696
10.206666666666667 0.44828244534768696
10.206666666666667 0.44828244534768696
10.206666666666667 0.44828244534768696
10.206666666666667 0.44828244534768696
10.208333333333334 0.44937042461621074
10.208333333333334 0.44937042461621074
10.21 0.45044959918101507
10.21 0.45044959918101507
10.21 0.45044959918101507
10.211666666666666 0.4515200321742603
10.213333333333333 0.452581785621874
10.213333333333333 0.452581785621874
10.213333333333333 0.452581785621874
10.213333333333333 0.452581785621874
10.213333333333333 0.452581785621874
10.213333333333333 0.452581785621874
10.213333333333333 0.452581785621874
10.213333333333333 0.452581785621874
10.213333333333333 0.452581785621874
10.213333333333333 0.452581785621874
10.213333333333333 0.452581785621874
10.213333333333333 0.452581785621874
10.213333333333333 0.452581785621874
10.213333333333333 0.452581785621874
10.215 0.45363492046848597
10.215 0.45363492046848597
10.215 0.45363492046848597
10.215 0.45363492046848597
10.215 0.45363492046848597
10.215 0.45363492046848597
10.215 0.45363492046848597
10.215 0.45363492046848597
10.215 0.45363492046848597
10.215 0.45363492046848597
10.215 0.45363492046848597
10.215 0.45363492046848597
10.215 0.45363492046848597
10.215 0.45363492046848597
10.215 0.45363492046848597
10.215 0.45363492046848597
10.215 0.45363492046848597
10.215 0.45363492046848597
10.215 0.45363492046848597
10.215 0.45363492046848597
10.215 0.45363492046848597
10.215 0.45363492046848597
10.215 0.45363492046848597
10.215 0.45363492046848597
10.215 0.45363492046848597
10.215 0.45363492046848597
10.215 0.45363492046848597
10.215 0.45363492046848597
10.215 0.45363492046848597
10.215 0.45363492046848597
10.215 0.45363492046848597
10.215 0.45363492046848597
10.215 0.45363492046848597
10.215 0.45363492046848597
10.215 0.45363492046848597
10.215 0.45363492046848597
10.215 0.45363492046848597
10.215 0.45363492046848597
10.215 0.45363492046848597
10.215 0.45363492046848597
10.216666666666667 0.4509928452496048
10.216666666666667 0.4509928452496048
10.218333333333334 0.45203737146119716
10.218333333333334 0.45203737146119716
10.218333333333334 0.45203737146119716
10.218333333333334 0.45203737146119716
10.218333333333334 0.45203737146119716
10.218333333333334 0.45203737146119716
10.218333333333334 0.45203737146119716
10.218333333333334 0.45203737146119716
10.218333333333334 0.45203737146119716
10.218333333333334 0.45203737146119716
10.218333333333334 0.45203737146119716
10.218333333333334 0.45203737146119716
10.218333333333334 0.45203737146119716
10.218333333333334 0.45203737146119716
10.22 0.453073348475165
10.22 0.453073348475165
10.22 0.453073348475165
10.221666666666666 0.4504094470651845
10.221666666666666 0.4504094470651845
10.221666666666666 0.4504094470651845
10.221666666666666 0.4504094470651845
10.221666666666666 0.4504094470651845
10.221666666666666 0.4504094470651845
10.223333333333333 0.44772348171875087
10.225 0.44875081670397526
10.225 0.44875081670397526
10.226666666666667 0.44976961888542616
10.226666666666667 0.44976961888542616
10.226666666666667 0.44976961888542616
10.226666666666667 0.44976961888542616
10.226666666666667 0.44976961888542616
10.226666666666667 0.44976961888542616
10.226666666666667 0.44976961888542616
10.226666666666667 0.44976961888542616
10.226666666666667 0.44976961888542616
10.226666666666667 0.44976961888542616
10.226666666666667 0.44976961888542616
10.226666666666667 0.44976961888542616
10.226666666666667 0.44976961888542616
10.226666666666667 0.44976961888542616
10.226666666666667 0.44976961888542616
10.226666666666667 0.44976961888542616
10.226666666666667 0.44976961888542616
10.226666666666667 0.44976961888542616
10.226666666666667 0.44976961888542616
10.226666666666667 0.44976961888542616
10.226666666666667 0.44976961888542616
10.228333333333333 0.45077994611775435
10.228333333333333 0.45077994611775435
10.23 0.4517818552589667
10.23 0.4517818552589667
10.23 0.4517818552589667
10.23 0.4517818552589667
10.23 0.4517818552589667
10.23 0.4517818552589667
10.23 0.4517818552589667
10.23 0.4517818552589667
10.23 0.4517818552589667
10.23 0.4517818552589667
10.23 0.4517818552589667
10.23 0.4517818552589667
10.23 0.4517818552589667
10.23 0.4517818552589667
10.231666666666667 0.44907311951024736
10.231666666666667 0.44907311951024736
10.231666666666667 0.44907311951024736
10.231666666666667 0.44907311951024736
10.231666666666667 0.44907311951024736
10.231666666666667 0.44907311951024736
10.233333333333333 0.45006646389775556
10.233333333333333 0.45006646389775556
10.235 0.44733490160093076
10.235 0.44733490160093076
10.235 0.44733490160093076
10.235 0.44733490160093076
10.235 0.44733490160093076
10.236666666666666 0.4483196848104417
10.236666666666666 0.4483196848104417
10.236666666666666 0.4483196848104417
10.236666666666666 0.4483196848104417
10.236666666666666 0.4483196848104417
10.236666666666666 0.4483196848104417
10.236666666666666 0.4483196848104417
10.236666666666666 0.4483196848104417
10.236666666666666 0.4483196848104417
10.236666666666666 0.4483196848104417
10.236666666666666 0.4483196848104417
10.236666666666666 0.4483196848104417
10.236666666666666 0.4483196848104417
10.236666666666666 0.4483196848104417
10.236666666666666 0.4483196848104417
10.236666666666666 0.4483196848104417
10.236666666666666 0.4483196848104417
10.236666666666666 0.4483196848104417
10.236666666666666 0.4483196848104417
10.236666666666666 0.4483196848104417
10.236666666666666 0.4483196848104417
10.236666666666666 0.4483196848104417
10.236666666666666 0.4483196848104417
10.236666666666666 0.4483196848104417
10.238333333333333 0.4492961167832219
10.238333333333333 0.4492961167832219
10.238333333333333 0.4492961167832219
10.238333333333333 0.4492961167832219
10.238333333333333 0.4492961167832219
10.238333333333333 0.4492961167832219
10.238333333333333 0.4492961167832219
10.238333333333333 0.4492961167832219
10.238333333333333 0.4492961167832219
10.238333333333333 0.4492961167832219
10.238333333333333 0.4492961167832219
10.238333333333333 0.4492961167832219
10.238333333333333 0.4492961167832219
10.238333333333333 0.4492961167832219
10.238333333333333 0.4492961167832219
10.238333333333333 0.4492961167832219
10.24 0.4502642518501281
10.24 0.4502642518501281
10.24 0.4502642518501281
10.24 0.4502642518501281
10.24 0.4502642518501281
10.24 0.4502642518501281
10.24 0.4502642518501281
10.24 0.4502642518501281
10.24 0.4502642518501281
10.24 0.4502642518501281
10.24 0.4502642518501281
10.24 0.4502642518501281
10.24 0.4502642518501281
10.24 0.4502642518501281
10.24 0.4502642518501281
10.24 0.4502642518501281
10.241666666666667 0.45122414341605865
10.241666666666667 0.45122414341605865
10.241666666666667 0.45122414341605865
10.241666666666667 0.45122414341605865
10.241666666666667 0.45122414341605865
10.241666666666667 0.45122414341605865
10.241666666666667 0.45122414341605865
10.241666666666667 0.45122414341605865
10.241666666666667 0.45122414341605865
10.241666666666667 0.45122414341605865
10.243333333333334 0.4521758439796258
10.245 0.4531194051522648
10.245 0.4531194051522648
10.245 0.4531194051522648
10.245 0.4531194051522648
10.245 0.4531194051522648
10.245 0.4531194051522648
10.245 0.4531194051522648
10.246666666666666 0.45405487767683417
10.246666666666666 0.45405487767683417
10.246666666666666 0.45405487767683417
10.246666666666666 0.45405487767683417
10.246666666666666 0.45405487767683417
10.248333333333333 0.4512981337927645
10.248333333333333 0.4512981337927645
10.248333333333333 0.4512981337927645
10.248333333333333 0.4512981337927645
10.248333333333333 0.4512981337927645
10.248333333333333 0.4512981337927645
10.248333333333333 0.4512981337927645
10.248333333333333 0.4512981337927645
10.248333333333333 0.4512981337927645
10.248333333333333 0.4512981337927645
10.248333333333333 0.4512981337927645
10.248333333333333 0.4512981337927645
10.248333333333333 0.4512981337927645
10.248333333333333 0.4512981337927645
10.248333333333333 0.4512981337927645
10.248333333333333 0.4512981337927645
10.248333333333333 0.4512981337927645
10.248333333333333 0.4512981337927645
10.248333333333333 0.4512981337927645
10.248333333333333 0.4512981337927645
10.248333333333333 0.4512981337927645
10.248333333333333 0.4512981337927645
10.248333333333333 0.4512981337927645
10.248333333333333 0.4512981337927645
10.25 0.4522250684348095
10.25 0.4522250684348095
10.25 0.4522250684348095
10.25 0.4522250684348095
10.25 0.4522250684348095
10.25 0.4522250684348095
10.25 0.4522250684348095
10.25 0.4522250684348095
10.251666666666667 0.4494447201637024
10.251666666666667 0.4494447201637024
10.251666666666667 0.4494447201637024
10.253333333333334 0.450363113252538
10.253333333333334 0.450363113252538
10.255 0.45127347168179655
10.255 0.45127347168179655
10.255 0.45127347168179655
10.255 0.45127347168179655
10.255 0.45127347168179655
10.255 0.45127347168179655
10.255 0.45127347168179655
10.255 0.45127347168179655
10.255 0.45127347168179655
10.256666666666666 0.45217584397962457
10.256666666666666 0.45217584397962457
10.256666666666666 0.45217584397962457
10.256666666666666 0.45217584397962457
10.256666666666666 0.45217584397962457
10.256666666666666 0.45217584397962457
10.256666666666666 0.45217584397962457
10.256666666666666 0.45217584397962457
10.256666666666666 0.45217584397962457
10.256666666666666 0.45217584397962457
10.258333333333333 0.4530702778635584
10.258333333333333 0.4530702778635584
10.26 0.45395682025690814
10.261666666666667 0.454835517304764
10.261666666666667 0.454835517304764
10.261666666666667 0.454835517304764
10.263333333333334 0.4557064143895147
10.265 0.45656955614597144
10.265 0.45656955614597144
10.265 0.45656955614597144
10.265 0.45656955614597144
10.265 0.45656955614597144
10.265 0.45656955614597144
10.265 0.45656955614597144
10.265 0.45656955614597144
10.265 0.45656955614597144
10.265 0.45656955614597144
10.265 0.45656955614597144
10.265 0.45656955614597144
10.265 0.45656955614597144
10.265 0.45656955614597144
10.265 0.45656955614597144
10.265 0.45656955614597144
10.265 0.45656955614597144
10.265 0.45656955614597144
10.265 0.45656955614597144
10.265 0.45656955614597144
10.265 0.45656955614597144
10.265 0.45656955614597144
10.266666666666667 0.4574249864760794
10.266666666666667 0.4574249864760794
10.266666666666667 0.4574249864760794
10.266666666666667 0.4574249864760794
10.266666666666667 0.4574249864760794
10.266666666666667 0.4574249864760794
10.266666666666667 0.4574249864760794
10.266666666666667 0.4574249864760794
10.266666666666667 0.4574249864760794
10.266666666666667 0.4574249864760794
10.266666666666667 0.4574249864760794
10.266666666666667 0.4574249864760794
10.266666666666667 0.4574249864760794
10.266666666666667 0.4574249864760794
10.266666666666667 0.4574249864760794
10.266666666666667 0.4574249864760794
10.266666666666667 0.4574249864760794
10.266666666666667 0.4574249864760794
10.266666666666667 0.4574249864760794
10.266666666666667 0.4574249864760794
10.266666666666667 0.4574249864760794
10.266666666666667 0.4574249864760794
10.266666666666667 0.4574249864760794
10.266666666666667 0.4574249864760794
10.268333333333333 0.4582727485632134
10.268333333333333 0.4582727485632134
10.268333333333333 0.4582727485632134
10.268333333333333 0.4582727485632134
10.268333333333333 0.4582727485632134
10.268333333333333 0.4582727485632134
10.268333333333333 0.4582727485632134
10.268333333333333 0.4582727485632134
10.268333333333333 0.4582727485632134
10.268333333333333 0.4582727485632134
10.268333333333333 0.4582727485632134
10.268333333333333 0.4582727485632134
10.268333333333333 0.4582727485632134
10.268333333333333 0.4582727485632134
10.268333333333333 0.4582727485632134
10.268333333333333 0.4582727485632134
10.268333333333333 0.4582727485632134
10.268333333333333 0.4582727485632134
10.268333333333333 0.4582727485632134
10.268333333333333 0.4582727485632134
10.268333333333333 0.4582727485632134
10.268333333333333 0.4582727485632134
10.268333333333333 0.4582727485632134
10.268333333333333 0.4582727485632134
10.268333333333333 0.4582727485632134
10.268333333333333 0.4582727485632134
10.268333333333333 0.4582727485632134
10.27 0.45546212016460996
10.27 0.45546212016460996
10.271666666666667 0.45262789231743944
10.271666666666667 0.45262789231743944
10.271666666666667 0.45262789231743944
10.271666666666667 0.45262789231743944
10.273333333333333 0.4534662150987112
10.273333333333333 0.4534662150987112
10.273333333333333 0.4534662150987112
10.273333333333333 0.4534662150987112
10.275 0.4542968663086927
10.275 0.4542968663086927
10.275 0.4542968663086927
10.275 0.4542968663086927
10.276666666666667 0.4551198879521449
10.276666666666667 0.4551198879521449
10.276666666666667 0.4551198879521449
10.278333333333334 0.455935321346103
10.278333333333334 0.455935321346103
10.278333333333334 0.455935321346103
10.278333333333334 0.455935321346103
10.278333333333334 0.455935321346103
10.278333333333334 0.455935321346103
10.278333333333334 0.455935321346103
10.278333333333334 0.455935321346103
10.278333333333334 0.455935321346103
10.28 0.4567432071329626
10.28 0.4567432071329626
10.28 0.4567432071329626
10.28 0.4567432071329626
10.28 0.4567432071329626
10.28 0.4567432071329626
10.28 0.4567432071329626
10.28 0.4567432071329626
10.28 0.4567432071329626
10.28 0.4567432071329626
10.28 0.4567432071329626
10.281666666666666 0.4575435852932019
10.281666666666666 0.4575435852932019
10.281666666666666 0.4575435852932019
10.281666666666666 0.4575435852932019
10.281666666666666 0.4575435852932019
10.281666666666666 0.4575435852932019
10.281666666666666 0.4575435852932019
10.281666666666666 0.4575435852932019
10.281666666666666 0.4575435852932019
10.281666666666666 0.4575435852932019
10.281666666666666 0.4575435852932019
10.281666666666666 0.4575435852932019
10.281666666666666 0.4575435852932019
10.281666666666666 0.4575435852932019
10.281666666666666 0.4575435852932019
10.281666666666666 0.4575435852932019
10.281666666666666 0.4575435852932019
10.281666666666666 0.4575435852932019
10.281666666666666 0.4575435852932019
10.281666666666666 0.4575435852932019
10.281666666666666 0.4575435852932019
10.281666666666666 0.4575435852932019
10.281666666666666 0.4575435852932019
10.281666666666666 0.4575435852932019
10.281666666666666 0.4575435852932019
10.281666666666666 0.4575435852932019
10.281666666666666 0.4575435852932019
10.281666666666666 0.4575435852932019
10.281666666666666 0.4575435852932019
10.281666666666666 0.4575435852932019
10.281666666666666 0.4575435852932019
10.281666666666666 0.4575435852932019
10.281666666666666 0.4575435852932019
10.281666666666666 0.4575435852932019
10.281666666666666 0.4575435852932019
10.281666666666666 0.4575435852932019
10.281666666666666 0.4575435852932019
10.281666666666666 0.4575435852932019
10.281666666666666 0.4575435852932019
10.281666666666666 0.4575435852932019
10.281666666666666 0.4575435852932019
10.281666666666666 0.4575435852932019
10.281666666666666 0.4575435852932019
10.281666666666666 0.4575435852932019
10.281666666666666 0.4575435852932019
10.281666666666666 0.4575435852932019
10.281666666666666 0.4575435852932019
10.281666666666666 0.4575435852932019
10.281666666666666 0.4575435852932019
10.281666666666666 0.4575435852932019
10.281666666666666 0.4575435852932019
10.283333333333333 0.4583364951578121
10.283333333333333 0.4583364951578121
10.283333333333333 0.4583364951578121
10.283333333333333 0.4583364951578121
10.283333333333333 0.4583364951578121
10.283333333333333 0.4583364951578121
10.283333333333333 0.4583364951578121
10.283333333333333 0.4583364951578121
10.283333333333333 0.4583364951578121
10.283333333333333 0.4583364951578121
10.283333333333333 0.4583364951578121
10.283333333333333 0.4583364951578121
10.283333333333333 0.4583364951578121
10.283333333333333 0.4583364951578121
10.283333333333333 0.4583364951578121
10.283333333333333 0.4583364951578121
10.283333333333333 0.4583364951578121
10.283333333333333 0.4583364951578121
10.283333333333333 0.4583364951578121
10.283333333333333 0.4583364951578121
10.283333333333333 0.4583364951578121
10.283333333333333 0.4583364951578121
10.283333333333333 0.4583364951578121
10.283333333333333 0.4583364951578121
10.285 0.4591219754203209
10.285 0.4591219754203209
10.285 0.4591219754203209
10.285 0.4591219754203209
10.285 0.4591219754203209
10.285 0.4591219754203209
10.285 0.4591219754203209
10.285 0.4591219754203209
10.286666666666667 0.4599000641486094
10.286666666666667 0.4599000641486094
10.286666666666667 0.4599000641486094
10.286666666666667 0.4599000641486094
10.286666666666667 0.4599000641486094
10.286666666666667 0.4599000641486094
10.286666666666667 0.4599000641486094
10.288333333333334 0.46067079879634576
10.288333333333334 0.46067079879634576
10.288333333333334 0.46067079879634576
10.288333333333334 0.46067079879634576
10.288333333333334 0.46067079879634576
10.288333333333334 0.46067079879634576
10.288333333333334 0.46067079879634576
10.288333333333334 0.46067079879634576
10.288333333333334 0.46067079879634576
10.288333333333334 0.46067079879634576
10.288333333333334 0.46067079879634576
10.29 0.46143421621414066
10.291666666666666 0.4621903526604336
10.291666666666666 0.4621903526604336
10.291666666666666 0.4621903526604336
10.291666666666666 0.4621903526604336
10.291666666666666 0.4621903526604336
10.291666666666666 0.4621903526604336
10.293333333333333 0.46293924381210566
10.293333333333333 0.46293924381210566
10.293333333333333 0.46293924381210566
10.293333333333333 0.46293924381210566
10.293333333333333 0.46293924381210566
10.293333333333333 0.46293924381210566
10.293333333333333 0.46293924381210566
10.293333333333333 0.46293924381210566
10.293333333333333 0.46293924381210566
10.293333333333333 0.46293924381210566
10.293333333333333 0.46293924381210566
10.293333333333333 0.46293924381210566
10.293333333333333 0.46293924381210566
10.293333333333333 0.46293924381210566
10.293333333333333 0.46293924381210566
10.293333333333333 0.46293924381210566
10.293333333333333 0.46293924381210566
10.293333333333333 0.46293924381210566
10.293333333333333 0.46293924381210566
10.293333333333333 0.46293924381210566
10.293333333333333 0.46293924381210566
10.293333333333333 0.46293924381210566
10.293333333333333 0.46293924381210566
10.293333333333333 0.46293924381210566
10.293333333333333 0.46293924381210566
10.293333333333333 0.46293924381210566
10.293333333333333 0.46293924381210566
10.293333333333333 0.46293924381210566
10.295 0.4636809247747827
10.295 0.4636809247747827
10.295 0.4636809247747827
10.295 0.4636809247747827
10.295 0.4636809247747827
10.295 0.4636809247747827
10.295 0.4636809247747827
10.295 0.4636809247747827
10.295 0.4636809247747827
10.295 0.4636809247747827
10.296666666666667 0.46441543009293257
10.296666666666667 0.46441543009293257
10.296666666666667 0.46441543009293257
10.296666666666667 0.46441543009293257
10.296666666666667 0.46441543009293257
10.296666666666667 0.46441543009293257
10.296666666666667 0.46441543009293257
10.296666666666667 0.46441543009293257
10.296666666666667 0.46441543009293257
10.296666666666667 0.46441543009293257
10.296666666666667 0.46441543009293257
10.298333333333334 0.46514279375965206
10.298333333333334 0.46514279375965206
10.298333333333334 0.46514279375965206
10.298333333333334 0.46514279375965206
10.298333333333334 0.46514279375965206
10.3 0.46586304922626304
10.3 0.46586304922626304
10.3 0.46586304922626304
10.3 0.46586304922626304
10.3 0.46586304922626304
10.3 0.46586304922626304
10.3 0.46586304922626304
10.3 0.46586304922626304
10.3 0.46586304922626304
10.3 0.46586304922626304
10.3 0.46586304922626304
10.3 0.46586304922626304
10.3 0.46586304922626304
10.3 0.46586304922626304
10.3 0.46586304922626304
10.3 0.46586304922626304
10.3 0.46586304922626304
10.3 0.46586304922626304
10.3 0.46586304922626304
10.3 0.46586304922626304
10.3 0.46586304922626304
10.3 0.46586304922626304
10.3 0.46586304922626304
10.3 0.46586304922626304
10.3 0.46586304922626304
10.3 0.46586304922626304
10.3 0.46586304922626304
10.301666666666666 0.4665762294116308
10.301666666666666 0.4665762294116308
10.303333333333333 0.46728236671127155
10.303333333333333 0.46728236671127155
10.303333333333333 0.46728236671127155
10.303333333333333 0.46728236671127155
10.303333333333333 0.46728236671127155
10.303333333333333 0.46728236671127155
10.303333333333333 0.46728236671127155
10.303333333333333 0.46728236671127155
10.303333333333333 0.46728236671127155
10.303333333333333 0.46728236671127155
10.303333333333333 0.46728236671127155
10.303333333333333 0.46728236671127155
10.303333333333333 0.46728236671127155
10.303333333333333 0.46728236671127155
10.303333333333333 0.46728236671127155
10.303333333333333 0.46728236671127155
10.303333333333333 0.46728236671127155
10.303333333333333 0.46728236671127155
10.306666666666667 0.46509792770930325
10.306666666666667 0.46509792770930325
10.306666666666667 0.46509792770930325
10.306666666666667 0.46509792770930325
10.306666666666667 0.46509792770930325
10.306666666666667 0.46509792770930325
10.306666666666667 0.46509792770930325
10.306666666666667 0.46509792770930325
10.306666666666667 0.46509792770930325
10.306666666666667 0.46509792770930325
10.306666666666667 0.46509792770930325
10.306666666666667 0.46509792770930325
10.306666666666667 0.46509792770930325
10.306666666666667 0.46509792770930325
10.306666666666667 0.46509792770930325
10.308333333333334 0.4657883857031897
10.31 0.4664718569455248
10.31 0.4664718569455248
10.31 0.4664718569455248
10.31 0.4664718569455248
10.31 0.4664718569455248
10.31 0.4664718569455248
10.31 0.4664718569455248
10.31 0.4664718569455248
10.31 0.4664718569455248
10.31 0.4664718569455248
10.31 0.4664718569455248
10.31 0.4664718569455248
10.31 0.4664718569455248
10.31 0.4664718569455248
10.31 0.4664718569455248
10.31 0.4664718569455248
10.311666666666667 0.4671483721026464
10.311666666666667 0.4671483721026464
10.311666666666667 0.4671483721026464
10.313333333333333 0.4678179613523075
10.313333333333333 0.4678179613523075
10.313333333333333 0.4678179613523075
10.313333333333333 0.4678179613523075
10.313333333333333 0.4678179613523075
10.313333333333333 0.4678179613523075
10.313333333333333 0.4678179613523075
10.313333333333333 0.4678179613523075
10.313333333333333 0.4678179613523075
10.313333333333333 0.4678179613523075
10.313333333333333 0.4678179613523075
10.313333333333333 0.4678179613523075
10.315 0.46848065439165293
10.315 0.46848065439165293
10.315 0.46848065439165293
10.315 0.46848065439165293
10.315 0.46848065439165293
10.315 0.46848065439165293
10.315 0.46848065439165293
10.315 0.46848065439165293
10.315 0.46848065439165293
10.315 0.46848065439165293
10.315 0.46848065439165293
10.315 0.46848065439165293
10.315 0.46848065439165293
10.315 0.46848065439165293
10.315 0.46848065439165293
10.315 0.46848065439165293
10.315 0.46848065439165293
10.315 0.46848065439165293
10.315 0.46848065439165293
10.315 0.46848065439165293
10.315 0.46848065439165293
10.315 0.46848065439165293
10.315 0.46848065439165293
10.315 0.46848065439165293
10.315 0.46848065439165293
10.315 0.46848065439165293
10.315 0.46848065439165293
10.316666666666666 0.46913648044504463
10.316666666666666 0.46913648044504463
10.316666666666666 0.46913648044504463
10.316666666666666 0.46913648044504463
10.316666666666666 0.46913648044504463
10.316666666666666 0.46913648044504463
10.316666666666666 0.46913648044504463
10.316666666666666 0.46913648044504463
10.316666666666666 0.46913648044504463
10.316666666666666 0.46913648044504463
10.316666666666666 0.46913648044504463
10.316666666666666 0.46913648044504463
10.316666666666666 0.46913648044504463
10.316666666666666 0.46913648044504463
10.316666666666666 0.46913648044504463
10.316666666666666 0.46913648044504463
10.316666666666666 0.46913648044504463
10.316666666666666 0.46913648044504463
10.318333333333333 0.46978546827165674
10.318333333333333 0.46978546827165674
10.318333333333333 0.46978546827165674
10.318333333333333 0.46978546827165674
10.318333333333333 0.46978546827165674
10.318333333333333 0.46978546827165674
10.318333333333333 0.46978546827165674
10.318333333333333 0.46978546827165674
10.318333333333333 0.46978546827165674
10.318333333333333 0.46978546827165674
10.318333333333333 0.46978546827165674
10.318333333333333 0.46978546827165674
10.318333333333333 0.46978546827165674
10.318333333333333 0.46978546827165674
10.318333333333333 0.46978546827165674
10.318333333333333 0.46978546827165674
10.318333333333333 0.46978546827165674
10.318333333333333 0.46978546827165674
10.318333333333333 0.46978546827165674
10.318333333333333 0.46978546827165674
10.318333333333333 0.46978546827165674
10.318333333333333 0.46978546827165674
10.318333333333333 0.46978546827165674
10.32 0.47042764617293453
10.32 0.47042764617293453
10.32 0.47042764617293453
10.32 0.47042764617293453
10.32 0.47042764617293453
10.32 0.47042764617293453
10.32 0.47042764617293453
10.32 0.47042764617293453
10.32 0.47042764617293453
10.32 0.47042764617293453
10.32 0.47042764617293453
10.32 0.47042764617293453
10.32 0.47042764617293453
10.32 0.47042764617293453
10.32 0.47042764617293453
10.32 0.47042764617293453
10.32 0.47042764617293453
10.32 0.47042764617293453
10.321666666666667 0.47106304199981375
10.321666666666667 0.47106304199981375
10.321666666666667 0.47106304199981375
10.321666666666667 0.47106304199981375
10.321666666666667 0.47106304199981375
10.323333333333334 0.4716916831598364
10.323333333333334 0.4716916831598364
10.323333333333334 0.4716916831598364
10.323333333333334 0.4716916831598364
10.323333333333334 0.4716916831598364
10.323333333333334 0.4716916831598364
10.323333333333334 0.4716916831598364
10.323333333333334 0.4716916831598364
10.325 0.47231359662402916
10.325 0.47231359662402916
10.325 0.47231359662402916
10.325 0.47231359662402916
10.325 0.47231359662402916
10.325 0.47231359662402916
10.325 0.47231359662402916
10.325 0.47231359662402916
10.325 0.47231359662402916
10.325 0.47231359662402916
10.325 0.47231359662402916
10.325 0.47231359662402916
10.325 0.47231359662402916
10.325 0.47231359662402916
10.325 0.47231359662402916
10.325 0.47231359662402916
10.325 0.47231359662402916
10.325 0.47231359662402916
10.325 0.47231359662402916
10.325 0.47231359662402916
10.325 0.47231359662402916
10.325 0.47231359662402916
10.325 0.47231359662402916
10.325 0.47231359662402916
10.325 0.47231359662402916
10.325 0.47231359662402916
10.325 0.47231359662402916
10.325 0.47231359662402916
10.325 0.47231359662402916
10.325 0.47231359662402916
10.325 0.47231359662402916
10.325 0.47231359662402916
10.325 0.47231359662402916
10.325 0.47231359662402916
10.325 0.47231359662402916
10.325 0.47231359662402916
10.325 0.47231359662402916
10.325 0.47231359662402916
10.325 0.47231359662402916
10.325 0.47231359662402916
10.325 0.47231359662402916
10.325 0.47231359662402916
10.325 0.47231359662402916
10.325 0.47231359662402916
10.325 0.47231359662402916
10.326666666666666 0.4729288089336707
10.326666666666666 0.4729288089336707
10.326666666666666 0.4729288089336707
10.326666666666666 0.4729288089336707
10.326666666666666 0.4729288089336707
10.326666666666666 0.4729288089336707
10.326666666666666 0.4729288089336707
10.326666666666666 0.4729288089336707
10.326666666666666 0.4729288089336707
10.326666666666666 0.4729288089336707
10.326666666666666 0.4729288089336707
10.326666666666666 0.4729288089336707
10.326666666666666 0.4729288089336707
10.326666666666666 0.4729288089336707
10.326666666666666 0.4729288089336707
10.326666666666666 0.4729288089336707
10.326666666666666 0.4729288089336707
10.326666666666666 0.4729288089336707
10.326666666666666 0.4729288089336707
10.328333333333333 0.47353734620686816
10.328333333333333 0.47353734620686816
10.328333333333333 0.47353734620686816
10.328333333333333 0.47353734620686816
10.328333333333333 0.47353734620686816
10.328333333333333 0.47353734620686816
10.33 0.47060505223805976
10.33 0.47060505223805976
10.33 0.47060505223805976
10.331666666666667 0.47120478081685757
10.331666666666667 0.47120478081685757
10.331666666666667 0.47120478081685757
10.331666666666667 0.47120478081685757
10.331666666666667 0.47120478081685757
10.331666666666667 0.47120478081685757
10.331666666666667 0.47120478081685757
10.333333333333334 0.4717978496210728
10.333333333333334 0.4717978496210728
10.333333333333334 0.4717978496210728
10.333333333333334 0.4717978496210728
10.333333333333334 0.4717978496210728
10.335 0.47238428373433095
10.335 0.47238428373433095
10.335 0.47238428373433095
10.335 0.47238428373433095
10.335 0.47238428373433095
10.335 0.47238428373433095
10.335 0.47238428373433095
10.335 0.47238428373433095
10.335 0.47238428373433095
10.335 0.47238428373433095
10.335 0.47238428373433095
10.335 0.47238428373433095
10.336666666666666 0.47296410783595355
10.336666666666666 0.47296410783595355
10.336666666666666 0.47296410783595355
10.336666666666666 0.47296410783595355
10.336666666666666 0.47296410783595355
10.336666666666666 0.47296410783595355
10.336666666666666 0.47296410783595355
10.336666666666666 0.47296410783595355
10.336666666666666 0.47296410783595355
10.336666666666666 0.47296410783595355
10.336666666666666 0.47296410783595355
10.336666666666666 0.47296410783595355
10.336666666666666 0.47296410783595355
10.336666666666666 0.47296410783595355
10.338333333333333 0.4735373462068663
10.338333333333333 0.4735373462068663
10.338333333333333 0.4735373462068663
10.338333333333333 0.4735373462068663
10.338333333333333 0.4735373462068663
10.338333333333333 0.4735373462068663
10.338333333333333 0.4735373462068663
10.338333333333333 0.4735373462068663
10.338333333333333 0.4735373462068663
10.338333333333333 0.4735373462068663
10.338333333333333 0.4735373462068663
10.338333333333333 0.4735373462068663
10.338333333333333 0.4735373462068663
10.338333333333333 0.4735373462068663
10.338333333333333 0.4735373462068663
10.338333333333333 0.4735373462068663
10.338333333333333 0.4735373462068663
10.338333333333333 0.4735373462068663
10.338333333333333 0.4735373462068663
10.338333333333333 0.4735373462068663
10.338333333333333 0.4735373462068663
10.338333333333333 0.4735373462068663
10.338333333333333 0.4735373462068663
10.338333333333333 0.4735373462068663
10.338333333333333 0.4735373462068663
10.338333333333333 0.4735373462068663
10.338333333333333 0.4735373462068663
10.338333333333333 0.4735373462068663
10.338333333333333 0.4735373462068663
10.338333333333333 0.4735373462068663
10.338333333333333 0.4735373462068663
10.338333333333333 0.4735373462068663
10.338333333333333 0.4735373462068663
10.338333333333333 0.4735373462068663
10.338333333333333 0.4735373462068663
10.338333333333333 0.4735373462068663
10.338333333333333 0.4735373462068663
10.338333333333333 0.4735373462068663
10.338333333333333 0.4735373462068663
10.338333333333333 0.4735373462068663
10.338333333333333 0.4735373462068663
10.338333333333333 0.4735373462068663
10.338333333333333 0.4735373462068663
10.338333333333333 0.4735373462068663
10.338333333333333 0.4735373462068663
10.338333333333333 0.4735373462068663
10.338333333333333 0.4735373462068663
10.338333333333333 0.4735373462068663
10.338333333333333 0.4735373462068663
10.338333333333333 0.4735373462068663
10.338333333333333 0.4735373462068663
10.338333333333333 0.4735373462068663
10.338333333333333 0.4735373462068663
10.338333333333333 0.4735373462068663
10.338333333333333 0.4735373462068663
10.338333333333333 0.4735373462068663
10.338333333333333 0.4735373462068663
10.338333333333333 0.4735373462068663
10.338333333333333 0.4735373462068663
10.338333333333333 0.4735373462068663
10.338333333333333 0.4735373462068663
10.338333333333333 0.4735373462068663
10.338333333333333 0.4735373462068663
10.338333333333333 0.4735373462068663
10.338333333333333 0.4735373462068663
10.338333333333333 0.4735373462068663
10.338333333333333 0.4735373462068663
10.338333333333333 0.4735373462068663
10.338333333333333 0.4735373462068663
10.338333333333333 0.4735373462068663
10.338333333333333 0.4735373462068663
10.338333333333333 0.4735373462068663
10.338333333333333 0.4735373462068663
10.338333333333333 0.4735373462068663
10.338333333333333 0.4735373462068663
10.338333333333333 0.4735373462068663
10.338333333333333 0.4735373462068663
10.338333333333333 0.4735373462068663
10.338333333333333 0.4735373462068663
10.338333333333333 0.4735373462068663
10.338333333333333 0.4735373462068663
10.338333333333333 0.4735373462068663
10.338333333333333 0.4735373462068663
10.338333333333333 0.4735373462068663
10.338333333333333 0.4735373462068663
10.338333333333333 0.4735373462068663
10.338333333333333 0.4735373462068663
10.338333333333333 0.4735373462068663
10.338333333333333 0.4735373462068663
10.338333333333333 0.4735373462068663
10.338333333333333 0.4735373462068663
10.338333333333333 0.4735373462068663
10.338333333333333 0.4735373462068663
10.338333333333333 0.4735373462068663
10.338333333333333 0.4735373462068663
10.34 0.4741040227354708
10.34 0.4741040227354708
10.34 0.4741040227354708
10.34 0.4741040227354708
10.34 0.4741040227354708
10.34 0.4741040227354708
10.34 0.4741040227354708
10.34 0.4741040227354708
10.34 0.4741040227354708
10.34 0.4741040227354708
10.341666666666667 0.47466416092327457
10.343333333333334 0.4752177838904656
10.343333333333334 0.4752177838904656
10.343333333333334 0.4752177838904656
10.343333333333334 0.4752177838904656
10.343333333333334 0.4752177838904656
10.343333333333334 0.4752177838904656
10.343333333333334 0.4752177838904656
10.343333333333334 0.4752177838904656
10.343333333333334 0.4752177838904656
10.343333333333334 0.4752177838904656
10.343333333333334 0.4752177838904656
10.343333333333334 0.4752177838904656
10.343333333333334 0.4752177838904656
10.343333333333334 0.4752177838904656
10.343333333333334 0.4752177838904656
10.343333333333334 0.4752177838904656
10.343333333333334 0.4752177838904656
10.343333333333334 0.4752177838904656
10.343333333333334 0.4752177838904656
10.343333333333334 0.4752177838904656
10.343333333333334 0.4752177838904656
10.343333333333334 0.4752177838904656
10.343333333333334 0.4752177838904656
10.343333333333334 0.4752177838904656
10.343333333333334 0.4752177838904656
10.343333333333334 0.4752177838904656
10.343333333333334 0.4752177838904656
10.343333333333334 0.4752177838904656
10.345 0.4757649143813126
10.345 0.4757649143813126
10.345 0.4757649143813126
10.345 0.4757649143813126
10.345 0.4757649143813126
10.346666666666666 0.47630557476947805
10.348333333333333 0.4768397870631522
10.348333333333333 0.4768397870631522
10.348333333333333 0.4768397870631522
10.348333333333333 0.4768397870631522
10.348333333333333 0.4768397870631522
10.348333333333333 0.4768397870631522
10.348333333333333 0.4768397870631522
10.35 0.4773675729101331
10.35 0.4773675729101331
10.35 0.4773675729101331
10.35 0.4773675729101331
10.35 0.4773675729101331
10.35 0.4773675729101331
10.35 0.4773675729101331
10.35 0.4773675729101331
10.35 0.4773675729101331
10.35 0.4773675729101331
10.35 0.4773675729101331
10.35 0.4773675729101331
10.35 0.4773675729101331
10.35 0.4773675729101331
10.35 0.4773675729101331
10.35 0.4773675729101331
10.35 0.4773675729101331
10.35 0.4773675729101331
10.35 0.4773675729101331
10.35 0.4773675729101331
10.35 0.4773675729101331
10.35 0.4773675729101331
10.35 0.4773675729101331
10.35 0.4773675729101331
10.35 0.4773675729101331
10.35 0.4773675729101331
10.35 0.4773675729101331
10.351666666666667 0.4778889536027323
10.351666666666667 0.4778889536027323
10.351666666666667 0.4778889536027323
10.353333333333333 0.47840395008261155
10.353333333333333 0.47840395008261155
10.353333333333333 0.47840395008261155
10.353333333333333 0.47840395008261155
10.353333333333333 0.47840395008261155
10.353333333333333 0.47840395008261155
10.353333333333333 0.47840395008261155
10.353333333333333 0.47840395008261155
10.353333333333333 0.47840395008261155
10.353333333333333 0.47840395008261155
10.353333333333333 0.47840395008261155
10.353333333333333 0.47840395008261155
10.353333333333333 0.47840395008261155
10.353333333333333 0.47840395008261155
10.355 0.47891258294547434
10.355 0.47891258294547434
10.355 0.47891258294547434
10.355 0.47891258294547434
10.355 0.47891258294547434
10.355 0.47891258294547434
10.355 0.47891258294547434
10.355 0.47891258294547434
10.355 0.47891258294547434
10.355 0.47891258294547434
10.355 0.47891258294547434
10.355 0.47891258294547434
10.355 0.47891258294547434
10.355 0.47891258294547434
10.355 0.47891258294547434
10.356666666666667 0.47941487244566144
10.356666666666667 0.47941487244566144
10.356666666666667 0.47941487244566144
10.356666666666667 0.47941487244566144
10.356666666666667 0.47941487244566144
10.356666666666667 0.47941487244566144
10.356666666666667 0.47941487244566144
10.356666666666667 0.47941487244566144
10.356666666666667 0.47941487244566144
10.358333333333333 0.47991083850066024
10.358333333333333 0.47991083850066024
10.358333333333333 0.47991083850066024
10.358333333333333 0.47991083850066024
10.358333333333333 0.47991083850066024
10.358333333333333 0.47991083850066024
10.358333333333333 0.47991083850066024
10.358333333333333 0.47991083850066024
10.358333333333333 0.47991083850066024
10.358333333333333 0.47991083850066024
10.358333333333333 0.47991083850066024
10.358333333333333 0.47991083850066024
10.358333333333333 0.47991083850066024
10.358333333333333 0.47991083850066024
10.358333333333333 0.47991083850066024
10.358333333333333 0.47991083850066024
10.358333333333333 0.47991083850066024
10.358333333333333 0.47991083850066024
10.358333333333333 0.47991083850066024
10.358333333333333 0.47991083850066024
10.358333333333333 0.47991083850066024
10.358333333333333 0.47991083850066024
10.358333333333333 0.47991083850066024
10.358333333333333 0.47991083850066024
10.36 0.48040050069545776
10.361666666666666 0.4808838782868641
10.361666666666666 0.4808838782868641
10.361666666666666 0.4808838782868641
10.361666666666666 0.4808838782868641
10.361666666666666 0.4808838782868641
10.361666666666666 0.4808838782868641
10.363333333333333 0.481360990207671
10.363333333333333 0.481360990207671
10.363333333333333 0.481360990207671
10.363333333333333 0.481360990207671
10.363333333333333 0.481360990207671
10.363333333333333 0.481360990207671
10.365 0.48183185507076703
10.365 0.48183185507076703
10.366666666666667 0.48229649117310114
10.366666666666667 0.48229649117310114
10.366666666666667 0.48229649117310114
10.366666666666667 0.48229649117310114
10.366666666666667 0.48229649117310114
10.366666666666667 0.48229649117310114
10.366666666666667 0.48229649117310114
10.366666666666667 0.48229649117310114
10.366666666666667 0.48229649117310114
10.366666666666667 0.48229649117310114
10.366666666666667 0.48229649117310114
10.366666666666667 0.48229649117310114
10.366666666666667 0.48229649117310114
10.366666666666667 0.48229649117310114
10.366666666666667 0.48229649117310114
10.366666666666667 0.48229649117310114
10.366666666666667 0.48229649117310114
10.366666666666667 0.48229649117310114
10.366666666666667 0.48229649117310114
10.368333333333334 0.48275491649962843
10.368333333333334 0.48275491649962843
10.368333333333334 0.48275491649962843
10.368333333333334 0.48275491649962843
10.368333333333334 0.48275491649962843
10.368333333333334 0.48275491649962843
10.368333333333334 0.48275491649962843
10.368333333333334 0.48275491649962843
10.37 0.48320714872709347
10.37 0.48320714872709347
10.37 0.48320714872709347
10.37 0.48320714872709347
10.37 0.48320714872709347
10.37 0.48320714872709347
10.37 0.48320714872709347
10.37 0.48320714872709347
10.37 0.48320714872709347
10.37 0.48320714872709347
10.37 0.48320714872709347
10.37 0.48320714872709347
10.37 0.48320714872709347
10.37 0.48320714872709347
10.37 0.48320714872709347
10.37 0.48320714872709347
10.37 0.48320714872709347
10.37 0.48320714872709347
10.37 0.48320714872709347
10.37 0.48320714872709347
10.37 0.48320714872709347
10.37 0.48320714872709347
10.37 0.48320714872709347
10.37 0.48320714872709347
10.37 0.48320714872709347
10.37 0.48320714872709347
10.37 0.48320714872709347
10.37 0.48320714872709347
10.371666666666666 0.48365320522777705
10.371666666666666 0.48365320522777705
10.371666666666666 0.48365320522777705
10.371666666666666 0.48365320522777705
10.371666666666666 0.48365320522777705
10.371666666666666 0.48365320522777705
10.371666666666666 0.48365320522777705
10.371666666666666 0.48365320522777705
10.371666666666666 0.48365320522777705
10.371666666666666 0.48365320522777705
10.371666666666666 0.48365320522777705
10.371666666666666 0.48365320522777705
10.371666666666666 0.48365320522777705
10.371666666666666 0.48365320522777705
10.371666666666666 0.48365320522777705
10.371666666666666 0.48365320522777705
10.371666666666666 0.48365320522777705
10.371666666666666 0.48365320522777705
10.371666666666666 0.48365320522777705
10.371666666666666 0.48365320522777705
10.371666666666666 0.48365320522777705
10.371666666666666 0.48365320522777705
10.371666666666666 0.48365320522777705
10.371666666666666 0.48365320522777705
10.371666666666666 0.48365320522777705
10.371666666666666 0.48365320522777705
10.371666666666666 0.48365320522777705
10.371666666666666 0.48365320522777705
10.371666666666666 0.48365320522777705
10.371666666666666 0.48365320522777705
10.371666666666666 0.48365320522777705
10.371666666666666 0.48365320522777705
10.371666666666666 0.48365320522777705
10.371666666666666 0.48365320522777705
10.371666666666666 0.48365320522777705
10.371666666666666 0.48365320522777705
10.373333333333333 0.4840931030731185
10.373333333333333 0.4840931030731185
10.373333333333333 0.4840931030731185
10.373333333333333 0.4840931030731185
10.373333333333333 0.4840931030731185
10.375 0.48452685903729587
10.375 0.48452685903729587
10.375 0.48452685903729587
10.375 0.48452685903729587
10.375 0.48452685903729587
10.375 0.48452685903729587
10.375 0.48452685903729587
10.375 0.48452685903729587
10.375 0.48452685903729587
10.375 0.48452685903729587
10.375 0.48452685903729587
10.375 0.48452685903729587
10.375 0.48452685903729587
10.375 0.48452685903729587
10.375 0.48452685903729587
10.375 0.48452685903729587
10.375 0.48452685903729587
10.375 0.48452685903729587
10.375 0.48452685903729587
10.375 0.48452685903729587
10.375 0.48452685903729587
10.375 0.48452685903729587
10.375 0.48452685903729587
10.375 0.48452685903729587
10.375 0.48452685903729587
10.375 0.48452685903729587
10.375 0.48452685903729587
10.375 0.48452685903729587
10.375 0.48452685903729587
10.375 0.48452685903729587
10.375 0.48452685903729587
10.376666666666667 0.4849544896006877
10.376666666666667 0.4849544896006877
10.376666666666667 0.4849544896006877
10.376666666666667 0.4849544896006877
10.376666666666667 0.4849544896006877
10.376666666666667 0.4849544896006877
10.376666666666667 0.4849544896006877
10.376666666666667 0.4849544896006877
10.376666666666667 0.4849544896006877
10.376666666666667 0.4849544896006877
10.376666666666667 0.4849544896006877
10.376666666666667 0.4849544896006877
10.378333333333334 0.48537601095326405
10.378333333333334 0.48537601095326405
10.378333333333334 0.48537601095326405
10.378333333333334 0.48537601095326405
10.378333333333334 0.48537601095326405
10.378333333333334 0.48537601095326405
10.378333333333334 0.48537601095326405
10.378333333333334 0.48537601095326405
10.378333333333334 0.48537601095326405
10.38 0.48579143899792215
10.38 0.48579143899792215
10.38 0.48579143899792215
10.38 0.48579143899792215
10.38 0.48579143899792215
10.38 0.48579143899792215
10.38 0.48579143899792215
10.38 0.48579143899792215
10.38 0.48579143899792215
10.38 0.48579143899792215
10.38 0.48579143899792215
10.38 0.48579143899792215
10.38 0.48579143899792215
10.38 0.48579143899792215
10.38 0.48579143899792215
10.38 0.48579143899792215
10.38 0.48579143899792215
10.38 0.48579143899792215
10.38 0.48579143899792215
10.38 0.48579143899792215
10.38 0.48579143899792215
10.38 0.48579143899792215
10.38 0.48579143899792215
10.38 0.48579143899792215
10.38 0.48579143899792215
10.38 0.48579143899792215
10.38 0.48579143899792215
10.38 0.48579143899792215
10.38 0.48579143899792215
10.38 0.48579143899792215
10.38 0.48579143899792215
10.38 0.48579143899792215
10.38 0.48579143899792215
10.38 0.48579143899792215
10.38 0.48579143899792215
10.38 0.48579143899792215
10.38 0.48579143899792215
10.38 0.48579143899792215
10.38 0.48579143899792215
10.38 0.48579143899792215
10.38 0.48579143899792215
10.38 0.48579143899792215
10.381666666666666 0.48620078935371097
10.381666666666666 0.48620078935371097
10.381666666666666 0.48620078935371097
10.381666666666666 0.48620078935371097
10.381666666666666 0.48620078935371097
10.381666666666666 0.48620078935371097
10.381666666666666 0.48620078935371097
10.381666666666666 0.48620078935371097
10.381666666666666 0.48620078935371097
10.381666666666666 0.48620078935371097
10.381666666666666 0.48620078935371097
10.381666666666666 0.48620078935371097
10.381666666666666 0.48620078935371097
10.381666666666666 0.48620078935371097
10.381666666666666 0.48620078935371097
10.383333333333333 0.48660407735898864
10.383333333333333 0.48660407735898864
10.383333333333333 0.48660407735898864
10.383333333333333 0.48660407735898864
10.383333333333333 0.48660407735898864
10.383333333333333 0.48660407735898864
10.383333333333333 0.48660407735898864
10.383333333333333 0.48660407735898864
10.383333333333333 0.48660407735898864
10.383333333333333 0.48660407735898864
10.383333333333333 0.48660407735898864
10.383333333333333 0.48660407735898864
10.383333333333333 0.48660407735898864
10.383333333333333 0.48660407735898864
10.383333333333333 0.48660407735898864
10.383333333333333 0.48660407735898864
10.383333333333333 0.48660407735898864
10.383333333333333 0.48660407735898864
10.383333333333333 0.48660407735898864
10.383333333333333 0.48660407735898864
10.383333333333333 0.48660407735898864
10.383333333333333 0.48660407735898864
10.383333333333333 0.48660407735898864
10.383333333333333 0.48660407735898864
10.383333333333333 0.48660407735898864
10.383333333333333 0.48660407735898864
10.383333333333333 0.48660407735898864
10.383333333333333 0.48660407735898864
10.383333333333333 0.48660407735898864
10.383333333333333 0.48660407735898864
10.383333333333333 0.48660407735898864
10.383333333333333 0.48660407735898864
10.383333333333333 0.48660407735898864
10.383333333333333 0.48660407735898864
10.383333333333333 0.48660407735898864
10.383333333333333 0.48660407735898864
10.383333333333333 0.48660407735898864
10.383333333333333 0.48660407735898864
10.383333333333333 0.48660407735898864
10.383333333333333 0.48660407735898864
10.383333333333333 0.48660407735898864
10.383333333333333 0.48660407735898864
10.383333333333333 0.48660407735898864
10.383333333333333 0.48660407735898864
10.383333333333333 0.48660407735898864
10.383333333333333 0.48660407735898864
10.383333333333333 0.48660407735898864
10.383333333333333 0.48660407735898864
10.383333333333333 0.48660407735898864
10.383333333333333 0.48660407735898864
10.383333333333333 0.48660407735898864
10.383333333333333 0.48660407735898864
10.383333333333333 0.48660407735898864
10.383333333333333 0.48660407735898864
10.383333333333333 0.48660407735898864
10.385 0.48700131807454305
10.385 0.48700131807454305
10.385 0.48700131807454305
10.386666666666667 0.4873925262865884
10.388333333333334 0.487777716509713
10.388333333333334 0.487777716509713
10.388333333333334 0.487777716509713
10.388333333333334 0.487777716509713
10.388333333333334 0.487777716509713
10.388333333333334 0.487777716509713
10.388333333333334 0.487777716509713
10.388333333333334 0.487777716509713
10.388333333333334 0.487777716509713
10.388333333333334 0.487777716509713
10.39 0.48815690298976655
10.39 0.48815690298976655
10.39 0.48815690298976655
10.39 0.48815690298976655
10.39 0.48815690298976655
10.39 0.48815690298976655
10.39 0.48815690298976655
10.39 0.48815690298976655
10.39 0.48815690298976655
10.391666666666667 0.4885300997066837
10.391666666666667 0.4885300997066837
10.391666666666667 0.4885300997066837
10.391666666666667 0.4885300997066837
10.391666666666667 0.4885300997066837
10.393333333333333 0.4888973203772044
10.393333333333333 0.4888973203772044
10.393333333333333 0.4888973203772044
10.393333333333333 0.4888973203772044
10.393333333333333 0.4888973203772044
10.393333333333333 0.4888973203772044
10.393333333333333 0.4888973203772044
10.393333333333333 0.4888973203772044
10.393333333333333 0.4888973203772044
10.393333333333333 0.4888973203772044
10.393333333333333 0.4888973203772044
10.393333333333333 0.4888973203772044
10.393333333333333 0.4888973203772044
10.393333333333333 0.4888973203772044
10.393333333333333 0.4888973203772044
10.393333333333333 0.4888973203772044
10.393333333333333 0.4888973203772044
10.393333333333333 0.4888973203772044
10.393333333333333 0.4888973203772044
10.393333333333333 0.4888973203772044
10.393333333333333 0.4888973203772044
10.393333333333333 0.4888973203772044
10.393333333333333 0.4888973203772044
10.393333333333333 0.4888973203772044
10.393333333333333 0.4888973203772044
10.393333333333333 0.4888973203772044
10.393333333333333 0.4888973203772044
10.393333333333333 0.4888973203772044
10.393333333333333 0.4888973203772044
10.393333333333333 0.4888973203772044
10.393333333333333 0.4888973203772044
10.393333333333333 0.4888973203772044
10.393333333333333 0.4888973203772044
10.393333333333333 0.4888973203772044
10.393333333333333 0.4888973203772044
10.393333333333333 0.4888973203772044
10.393333333333333 0.4888973203772044
10.393333333333333 0.4888973203772044
10.393333333333333 0.4888973203772044
10.393333333333333 0.4888973203772044
10.393333333333333 0.4888973203772044
10.393333333333333 0.4888973203772044
10.393333333333333 0.4888973203772044
10.393333333333333 0.4888973203772044
10.393333333333333 0.4888973203772044
10.393333333333333 0.4888973203772044
10.393333333333333 0.4888973203772044
10.393333333333333 0.4888973203772044
10.393333333333333 0.4888973203772044
10.393333333333333 0.4888973203772044
10.393333333333333 0.4888973203772044
10.393333333333333 0.4888973203772044
10.393333333333333 0.4888973203772044
10.393333333333333 0.4888973203772044
10.393333333333333 0.4888973203772044
10.393333333333333 0.4888973203772044
10.393333333333333 0.4888973203772044
10.393333333333333 0.4888973203772044
10.393333333333333 0.4888973203772044
10.393333333333333 0.4888973203772044
10.393333333333333 0.4888973203772044
