9.534285714285714 0.49917978913846867
9.627142857142857 0.48391034431659297
9.665714285714285 0.4720774754816642
9.697142857142858 0.4629232946195422
9.72 0.45249269866618763
9.731428571428571 0.4467472192038162
9.737142857142857 0.443736066035701
9.745714285714286 0.4390410001305419
9.757142857142858 0.4324370929538225
9.762857142857143 0.42898270340440764
9.771428571428572 0.4236036075742137
9.772857142857143 0.4226835139358945
9.772857142857143 0.4226835139358945
9.78 0.4179793342873232
9.782857142857143 0.4160483865648484
9.784285714285714 0.415072158535516
9.788571428571428 0.4155568706848102
9.794285714285714 0.4115241617500306
9.802857142857142 0.4052486223828303
9.81 0.39980324202275347
9.82 0.39183366299536443
9.825714285714286 0.38708984081218595
9.834285714285715 0.37970160495908223
9.838571428571429 0.3758796481749415
9.842857142857143 0.371968982266867
9.844285714285714 0.3706452303443652
9.848571428571429 0.36661185328733414
9.85 0.36524630606148245
9.854285714285714 0.3610847249919626
9.858571428571429 0.3608101110493421
9.862857142857143 0.3604842667874239
9.865714285714287 0.3575811739073609
9.867142857142857 0.35611214440253086
9.868571428571428 0.35463126677870604
9.87 0.3571665636930705
9.872857142857143 0.35819505742272034
9.878571428571428 0.3561810060260811
9.88 0.3546543179839536
9.88 0.3546543179839536
9.882857142857143 0.3515636148278081
9.885714285714286 0.348422036314195
9.885714285714286 0.348422036314195
9.888571428571428 0.34522819354779527
9.888571428571428 0.34522819354779527
9.888571428571428 0.34522819354779527
9.892857142857142 0.3403362086635007
9.892857142857142 0.3403362086635007
9.894285714285715 0.33867777668364385
9.894285714285715 0.33867777668364385
9.898571428571428 0.33787726527957784
9.898571428571428 0.33787726527957784
9.901428571428571 0.3387230320757868
9.904285714285715 0.3395426168197871
9.907142857142857 0.3361063888092679
9.91 0.33261008804963854
9.911428571428571 0.3308388164976005
9.911428571428571 0.3308388164976005
9.911428571428571 0.3308388164976005
9.912857142857144 0.3290517996589268
9.915714285714285 0.3254294903010044
9.915714285714285 0.3254294903010044
9.915714285714285 0.3254294903010044
9.917142857142856 0.32798488597519715
9.918571428571429 0.3261571705448382
9.92 0.3243128534233027
9.924285714285714 0.3275328131890184
9.927142857142858 0.3237925423229023
9.927142857142858 0.3237925423229023
9.927142857142858 0.3237925423229023
9.93 0.32442311516566147
9.93 0.32442311516566147
9.93 0.32442311516566147
9.93142857142857 0.3225181930935894
9.932857142857143 0.32059557799042854
9.935714285714285 0.32560528615293227
9.935714285714285 0.32560528615293227
9.935714285714285 0.32560528615293227
9.937142857142858 0.3236820657770586
9.938571428571429 0.3217409976499266
9.938571428571429 0.3217409976499266
9.941428571428572 0.31780400702196204
9.944285714285714 0.31379157780613937
9.944285714285714 0.31379157780613937
9.944285714285714 0.31379157780613937
9.947142857142858 0.31428617877081216
9.95 0.31475403117841105
9.95 0.31475403117841105
9.95 0.31475403117841105
9.95 0.31475403117841105
9.951428571428572 0.317240812456536
9.951428571428572 0.317240812456536
9.951428571428572 0.317240812456536
9.951428571428572 0.317240812456536
9.951428571428572 0.317240812456536
9.951428571428572 0.317240812456536
9.952857142857143 0.3151952541396681
9.952857142857143 0.3151952541396681
9.954285714285714 0.3176657146016755
9.954285714285714 0.3176657146016755
9.955714285714286 0.3201107257851899
9.955714285714286 0.3201107257851899
9.955714285714286 0.3201107257851899
9.955714285714286 0.3201107257851899
9.955714285714286 0.3201107257851899
9.955714285714286 0.3201107257851899
9.955714285714286 0.3201107257851899
9.955714285714286 0.3201107257851899
9.955714285714286 0.3201107257851899
9.955714285714286 0.3201107257851899
9.957142857142857 0.3180643480352838
9.957142857142857 0.3180643480352838
9.957142857142857 0.3180643480352838
9.957142857142857 0.3180643480352838
9.957142857142857 0.3180643480352838
9.958571428571428 0.32049356479754804
9.958571428571428 0.32049356479754804
9.958571428571428 0.32049356479754804
9.958571428571428 0.32049356479754804
9.958571428571428 0.32049356479754804
9.958571428571428 0.32049356479754804
9.958571428571428 0.32049356479754804
9.958571428571428 0.32049356479754804
9.958571428571428 0.32049356479754804
9.958571428571428 0.32049356479754804
9.96 0.31843681141041225
9.961428571428572 0.31636022691533666
9.962857142857143 0.3187831964576527
9.962857142857143 0.3187831964576527
9.964285714285714 0.3211815250628405
9.965714285714286 0.32355576067770664
9.967142857142857 0.32148681262662165
9.967142857142857 0.32148681262662165
9.967142857142857 0.32148681262662165
9.967142857142857 0.32148681262662165
9.967142857142857 0.32148681262662165
9.967142857142857 0.32148681262662165
9.967142857142857 0.32148681262662165
9.967142857142857 0.32148681262662165
9.967142857142857 0.32148681262662165
9.967142857142857 0.32148681262662165
9.968571428571428 0.3193980645621158
9.968571428571428 0.3193980645621158
9.968571428571428 0.3193980645621158
9.97 0.32176640510837584
9.971428571428572 0.3241111349441852
9.971428571428572 0.3241111349441852
9.971428571428572 0.3241111349441852
9.972857142857142 0.32643276284918515
9.972857142857142 0.32643276284918515
9.972857142857142 0.32643276284918515
9.972857142857142 0.32643276284918515
9.972857142857142 0.32643276284918515
9.972857142857142 0.32643276284918515
9.975714285714286 0.3266580745209047
9.977142857142857 0.32456482522219227
9.977142857142857 0.32456482522219227
9.977142857142857 0.32456482522219227
9.977142857142857 0.32456482522219227
9.978571428571428 0.32245164974212676
9.98 0.3203181537150635
9.98 0.3203181537150635
9.98 0.3203181537150635
9.981428571428571 0.3226290681798191
9.981428571428571 0.3226290681798191
9.981428571428571 0.3226290681798191
9.984285714285715 0.3227810635092239
9.984285714285715 0.3227810635092239
9.985714285714286 0.32062426335286015
9.987142857142857 0.32290767163094913
9.987142857142857 0.32290767163094913
9.987142857142857 0.32290767163094913
9.987142857142857 0.32290767163094913
9.987142857142857 0.32290767163094913
9.987142857142857 0.32290767163094913
9.98857142857143 0.3207389791477455
9.99 0.3230089223976637
9.99 0.3230089223976637
9.99 0.3230089223976637
9.99 0.3230089223976637
9.99 0.3230089223976637
9.99 0.3230089223976637
9.99 0.3230089223976637
9.99 0.3230089223976637
9.99 0.3230089223976637
9.991428571428571 0.32082817418568427
9.992857142857142 0.3186260869455626
9.992857142857142 0.3186260869455626
9.992857142857142 0.3186260869455626
9.992857142857142 0.3186260869455626
9.992857142857142 0.3186260869455626
9.992857142857142 0.3186260869455626
9.992857142857142 0.3186260869455626
9.994285714285715 0.3208918697479031
9.994285714285715 0.3208918697479031
9.994285714285715 0.3208918697479031
9.994285714285715 0.3208918697479031
9.994285714285715 0.3208918697479031
9.994285714285715 0.3208918697479031
9.994285714285715 0.3208918697479031
9.994285714285715 0.3208918697479031
9.994285714285715 0.3208918697479031
9.994285714285715 0.3208918697479031
9.994285714285715 0.3208918697479031
9.994285714285715 0.3208918697479031
9.994285714285715 0.3208918697479031
9.994285714285715 0.3208918697479031
9.994285714285715 0.3208918697479031
9.997142857142856 0.32093008101718423
9.997142857142856 0.32093008101718423
9.997142857142856 0.32093008101718423
9.997142857142856 0.32093008101718423
9.997142857142856 0.32093008101718423
9.997142857142856 0.32093008101718423
9.997142857142856 0.32093008101718423
9.997142857142856 0.32093008101718423
9.997142857142856 0.32093008101718423
9.997142857142856 0.32093008101718423
9.997142857142856 0.32093008101718423
9.997142857142856 0.32093008101718423
9.997142857142856 0.32093008101718423
9.998571428571429 0.3187030482204765
10.0 0.32094281709596423
10.0 0.32094281709596423
10.0 0.32094281709596423
10.001428571428571 0.3231607390665905
10.002857142857144 0.32535726091596273
10.002857142857144 0.32535726091596273
10.002857142857144 0.32535726091596273
10.002857142857144 0.32535726091596273
10.002857142857144 0.32535726091596273
10.002857142857144 0.32535726091596273
10.002857142857144 0.32535726091596273
10.002857142857144 0.32535726091596273
10.002857142857144 0.32535726091596273
10.002857142857144 0.32535726091596273
10.002857142857144 0.32535726091596273
10.002857142857144 0.32535726091596273
10.004285714285714 0.32753281318901856
10.004285714285714 0.32753281318901856
10.005714285714285 0.3296878110097313
10.005714285714285 0.3296878110097313
10.005714285714285 0.3296878110097313
10.005714285714285 0.3296878110097313
10.007142857142858 0.32748289106505113
10.007142857142858 0.32748289106505113
10.007142857142858 0.32748289106505113
10.007142857142858 0.32748289106505113
10.007142857142858 0.32748289106505113
10.007142857142858 0.32748289106505113
10.007142857142858 0.32748289106505113
10.008571428571429 0.3252567411758921
10.008571428571429 0.3252567411758921
10.008571428571429 0.3252567411758921
10.008571428571429 0.3252567411758921
10.008571428571429 0.3252567411758921
10.008571428571429 0.3252567411758921
10.008571428571429 0.3252567411758921
10.008571428571429 0.3252567411758921
10.01 0.3274079936066643
10.01 0.3274079936066643
10.01142857142857 0.32953900133796155
10.01142857142857 0.32953900133796155
10.01142857142857 0.32953900133796155
10.01142857142857 0.32953900133796155
10.01142857142857 0.32953900133796155
10.01142857142857 0.32953900133796155
10.01142857142857 0.32953900133796155
10.01142857142857 0.32953900133796155
10.01142857142857 0.32953900133796155
10.01142857142857 0.32953900133796155
10.01142857142857 0.32953900133796155
10.01142857142857 0.32953900133796155
10.012857142857143 0.3316501546150761
10.012857142857143 0.3316501546150761
10.012857142857143 0.3316501546150761
10.012857142857143 0.3316501546150761
10.012857142857143 0.3316501546150761
10.012857142857143 0.3316501546150761
10.012857142857143 0.3316501546150761
10.012857142857143 0.3316501546150761
10.012857142857143 0.3316501546150761
10.014285714285714 0.3337418302186416
10.015714285714285 0.33581439210860237
10.018571428571429 0.335668298505687
10.018571428571429 0.335668298505687
10.018571428571429 0.335668298505687
10.018571428571429 0.335668298505687
10.021428571428572 0.3397351729473784
10.021428571428572 0.3397351729473784
10.022857142857143 0.34174149160978134
10.022857142857143 0.34174149160978134
10.022857142857143 0.34174149160978134
10.022857142857143 0.34174149160978134
10.022857142857143 0.34174149160978134
10.022857142857143 0.34174149160978134
10.022857142857143 0.34174149160978134
10.024285714285714 0.3437301542865719
10.024285714285714 0.3437301542865719
10.024285714285714 0.3437301542865719
10.024285714285714 0.3437301542865719
10.024285714285714 0.3437301542865719
10.024285714285714 0.3437301542865719
10.024285714285714 0.3437301542865719
10.024285714285714 0.3437301542865719
10.027142857142858 0.34765572094611
10.027142857142858 0.34765572094611
10.028571428571428 0.3495932061254294
10.028571428571428 0.3495932061254294
10.028571428571428 0.3495932061254294
10.028571428571428 0.3495932061254294
10.028571428571428 0.3495932061254294
10.028571428571428 0.3495932061254294
10.028571428571428 0.3495932061254294
10.028571428571428 0.3495932061254294
10.028571428571428 0.3495932061254294
10.028571428571428 0.3495932061254294
10.03 0.34742049656089113
10.03 0.34742049656089113
10.03 0.34742049656089113
10.03 0.34742049656089113
10.03 0.34742049656089113
10.03 0.34742049656089113
10.03 0.34742049656089113
10.03 0.34742049656089113
10.03 0.34742049656089113
10.03 0.34742049656089113
10.03 0.34742049656089113
10.031428571428572 0.34934758615069367
10.031428571428572 0.34934758615069367
10.031428571428572 0.34934758615069367
10.031428571428572 0.34934758615069367
10.032857142857143 0.3512582853060045
10.032857142857143 0.3512582853060045
10.034285714285714 0.3531528600634849
10.035714285714286 0.35097889444378644
10.035714285714286 0.35097889444378644
10.035714285714286 0.35097889444378644
10.035714285714286 0.35097889444378644
10.037142857142857 0.35286338571193543
10.037142857142857 0.35286338571193543
10.038571428571428 0.35473210474285805
10.038571428571428 0.35473210474285805
10.04 0.3565852995043444
10.04 0.3565852995043444
10.04 0.3565852995043444
10.04 0.3565852995043444
10.041428571428572 0.35842321079697576
10.041428571428572 0.35842321079697576
10.041428571428572 0.35842321079697576
10.041428571428572 0.35842321079697576
10.041428571428572 0.35842321079697576
10.041428571428572 0.35842321079697576
10.041428571428572 0.35842321079697576
10.041428571428572 0.35842321079697576
10.041428571428572 0.35842321079697576
10.041428571428572 0.35842321079697576
10.041428571428572 0.35842321079697576
10.041428571428572 0.35842321079697576
10.041428571428572 0.35842321079697576
10.041428571428572 0.35842321079697576
10.041428571428572 0.35842321079697576
10.042857142857143 0.35625272272992414
10.042857142857143 0.35625272272992414
10.042857142857143 0.35625272272992414
10.042857142857143 0.35625272272992414
10.042857142857143 0.35625272272992414
10.044285714285714 0.3580809262221233
10.044285714285714 0.3580809262221233
10.044285714285714 0.3580809262221233
10.044285714285714 0.3580809262221233
10.044285714285714 0.3580809262221233
10.044285714285714 0.3580809262221233
10.044285714285714 0.3580809262221233
10.047142857142857 0.357715461676714
10.047142857142857 0.357715461676714
10.047142857142857 0.357715461676714
10.047142857142857 0.357715461676714
10.047142857142857 0.357715461676714
10.048571428571428 0.35951917386767734
10.048571428571428 0.35951917386767734
10.051428571428572 0.36308283307619826
10.051428571428572 0.36308283307619826
10.051428571428572 0.36308283307619826
10.052857142857142 0.3648432075767004
10.052857142857142 0.3648432075767004
10.052857142857142 0.3648432075767004
10.052857142857142 0.3648432075767004
10.052857142857142 0.3648432075767004
10.054285714285715 0.3665895539744401
10.057142857142857 0.36615444593106444
10.057142857142857 0.36615444593106444
10.057142857142857 0.36615444593106444
10.057142857142857 0.36615444593106444
10.057142857142857 0.36615444593106444
10.057142857142857 0.36615444593106444
10.057142857142857 0.36615444593106444
10.058571428571428 0.3639682960075944
10.058571428571428 0.3639682960075944
10.058571428571428 0.3639682960075944
10.058571428571428 0.3639682960075944
10.06 0.3656964664573628
10.06 0.3656964664573628
10.061428571428571 0.3674109459287059
10.061428571428571 0.3674109459287059
10.061428571428571 0.3674109459287059
10.061428571428571 0.3674109459287059
10.061428571428571 0.3674109459287059
10.062857142857142 0.36911192520042013
10.062857142857142 0.36911192520042013
10.064285714285715 0.3669211164012601
10.064285714285715 0.3669211164012601
10.065714285714286 0.36861326733350586
10.065714285714286 0.36861326733350586
10.065714285714286 0.36861326733350586
10.065714285714286 0.36861326733350586
10.065714285714286 0.36861326733350586
10.065714285714286 0.36861326733350586
10.065714285714286 0.36861326733350586
10.065714285714286 0.36861326733350586
10.067142857142857 0.3702921665057382
10.06857142857143 0.37195799336060986
10.06857142857143 0.37195799336060986
10.06857142857143 0.37195799336060986
10.06857142857143 0.37195799336060986
10.07 0.37361092275560076
10.07 0.37361092275560076
10.07 0.37361092275560076
10.07 0.37361092275560076
10.07 0.37361092275560076
10.07 0.37361092275560076
10.07 0.37361092275560076
10.07 0.37361092275560076
10.07 0.37361092275560076
10.07 0.37361092275560076
10.07 0.37361092275560076
10.071428571428571 0.37525112512533115
10.071428571428571 0.37525112512533115
10.071428571428571 0.37525112512533115
10.071428571428571 0.37525112512533115
10.071428571428571 0.37525112512533115
10.071428571428571 0.37525112512533115
10.071428571428571 0.37525112512533115
10.071428571428571 0.37525112512533115
10.071428571428571 0.37525112512533115
10.071428571428571 0.37525112512533115
10.071428571428571 0.37525112512533115
10.071428571428571 0.37525112512533115
10.072857142857142 0.37306349916928033
10.072857142857142 0.37306349916928033
10.072857142857142 0.37306349916928033
10.072857142857142 0.37306349916928033
10.072857142857142 0.37306349916928033
10.072857142857142 0.37306349916928033
10.072857142857142 0.37306349916928033
10.072857142857142 0.37306349916928033
10.072857142857142 0.37306349916928033
10.074285714285715 0.3708574583922027
10.074285714285715 0.3708574583922027
10.074285714285715 0.3708574583922027
10.074285714285715 0.3708574583922027
10.074285714285715 0.3708574583922027
10.074285714285715 0.3708574583922027
10.074285714285715 0.3708574583922027
10.074285714285715 0.3708574583922027
10.074285714285715 0.3708574583922027
10.074285714285715 0.3708574583922027
10.074285714285715 0.3708574583922027
10.074285714285715 0.3708574583922027
10.075714285714286 0.3724933252220363
10.075714285714286 0.3724933252220363
10.077142857142857 0.37411657642092205
10.07857142857143 0.3719002962756527
10.07857142857143 0.3719002962756527
10.07857142857143 0.3719002962756527
10.07857142857143 0.3719002962756527
10.08 0.3735151815442883
10.08 0.3735151815442883
10.08 0.3735151815442883
10.08 0.3735151815442883
10.08 0.3735151815442883
10.08 0.3735151815442883
10.08 0.3735151815442883
10.08 0.3735151815442883
10.08 0.3735151815442883
10.08 0.3735151815442883
10.08 0.3735151815442883
10.08 0.3735151815442883
10.08 0.3735151815442883
10.08 0.3735151815442883
10.08 0.3735151815442883
10.08 0.3735151815442883
10.081428571428571 0.37511766666782526
10.082857142857144 0.37670790989394015
10.082857142857144 0.37670790989394015
10.082857142857144 0.37670790989394015
10.082857142857144 0.37670790989394015
10.082857142857144 0.37670790989394015
10.082857142857144 0.37670790989394015
10.082857142857144 0.37670790989394015
10.084285714285715 0.37828606561055
10.084285714285715 0.37828606561055
10.084285714285715 0.37828606561055
10.084285714285715 0.37828606561055
10.084285714285715 0.37828606561055
10.084285714285715 0.37828606561055
10.084285714285715 0.37828606561055
10.084285714285715 0.37828606561055
10.084285714285715 0.37828606561055
10.084285714285715 0.37828606561055
10.084285714285715 0.37828606561055
10.084285714285715 0.37828606561055
10.084285714285715 0.37828606561055
10.084285714285715 0.37828606561055
10.084285714285715 0.37828606561055
10.084285714285715 0.37828606561055
10.084285714285715 0.37828606561055
10.084285714285715 0.37828606561055
10.084285714285715 0.37828606561055
10.084285714285715 0.37828606561055
10.084285714285715 0.37828606561055
10.084285714285715 0.37828606561055
10.084285714285715 0.37828606561055
10.084285714285715 0.37828606561055
10.084285714285715 0.37828606561055
10.084285714285715 0.37828606561055
10.084285714285715 0.37828606561055
10.085714285714285 0.37985228447603775
10.087142857142856 0.3776371946819797
10.087142857142856 0.3776371946819797
10.087142857142856 0.3776371946819797
10.088571428571429 0.3791953143830125
10.088571428571429 0.3791953143830125
10.088571428571429 0.3791953143830125
10.088571428571429 0.3791953143830125
10.088571428571429 0.3791953143830125
10.09 0.3807416901534248
10.09142857142857 0.3822764645120627
10.09142857142857 0.3822764645120627
10.09142857142857 0.3822764645120627
10.092857142857143 0.38379977663738285
10.092857142857143 0.38379977663738285
10.094285714285714 0.3853117624756118
10.094285714285714 0.3853117624756118
10.094285714285714 0.3853117624756118
10.094285714285714 0.3853117624756118
10.094285714285714 0.3853117624756118
10.094285714285714 0.3853117624756118
10.094285714285714 0.3853117624756118
10.094285714285714 0.3853117624756118
10.095714285714285 0.3868125548444984
10.095714285714285 0.3868125548444984
10.095714285714285 0.3868125548444984
10.095714285714285 0.3868125548444984
10.095714285714285 0.3868125548444984
10.095714285714285 0.3868125548444984
10.098571428571429 0.3897810753950898
10.098571428571429 0.3897810753950898
10.098571428571429 0.3897810753950898
10.098571428571429 0.3897810753950898
10.098571428571429 0.3897810753950898
10.098571428571429 0.3897810753950898
10.1 0.3912490544445081
10.1 0.3912490544445081
10.1 0.3912490544445081
10.1 0.3912490544445081
10.1 0.3912490544445081
10.101428571428572 0.39270634193935194
10.101428571428572 0.39270634193935194
10.101428571428572 0.39270634193935194
10.101428571428572 0.39270634193935194
10.102857142857143 0.394153056468112
10.102857142857143 0.394153056468112
10.102857142857143 0.394153056468112
10.102857142857143 0.394153056468112
10.104285714285714 0.3955893140303815
10.104285714285714 0.3955893140303815
10.104285714285714 0.3955893140303815
10.104285714285714 0.3955893140303815
10.104285714285714 0.3955893140303815
10.105714285714285 0.39701522811473916
10.105714285714285 0.39701522811473916
10.105714285714285 0.39701522811473916
10.105714285714285 0.39701522811473916
10.105714285714285 0.39701522811473916
10.105714285714285 0.39701522811473916
10.107142857142858 0.3984309097736624
10.107142857142858 0.3984309097736624
10.107142857142858 0.3984309097736624
10.108571428571429 0.39983646769553344
10.108571428571429 0.39983646769553344
10.108571428571429 0.39983646769553344
10.108571428571429 0.39983646769553344
10.11 0.401232008273917
10.111428571428572 0.40261763567421716
10.111428571428572 0.40261763567421716
10.111428571428572 0.40261763567421716
10.111428571428572 0.40261763567421716
10.111428571428572 0.40261763567421716
10.111428571428572 0.40261763567421716
10.111428571428572 0.40261763567421716
10.111428571428572 0.40261763567421716
10.111428571428572 0.40261763567421716
10.111428571428572 0.40261763567421716
10.111428571428572 0.40261763567421716
10.111428571428572 0.40261763567421716
10.111428571428572 0.40261763567421716
10.111428571428572 0.40261763567421716
10.111428571428572 0.40261763567421716
10.111428571428572 0.40261763567421716
10.111428571428572 0.40261763567421716
10.111428571428572 0.40261763567421716
10.111428571428572 0.40261763567421716
10.111428571428572 0.40261763567421716
10.111428571428572 0.40261763567421716
10.111428571428572 0.40261763567421716
10.111428571428572 0.40261763567421716
10.111428571428572 0.40261763567421716
10.111428571428572 0.40261763567421716
10.111428571428572 0.40261763567421716
10.111428571428572 0.40261763567421716
10.111428571428572 0.40261763567421716
10.111428571428572 0.40261763567421716
10.111428571428572 0.40261763567421716
10.112857142857143 0.40399345189789004
10.112857142857143 0.40399345189789004
10.112857142857143 0.40399345189789004
10.112857142857143 0.40399345189789004
10.114285714285714 0.40535955684423014
10.115714285714287 0.4067160483699107
10.115714285714287 0.4067160483699107
10.115714285714287 0.4067160483699107
10.115714285714287 0.4067160483699107
10.115714285714287 0.4067160483699107
10.115714285714287 0.4067160483699107
10.115714285714287 0.4067160483699107
10.115714285714287 0.4067160483699107
10.115714285714287 0.4067160483699107
10.117142857142857 0.40806302234632524
10.117142857142857 0.40806302234632524
10.117142857142857 0.40806302234632524
10.117142857142857 0.40806302234632524
10.117142857142857 0.40806302234632524
10.117142857142857 0.40806302234632524
10.117142857142857 0.40806302234632524
10.117142857142857 0.40806302234632524
10.118571428571428 0.40940057271491387
10.118571428571428 0.40940057271491387
10.118571428571428 0.40940057271491387
10.118571428571428 0.40940057271491387
10.12 0.41072879154045705
10.121428571428572 0.40856105254947367
10.122857142857143 0.409882019583099
10.122857142857143 0.409882019583099
10.122857142857143 0.409882019583099
10.122857142857143 0.409882019583099
10.122857142857143 0.409882019583099
10.125714285714286 0.4124964002221079
10.127142857142857 0.4103180763366958
10.127142857142857 0.4103180763366958
10.127142857142857 0.4103180763366958
10.127142857142857 0.4103180763366958
10.127142857142857 0.4103180763366958
10.127142857142857 0.4103180763366958
10.128571428571428 0.4116135447215511
10.128571428571428 0.4116135447215511
10.128571428571428 0.4116135447215511
10.128571428571428 0.4116135447215511
10.128571428571428 0.4116135447215511
10.13 0.4128999989778882
10.13 0.4128999989778882
10.13 0.4128999989778882
10.13 0.4128999989778882
10.13 0.4128999989778882
10.13 0.4128999989778882
10.13 0.4128999989778882
10.13 0.4128999989778882
10.13 0.4128999989778882
10.131428571428572 0.4141775231005845
10.131428571428572 0.4141775231005845
10.131428571428572 0.4141775231005845
10.132857142857143 0.415446199471885
10.132857142857143 0.415446199471885
10.132857142857143 0.415446199471885
10.132857142857143 0.415446199471885
10.132857142857143 0.415446199471885
10.134285714285713 0.4167061089036612
10.134285714285713 0.4167061089036612
10.134285714285713 0.4167061089036612
10.134285714285713 0.4167061089036612
10.134285714285713 0.4167061089036612
10.134285714285713 0.4167061089036612
10.134285714285713 0.4167061089036612
10.134285714285713 0.4167061089036612
10.134285714285713 0.4167061089036612
10.134285714285713 0.4167061089036612
10.134285714285713 0.4167061089036612
10.135714285714286 0.4179573306782998
10.135714285714286 0.4179573306782998
10.135714285714286 0.4179573306782998
10.135714285714286 0.4179573306782998
10.135714285714286 0.4179573306782998
10.135714285714286 0.4179573306782998
10.135714285714286 0.4179573306782998
10.135714285714286 0.4179573306782998
10.137142857142857 0.41919994258817667
10.137142857142857 0.41919994258817667
10.137142857142857 0.41919994258817667
10.137142857142857 0.41919994258817667
10.137142857142857 0.41919994258817667
10.137142857142857 0.41919994258817667
10.137142857142857 0.41919994258817667
10.138571428571428 0.4204340209738423
10.138571428571428 0.4204340209738423
10.138571428571428 0.4204340209738423
10.138571428571428 0.4204340209738423
10.138571428571428 0.4204340209738423
10.138571428571428 0.4204340209738423
10.14 0.41825306014133856
10.14 0.41825306014133856
10.14 0.41825306014133856
10.14 0.41825306014133856
10.141428571428571 0.41948018010402
10.141428571428571 0.41948018010402
10.142857142857142 0.4172844388204126
10.142857142857142 0.4172844388204126
10.142857142857142 0.4172844388204126
10.144285714285715 0.4185046321372964
10.144285714285715 0.4185046321372964
10.144285714285715 0.4185046321372964
10.144285714285715 0.4185046321372964
10.144285714285715 0.4185046321372964
10.144285714285715 0.4185046321372964
10.144285714285715 0.4185046321372964
10.147142857142857 0.41750722491120257
10.147142857142857 0.41750722491120257
10.147142857142857 0.41750722491120257
10.147142857142857 0.41750722491120257
10.147142857142857 0.41750722491120257
10.147142857142857 0.41750722491120257
10.147142857142857 0.41750722491120257
10.147142857142857 0.41750722491120257
10.147142857142857 0.41750722491120257
10.147142857142857 0.41750722491120257
10.148571428571428 0.4187121262586816
10.148571428571428 0.4187121262586816
10.148571428571428 0.4187121262586816
10.148571428571428 0.4187121262586816
10.148571428571428 0.4187121262586816
10.148571428571428 0.4187121262586816
10.148571428571428 0.4187121262586816
10.148571428571428 0.4187121262586816
10.148571428571428 0.4187121262586816
10.148571428571428 0.4187121262586816
10.148571428571428 0.4187121262586816
10.15 0.41990870320485013
10.15 0.41990870320485013
10.15 0.41990870320485013
10.15 0.41990870320485013
10.151428571428571 0.4210970267128406
10.152857142857142 0.42227716646026686
10.152857142857142 0.42227716646026686
10.154285714285715 0.42344919087079275
10.154285714285715 0.42344919087079275
10.154285714285715 0.42344919087079275
10.154285714285715 0.42344919087079275
10.154285714285715 0.42344919087079275
10.154285714285715 0.42344919087079275
10.154285714285715 0.42344919087079275
10.154285714285715 0.42344919087079275
10.154285714285715 0.42344919087079275
10.154285714285715 0.42344919087079275
10.154285714285715 0.42344919087079275
10.154285714285715 0.42344919087079275
10.154285714285715 0.42344919087079275
10.154285714285715 0.42344919087079275
10.154285714285715 0.42344919087079275
10.155714285714286 0.4246131671446956
10.155714285714286 0.4246131671446956
10.155714285714286 0.4246131671446956
10.155714285714286 0.4246131671446956
10.155714285714286 0.4246131671446956
10.157142857142857 0.42576916128845077
10.157142857142857 0.42576916128845077
10.15857142857143 0.4269172381434045
10.15857142857143 0.4269172381434045
10.15857142857143 0.4269172381434045
10.15857142857143 0.4269172381434045
10.16 0.4280574614135532
10.16 0.4280574614135532
10.161428571428571 0.4258435563897833
10.161428571428571 0.4258435563897833
10.161428571428571 0.4258435563897833
10.161428571428571 0.4258435563897833
10.161428571428571 0.4258435563897833
10.161428571428571 0.4258435563897833
10.161428571428571 0.4258435563897833
10.161428571428571 0.4258435563897833
10.161428571428571 0.4258435563897833
10.161428571428571 0.4258435563897833
10.161428571428571 0.4258435563897833
10.161428571428571 0.4258435563897833
10.161428571428571 0.4258435563897833
10.161428571428571 0.4258435563897833
10.161428571428571 0.4258435563897833
10.161428571428571 0.4258435563897833
10.161428571428571 0.4258435563897833
10.161428571428571 0.4258435563897833
10.161428571428571 0.4258435563897833
10.161428571428571 0.4258435563897833
10.161428571428571 0.4258435563897833
10.161428571428571 0.4258435563897833
10.162857142857144 0.4269770738842148
10.162857142857144 0.4269770738842148
10.162857142857144 0.4269770738842148
10.164285714285715 0.42810281621925067
10.164285714285715 0.42810281621925067
10.164285714285715 0.42810281621925067
10.164285714285715 0.42810281621925067
10.164285714285715 0.42810281621925067
10.164285714285715 0.42810281621925067
10.164285714285715 0.42810281621925067
10.164285714285715 0.42810281621925067
10.165714285714285 0.42587475046783685
10.167142857142856 0.4269938263890625
10.167142857142856 0.4269938263890625
10.167142857142856 0.4269938263890625
10.167142857142856 0.4269938263890625
10.167142857142856 0.4269938263890625
10.167142857142856 0.4269938263890625
10.167142857142856 0.4269938263890625
10.167142857142856 0.4269938263890625
10.167142857142856 0.4269938263890625
10.167142857142856 0.4269938263890625
10.167142857142856 0.4269938263890625
10.168571428571429 0.4281052031811862
10.168571428571429 0.4281052031811862
10.168571428571429 0.4281052031811862
10.168571428571429 0.4281052031811862
10.168571428571429 0.4281052031811862
10.168571428571429 0.4281052031811862
10.168571428571429 0.4281052031811862
10.168571428571429 0.4281052031811862
10.168571428571429 0.4281052031811862
10.168571428571429 0.4281052031811862
10.168571428571429 0.4281052031811862
10.168571428571429 0.4281052031811862
10.168571428571429 0.4281052031811862
10.17 0.42920894065167575
10.17 0.42920894065167575
10.17 0.42920894065167575
10.17142857142857 0.4303050975853863
10.17142857142857 0.4303050975853863
10.17142857142857 0.4303050975853863
10.17142857142857 0.4303050975853863
10.17142857142857 0.4303050975853863
10.17142857142857 0.4303050975853863
10.17142857142857 0.4303050975853863
10.17142857142857 0.4303050975853863
10.17142857142857 0.4303050975853863
10.17142857142857 0.4303050975853863
10.17142857142857 0.4303050975853863
10.17142857142857 0.4303050975853863
10.172857142857143 0.4280646230181412
10.172857142857143 0.4280646230181412
10.172857142857143 0.4280646230181412
10.172857142857143 0.4280646230181412
10.172857142857143 0.4280646230181412
10.172857142857143 0.4280646230181412
10.172857142857143 0.4280646230181412
10.172857142857143 0.4280646230181412
10.172857142857143 0.4280646230181412
10.174285714285714 0.4291541783654229
10.174285714285714 0.4291541783654229
10.174285714285714 0.4291541783654229
10.174285714285714 0.4291541783654229
10.174285714285714 0.4291541783654229
10.175714285714285 0.43023622425993113
10.177142857142858 0.43131081721941594
10.177142857142858 0.43131081721941594
10.177142857142858 0.43131081721941594
10.177142857142858 0.43131081721941594
10.177142857142858 0.43131081721941594
10.178571428571429 0.43237801281242866
10.18142857142857 0.43449042955421696
10.18142857142857 0.43449042955421696
10.182857142857143 0.43553575728251515
10.182857142857143 0.43553575728251515
10.182857142857143 0.43553575728251515
10.182857142857143 0.43553575728251515
10.182857142857143 0.43553575728251515
10.184285714285714 0.4365739008429175
10.184285714285714 0.4365739008429175
10.185714285714285 0.4343234141993783
10.185714285714285 0.4343234141993783
10.185714285714285 0.4343234141993783
10.185714285714285 0.4343234141993783
10.185714285714285 0.4343234141993783
10.185714285714285 0.4343234141993783
10.185714285714285 0.4343234141993783
10.185714285714285 0.4343234141993783
10.185714285714285 0.4343234141993783
10.185714285714285 0.4343234141993783
10.185714285714285 0.4343234141993783
10.185714285714285 0.4343234141993783
10.185714285714285 0.4343234141993783
10.185714285714285 0.4343234141993783
10.185714285714285 0.4343234141993783
10.185714285714285 0.4343234141993783
10.185714285714285 0.4343234141993783
10.185714285714285 0.4343234141993783
10.185714285714285 0.4343234141993783
10.185714285714285 0.4343234141993783
10.185714285714285 0.4343234141993783
10.187142857142858 0.43535505992643947
10.188571428571429 0.43637958340578575
10.188571428571429 0.43637958340578575
10.188571428571429 0.43637958340578575
10.188571428571429 0.43637958340578575
10.188571428571429 0.43637958340578575
10.188571428571429 0.43637958340578575
10.188571428571429 0.43637958340578575
10.19 0.4373970346851475
10.19 0.4373970346851475
10.19 0.4373970346851475
10.19 0.4373970346851475
10.19 0.4373970346851475
10.19 0.4373970346851475
10.19 0.4373970346851475
10.19 0.4373970346851475
10.19 0.4373970346851475
10.19 0.4373970346851475
10.19 0.4373970346851475
10.192857142857143 0.43941091680972905
10.192857142857143 0.43941091680972905
10.192857142857143 0.43941091680972905
10.192857142857143 0.43941091680972905
10.192857142857143 0.43941091680972905
10.194285714285714 0.44040744377658536
10.194285714285714 0.44040744377658536
10.194285714285714 0.44040744377658536
10.194285714285714 0.44040744377658536
10.194285714285714 0.44040744377658536
10.195714285714285 0.438143996255954
10.195714285714285 0.438143996255954
10.195714285714285 0.438143996255954
10.195714285714285 0.438143996255954
10.195714285714285 0.438143996255954
10.195714285714285 0.438143996255954
10.195714285714285 0.438143996255954
10.195714285714285 0.438143996255954
10.197142857142858 0.4391340902658289
10.197142857142858 0.4391340902658289
10.198571428571428 0.44011731338378535
10.198571428571428 0.44011731338378535
10.198571428571428 0.44011731338378535
10.198571428571428 0.44011731338378535
10.198571428571428 0.44011731338378535
10.198571428571428 0.44011731338378535
10.198571428571428 0.44011731338378535
10.198571428571428 0.44011731338378535
10.198571428571428 0.44011731338378535
10.198571428571428 0.44011731338378535
10.198571428571428 0.44011731338378535
10.201428571428572 0.44206333000779685
10.201428571428572 0.44206333000779685
10.202857142857143 0.44302621325204955
10.202857142857143 0.44302621325204955
10.202857142857143 0.44302621325204955
10.202857142857143 0.44302621325204955
10.202857142857143 0.44302621325204955
10.202857142857143 0.44302621325204955
10.204285714285714 0.4439824051101711
10.204285714285714 0.4439824051101711
10.204285714285714 0.4439824051101711
10.204285714285714 0.4439824051101711
10.204285714285714 0.4439824051101711
10.204285714285714 0.4439824051101711
10.204285714285714 0.4439824051101711
10.204285714285714 0.4439824051101711
10.204285714285714 0.4439824051101711
10.204285714285714 0.4439824051101711
10.204285714285714 0.4439824051101711
10.204285714285714 0.4439824051101711
10.204285714285714 0.4439824051101711
10.205714285714286 0.44493194872303865
10.205714285714286 0.44493194872303865
10.205714285714286 0.44493194872303865
10.207142857142857 0.4458748865653384
10.207142857142857 0.4458748865653384
10.207142857142857 0.4458748865653384
10.207142857142857 0.4458748865653384
10.207142857142857 0.4458748865653384
10.207142857142857 0.4458748865653384
10.207142857142857 0.4458748865653384
10.207142857142857 0.4458748865653384
10.207142857142857 0.4458748865653384
10.207142857142857 0.4458748865653384
10.208571428571428 0.44359787211378426
10.21 0.4445344448692934
10.21 0.4445344448692934
10.21 0.4445344448692934
10.21 0.4445344448692934
10.21 0.4445344448692934
10.21 0.4445344448692934
10.21 0.4445344448692934
10.21 0.4445344448692934
10.21 0.4445344448692934
10.21 0.4445344448692934
10.21 0.4445344448692934
10.211428571428572 0.44546446068651174
10.212857142857143 0.44638796054810465
10.212857142857143 0.44638796054810465
10.212857142857143 0.44638796054810465
10.212857142857143 0.44638796054810465
10.212857142857143 0.44638796054810465
10.212857142857143 0.44638796054810465
10.212857142857143 0.44638796054810465
10.212857142857143 0.44638796054810465
10.212857142857143 0.44638796054810465
10.214285714285714 0.4473049848123458
10.214285714285714 0.4473049848123458
10.214285714285714 0.4473049848123458
10.214285714285714 0.4473049848123458
10.214285714285714 0.4473049848123458
10.214285714285714 0.4473049848123458
10.214285714285714 0.4473049848123458
10.215714285714286 0.4482155732253725
10.215714285714286 0.4482155732253725
10.215714285714286 0.4482155732253725
10.215714285714286 0.4482155732253725
10.215714285714286 0.4482155732253725
10.215714285714286 0.4482155732253725
10.215714285714286 0.4482155732253725
10.215714285714286 0.4482155732253725
10.215714285714286 0.4482155732253725
10.215714285714286 0.4482155732253725
10.215714285714286 0.4482155732253725
10.215714285714286 0.4482155732253725
10.217142857142857 0.4491197649331725
10.217142857142857 0.4491197649331725
10.217142857142857 0.4491197649331725
10.217142857142857 0.4491197649331725
10.218571428571428 0.4500175984932214
10.218571428571428 0.4500175984932214
10.22 0.45090911188585175
10.22 0.45090911188585175
10.22 0.45090911188585175
10.221428571428572 0.45179434252530126
10.222857142857142 0.45267332727050996
10.222857142857142 0.45267332727050996
10.222857142857142 0.45267332727050996
10.222857142857142 0.45267332727050996
10.222857142857142 0.45267332727050996
10.222857142857142 0.45267332727050996
10.222857142857142 0.45267332727050996
10.222857142857142 0.45267332727050996
10.222857142857142 0.45267332727050996
10.222857142857142 0.45267332727050996
10.222857142857142 0.45267332727050996
10.222857142857142 0.45267332727050996
10.222857142857142 0.45267332727050996
10.222857142857142 0.45267332727050996
10.224285714285715 0.453546102435618
10.224285714285715 0.453546102435618
10.224285714285715 0.453546102435618
10.224285714285715 0.453546102435618
10.224285714285715 0.453546102435618
10.224285714285715 0.453546102435618
10.224285714285715 0.453546102435618
10.224285714285715 0.453546102435618
10.224285714285715 0.453546102435618
10.224285714285715 0.453546102435618
10.224285714285715 0.453546102435618
10.224285714285715 0.453546102435618
10.224285714285715 0.453546102435618
10.224285714285715 0.453546102435618
10.224285714285715 0.453546102435618
10.224285714285715 0.453546102435618
10.224285714285715 0.453546102435618
10.224285714285715 0.453546102435618
10.224285714285715 0.453546102435618
10.224285714285715 0.453546102435618
10.224285714285715 0.453546102435618
10.224285714285715 0.453546102435618
10.224285714285715 0.453546102435618
10.224285714285715 0.453546102435618
10.224285714285715 0.453546102435618
10.224285714285715 0.453546102435618
10.224285714285715 0.453546102435618
10.224285714285715 0.453546102435618
10.224285714285715 0.453546102435618
10.224285714285715 0.453546102435618
10.224285714285715 0.453546102435618
10.224285714285715 0.453546102435618
10.224285714285715 0.453546102435618
10.224285714285715 0.453546102435618
10.224285714285715 0.453546102435618
10.224285714285715 0.453546102435618
10.224285714285715 0.453546102435618
10.224285714285715 0.453546102435618
10.224285714285715 0.453546102435618
10.224285714285715 0.453546102435618
10.225714285714286 0.4512534487912347
10.225714285714286 0.4512534487912347
10.227142857142857 0.4521199242618828
10.227142857142857 0.4521199242618828
10.227142857142857 0.4521199242618828
10.227142857142857 0.4521199242618828
10.227142857142857 0.4521199242618828
10.227142857142857 0.4521199242618828
10.227142857142857 0.4521199242618828
10.227142857142857 0.4521199242618828
10.227142857142857 0.4521199242618828
10.227142857142857 0.4521199242618828
10.227142857142857 0.4521199242618828
10.227142857142857 0.4521199242618828
10.227142857142857 0.4521199242618828
10.227142857142857 0.4521199242618828
10.228571428571428 0.45298023059650383
10.228571428571428 0.45298023059650383
10.228571428571428 0.45298023059650383
10.23 0.4506710939332672
10.231428571428571 0.4515251082275508
10.231428571428571 0.4515251082275508
10.231428571428571 0.4515251082275508
10.231428571428571 0.4515251082275508
10.231428571428571 0.4515251082275508
10.232857142857142 0.4491993922656766
10.234285714285715 0.45004711700104183
10.234285714285715 0.45004711700104183
10.235714285714286 0.4508887152703447
10.235714285714286 0.4508887152703447
10.235714285714286 0.4508887152703447
10.235714285714286 0.4508887152703447
10.235714285714286 0.4508887152703447
10.235714285714286 0.4508887152703447
10.235714285714286 0.4508887152703447
10.235714285714286 0.4508887152703447
10.235714285714286 0.4508887152703447
10.235714285714286 0.4508887152703447
10.235714285714286 0.4508887152703447
10.235714285714286 0.4508887152703447
10.235714285714286 0.4508887152703447
10.235714285714286 0.4508887152703447
10.235714285714286 0.4508887152703447
10.235714285714286 0.4508887152703447
10.235714285714286 0.4508887152703447
10.235714285714286 0.4508887152703447
10.235714285714286 0.4508887152703447
10.235714285714286 0.4508887152703447
10.235714285714286 0.4508887152703447
10.237142857142857 0.45172422131588486
10.237142857142857 0.45172422131588486
10.23857142857143 0.4525536688801029
10.23857142857143 0.4525536688801029
10.23857142857143 0.4525536688801029
10.23857142857143 0.4525536688801029
10.23857142857143 0.4525536688801029
10.23857142857143 0.4525536688801029
10.23857142857143 0.4525536688801029
10.23857142857143 0.4525536688801029
10.23857142857143 0.4525536688801029
10.23857142857143 0.4525536688801029
10.23857142857143 0.4525536688801029
10.23857142857143 0.4525536688801029
10.23857142857143 0.4525536688801029
10.23857142857143 0.4525536688801029
10.24 0.4502105690777349
10.24 0.4502105690777349
10.24 0.4502105690777349
10.24 0.4502105690777349
10.24 0.4502105690777349
10.24 0.4502105690777349
10.242857142857142 0.45185088396129264
10.242857142857142 0.45185088396129264
10.244285714285715 0.44949048067046676
10.244285714285715 0.44949048067046676
10.244285714285715 0.44949048067046676
10.244285714285715 0.44949048067046676
10.244285714285715 0.44949048067046676
10.245714285714286 0.4503013501503976
10.245714285714286 0.4503013501503976
10.245714285714286 0.4503013501503976
10.245714285714286 0.4503013501503976
10.245714285714286 0.4503013501503976
10.245714285714286 0.4503013501503976
10.245714285714286 0.4503013501503976
10.245714285714286 0.4503013501503976
10.245714285714286 0.4503013501503976
10.245714285714286 0.4503013501503976
10.245714285714286 0.4503013501503976
10.245714285714286 0.4503013501503976
10.245714285714286 0.4503013501503976
10.245714285714286 0.4503013501503976
10.245714285714286 0.4503013501503976
10.245714285714286 0.4503013501503976
10.245714285714286 0.4503013501503976
10.245714285714286 0.4503013501503976
10.245714285714286 0.4503013501503976
10.245714285714286 0.4503013501503976
10.245714285714286 0.4503013501503976
10.245714285714286 0.4503013501503976
10.245714285714286 0.4503013501503976
10.245714285714286 0.4503013501503976
10.247142857142856 0.45110623162319363
10.247142857142856 0.45110623162319363
10.247142857142856 0.45110623162319363
10.247142857142856 0.45110623162319363
10.247142857142856 0.45110623162319363
10.247142857142856 0.45110623162319363
10.247142857142856 0.45110623162319363
10.247142857142856 0.45110623162319363
10.247142857142856 0.45110623162319363
10.247142857142856 0.45110623162319363
10.247142857142856 0.45110623162319363
10.247142857142856 0.45110623162319363
10.247142857142856 0.45110623162319363
10.247142857142856 0.45110623162319363
10.247142857142856 0.45110623162319363
10.247142857142856 0.45110623162319363
10.248571428571429 0.4519051570843021
10.248571428571429 0.4519051570843021
10.248571428571429 0.4519051570843021
10.248571428571429 0.4519051570843021
10.248571428571429 0.4519051570843021
10.248571428571429 0.4519051570843021
10.248571428571429 0.4519051570843021
10.248571428571429 0.4519051570843021
10.248571428571429 0.4519051570843021
10.248571428571429 0.4519051570843021
10.248571428571429 0.4519051570843021
10.248571428571429 0.4519051570843021
10.248571428571429 0.4519051570843021
10.248571428571429 0.4519051570843021
10.248571428571429 0.4519051570843021
10.248571428571429 0.4519051570843021
10.25 0.4526981580673778
10.25 0.4526981580673778
10.25 0.4526981580673778
10.25 0.4526981580673778
10.25 0.4526981580673778
10.25 0.4526981580673778
10.25 0.4526981580673778
10.25 0.4526981580673778
10.25 0.4526981580673778
10.25 0.4526981580673778
10.251428571428571 0.4534852656524871
10.252857142857144 0.45426651047410527
10.252857142857144 0.45426651047410527
10.254285714285714 0.45504192272892036
10.254285714285714 0.45504192272892036
10.254285714285714 0.45504192272892036
10.254285714285714 0.45504192272892036
10.254285714285714 0.45504192272892036
10.255714285714285 0.4558115321834764
10.255714285714285 0.4558115321834764
10.255714285714285 0.4558115321834764
10.255714285714285 0.4558115321834764
10.255714285714285 0.4558115321834764
10.257142857142858 0.45343118165949514
10.257142857142858 0.45343118165949514
10.257142857142858 0.45343118165949514
10.257142857142858 0.45343118165949514
10.257142857142858 0.45343118165949514
10.257142857142858 0.45343118165949514
10.257142857142858 0.45343118165949514
10.257142857142858 0.45343118165949514
10.257142857142858 0.45343118165949514
10.257142857142858 0.45343118165949514
10.257142857142858 0.45343118165949514
10.257142857142858 0.45343118165949514
10.257142857142858 0.45343118165949514
10.257142857142858 0.45343118165949514
10.257142857142858 0.45343118165949514
10.257142857142858 0.45343118165949514
10.257142857142858 0.45343118165949514
10.257142857142858 0.45343118165949514
10.257142857142858 0.45343118165949514
10.257142857142858 0.45343118165949514
10.257142857142858 0.45343118165949514
10.257142857142858 0.45343118165949514
10.257142857142858 0.45343118165949514
10.257142857142858 0.45343118165949514
10.258571428571429 0.45419452108974606
10.258571428571429 0.45419452108974606
10.258571428571429 0.45419452108974606
10.258571428571429 0.45419452108974606
10.258571428571429 0.45419452108974606
10.258571428571429 0.45419452108974606
10.258571428571429 0.45419452108974606
10.258571428571429 0.45419452108974606
10.26 0.45179660431860175
10.26 0.45179660431860175
10.26 0.45179660431860175
10.26142857142857 0.4525536688801007
10.26142857142857 0.4525536688801007
10.262857142857143 0.4533049605816852
10.262857142857143 0.4533049605816852
10.262857142857143 0.4533049605816852
10.262857142857143 0.4533049605816852
10.262857142857143 0.4533049605816852
10.262857142857143 0.4533049605816852
10.262857142857143 0.4533049605816852
10.262857142857143 0.4533049605816852
10.262857142857143 0.4533049605816852
10.264285714285714 0.45405050807942804
10.264285714285714 0.45405050807942804
10.264285714285714 0.45405050807942804
10.264285714285714 0.45405050807942804
10.264285714285714 0.45405050807942804
10.264285714285714 0.45405050807942804
10.264285714285714 0.45405050807942804
10.264285714285714 0.45405050807942804
10.264285714285714 0.45405050807942804
10.264285714285714 0.45405050807942804
10.265714285714285 0.4547903396231189
10.265714285714285 0.4547903396231189
10.267142857142858 0.4555244830631353
10.268571428571429 0.4562529658571724
10.268571428571429 0.4562529658571724
10.268571428571429 0.4562529658571724
10.27 0.4569758150767872
10.271428571428572 0.457693057413835
10.271428571428572 0.457693057413835
10.271428571428572 0.457693057413835
10.271428571428572 0.457693057413835
10.271428571428572 0.457693057413835
10.271428571428572 0.457693057413835
10.271428571428572 0.457693057413835
10.271428571428572 0.457693057413835
10.271428571428572 0.457693057413835
10.271428571428572 0.457693057413835
10.271428571428572 0.457693057413835
10.271428571428572 0.457693057413835
10.271428571428572 0.457693057413835
10.271428571428572 0.457693057413835
10.271428571428572 0.457693057413835
10.271428571428572 0.457693057413835
10.271428571428572 0.457693057413835
10.271428571428572 0.457693057413835
10.271428571428572 0.457693057413835
10.271428571428572 0.457693057413835
10.271428571428572 0.457693057413835
10.271428571428572 0.457693057413835
10.272857142857143 0.45840471918671816
10.272857142857143 0.45840471918671816
10.272857142857143 0.45840471918671816
10.272857142857143 0.45840471918671816
10.272857142857143 0.45840471918671816
10.272857142857143 0.45840471918671816
10.272857142857143 0.45840471918671816
10.272857142857143 0.45840471918671816
10.272857142857143 0.45840471918671816
10.272857142857143 0.45840471918671816
10.272857142857143 0.45840471918671816
10.272857142857143 0.45840471918671816
10.272857142857143 0.45840471918671816
10.272857142857143 0.45840471918671816
10.272857142857143 0.45840471918671816
10.272857142857143 0.45840471918671816
10.272857142857143 0.45840471918671816
10.272857142857143 0.45840471918671816
10.272857142857143 0.45840471918671816
10.272857142857143 0.45840471918671816
10.272857142857143 0.45840471918671816
10.272857142857143 0.45840471918671816
10.272857142857143 0.45840471918671816
10.272857142857143 0.45840471918671816
10.274285714285714 0.4591108263465224
10.274285714285714 0.4591108263465224
10.274285714285714 0.4591108263465224
10.274285714285714 0.4591108263465224
10.274285714285714 0.4591108263465224
10.274285714285714 0.4591108263465224
10.274285714285714 0.4591108263465224
10.274285714285714 0.4591108263465224
10.274285714285714 0.4591108263465224
10.275714285714285 0.45981140448299107
10.275714285714285 0.45981140448299107
10.275714285714285 0.45981140448299107
10.275714285714285 0.45981140448299107
10.275714285714285 0.45981140448299107
10.275714285714285 0.45981140448299107
10.275714285714285 0.45981140448299107
10.275714285714285 0.45981140448299107
10.275714285714285 0.45981140448299107
10.275714285714285 0.45981140448299107
10.275714285714285 0.45981140448299107
10.275714285714285 0.45981140448299107
10.275714285714285 0.45981140448299107
10.275714285714285 0.45981140448299107
10.275714285714285 0.45981140448299107
10.275714285714285 0.45981140448299107
10.275714285714285 0.45981140448299107
10.275714285714285 0.45981140448299107
10.277142857142858 0.45738931635502444
10.277142857142858 0.45738931635502444
10.278571428571428 0.454949841484653
10.278571428571428 0.454949841484653
10.278571428571428 0.454949841484653
10.278571428571428 0.454949841484653
10.28 0.45564336127639415
10.28 0.45564336127639415
10.28 0.45564336127639415
10.28 0.45564336127639415
10.281428571428572 0.4563313484867022
10.281428571428572 0.4563313484867022
10.281428571428572 0.4563313484867022
10.281428571428572 0.4563313484867022
10.282857142857143 0.45701382810176766
10.282857142857143 0.45701382810176766
10.282857142857143 0.45701382810176766
10.284285714285714 0.4576908247593274
10.284285714285714 0.4576908247593274
10.284285714285714 0.4576908247593274
10.284285714285714 0.4576908247593274
10.284285714285714 0.4576908247593274
10.284285714285714 0.4576908247593274
10.284285714285714 0.4576908247593274
10.284285714285714 0.4576908247593274
10.284285714285714 0.4576908247593274
10.285714285714286 0.45836236275420517
10.285714285714286 0.45836236275420517
10.285714285714286 0.45836236275420517
10.285714285714286 0.45836236275420517
10.287142857142857 0.45902846604373293
10.287142857142857 0.45902846604373293
10.287142857142857 0.45902846604373293
10.287142857142857 0.45902846604373293
10.287142857142857 0.45902846604373293
10.287142857142857 0.45902846604373293
10.287142857142857 0.45902846604373293
10.288571428571428 0.4596891582530629
10.288571428571428 0.4596891582530629
10.288571428571428 0.4596891582530629
10.288571428571428 0.4596891582530629
10.288571428571428 0.4596891582530629
10.288571428571428 0.4596891582530629
10.288571428571428 0.4596891582530629
10.288571428571428 0.4596891582530629
10.288571428571428 0.4596891582530629
10.288571428571428 0.4596891582530629
10.288571428571428 0.4596891582530629
10.288571428571428 0.4596891582530629
10.288571428571428 0.4596891582530629
10.288571428571428 0.4596891582530629
10.288571428571428 0.4596891582530629
10.288571428571428 0.4596891582530629
10.288571428571428 0.4596891582530629
10.288571428571428 0.4596891582530629
10.288571428571428 0.4596891582530629
10.288571428571428 0.4596891582530629
10.288571428571428 0.4596891582530629
10.288571428571428 0.4596891582530629
10.288571428571428 0.4596891582530629
10.288571428571428 0.4596891582530629
10.288571428571428 0.4596891582530629
10.288571428571428 0.4596891582530629
10.288571428571428 0.4596891582530629
10.288571428571428 0.4596891582530629
10.288571428571428 0.4596891582530629
10.288571428571428 0.4596891582530629
10.288571428571428 0.4596891582530629
10.288571428571428 0.4596891582530629
10.288571428571428 0.4596891582530629
10.288571428571428 0.4596891582530629
10.288571428571428 0.4596891582530629
10.288571428571428 0.4596891582530629
10.288571428571428 0.4596891582530629
10.288571428571428 0.4596891582530629
10.288571428571428 0.4596891582530629
10.288571428571428 0.4596891582530629
10.288571428571428 0.4596891582530629
10.288571428571428 0.4596891582530629
10.288571428571428 0.4596891582530629
10.288571428571428 0.4596891582530629
10.288571428571428 0.4596891582530629
10.288571428571428 0.4596891582530629
10.288571428571428 0.4596891582530629
10.288571428571428 0.4596891582530629
10.288571428571428 0.4596891582530629
10.288571428571428 0.4596891582530629
10.288571428571428 0.4596891582530629
10.29 0.46034446268035073
10.29 0.46034446268035073
10.29 0.46034446268035073
10.29 0.46034446268035073
10.29 0.46034446268035073
10.29 0.46034446268035073
10.29 0.46034446268035073
10.29 0.46034446268035073
10.29 0.46034446268035073
10.29 0.46034446268035073
10.291428571428572 0.46099440230181626
10.291428571428572 0.46099440230181626
10.291428571428572 0.46099440230181626
10.291428571428572 0.46099440230181626
10.291428571428572 0.46099440230181626
10.291428571428572 0.46099440230181626
10.291428571428572 0.46099440230181626
10.291428571428572 0.46099440230181626
10.292857142857143 0.46163899977672995
10.292857142857143 0.46163899977672995
10.292857142857143 0.46163899977672995
10.292857142857143 0.46163899977672995
10.292857142857143 0.46163899977672995
10.292857142857143 0.46163899977672995
10.294285714285714 0.4622782774522413
10.294285714285714 0.4622782774522413
10.294285714285714 0.4622782774522413
10.294285714285714 0.4622782774522413
10.294285714285714 0.4622782774522413
10.294285714285714 0.4622782774522413
10.294285714285714 0.4622782774522413
10.294285714285714 0.4622782774522413
10.297142857142857 0.4635409612614823
10.297142857142857 0.4635409612614823
10.297142857142857 0.4635409612614823
10.297142857142857 0.4635409612614823
10.297142857142857 0.4635409612614823
10.297142857142857 0.4635409612614823
10.297142857142857 0.4635409612614823
10.298571428571428 0.46416441057116303
10.298571428571428 0.46416441057116303
10.298571428571428 0.46416441057116303
10.298571428571428 0.46416441057116303
10.298571428571428 0.46416441057116303
10.298571428571428 0.46416441057116303
10.298571428571428 0.46416441057116303
10.298571428571428 0.46416441057116303
10.298571428571428 0.46416441057116303
10.298571428571428 0.46416441057116303
10.298571428571428 0.46416441057116303
10.3 0.46478262644233376
10.301428571428572 0.46539562973076254
10.301428571428572 0.46539562973076254
10.301428571428572 0.46539562973076254
10.301428571428572 0.46539562973076254
10.301428571428572 0.46539562973076254
10.301428571428572 0.46539562973076254
10.302857142857142 0.46600344100709423
10.302857142857142 0.46600344100709423
10.302857142857142 0.46600344100709423
10.302857142857142 0.46600344100709423
10.302857142857142 0.46600344100709423
10.302857142857142 0.46600344100709423
10.302857142857142 0.46600344100709423
10.302857142857142 0.46600344100709423
10.302857142857142 0.46600344100709423
10.302857142857142 0.46600344100709423
10.302857142857142 0.46600344100709423
10.302857142857142 0.46600344100709423
10.302857142857142 0.46600344100709423
10.302857142857142 0.46600344100709423
10.302857142857142 0.46600344100709423
10.302857142857142 0.46600344100709423
10.302857142857142 0.46600344100709423
10.302857142857142 0.46600344100709423
10.302857142857142 0.46600344100709423
10.302857142857142 0.46600344100709423
10.302857142857142 0.46600344100709423
10.302857142857142 0.46600344100709423
10.302857142857142 0.46600344100709423
10.302857142857142 0.46600344100709423
10.302857142857142 0.46600344100709423
10.302857142857142 0.46600344100709423
10.302857142857142 0.46600344100709423
10.302857142857142 0.46600344100709423
10.304285714285715 0.4666060805610165
10.304285714285715 0.4666060805610165
10.304285714285715 0.4666060805610165
10.304285714285715 0.4666060805610165
10.304285714285715 0.4666060805610165
10.304285714285715 0.4666060805610165
10.304285714285715 0.4666060805610165
10.304285714285715 0.4666060805610165
10.304285714285715 0.4666060805610165
10.304285714285715 0.4666060805610165
10.305714285714286 0.4672035684053342
10.305714285714286 0.4672035684053342
10.305714285714286 0.4672035684053342
10.305714285714286 0.4672035684053342
10.305714285714286 0.4672035684053342
10.305714285714286 0.4672035684053342
10.305714285714286 0.4672035684053342
10.305714285714286 0.4672035684053342
10.305714285714286 0.4672035684053342
10.305714285714286 0.4672035684053342
10.305714285714286 0.4672035684053342
10.307142857142857 0.4677959242799605
10.307142857142857 0.4677959242799605
10.307142857142857 0.4677959242799605
10.307142857142857 0.4677959242799605
10.307142857142857 0.4677959242799605
10.308571428571428 0.4683831676558295
10.308571428571428 0.4683831676558295
10.308571428571428 0.4683831676558295
10.308571428571428 0.4683831676558295
10.308571428571428 0.4683831676558295
10.308571428571428 0.4683831676558295
10.308571428571428 0.4683831676558295
10.308571428571428 0.4683831676558295
10.308571428571428 0.4683831676558295
10.308571428571428 0.4683831676558295
10.308571428571428 0.4683831676558295
10.308571428571428 0.4683831676558295
10.308571428571428 0.4683831676558295
10.308571428571428 0.4683831676558295
10.308571428571428 0.4683831676558295
10.308571428571428 0.4683831676558295
10.308571428571428 0.4683831676558295
10.308571428571428 0.4683831676558295
10.308571428571428 0.4683831676558295
10.308571428571428 0.4683831676558295
10.308571428571428 0.4683831676558295
10.308571428571428 0.4683831676558295
10.308571428571428 0.4683831676558295
10.308571428571428 0.4683831676558295
10.308571428571428 0.4683831676558295
10.308571428571428 0.4683831676558295
10.308571428571428 0.4683831676558295
10.31 0.46896531773871813
10.31 0.46896531773871813
10.311428571428571 0.4695423934729867
10.311428571428571 0.4695423934729867
10.311428571428571 0.4695423934729867
10.311428571428571 0.4695423934729867
10.311428571428571 0.4695423934729867
10.311428571428571 0.4695423934729867
10.311428571428571 0.4695423934729867
10.311428571428571 0.4695423934729867
10.311428571428571 0.4695423934729867
10.311428571428571 0.4695423934729867
10.311428571428571 0.4695423934729867
10.311428571428571 0.4695423934729867
10.311428571428571 0.4695423934729867
10.311428571428571 0.4695423934729867
10.311428571428571 0.4695423934729867
10.311428571428571 0.4695423934729867
10.311428571428571 0.4695423934729867
10.311428571428571 0.4695423934729867
10.314285714285715 0.4676320632471047
10.314285714285715 0.4676320632471047
10.314285714285715 0.4676320632471047
10.314285714285715 0.4676320632471047
10.314285714285715 0.4676320632471047
10.314285714285715 0.4676320632471047
10.314285714285715 0.4676320632471047
10.314285714285715 0.4676320632471047
10.314285714285715 0.4676320632471047
10.314285714285715 0.4676320632471047
10.314285714285715 0.4676320632471047
10.314285714285715 0.4676320632471047
10.314285714285715 0.4676320632471047
10.314285714285715 0.4676320632471047
10.314285714285715 0.4676320632471047
10.315714285714286 0.46819768708059073
10.317142857142857 0.46875826854210295
10.317142857142857 0.46875826854210295
10.317142857142857 0.46875826854210295
10.317142857142857 0.46875826854210295
10.317142857142857 0.46875826854210295
10.317142857142857 0.46875826854210295
10.317142857142857 0.46875826854210295
10.317142857142857 0.46875826854210295
10.317142857142857 0.46875826854210295
10.317142857142857 0.46875826854210295
10.317142857142857 0.46875826854210295
10.317142857142857 0.46875826854210295
10.317142857142857 0.46875826854210295
10.317142857142857 0.46875826854210295
10.317142857142857 0.46875826854210295
10.317142857142857 0.46875826854210295
10.31857142857143 0.46931382570052543
10.31857142857143 0.46931382570052543
10.31857142857143 0.46931382570052543
10.32 0.46986437637773903
10.32 0.46986437637773903
10.32 0.46986437637773903
10.32 0.46986437637773903
10.32 0.46986437637773903
10.32 0.46986437637773903
10.32 0.46986437637773903
10.32 0.46986437637773903
10.32 0.46986437637773903
10.32 0.46986437637773903
10.32 0.46986437637773903
10.32 0.46986437637773903
10.321428571428571 0.4704099381519463
10.321428571428571 0.4704099381519463
10.321428571428571 0.4704099381519463
10.321428571428571 0.4704099381519463
10.321428571428571 0.4704099381519463
10.321428571428571 0.4704099381519463
10.322857142857142 0.4709505283609905
10.322857142857142 0.4709505283609905
10.322857142857142 0.4709505283609905
10.322857142857142 0.4709505283609905
10.322857142857142 0.4709505283609905
10.322857142857142 0.4709505283609905
10.322857142857142 0.4709505283609905
10.322857142857142 0.4709505283609905
10.322857142857142 0.4709505283609905
10.322857142857142 0.4709505283609905
10.322857142857142 0.4709505283609905
10.322857142857142 0.4709505283609905
10.322857142857142 0.4709505283609905
10.322857142857142 0.4709505283609905
10.322857142857142 0.4709505283609905
10.322857142857142 0.4709505283609905
10.322857142857142 0.4709505283609905
10.322857142857142 0.4709505283609905
10.322857142857142 0.4709505283609905
10.322857142857142 0.4709505283609905
10.322857142857142 0.4709505283609905
10.324285714285715 0.47148616410556327
10.324285714285715 0.47148616410556327
10.324285714285715 0.47148616410556327
10.324285714285715 0.47148616410556327
10.324285714285715 0.47148616410556327
10.324285714285715 0.47148616410556327
10.324285714285715 0.47148616410556327
10.324285714285715 0.47148616410556327
10.324285714285715 0.47148616410556327
10.324285714285715 0.47148616410556327
10.324285714285715 0.47148616410556327
10.324285714285715 0.47148616410556327
10.324285714285715 0.47148616410556327
10.324285714285715 0.47148616410556327
10.324285714285715 0.47148616410556327
10.324285714285715 0.47148616410556327
10.324285714285715 0.47148616410556327
10.324285714285715 0.47148616410556327
10.325714285714286 0.4720168622523576
10.325714285714286 0.4720168622523576
10.325714285714286 0.4720168622523576
10.325714285714286 0.4720168622523576
10.325714285714286 0.4720168622523576
10.325714285714286 0.4720168622523576
10.325714285714286 0.4720168622523576
10.325714285714286 0.4720168622523576
10.325714285714286 0.4720168622523576
10.327142857142857 0.4725426394371672
10.327142857142857 0.4725426394371672
10.327142857142857 0.4725426394371672
10.327142857142857 0.4725426394371672
10.327142857142857 0.4725426394371672
10.327142857142857 0.4725426394371672
10.327142857142857 0.4725426394371672
10.327142857142857 0.4725426394371672
10.327142857142857 0.4725426394371672
10.327142857142857 0.4725426394371672
10.327142857142857 0.4725426394371672
10.32857142857143 0.47306351206791625
10.32857142857143 0.47306351206791625
10.32857142857143 0.47306351206791625
10.33 0.4735794963276158
10.33 0.4735794963276158
10.33 0.4735794963276158
10.33 0.4735794963276158
10.33 0.4735794963276158
10.33 0.4735794963276158
10.33 0.4735794963276158
10.33 0.4735794963276158
10.33 0.4735794963276158
10.33 0.4735794963276158
10.33 0.4735794963276158
10.33 0.4735794963276158
10.331428571428571 0.4740906081772825
10.331428571428571 0.4740906081772825
10.331428571428571 0.4740906081772825
10.331428571428571 0.4740906081772825
10.331428571428571 0.4740906081772825
10.331428571428571 0.4740906081772825
10.332857142857144 0.4745968633587807
10.332857142857144 0.4745968633587807
10.332857142857144 0.4745968633587807
10.332857142857144 0.4745968633587807
10.332857142857144 0.4745968633587807
10.334285714285715 0.4750982773976166
10.334285714285715 0.4750982773976166
10.334285714285715 0.4750982773976166
10.334285714285715 0.4750982773976166
10.334285714285715 0.4750982773976166
10.334285714285715 0.4750982773976166
10.334285714285715 0.4750982773976166
10.334285714285715 0.4750982773976166
10.335714285714285 0.4755948656056701
10.335714285714285 0.4755948656056701
10.335714285714285 0.4755948656056701
10.335714285714285 0.4755948656056701
10.335714285714285 0.4755948656056701
10.335714285714285 0.4755948656056701
10.335714285714285 0.4755948656056701
10.335714285714285 0.4755948656056701
10.335714285714285 0.4755948656056701
10.335714285714285 0.4755948656056701
10.335714285714285 0.4755948656056701
10.335714285714285 0.4755948656056701
10.335714285714285 0.4755948656056701
10.335714285714285 0.4755948656056701
10.335714285714285 0.4755948656056701
10.335714285714285 0.4755948656056701
10.335714285714285 0.4755948656056701
10.335714285714285 0.4755948656056701
10.335714285714285 0.4755948656056701
10.335714285714285 0.4755948656056701
10.335714285714285 0.4755948656056701
10.335714285714285 0.4755948656056701
10.335714285714285 0.4755948656056701
10.335714285714285 0.4755948656056701
10.335714285714285 0.4755948656056701
10.335714285714285 0.4755948656056701
10.335714285714285 0.4755948656056701
10.335714285714285 0.4755948656056701
10.335714285714285 0.4755948656056701
10.335714285714285 0.4755948656056701
10.335714285714285 0.4755948656056701
10.335714285714285 0.4755948656056701
10.335714285714285 0.4755948656056701
10.335714285714285 0.4755948656056701
10.335714285714285 0.4755948656056701
10.335714285714285 0.4755948656056701
10.335714285714285 0.4755948656056701
10.335714285714285 0.4755948656056701
10.335714285714285 0.4755948656056701
10.335714285714285 0.4755948656056701
10.335714285714285 0.4755948656056701
10.335714285714285 0.4755948656056701
10.335714285714285 0.4755948656056701
10.335714285714285 0.4755948656056701
10.335714285714285 0.4755948656056701
10.337142857142856 0.47608664308387033
10.337142857142856 0.47608664308387033
10.337142857142856 0.47608664308387033
10.337142857142856 0.47608664308387033
10.337142857142856 0.47608664308387033
10.337142857142856 0.47608664308387033
10.337142857142856 0.47608664308387033
10.337142857142856 0.47608664308387033
10.337142857142856 0.47608664308387033
10.337142857142856 0.47608664308387033
10.337142857142856 0.47608664308387033
10.337142857142856 0.47608664308387033
10.337142857142856 0.47608664308387033
10.337142857142856 0.47608664308387033
10.337142857142856 0.47608664308387033
10.337142857142856 0.47608664308387033
10.337142857142856 0.47608664308387033
10.337142857142856 0.47608664308387033
10.337142857142856 0.47608664308387033
10.338571428571429 0.47657362472482917
10.338571428571429 0.47657362472482917
10.338571428571429 0.47657362472482917
10.338571428571429 0.47657362472482917
10.338571428571429 0.47657362472482917
10.338571428571429 0.47657362472482917
10.34 0.474047497665495
10.34 0.474047497665495
10.34 0.474047497665495
10.34142857142857 0.4745279582486331
10.34142857142857 0.4745279582486331
10.34142857142857 0.4745279582486331
10.34142857142857 0.4745279582486331
10.34142857142857 0.4745279582486331
10.34142857142857 0.4745279582486331
10.34142857142857 0.4745279582486331
10.342857142857143 0.4750036303065638
10.342857142857143 0.4750036303065638
10.342857142857143 0.4750036303065638
10.342857142857143 0.4750036303065638
10.342857142857143 0.4750036303065638
10.344285714285714 0.4754745282108355
10.344285714285714 0.4754745282108355
10.344285714285714 0.4754745282108355
10.344285714285714 0.4754745282108355
10.344285714285714 0.4754745282108355
10.344285714285714 0.4754745282108355
10.344285714285714 0.4754745282108355
10.344285714285714 0.4754745282108355
10.344285714285714 0.4754745282108355
10.344285714285714 0.4754745282108355
10.344285714285714 0.4754745282108355
10.344285714285714 0.4754745282108355
10.345714285714285 0.4759406661321509
10.345714285714285 0.4759406661321509
10.345714285714285 0.4759406661321509
10.345714285714285 0.4759406661321509
10.347142857142858 0.47640205804280294
10.347142857142858 0.47640205804280294
10.347142857142858 0.47640205804280294
10.347142857142858 0.47640205804280294
10.347142857142858 0.47640205804280294
10.347142857142858 0.47640205804280294
10.347142857142858 0.47640205804280294
10.347142857142858 0.47640205804280294
10.347142857142858 0.47640205804280294
10.347142857142858 0.47640205804280294
10.348571428571429 0.47685871771901334
10.348571428571429 0.47685871771901334
10.348571428571429 0.47685871771901334
10.348571428571429 0.47685871771901334
10.348571428571429 0.47685871771901334
10.348571428571429 0.47685871771901334
10.348571428571429 0.47685871771901334
10.348571428571429 0.47685871771901334
10.348571428571429 0.47685871771901334
10.348571428571429 0.47685871771901334
10.348571428571429 0.47685871771901334
10.348571428571429 0.47685871771901334
10.348571428571429 0.47685871771901334
10.348571428571429 0.47685871771901334
10.348571428571429 0.47685871771901334
10.348571428571429 0.47685871771901334
10.348571428571429 0.47685871771901334
10.348571428571429 0.47685871771901334
10.348571428571429 0.47685871771901334
10.348571428571429 0.47685871771901334
10.348571428571429 0.47685871771901334
10.348571428571429 0.47685871771901334
10.35 0.4773106587432658
10.35 0.4773106587432658
10.35 0.4773106587432658
10.35 0.4773106587432658
10.35 0.4773106587432658
10.35 0.4773106587432658
10.35 0.4773106587432658
10.35 0.4773106587432658
10.35 0.4773106587432658
10.35 0.4773106587432658
10.351428571428572 0.4777578945065559
10.351428571428572 0.4777578945065559
10.351428571428572 0.4777578945065559
10.351428571428572 0.4777578945065559
10.351428571428572 0.4777578945065559
10.351428571428572 0.4777578945065559
10.351428571428572 0.4777578945065559
10.351428571428572 0.4777578945065559
10.351428571428572 0.4777578945065559
10.351428571428572 0.4777578945065559
10.351428571428572 0.4777578945065559
10.351428571428572 0.4777578945065559
10.351428571428572 0.4777578945065559
10.351428571428572 0.4777578945065559
10.351428571428572 0.4777578945065559
10.351428571428572 0.4777578945065559
10.351428571428572 0.4777578945065559
10.351428571428572 0.4777578945065559
10.351428571428572 0.4777578945065559
10.351428571428572 0.4777578945065559
10.351428571428572 0.4777578945065559
10.351428571428572 0.4777578945065559
10.351428571428572 0.4777578945065559
10.351428571428572 0.4777578945065559
10.351428571428572 0.4777578945065559
10.351428571428572 0.4777578945065559
10.351428571428572 0.4777578945065559
10.351428571428572 0.4777578945065559
10.351428571428572 0.4777578945065559
10.351428571428572 0.4777578945065559
10.351428571428572 0.4777578945065559
10.351428571428572 0.4777578945065559
10.351428571428572 0.4777578945065559
10.351428571428572 0.4777578945065559
10.351428571428572 0.4777578945065559
10.351428571428572 0.4777578945065559
10.351428571428572 0.4777578945065559
10.351428571428572 0.4777578945065559
10.351428571428572 0.4777578945065559
10.351428571428572 0.4777578945065559
10.351428571428572 0.4777578945065559
10.351428571428572 0.4777578945065559
10.351428571428572 0.4777578945065559
10.351428571428572 0.4777578945065559
10.351428571428572 0.4777578945065559
10.351428571428572 0.4777578945065559
10.351428571428572 0.4777578945065559
10.351428571428572 0.4777578945065559
10.351428571428572 0.4777578945065559
10.351428571428572 0.4777578945065559
10.351428571428572 0.4777578945065559
10.351428571428572 0.4777578945065559
10.351428571428572 0.4777578945065559
10.351428571428572 0.4777578945065559
10.351428571428572 0.4777578945065559
10.351428571428572 0.4777578945065559
10.351428571428572 0.4777578945065559
10.351428571428572 0.4777578945065559
10.351428571428572 0.4777578945065559
10.351428571428572 0.4777578945065559
10.351428571428572 0.4777578945065559
10.351428571428572 0.4777578945065559
10.351428571428572 0.4777578945065559
10.352857142857143 0.47820043821063707
10.352857142857143 0.47820043821063707
10.354285714285714 0.478638302870187
10.354285714285714 0.478638302870187
10.354285714285714 0.478638302870187
10.354285714285714 0.478638302870187
10.354285714285714 0.478638302870187
10.354285714285714 0.478638302870187
10.354285714285714 0.478638302870187
10.354285714285714 0.478638302870187
10.355714285714285 0.47907150131495174
10.357142857142858 0.47950004619183995
10.357142857142858 0.47950004619183995
10.357142857142858 0.47950004619183995
10.357142857142858 0.47950004619183995
10.357142857142858 0.47950004619183995
10.357142857142858 0.47950004619183995
10.357142857142858 0.47950004619183995
10.357142857142858 0.47950004619183995
10.357142857142858 0.47950004619183995
10.357142857142858 0.47950004619183995
10.357142857142858 0.47950004619183995
10.357142857142858 0.47950004619183995
10.357142857142858 0.47950004619183995
10.357142857142858 0.47950004619183995
10.357142857142858 0.47950004619183995
10.357142857142858 0.47950004619183995
10.357142857142858 0.47950004619183995
10.357142857142858 0.47950004619183995
10.357142857142858 0.47950004619183995
10.357142857142858 0.47950004619183995
10.357142857142858 0.47950004619183995
10.357142857142858 0.47950004619183995
10.357142857142858 0.47950004619183995
10.357142857142858 0.47950004619183995
10.357142857142858 0.47950004619183995
10.357142857142858 0.47950004619183995
10.357142857142858 0.47950004619183995
10.357142857142858 0.47950004619183995
10.358571428571429 0.4799239499669621
10.358571428571429 0.4799239499669621
10.358571428571429 0.4799239499669621
10.36 0.48034322492766157
10.36 0.48034322492766157
10.362857142857143 0.4811679366730905
10.364285714285714 0.48157339715619607
10.364285714285714 0.48157339715619607
10.364285714285714 0.48157339715619607
10.364285714285714 0.48157339715619607
10.364285714285714 0.48157339715619607
10.364285714285714 0.48157339715619607
10.364285714285714 0.48157339715619607
10.365714285714287 0.48197427622538186
10.365714285714287 0.48197427622538186
10.365714285714287 0.48197427622538186
10.365714285714287 0.48197427622538186
10.365714285714287 0.48197427622538186
10.365714285714287 0.48197427622538186
10.365714285714287 0.48197427622538186
10.365714285714287 0.48197427622538186
10.365714285714287 0.48197427622538186
10.365714285714287 0.48197427622538186
10.365714285714287 0.48197427622538186
10.365714285714287 0.48197427622538186
10.365714285714287 0.48197427622538186
10.365714285714287 0.48197427622538186
10.365714285714287 0.48197427622538186
10.365714285714287 0.48197427622538186
10.365714285714287 0.48197427622538186
10.365714285714287 0.48197427622538186
10.365714285714287 0.48197427622538186
10.365714285714287 0.48197427622538186
10.365714285714287 0.48197427622538186
10.365714285714287 0.48197427622538186
10.365714285714287 0.48197427622538186
10.365714285714287 0.48197427622538186
10.365714285714287 0.48197427622538186
10.365714285714287 0.48197427622538186
10.365714285714287 0.48197427622538186
10.367142857142857 0.4823705853029407
10.367142857142857 0.4823705853029407
10.367142857142857 0.4823705853029407
10.368571428571428 0.4827623356436626
10.368571428571428 0.4827623356436626
10.368571428571428 0.4827623356436626
10.368571428571428 0.4827623356436626
10.368571428571428 0.4827623356436626
10.368571428571428 0.4827623356436626
10.368571428571428 0.4827623356436626
10.368571428571428 0.4827623356436626
10.368571428571428 0.4827623356436626
10.368571428571428 0.4827623356436626
10.368571428571428 0.4827623356436626
10.368571428571428 0.4827623356436626
10.368571428571428 0.4827623356436626
10.368571428571428 0.4827623356436626
10.37 0.4831495383365776
10.37 0.4831495383365776
10.37 0.4831495383365776
10.37 0.4831495383365776
10.37 0.4831495383365776
10.37 0.4831495383365776
10.371428571428572 0.48353220430668026
10.371428571428572 0.48353220430668026
10.371428571428572 0.48353220430668026
10.371428571428572 0.48353220430668026
10.371428571428572 0.48353220430668026
10.371428571428572 0.48353220430668026
10.371428571428572 0.48353220430668026
10.371428571428572 0.48353220430668026
10.371428571428572 0.48353220430668026
10.372857142857143 0.48391034431659324
10.372857142857143 0.48391034431659324
10.372857142857143 0.48391034431659324
10.372857142857143 0.48391034431659324
10.372857142857143 0.48391034431659324
10.372857142857143 0.48391034431659324
10.372857142857143 0.48391034431659324
10.372857142857143 0.48391034431659324
10.372857142857143 0.48391034431659324
10.374285714285714 0.48428396896823905
10.374285714285714 0.48428396896823905
10.374285714285714 0.48428396896823905
10.374285714285714 0.48428396896823905
10.374285714285714 0.48428396896823905
10.374285714285714 0.48428396896823905
10.374285714285714 0.48428396896823905
10.374285714285714 0.48428396896823905
10.374285714285714 0.48428396896823905
10.374285714285714 0.48428396896823905
10.374285714285714 0.48428396896823905
10.374285714285714 0.48428396896823905
10.374285714285714 0.48428396896823905
10.374285714285714 0.48428396896823905
10.374285714285714 0.48428396896823905
10.374285714285714 0.48428396896823905
10.374285714285714 0.48428396896823905
10.374285714285714 0.48428396896823905
10.374285714285714 0.48428396896823905
10.374285714285714 0.48428396896823905
10.374285714285714 0.48428396896823905
10.374285714285714 0.48428396896823905
10.374285714285714 0.48428396896823905
10.374285714285714 0.48428396896823905
10.375714285714286 0.48465308870444973
10.377142857142857 0.4850177138105321
10.377142857142857 0.4850177138105321
10.377142857142857 0.4850177138105321
10.377142857142857 0.4850177138105321
10.377142857142857 0.4850177138105321
10.377142857142857 0.4850177138105321
10.378571428571428 0.48537785441584375
10.378571428571428 0.48537785441584375
10.378571428571428 0.48537785441584375
10.378571428571428 0.48537785441584375
10.378571428571428 0.48537785441584375
10.378571428571428 0.48537785441584375
10.38 0.48573352049530183
10.38 0.48573352049530183
10.381428571428572 0.4860847218708845
10.381428571428572 0.4860847218708845
10.381428571428572 0.4860847218708845
10.381428571428572 0.4860847218708845
10.381428571428572 0.4860847218708845
10.381428571428572 0.4860847218708845
10.381428571428572 0.4860847218708845
10.381428571428572 0.4860847218708845
10.381428571428572 0.4860847218708845
10.381428571428572 0.4860847218708845
10.381428571428572 0.4860847218708845
10.381428571428572 0.4860847218708845
10.381428571428572 0.4860847218708845
10.381428571428572 0.4860847218708845
10.381428571428572 0.4860847218708845
10.381428571428572 0.4860847218708845
10.381428571428572 0.4860847218708845
10.381428571428572 0.4860847218708845
10.382857142857143 0.48643146821308164
10.384285714285713 0.4867737690423226
10.384285714285713 0.4867737690423226
10.384285714285713 0.4867737690423226
10.384285714285713 0.4867737690423226
10.384285714285713 0.4867737690423226
10.384285714285713 0.4867737690423226
10.384285714285713 0.4867737690423226
10.384285714285713 0.4867737690423226
10.385714285714286 0.48711163373040905
10.385714285714286 0.48711163373040905
10.385714285714286 0.48711163373040905
10.385714285714286 0.48711163373040905
10.385714285714286 0.48711163373040905
10.385714285714286 0.48711163373040905
10.385714285714286 0.48711163373040905
10.387142857142857 0.4874450715018606
10.387142857142857 0.4874450715018606
10.388571428571428 0.48777409143526373
10.388571428571428 0.48777409143526373
10.388571428571428 0.48777409143526373
10.388571428571428 0.48777409143526373
10.388571428571428 0.48777409143526373
10.388571428571428 0.48777409143526373
10.388571428571428 0.48777409143526373
10.388571428571428 0.48777409143526373
10.388571428571428 0.48777409143526373
10.388571428571428 0.48777409143526373
10.388571428571428 0.48777409143526373
10.388571428571428 0.48777409143526373
10.388571428571428 0.48777409143526373
10.388571428571428 0.48777409143526373
10.388571428571428 0.48777409143526373
10.388571428571428 0.48777409143526373
10.388571428571428 0.48777409143526373
10.388571428571428 0.48777409143526373
10.388571428571428 0.48777409143526373
10.39 0.4880987024646119
10.39 0.4880987024646119
10.39 0.4880987024646119
10.39 0.4880987024646119
10.39 0.4880987024646119
10.39 0.4880987024646119
10.39 0.4880987024646119
10.39 0.4880987024646119
10.39 0.4880987024646119
10.39 0.4880987024646119
10.39 0.4880987024646119
10.39 0.4880987024646119
10.39 0.4880987024646119
10.39 0.4880987024646119
10.39 0.4880987024646119
10.39 0.4880987024646119
10.39 0.4880987024646119
10.39 0.4880987024646119
10.39 0.4880987024646119
10.39 0.4880987024646119
10.39 0.4880987024646119
10.39 0.4880987024646119
10.39 0.4880987024646119
10.39 0.4880987024646119
10.39 0.4880987024646119
10.39 0.4880987024646119
10.39 0.4880987024646119
10.39 0.4880987024646119
10.39 0.4880987024646119
10.39 0.4880987024646119
10.39 0.4880987024646119
10.39 0.4880987024646119
10.39 0.4880987024646119
10.39 0.4880987024646119
10.39 0.4880987024646119
10.39 0.4880987024646119
10.391428571428571 0.48841891338059745
10.391428571428571 0.48841891338059745
10.391428571428571 0.48841891338059745
10.391428571428571 0.48841891338059745
10.391428571428571 0.48841891338059745
10.392857142857142 0.4887347328318613
10.392857142857142 0.4887347328318613
10.392857142857142 0.4887347328318613
10.392857142857142 0.4887347328318613
10.392857142857142 0.4887347328318613
10.392857142857142 0.4887347328318613
10.392857142857142 0.4887347328318613
10.392857142857142 0.4887347328318613
10.392857142857142 0.4887347328318613
10.392857142857142 0.4887347328318613
10.392857142857142 0.4887347328318613
10.392857142857142 0.4887347328318613
10.392857142857142 0.4887347328318613
10.392857142857142 0.4887347328318613
10.392857142857142 0.4887347328318613
10.392857142857142 0.4887347328318613
10.392857142857142 0.4887347328318613
10.392857142857142 0.4887347328318613
10.392857142857142 0.4887347328318613
10.392857142857142 0.4887347328318613
10.392857142857142 0.4887347328318613
10.394285714285715 0.48904616932624817
10.394285714285715 0.48904616932624817
10.394285714285715 0.48904616932624817
10.394285714285715 0.48904616932624817
10.394285714285715 0.48904616932624817
10.394285714285715 0.48904616932624817
10.394285714285715 0.48904616932624817
10.394285714285715 0.48904616932624817
10.394285714285715 0.48904616932624817
10.394285714285715 0.48904616932624817
10.395714285714286 0.48935323123202756
10.395714285714286 0.48935323123202756
10.395714285714286 0.48935323123202756
10.395714285714286 0.48935323123202756
10.395714285714286 0.48935323123202756
10.395714285714286 0.48935323123202756
10.395714285714286 0.48935323123202756
10.395714285714286 0.48935323123202756
10.395714285714286 0.48935323123202756
10.395714285714286 0.48935323123202756
10.395714285714286 0.48935323123202756
10.395714285714286 0.48935323123202756
10.397142857142857 0.48965592677908254
10.397142857142857 0.48965592677908254
10.397142857142857 0.48965592677908254
10.397142857142857 0.48965592677908254
10.397142857142857 0.48965592677908254
10.397142857142857 0.48965592677908254
10.397142857142857 0.48965592677908254
10.398571428571428 0.48995426406005593
10.398571428571428 0.48995426406005593
10.4 0.49024825103154185
10.4 0.49024825103154185
10.4 0.49024825103154185
10.4 0.49024825103154185
10.4 0.49024825103154185
10.4 0.49024825103154185
10.4 0.49024825103154185
10.4 0.49024825103154185
10.4 0.49024825103154185
10.4 0.49024825103154185
10.4 0.49024825103154185
10.4 0.49024825103154185
10.4 0.49024825103154185
10.4 0.49024825103154185
10.4 0.49024825103154185
10.4 0.49024825103154185
10.4 0.49024825103154185
10.4 0.49024825103154185
10.4 0.49024825103154185
10.4 0.49024825103154185
10.4 0.49024825103154185
10.4 0.49024825103154185
10.4 0.49024825103154185
10.4 0.49024825103154185
10.4 0.49024825103154185
10.4 0.49024825103154185
10.4 0.49024825103154185
10.4 0.49024825103154185
10.401428571428571 0.4905378955151604
10.401428571428571 0.4905378955151604
10.401428571428571 0.4905378955151604
10.401428571428571 0.4905378955151604
10.401428571428571 0.4905378955151604
10.401428571428571 0.4905378955151604
10.401428571428571 0.4905378955151604
10.401428571428571 0.4905378955151604
10.401428571428571 0.4905378955151604
10.401428571428571 0.4905378955151604
10.401428571428571 0.4905378955151604
10.401428571428571 0.4905378955151604
10.401428571428571 0.4905378955151604
10.401428571428571 0.4905378955151604
10.402857142857142 0.49082320519866995
10.402857142857142 0.49082320519866995
10.402857142857142 0.49082320519866995
10.402857142857142 0.49082320519866995
10.402857142857142 0.49082320519866995
10.402857142857142 0.49082320519866995
10.402857142857142 0.49082320519866995
10.402857142857142 0.49082320519866995
10.402857142857142 0.49082320519866995
10.402857142857142 0.49082320519866995
10.402857142857142 0.49082320519866995
10.402857142857142 0.49082320519866995
10.402857142857142 0.49082320519866995
10.402857142857142 0.49082320519866995
10.402857142857142 0.49082320519866995
10.404285714285715 0.4911041876370544
10.404285714285715 0.4911041876370544
10.404285714285715 0.4911041876370544
10.404285714285715 0.4911041876370544
10.404285714285715 0.4911041876370544
10.404285714285715 0.4911041876370544
10.404285714285715 0.4911041876370544
10.404285714285715 0.4911041876370544
10.404285714285715 0.4911041876370544
10.404285714285715 0.4911041876370544
10.404285714285715 0.4911041876370544
10.404285714285715 0.4911041876370544
10.404285714285715 0.4911041876370544
10.404285714285715 0.4911041876370544
10.404285714285715 0.4911041876370544
10.404285714285715 0.4911041876370544
10.404285714285715 0.4911041876370544
10.404285714285715 0.4911041876370544
10.404285714285715 0.4911041876370544
10.404285714285715 0.4911041876370544
10.404285714285715 0.4911041876370544
10.404285714285715 0.4911041876370544
10.404285714285715 0.4911041876370544
10.404285714285715 0.4911041876370544
10.404285714285715 0.4911041876370544
10.404285714285715 0.4911041876370544
10.404285714285715 0.4911041876370544
10.404285714285715 0.4911041876370544
10.404285714285715 0.4911041876370544
10.404285714285715 0.4911041876370544
10.404285714285715 0.4911041876370544
10.404285714285715 0.4911041876370544
10.404285714285715 0.4911041876370544
10.404285714285715 0.4911041876370544
10.404285714285715 0.4911041876370544
10.404285714285715 0.4911041876370544
10.404285714285715 0.4911041876370544
10.404285714285715 0.4911041876370544
10.404285714285715 0.4911041876370544
10.404285714285715 0.4911041876370544
10.404285714285715 0.4911041876370544
10.404285714285715 0.4911041876370544
10.404285714285715 0.4911041876370544
10.404285714285715 0.4911041876370544
10.404285714285715 0.4911041876370544
10.404285714285715 0.4911041876370544
10.404285714285715 0.4911041876370544
10.404285714285715 0.4911041876370544
10.404285714285715 0.4911041876370544
10.404285714285715 0.4911041876370544
10.404285714285715 0.4911041876370544
10.404285714285715 0.4911041876370544
10.404285714285715 0.4911041876370544
10.404285714285715 0.4911041876370544
10.404285714285715 0.4911041876370544
10.405714285714286 0.49138085025356
10.405714285714286 0.49138085025356
10.405714285714286 0.49138085025356
10.407142857142857 0.4916532003407177
10.40857142857143 0.49192124506137497
10.40857142857143 0.49192124506137497
10.40857142857143 0.49192124506137497
10.40857142857143 0.49192124506137497
10.40857142857143 0.49192124506137497
10.40857142857143 0.49192124506137497
10.40857142857143 0.49192124506137497
10.40857142857143 0.49192124506137497
10.40857142857143 0.49192124506137497
10.40857142857143 0.49192124506137497
10.41 0.4921849914496563
10.41 0.4921849914496563
10.411428571428571 0.49244444641193896
10.411428571428571 0.49244444641193896
10.411428571428571 0.49244444641193896
10.411428571428571 0.49244444641193896
10.411428571428571 0.49244444641193896
10.411428571428571 0.49244444641193896
10.411428571428571 0.49244444641193896
10.412857142857144 0.49269961672780777
10.414285714285715 0.49295050905095616
10.414285714285715 0.49295050905095616
10.414285714285715 0.49295050905095616
10.414285714285715 0.49295050905095616
10.417142857142856 0.49343948570988083
10.417142857142856 0.49343948570988083
10.417142857142856 0.49343948570988083
10.417142857142856 0.49343948570988083
10.417142857142856 0.49343948570988083
10.417142857142856 0.49343948570988083
10.417142857142856 0.49343948570988083
10.417142857142856 0.49343948570988083
10.417142857142856 0.49343948570988083
10.417142857142856 0.49343948570988083
10.417142857142856 0.49343948570988083
10.417142857142856 0.49343948570988083
10.417142857142856 0.49343948570988083
10.417142857142856 0.49343948570988083
10.417142857142856 0.49343948570988083
10.417142857142856 0.49343948570988083
10.417142857142856 0.49343948570988083
10.417142857142856 0.49343948570988083
10.417142857142856 0.49343948570988083
10.417142857142856 0.49343948570988083
10.417142857142856 0.49343948570988083
10.417142857142856 0.49343948570988083
10.417142857142856 0.49343948570988083
10.417142857142856 0.49343948570988083
10.417142857142856 0.49343948570988083
10.417142857142856 0.49343948570988083
10.417142857142856 0.49343948570988083
10.417142857142856 0.49343948570988083
10.417142857142856 0.49343948570988083
10.417142857142856 0.49343948570988083
10.417142857142856 0.49343948570988083
10.417142857142856 0.49343948570988083
10.417142857142856 0.49343948570988083
10.417142857142856 0.49343948570988083
10.417142857142856 0.49343948570988083
10.417142857142856 0.49343948570988083
10.417142857142856 0.49343948570988083
10.417142857142856 0.49343948570988083
10.417142857142856 0.49343948570988083
10.417142857142856 0.49343948570988083
10.417142857142856 0.49343948570988083
10.417142857142856 0.49343948570988083
10.417142857142856 0.49343948570988083
10.417142857142856 0.49343948570988083
10.417142857142856 0.49343948570988083
10.417142857142856 0.49343948570988083
10.417142857142856 0.49343948570988083
10.417142857142856 0.49343948570988083
10.417142857142856 0.49343948570988083
10.417142857142856 0.49343948570988083
10.417142857142856 0.49343948570988083
10.417142857142856 0.49343948570988083
10.417142857142856 0.49343948570988083
10.417142857142856 0.49343948570988083
10.417142857142856 0.49343948570988083
10.417142857142856 0.49343948570988083
10.417142857142856 0.49343948570988083
10.417142857142856 0.49343948570988083
10.417142857142856 0.49343948570988083
10.417142857142856 0.49343948570988083
10.417142857142856 0.49343948570988083
