9.518888888888888 0.4999208935073354
9.592222222222222 0.49169471020995
9.624444444444444 0.484535283273179
9.651111111111112 0.47921061445058105
9.672222222222222 0.4743774745728905
9.682222222222222 0.4706225677603841
9.687777777777777 0.4684311680905299
9.694444444444445 0.4657003077789716
9.704444444444444 0.461392946139992
9.71 0.45888824398451183
9.71888888888889 0.45471071478105207
9.72 0.45417357626227195
9.722222222222221 0.4530892055701376
9.72888888888889 0.44975446136309416
9.731111111111112 0.44861533213646143
9.732222222222223 0.44804054365687906
9.737777777777778 0.4476058615479176
9.743333333333334 0.44460678656621105
9.75 0.44088847499791195
9.756666666666666 0.43703674027140277
9.764444444444445 0.432369653755402
9.768888888888888 0.4296167017746182
9.775555555555556 0.42536671638276274
9.78 0.4224511345325663
9.784444444444444 0.4194681496991639
9.786666666666667 0.41795093143825074
9.79 0.41564241926162426
9.79111111111111 0.4148641023975967
9.795555555555556 0.4117061035603092
9.79888888888889 0.41199869446007686
9.803333333333333 0.4114463487340002
9.805555555555555 0.4097969086817236
9.806666666666667 0.40896516083997614
9.80888888888889 0.4072874660057585
9.814444444444444 0.40575973074018507
9.816666666666666 0.40676974325371973
9.821111111111112 0.406015513505054
9.823333333333334 0.40424609515801085
9.824444444444444 0.40335387905517534
9.826666666666666 0.40155426619393936
9.83 0.39881638006175174
9.83 0.39881638006175174
9.833333333333334 0.39603148154095325
9.836666666666666 0.3931985717121065
9.837777777777777 0.3922434199661428
9.841111111111111 0.389344860430429
9.843333333333334 0.3873844870708389
9.844444444444445 0.3863957728021916
9.844444444444445 0.3863957728021916
9.848888888888888 0.38528103792639035
9.85 0.3842708305221847
9.852222222222222 0.3851318419150779
9.854444444444445 0.38597812450220825
9.856666666666667 0.38392330991705015
9.858888888888888 0.3818444914775319
9.86 0.38079595813934136
9.86111111111111 0.37974127497080035
9.86111111111111 0.37974127497080035
9.863333333333333 0.3776132527226943
9.865555555555556 0.3754600029534709
9.866666666666667 0.3743737819176462
9.867777777777778 0.37624920674871615
9.87 0.3770236462224926
9.872222222222222 0.37482744351081215
9.874444444444444 0.3726050287871141
9.877777777777778 0.3751982131779388
9.882222222222222 0.3706644899811525
9.882222222222222 0.3706644899811525
9.883333333333333 0.3695140060503938
9.886666666666667 0.3690471149883177
9.886666666666667 0.3690471149883177
9.886666666666667 0.3690471149883177
9.88888888888889 0.36670205781941995
9.89 0.36551881545193915
9.892222222222221 0.36920615852430316
9.892222222222221 0.36920615852430316
9.892222222222221 0.36920615852430316
9.895555555555555 0.36562869228957373
9.897777777777778 0.3632071263559764
9.897777777777778 0.3632071263559764
9.901111111111112 0.35951841612607605
9.903333333333334 0.35702079592202796
9.904444444444444 0.35576019941920367
9.905555555555555 0.35449163372136655
9.907777777777778 0.35507688549284006
9.911111111111111 0.3543608652077056
9.911111111111111 0.3543608652077056
9.911111111111111 0.3543608652077056
9.911111111111111 0.3543608652077056
9.912222222222223 0.3562028698493853
9.912222222222223 0.3562028698493853
9.912222222222223 0.3562028698493853
9.912222222222223 0.3562028698493853
9.913333333333334 0.3549115103800168
9.913333333333334 0.3549115103800168
9.916666666666666 0.3509878004148334
9.916666666666666 0.3509878004148334
9.917777777777777 0.3528298999894066
9.918888888888889 0.35150856977622863
9.921111111111111 0.35201452481802226
9.921111111111111 0.35201452481802226
9.921111111111111 0.35201452481802226
9.921111111111111 0.35201452481802226
9.923333333333334 0.34933593446090677
9.925555555555556 0.34662238386915445
9.926666666666666 0.34525224129954624
9.926666666666666 0.34525224129954624
9.926666666666666 0.34525224129954624
9.926666666666666 0.34525224129954624
9.927777777777777 0.3438730454153698
9.927777777777777 0.3438730454153698
9.927777777777777 0.3438730454153698
9.927777777777777 0.3438730454153698
9.928888888888888 0.3424846868427709
9.931111111111111 0.34293908773487414
9.932222222222222 0.34153607658336405
9.932222222222222 0.34153607658336405
9.932222222222222 0.34153607658336405
9.932222222222222 0.34153607658336405
9.932222222222222 0.34153607658336405
9.932222222222222 0.34153607658336405
9.933333333333334 0.3401236443371039
9.933333333333334 0.3401236443371039
9.933333333333334 0.3401236443371039
9.934444444444445 0.3387016731343463
9.935555555555556 0.33727004232294655
9.936666666666667 0.33912469938838424
9.936666666666667 0.33912469938838424
9.937777777777777 0.34096564363533616
9.94 0.34136414163893597
9.94111111111111 0.3399255445677926
9.94111111111111 0.3399255445677926
9.94111111111111 0.3399255445677926
9.94111111111111 0.3399255445677926
9.94111111111111 0.3399255445677926
9.94111111111111 0.3399255445677926
9.94111111111111 0.3399255445677926
9.94111111111111 0.3399255445677926
9.94111111111111 0.3399255445677926
9.94111111111111 0.3399255445677926
9.943333333333333 0.3370189275223934
9.944444444444445 0.3355506526802668
9.944444444444445 0.3355506526802668
9.945555555555556 0.33738545573598777
9.947777777777778 0.3377369485956069
9.947777777777778 0.3377369485956069
9.948888888888888 0.3362571068737786
9.95 0.3380734529977187
9.95 0.3380734529977187
9.95 0.3380734529977187
9.95 0.3380734529977187
9.95 0.3380734529977187
9.95 0.3380734529977187
9.952222222222222 0.33839501365649666
9.954444444444444 0.33540144495730395
9.954444444444444 0.33540144495730395
9.954444444444444 0.33540144495730395
9.954444444444444 0.33540144495730395
9.955555555555556 0.3338890436385568
9.95888888888889 0.32928764737705885
9.95888888888889 0.32928764737705885
9.95888888888889 0.32928764737705885
9.96 0.3311086309245753
9.96111111111111 0.3295577798254538
9.96111111111111 0.3295577798254538
9.963333333333333 0.32981270176039273
9.963333333333333 0.32981270176039273
9.964444444444444 0.3282444323460903
9.965555555555556 0.3300524484262289
9.965555555555556 0.3300524484262289
9.965555555555556 0.3300524484262289
9.965555555555556 0.3300524484262289
9.965555555555556 0.3300524484262289
9.965555555555556 0.3300524484262289
9.967777777777778 0.32689178262522023
9.96888888888889 0.32869595867126217
9.96888888888889 0.32869595867126217
9.96888888888889 0.32869595867126217
9.96888888888889 0.32869595867126217
9.97 0.32710344381990897
9.97 0.32710344381990897
9.971111111111112 0.32549934068832104
9.972222222222221 0.32388347709612536
9.972222222222221 0.32388347709612536
9.973333333333333 0.3222556761344807
9.974444444444444 0.32061575598146325
9.974444444444444 0.32061575598146325
9.974444444444444 0.32061575598146325
9.975555555555555 0.3189635297081718
9.975555555555555 0.3189635297081718
9.975555555555555 0.3189635297081718
9.975555555555555 0.3189635297081718
9.976666666666667 0.320785326669489
9.976666666666667 0.320785326669489
9.976666666666667 0.320785326669489
9.976666666666667 0.320785326669489
9.976666666666667 0.320785326669489
9.976666666666667 0.320785326669489
9.976666666666667 0.320785326669489
9.976666666666667 0.320785326669489
9.976666666666667 0.320785326669489
9.976666666666667 0.320785326669489
9.976666666666667 0.320785326669489
9.976666666666667 0.320785326669489
9.976666666666667 0.320785326669489
9.976666666666667 0.320785326669489
9.976666666666667 0.320785326669489
9.97888888888889 0.32093940409364863
9.97888888888889 0.32093940409364863
9.97888888888889 0.32093940409364863
9.97888888888889 0.32093940409364863
9.97888888888889 0.32093940409364863
9.97888888888889 0.32093940409364863
9.97888888888889 0.32093940409364863
9.98 0.3192733685589313
9.98 0.3192733685589313
9.98 0.3192733685589313
9.98 0.3192733685589313
9.981111111111112 0.3175947020332853
9.981111111111112 0.3175947020332853
9.982222222222223 0.3159032031586796
9.983333333333333 0.31771920778328694
9.983333333333333 0.31771920778328694
9.983333333333333 0.31771920778328694
9.984444444444444 0.31952102331556237
9.985555555555555 0.321308888461667
9.985555555555555 0.321308888461667
9.985555555555555 0.321308888461667
9.985555555555555 0.321308888461667
9.985555555555555 0.321308888461667
9.985555555555555 0.321308888461667
9.985555555555555 0.321308888461667
9.985555555555555 0.321308888461667
9.985555555555555 0.321308888461667
9.986666666666666 0.32308303481610623
9.986666666666666 0.32308303481610623
9.986666666666666 0.32308303481610623
9.987777777777778 0.32484368715607487
9.987777777777778 0.32484368715607487
9.988888888888889 0.3265910637203474
9.988888888888889 0.3265910637203474
9.988888888888889 0.3265910637203474
9.99 0.32491977276233397
9.991111111111111 0.32323601698994003
9.991111111111111 0.32323601698994003
9.991111111111111 0.32323601698994003
9.991111111111111 0.32323601698994003
9.991111111111111 0.32323601698994003
9.991111111111111 0.32323601698994003
9.991111111111111 0.32323601698994003
9.992222222222223 0.32153960058565145
9.992222222222223 0.32153960058565145
9.992222222222223 0.32153960058565145
9.992222222222223 0.32153960058565145
9.992222222222223 0.32153960058565145
9.993333333333334 0.31983032208922146
9.993333333333334 0.31983032208922146
9.993333333333334 0.31983032208922146
9.994444444444444 0.32158572314833533
9.994444444444444 0.32158572314833533
9.995555555555555 0.3233277715502369
9.995555555555555 0.3233277715502369
9.995555555555555 0.3233277715502369
9.995555555555555 0.3233277715502369
9.996666666666666 0.3250566819742451
9.996666666666666 0.3250566819742451
9.996666666666666 0.3250566819742451
9.996666666666666 0.3250566819742451
9.996666666666666 0.3250566819742451
9.996666666666666 0.3250566819742451
9.996666666666666 0.3250566819742451
9.996666666666666 0.3250566819742451
9.997777777777777 0.32677266295427837
9.997777777777777 0.32677266295427837
9.997777777777777 0.32677266295427837
9.998888888888889 0.328475917123345
9.998888888888889 0.328475917123345
10.0 0.3267802273989507
10.0 0.3267802273989507
10.0 0.3267802273989507
10.0 0.3267802273989507
10.002222222222223 0.32677266295427837
10.003333333333334 0.32846086616317943
10.005555555555556 0.32843076217364153
10.005555555555556 0.32843076217364153
10.005555555555556 0.32843076217364153
10.005555555555556 0.32843076217364153
10.007777777777777 0.33175562852566975
10.007777777777777 0.33175562852566975
10.008888888888889 0.3334000674763019
10.008888888888889 0.3334000674763019
10.008888888888889 0.3334000674763019
10.008888888888889 0.3334000674763019
10.008888888888889 0.3334000674763019
10.008888888888889 0.3334000674763019
10.01 0.33169601586550296
10.011111111111111 0.33333333333333054
10.011111111111111 0.33333333333333054
10.011111111111111 0.33333333333333054
10.011111111111111 0.33333333333333054
10.011111111111111 0.33333333333333054
10.011111111111111 0.33333333333333054
10.011111111111111 0.33333333333333054
10.011111111111111 0.33333333333333054
10.013333333333334 0.3365730586428863
10.013333333333334 0.3365730586428863
10.014444444444445 0.3381758009191005
10.014444444444445 0.3381758009191005
10.014444444444445 0.3381758009191005
10.014444444444445 0.3381758009191005
10.014444444444445 0.3381758009191005
10.014444444444445 0.3381758009191005
10.015555555555556 0.3364775696289832
10.015555555555556 0.3364775696289832
10.015555555555556 0.3364775696289832
10.015555555555556 0.3364775696289832
10.016666666666667 0.3347670317059952
10.016666666666667 0.3347670317059952
10.016666666666667 0.3347670317059952
10.016666666666667 0.3347670317059952
10.016666666666667 0.3347670317059952
10.016666666666667 0.3347670317059952
10.016666666666667 0.3347670317059952
10.016666666666667 0.3347670317059952
10.016666666666667 0.3347670317059952
10.016666666666667 0.3347670317059952
10.016666666666667 0.3347670317059952
10.017777777777777 0.3363673563134175
10.017777777777777 0.3363673563134175
10.017777777777777 0.3363673563134175
10.017777777777777 0.3363673563134175
10.018888888888888 0.33795644599115976
10.018888888888888 0.33795644599115976
10.02 0.3395344584844534
10.02111111111111 0.3378247646677038
10.022222222222222 0.33610269690217254
10.022222222222222 0.33610269690217254
10.022222222222222 0.33610269690217254
10.023333333333333 0.33767839186014537
10.023333333333333 0.33767839186014537
10.024444444444445 0.33924312507589516
10.024444444444445 0.33924312507589516
10.025555555555556 0.3407970475384572
10.025555555555556 0.3407970475384572
10.025555555555556 0.3407970475384572
10.025555555555556 0.3407970475384572
10.026666666666667 0.3423403064616485
10.026666666666667 0.3423403064616485
10.026666666666667 0.3423403064616485
10.026666666666667 0.3423403064616485
10.026666666666667 0.3423403064616485
10.026666666666667 0.3423403064616485
10.026666666666667 0.3423403064616485
10.026666666666667 0.3423403064616485
10.026666666666667 0.3423403064616485
10.026666666666667 0.3423403064616485
10.026666666666667 0.3423403064616485
10.026666666666667 0.3423403064616485
10.026666666666667 0.3423403064616485
10.026666666666667 0.3423403064616485
10.026666666666667 0.3423403064616485
10.027777777777779 0.34062292532752286
10.027777777777779 0.34062292532752286
10.027777777777779 0.34062292532752286
10.027777777777779 0.34062292532752286
10.027777777777779 0.34062292532752286
10.03 0.34043419243238
10.03 0.34043419243238
10.03 0.34043419243238
10.03 0.34043419243238
10.03 0.34043419243238
10.03 0.34043419243238
10.03 0.34043419243238
10.032222222222222 0.34023082453848386
10.032222222222222 0.34023082453848386
10.032222222222222 0.34023082453848386
10.032222222222222 0.34023082453848386
10.032222222222222 0.34023082453848386
10.033333333333333 0.34175494215802316
10.033333333333333 0.34175494215802316
10.037777777777778 0.341291722065039
10.037777777777778 0.341291722065039
10.037777777777778 0.341291722065039
10.03888888888889 0.34279309599483665
10.03888888888889 0.34279309599483665
10.03888888888889 0.34279309599483665
10.03888888888889 0.34279309599483665
10.03888888888889 0.34279309599483665
10.04 0.3442843329153805
10.042222222222222 0.34401857885577236
10.042222222222222 0.34401857885577236
10.042222222222222 0.34401857885577236
10.042222222222222 0.34401857885577236
10.042222222222222 0.34401857885577236
10.042222222222222 0.34401857885577236
10.042222222222222 0.34401857885577236
10.043333333333333 0.3422590657318517
10.043333333333333 0.3422590657318517
10.043333333333333 0.3422590657318517
10.043333333333333 0.3422590657318517
10.044444444444444 0.34373823729045916
10.045555555555556 0.3419700534967478
10.046666666666667 0.343443272497514
10.046666666666667 0.343443272497514
10.046666666666667 0.343443272497514
10.046666666666667 0.343443272497514
10.046666666666667 0.343443272497514
10.047777777777778 0.3449066155884827
10.047777777777778 0.3449066155884827
10.04888888888889 0.3431336467656632
10.04888888888889 0.3431336467656632
10.05 0.34459113138750685
10.05 0.34459113138750685
10.051111111111112 0.34280932036956785
10.051111111111112 0.34280932036956785
10.051111111111112 0.34280932036956785
10.051111111111112 0.34280932036956785
10.051111111111112 0.34280932036956785
10.051111111111112 0.34280932036956785
10.052222222222222 0.34426099787195374
10.053333333333333 0.3457030044662596
10.053333333333333 0.3457030044662596
10.053333333333333 0.3457030044662596
10.053333333333333 0.3457030044662596
10.054444444444444 0.34713546067185547
10.054444444444444 0.34713546067185547
10.054444444444444 0.34713546067185547
10.054444444444444 0.34713546067185547
10.054444444444444 0.34713546067185547
10.054444444444444 0.34713546067185547
10.054444444444444 0.34713546067185547
10.054444444444444 0.34713546067185547
10.054444444444444 0.34713546067185547
10.054444444444444 0.34713546067185547
10.054444444444444 0.34713546067185547
10.055555555555555 0.3485584842352794
10.056666666666667 0.3467792378762405
10.056666666666667 0.3467792378762405
10.056666666666667 0.3467792378762405
10.056666666666667 0.3467792378762405
10.056666666666667 0.3467792378762405
10.056666666666667 0.3467792378762405
10.056666666666667 0.3467792378762405
10.056666666666667 0.3467792378762405
10.056666666666667 0.3467792378762405
10.056666666666667 0.3467792378762405
10.056666666666667 0.3467792378762405
10.057777777777778 0.34498723284972943
10.057777777777778 0.34498723284972943
10.057777777777778 0.34498723284972943
10.057777777777778 0.34498723284972943
10.057777777777778 0.34498723284972943
10.057777777777778 0.34498723284972943
10.057777777777778 0.34498723284972943
10.057777777777778 0.34498723284972943
10.057777777777778 0.34498723284972943
10.05888888888889 0.34318226928888895
10.05888888888889 0.34318226928888895
10.05888888888889 0.34318226928888895
10.05888888888889 0.34318226928888895
10.05888888888889 0.34318226928888895
10.05888888888889 0.34318226928888895
10.05888888888889 0.34318226928888895
10.05888888888889 0.34318226928888895
10.05888888888889 0.34318226928888895
10.05888888888889 0.34318226928888895
10.05888888888889 0.34318226928888895
10.05888888888889 0.34318226928888895
10.06 0.34460727110937284
10.06 0.34460727110937284
10.061111111111112 0.3460228327239152
10.062222222222223 0.34421252772701294
10.062222222222223 0.34421252772701294
10.062222222222223 0.34421252772701294
10.062222222222223 0.34421252772701294
10.063333333333333 0.3456225541604355
10.063333333333333 0.3456225541604355
10.063333333333333 0.3456225541604355
10.063333333333333 0.3456225541604355
10.063333333333333 0.3456225541604355
10.063333333333333 0.3456225541604355
10.063333333333333 0.3456225541604355
10.063333333333333 0.3456225541604355
10.063333333333333 0.3456225541604355
10.063333333333333 0.3456225541604355
10.063333333333333 0.3456225541604355
10.063333333333333 0.3456225541604355
10.063333333333333 0.3456225541604355
10.063333333333333 0.3456225541604355
10.063333333333333 0.3456225541604355
10.063333333333333 0.3456225541604355
10.064444444444444 0.3470232899420485
10.065555555555555 0.3484148471257884
10.065555555555555 0.3484148471257884
10.065555555555555 0.3484148471257884
10.065555555555555 0.3484148471257884
10.065555555555555 0.3484148471257884
10.065555555555555 0.3484148471257884
10.065555555555555 0.3484148471257884
10.066666666666666 0.3497973352540504
10.066666666666666 0.3497973352540504
10.066666666666666 0.3497973352540504
10.066666666666666 0.3497973352540504
10.066666666666666 0.3497973352540504
10.067777777777778 0.34798890760637574
10.067777777777778 0.34798890760637574
10.067777777777778 0.34798890760637574
10.067777777777778 0.34798890760637574
10.067777777777778 0.34798890760637574
10.067777777777778 0.34798890760637574
10.067777777777778 0.34798890760637574
10.067777777777778 0.34798890760637574
10.067777777777778 0.34798890760637574
10.067777777777778 0.34798890760637574
10.067777777777778 0.34798890760637574
10.067777777777778 0.34798890760637574
10.067777777777778 0.34798890760637574
10.067777777777778 0.34798890760637574
10.067777777777778 0.34798890760637574
10.067777777777778 0.34798890760637574
10.067777777777778 0.34798890760637574
10.067777777777778 0.34798890760637574
10.067777777777778 0.34798890760637574
10.067777777777778 0.34798890760637574
10.067777777777778 0.34798890760637574
10.067777777777778 0.34798890760637574
10.068888888888889 0.3493660059386846
10.07 0.3475482217004172
10.07 0.3475482217004172
10.07 0.3475482217004172
10.071111111111112 0.3489199749669153
10.071111111111112 0.3489199749669153
10.071111111111112 0.3489199749669153
10.071111111111112 0.3489199749669153
10.071111111111112 0.3489199749669153
10.072222222222223 0.3502828279724276
10.073333333333334 0.35163688420227107
10.073333333333334 0.35163688420227107
10.073333333333334 0.35163688420227107
10.074444444444444 0.3529822448909539
10.074444444444444 0.3529822448909539
10.075555555555555 0.35431900909024305
10.075555555555555 0.35431900909024305
10.075555555555555 0.35431900909024305
10.075555555555555 0.35431900909024305
10.075555555555555 0.35431900909024305
10.075555555555555 0.35431900909024305
10.075555555555555 0.35431900909024305
10.075555555555555 0.35431900909024305
10.076666666666666 0.35564727373452065
10.076666666666666 0.35564727373452065
10.076666666666666 0.35564727373452065
10.076666666666666 0.35564727373452065
10.076666666666666 0.35564727373452065
10.076666666666666 0.35564727373452065
10.078888888888889 0.35827868188322226
10.078888888888889 0.35827868188322226
10.078888888888889 0.35827868188322226
10.078888888888889 0.35827868188322226
10.078888888888889 0.35827868188322226
10.078888888888889 0.35827868188322226
10.08 0.35958200922329675
10.08 0.35958200922329675
10.08 0.35958200922329675
10.08 0.35958200922329675
10.08 0.35958200922329675
10.081111111111111 0.3608772047938353
10.081111111111111 0.3608772047938353
10.081111111111111 0.3608772047938353
10.081111111111111 0.3608772047938353
10.082222222222223 0.36216435583891526
10.082222222222223 0.36216435583891526
10.082222222222223 0.36216435583891526
10.082222222222223 0.36216435583891526
10.084444444444445 0.3616520956519659
10.084444444444445 0.3616520956519659
10.084444444444445 0.3616520956519659
10.084444444444445 0.3616520956519659
10.084444444444445 0.3616520956519659
10.085555555555555 0.3629262822431719
10.085555555555555 0.3629262822431719
10.085555555555555 0.3629262822431719
10.085555555555555 0.3629262822431719
10.085555555555555 0.3629262822431719
10.085555555555555 0.3629262822431719
10.086666666666666 0.36419261732482555
10.086666666666666 0.36419261732482555
10.086666666666666 0.36419261732482555
10.087777777777777 0.36545118251637804
10.087777777777777 0.36545118251637804
10.087777777777777 0.36545118251637804
10.087777777777777 0.36545118251637804
10.088888888888889 0.3667020578194167
10.09 0.36794532166211363
10.09 0.36794532166211363
10.09 0.36794532166211363
10.09 0.36794532166211363
10.09 0.36794532166211363
10.09 0.36794532166211363
10.09 0.36794532166211363
10.09 0.36794532166211363
10.09 0.36794532166211363
10.09 0.36794532166211363
10.09 0.36794532166211363
10.09 0.36794532166211363
10.09 0.36794532166211363
10.09 0.36794532166211363
10.09 0.36794532166211363
10.09 0.36794532166211363
10.09 0.36794532166211363
10.09 0.36794532166211363
10.09 0.36794532166211363
10.091111111111111 0.3661556421389316
10.091111111111111 0.3661556421389316
10.091111111111111 0.3661556421389316
10.091111111111111 0.3661556421389316
10.091111111111111 0.3661556421389316
10.091111111111111 0.3661556421389316
10.091111111111111 0.3661556421389316
10.091111111111111 0.3661556421389316
10.091111111111111 0.3661556421389316
10.091111111111111 0.3661556421389316
10.091111111111111 0.3661556421389316
10.092222222222222 0.36739402693775036
10.092222222222222 0.36739402693775036
10.092222222222222 0.36739402693775036
10.092222222222222 0.36739402693775036
10.093333333333334 0.3686248986524961
10.094444444444445 0.3698483322948023
10.094444444444445 0.3698483322948023
10.094444444444445 0.3698483322948023
10.094444444444445 0.3698483322948023
10.094444444444445 0.3698483322948023
10.094444444444445 0.3698483322948023
10.094444444444445 0.3698483322948023
10.094444444444445 0.3698483322948023
10.094444444444445 0.3698483322948023
10.095555555555556 0.3710644014367246
10.095555555555556 0.3710644014367246
10.095555555555556 0.3710644014367246
10.095555555555556 0.3710644014367246
10.095555555555556 0.3710644014367246
10.095555555555556 0.3710644014367246
10.095555555555556 0.3710644014367246
10.095555555555556 0.3710644014367246
10.096666666666666 0.37227317824898415
10.096666666666666 0.37227317824898415
10.096666666666666 0.37227317824898415
10.096666666666666 0.37227317824898415
10.097777777777777 0.3734747335379965
10.098888888888888 0.37168840169158296
10.1 0.3728852122772392
10.1 0.3728852122772392
10.1 0.3728852122772392
10.1 0.3728852122772392
10.1 0.3728852122772392
10.102222222222222 0.3752575023287455
10.103333333333333 0.3734664601880942
10.103333333333333 0.3734664601880942
10.103333333333333 0.3734664601880942
10.103333333333333 0.3734664601880942
10.103333333333333 0.3734664601880942
10.103333333333333 0.3734664601880942
10.104444444444445 0.3746443953124955
10.104444444444445 0.3746443953124955
10.104444444444445 0.3746443953124955
10.104444444444445 0.3746443953124955
10.104444444444445 0.3746443953124955
10.105555555555556 0.37581534975353414
10.105555555555556 0.37581534975353414
10.105555555555556 0.37581534975353414
10.105555555555556 0.37581534975353414
10.105555555555556 0.37581534975353414
10.105555555555556 0.37581534975353414
10.105555555555556 0.37581534975353414
10.105555555555556 0.37581534975353414
10.105555555555556 0.37581534975353414
10.106666666666667 0.37697938856034935
10.106666666666667 0.37697938856034935
10.106666666666667 0.37697938856034935
10.107777777777779 0.37813657559928504
10.107777777777779 0.37813657559928504
10.107777777777779 0.37813657559928504
10.107777777777779 0.37813657559928504
10.107777777777779 0.37813657559928504
10.108888888888888 0.37928697358365143
10.108888888888888 0.37928697358365143
10.108888888888888 0.37928697358365143
10.108888888888888 0.37928697358365143
10.11 0.3774954050947277
10.11 0.3774954050947277
10.11 0.3774954050947277
10.11 0.3774954050947277
10.11 0.3774954050947277
10.11 0.3774954050947277
10.11 0.3774954050947277
10.11111111111111 0.37864122283137486
10.11111111111111 0.37864122283137486
10.11111111111111 0.37864122283137486
10.11111111111111 0.37864122283137486
10.11111111111111 0.37864122283137486
10.11111111111111 0.37864122283137486
10.11111111111111 0.37864122283137486
10.11111111111111 0.37864122283137486
10.112222222222222 0.3797803292753777
10.112222222222222 0.3797803292753777
10.112222222222222 0.3797803292753777
10.112222222222222 0.3797803292753777
10.112222222222222 0.3797803292753777
10.112222222222222 0.3797803292753777
10.112222222222222 0.3797803292753777
10.113333333333333 0.3809127846363822
10.113333333333333 0.3809127846363822
10.113333333333333 0.3809127846363822
10.113333333333333 0.3809127846363822
10.113333333333333 0.3809127846363822
10.113333333333333 0.3809127846363822
10.114444444444445 0.37911585895011035
10.114444444444445 0.37911585895011035
10.114444444444445 0.37911585895011035
10.114444444444445 0.37911585895011035
10.115555555555556 0.3802437925038808
10.115555555555556 0.3802437925038808
10.116666666666667 0.37843715856281074
10.116666666666667 0.37843715856281074
10.116666666666667 0.37843715856281074
10.117777777777778 0.3795605965411441
10.117777777777778 0.3795605965411441
10.117777777777778 0.3795605965411441
10.117777777777778 0.3795605965411441
10.117777777777778 0.3795605965411441
10.117777777777778 0.3795605965411441
10.117777777777778 0.3795605965411441
10.12 0.3788631199077694
10.12 0.3788631199077694
10.12 0.3788631199077694
10.12 0.3788631199077694
10.12 0.3788631199077694
10.12 0.3788631199077694
10.12 0.3788631199077694
10.12 0.3788631199077694
10.12111111111111 0.37997554058757277
10.12111111111111 0.37997554058757277
10.122222222222222 0.38108147079205784
10.122222222222222 0.38108147079205784
10.122222222222222 0.38108147079205784
10.122222222222222 0.38108147079205784
10.122222222222222 0.38108147079205784
10.122222222222222 0.38108147079205784
10.122222222222222 0.38108147079205784
10.122222222222222 0.38108147079205784
10.122222222222222 0.38108147079205784
10.122222222222222 0.38108147079205784
10.122222222222222 0.38108147079205784
10.123333333333333 0.38218096686639114
10.123333333333333 0.38218096686639114
10.123333333333333 0.38218096686639114
10.123333333333333 0.38218096686639114
10.124444444444444 0.38327408418320746
10.125555555555556 0.38436087716583506
10.125555555555556 0.38436087716583506
10.126666666666667 0.38544139931066057
10.126666666666667 0.38544139931066057
10.126666666666667 0.38544139931066057
10.126666666666667 0.38544139931066057
10.126666666666667 0.38544139931066057
10.126666666666667 0.38544139931066057
10.126666666666667 0.38544139931066057
10.126666666666667 0.38544139931066057
10.126666666666667 0.38544139931066057
10.126666666666667 0.38544139931066057
10.126666666666667 0.38544139931066057
10.126666666666667 0.38544139931066057
10.126666666666667 0.38544139931066057
10.126666666666667 0.38544139931066057
10.126666666666667 0.38544139931066057
10.127777777777778 0.3865157032089301
10.127777777777778 0.3865157032089301
10.127777777777778 0.3865157032089301
10.127777777777778 0.3865157032089301
10.127777777777778 0.3865157032089301
10.12888888888889 0.3875838405678011
10.12888888888889 0.3875838405678011
10.13 0.38864586223082864
10.13 0.38864586223082864
10.13 0.38864586223082864
10.13 0.38864586223082864
10.13111111111111 0.38970181819778904
10.13111111111111 0.38970181819778904
10.132222222222222 0.38789462744060005
10.132222222222222 0.38789462744060005
10.132222222222222 0.38789462744060005
10.132222222222222 0.38789462744060005
10.132222222222222 0.38789462744060005
10.132222222222222 0.38789462744060005
10.132222222222222 0.38789462744060005
10.132222222222222 0.38789462744060005
10.132222222222222 0.38789462744060005
10.132222222222222 0.38789462744060005
10.132222222222222 0.38789462744060005
10.132222222222222 0.38789462744060005
10.132222222222222 0.38789462744060005
10.132222222222222 0.38789462744060005
10.132222222222222 0.38789462744060005
10.132222222222222 0.38789462744060005
10.132222222222222 0.38789462744060005
10.132222222222222 0.38789462744060005
10.132222222222222 0.38789462744060005
10.132222222222222 0.38789462744060005
10.133333333333333 0.3889462676387634
10.133333333333333 0.3889462676387634
10.134444444444444 0.3899919029167464
10.134444444444444 0.3899919029167464
10.134444444444444 0.3899919029167464
10.135555555555555 0.391031581446805
10.135555555555555 0.391031581446805
10.135555555555555 0.391031581446805
10.135555555555555 0.391031581446805
10.135555555555555 0.391031581446805
10.135555555555555 0.391031581446805
10.135555555555555 0.391031581446805
10.135555555555555 0.391031581446805
10.136666666666667 0.3892178632206609
10.137777777777778 0.39025326985630987
10.137777777777778 0.39025326985630987
10.137777777777778 0.39025326985630987
10.137777777777778 0.39025326985630987
10.137777777777778 0.39025326985630987
10.137777777777778 0.39025326985630987
10.137777777777778 0.39025326985630987
10.137777777777778 0.39025326985630987
10.137777777777778 0.39025326985630987
10.137777777777778 0.39025326985630987
10.137777777777778 0.39025326985630987
10.13888888888889 0.39128277796842786
10.13888888888889 0.39128277796842786
10.13888888888889 0.39128277796842786
10.13888888888889 0.39128277796842786
10.13888888888889 0.39128277796842786
10.13888888888889 0.39128277796842786
10.13888888888889 0.39128277796842786
10.13888888888889 0.39128277796842786
10.13888888888889 0.39128277796842786
10.13888888888889 0.39128277796842786
10.13888888888889 0.39128277796842786
10.13888888888889 0.39128277796842786
10.13888888888889 0.39128277796842786
10.14 0.3923064339945259
10.14 0.3923064339945259
10.14 0.3923064339945259
10.142222222222221 0.39433637182500664
10.142222222222221 0.39433637182500664
10.142222222222221 0.39433637182500664
10.142222222222221 0.39433637182500664
10.142222222222221 0.39433637182500664
10.142222222222221 0.39433637182500664
10.142222222222221 0.39433637182500664
10.142222222222221 0.39433637182500664
10.142222222222221 0.39433637182500664
10.142222222222221 0.39433637182500664
10.142222222222221 0.39433637182500664
10.142222222222221 0.39433637182500664
10.143333333333333 0.39251903165495927
10.143333333333333 0.39251903165495927
10.143333333333333 0.39251903165495927
10.143333333333333 0.39251903165495927
10.143333333333333 0.39251903165495927
10.143333333333333 0.39251903165495927
10.143333333333333 0.39251903165495927
10.143333333333333 0.39251903165495927
10.143333333333333 0.39251903165495927
10.144444444444444 0.39352690950023494
10.144444444444444 0.39352690950023494
10.144444444444444 0.39352690950023494
10.144444444444444 0.39352690950023494
10.144444444444444 0.39352690950023494
10.145555555555555 0.3945290799268482
10.146666666666667 0.3955255863186415
10.146666666666667 0.3955255863186415
10.146666666666667 0.3955255863186415
10.146666666666667 0.3955255863186415
10.146666666666667 0.3955255863186415
10.148888888888889 0.39750177714728757
10.151111111111112 0.3994558157148815
10.151111111111112 0.3994558157148815
10.152222222222223 0.40042462938926743
10.152222222222223 0.40042462938926743
10.152222222222223 0.40042462938926743
10.152222222222223 0.40042462938926743
10.152222222222223 0.40042462938926743
10.153333333333334 0.40138802554669895
10.153333333333334 0.40138802554669895
10.154444444444444 0.3995718262041666
10.154444444444444 0.3995718262041666
10.154444444444444 0.3995718262041666
10.154444444444444 0.3995718262041666
10.154444444444444 0.3995718262041666
10.154444444444444 0.3995718262041666
10.154444444444444 0.3995718262041666
10.154444444444444 0.3995718262041666
10.154444444444444 0.3995718262041666
10.154444444444444 0.3995718262041666
10.154444444444444 0.3995718262041666
10.154444444444444 0.3995718262041666
10.154444444444444 0.3995718262041666
10.154444444444444 0.3995718262041666
10.154444444444444 0.3995718262041666
10.154444444444444 0.3995718262041666
10.154444444444444 0.3995718262041666
10.154444444444444 0.3995718262041666
10.154444444444444 0.3995718262041666
10.154444444444444 0.3995718262041666
10.154444444444444 0.3995718262041666
10.155555555555555 0.40053110211593596
10.156666666666666 0.4014850076228751
10.156666666666666 0.4014850076228751
10.156666666666666 0.4014850076228751
10.156666666666666 0.4014850076228751
10.156666666666666 0.4014850076228751
10.156666666666666 0.4014850076228751
10.156666666666666 0.4014850076228751
10.157777777777778 0.40243358091409126
10.157777777777778 0.40243358091409126
10.157777777777778 0.40243358091409126
10.157777777777778 0.40243358091409126
10.157777777777778 0.40243358091409126
10.157777777777778 0.40243358091409126
10.157777777777778 0.40243358091409126
10.157777777777778 0.40243358091409126
10.157777777777778 0.40243358091409126
10.157777777777778 0.40243358091409126
10.157777777777778 0.40243358091409126
10.16 0.40431488075893646
10.16 0.40431488075893646
10.16 0.40431488075893646
10.16 0.40431488075893646
10.16 0.40431488075893646
10.161111111111111 0.4052476808786126
10.161111111111111 0.4052476808786126
10.161111111111111 0.4052476808786126
10.161111111111111 0.4052476808786126
10.161111111111111 0.4052476808786126
10.162222222222223 0.40342741221312806
10.162222222222223 0.40342741221312806
10.162222222222223 0.40342741221312806
10.162222222222223 0.40342741221312806
10.162222222222223 0.40342741221312806
10.162222222222223 0.40342741221312806
10.162222222222223 0.40342741221312806
10.162222222222223 0.40342741221312806
10.163333333333334 0.40435614650291396
10.163333333333334 0.40435614650291396
10.164444444444445 0.40527970294853
10.164444444444445 0.40527970294853
10.164444444444445 0.40527970294853
10.164444444444445 0.40527970294853
10.164444444444445 0.40527970294853
10.164444444444445 0.40527970294853
10.164444444444445 0.40527970294853
10.164444444444445 0.40527970294853
10.164444444444445 0.40527970294853
10.164444444444445 0.40527970294853
10.164444444444445 0.40527970294853
10.166666666666666 0.40711142306469783
10.166666666666666 0.40711142306469783
10.167777777777777 0.4080196558379454
10.167777777777777 0.4080196558379454
10.167777777777777 0.4080196558379454
10.167777777777777 0.4080196558379454
10.167777777777777 0.4080196558379454
10.167777777777777 0.4080196558379454
10.168888888888889 0.408922848992482
10.168888888888889 0.408922848992482
10.168888888888889 0.408922848992482
10.168888888888889 0.408922848992482
10.168888888888889 0.408922848992482
10.168888888888889 0.408922848992482
10.168888888888889 0.408922848992482
10.168888888888889 0.408922848992482
10.168888888888889 0.408922848992482
10.168888888888889 0.408922848992482
10.168888888888889 0.408922848992482
10.168888888888889 0.408922848992482
10.168888888888889 0.408922848992482
10.17 0.40982103584833296
10.17 0.40982103584833296
10.17 0.40982103584833296
10.171111111111111 0.4107142492501847
10.171111111111111 0.4107142492501847
10.171111111111111 0.4107142492501847
10.171111111111111 0.4107142492501847
10.171111111111111 0.4107142492501847
10.171111111111111 0.4107142492501847
10.171111111111111 0.4107142492501847
10.171111111111111 0.4107142492501847
10.171111111111111 0.4107142492501847
10.171111111111111 0.4107142492501847
10.172222222222222 0.40889111223353325
10.173333333333334 0.4097803204306396
10.173333333333334 0.4097803204306396
10.173333333333334 0.4097803204306396
10.173333333333334 0.4097803204306396
10.173333333333334 0.4097803204306396
10.173333333333334 0.4097803204306396
10.173333333333334 0.4097803204306396
10.173333333333334 0.4097803204306396
10.173333333333334 0.4097803204306396
10.173333333333334 0.4097803204306396
10.173333333333334 0.4097803204306396
10.174444444444445 0.4106645936510219
10.175555555555556 0.4115439637056314
10.175555555555556 0.4115439637056314
10.175555555555556 0.4115439637056314
10.175555555555556 0.4115439637056314
10.175555555555556 0.4115439637056314
10.175555555555556 0.4115439637056314
10.175555555555556 0.4115439637056314
10.175555555555556 0.4115439637056314
10.175555555555556 0.4115439637056314
10.176666666666666 0.4124184619584579
10.176666666666666 0.4124184619584579
10.176666666666666 0.4124184619584579
10.176666666666666 0.4124184619584579
10.176666666666666 0.4124184619584579
10.176666666666666 0.4124184619584579
10.176666666666666 0.4124184619584579
10.177777777777777 0.413288119335033
10.177777777777777 0.413288119335033
10.177777777777777 0.413288119335033
10.177777777777777 0.413288119335033
10.177777777777777 0.413288119335033
10.177777777777777 0.413288119335033
10.177777777777777 0.413288119335033
10.177777777777777 0.413288119335033
10.177777777777777 0.413288119335033
10.177777777777777 0.413288119335033
10.177777777777777 0.413288119335033
10.177777777777777 0.413288119335033
10.178888888888888 0.4141529663306236
10.178888888888888 0.4141529663306236
10.178888888888888 0.4141529663306236
10.178888888888888 0.4141529663306236
10.18 0.41501303301833975
10.18 0.41501303301833975
10.181111111111111 0.41586834905697306
10.181111111111111 0.41586834905697306
10.181111111111111 0.41586834905697306
10.182222222222222 0.4167189436986609
10.183333333333334 0.4175648457963583
10.183333333333334 0.4175648457963583
10.183333333333334 0.4175648457963583
10.183333333333334 0.4175648457963583
10.183333333333334 0.4175648457963583
10.183333333333334 0.4175648457963583
10.183333333333334 0.4175648457963583
10.183333333333334 0.4175648457963583
10.183333333333334 0.4175648457963583
10.183333333333334 0.4175648457963583
10.183333333333334 0.4175648457963583
10.183333333333334 0.4175648457963583
10.183333333333334 0.4175648457963583
10.183333333333334 0.4175648457963583
10.184444444444445 0.41840608381119043
10.184444444444445 0.41840608381119043
10.184444444444445 0.41840608381119043
10.184444444444445 0.41840608381119043
10.184444444444445 0.41840608381119043
10.184444444444445 0.41840608381119043
10.184444444444445 0.41840608381119043
10.184444444444445 0.41840608381119043
10.184444444444445 0.41840608381119043
10.184444444444445 0.41840608381119043
10.184444444444445 0.41840608381119043
10.184444444444445 0.41840608381119043
10.184444444444445 0.41840608381119043
10.184444444444445 0.41840608381119043
10.184444444444445 0.41840608381119043
10.184444444444445 0.41840608381119043
10.184444444444445 0.41840608381119043
10.184444444444445 0.41840608381119043
10.184444444444445 0.41840608381119043
10.184444444444445 0.41840608381119043
10.184444444444445 0.41840608381119043
10.184444444444445 0.41840608381119043
10.184444444444445 0.41840608381119043
10.184444444444445 0.41840608381119043
10.184444444444445 0.41840608381119043
10.184444444444445 0.41840608381119043
10.184444444444445 0.41840608381119043
10.184444444444445 0.41840608381119043
10.184444444444445 0.41840608381119043
10.184444444444445 0.41840608381119043
10.184444444444445 0.41840608381119043
10.184444444444445 0.41840608381119043
10.184444444444445 0.41840608381119043
10.184444444444445 0.41840608381119043
10.184444444444445 0.41840608381119043
10.184444444444445 0.41840608381119043
10.184444444444445 0.41840608381119043
10.184444444444445 0.41840608381119043
10.184444444444445 0.41840608381119043
10.184444444444445 0.41840608381119043
10.185555555555556 0.41658100713857554
10.185555555555556 0.41658100713857554
10.186666666666667 0.4174183061021504
10.186666666666667 0.4174183061021504
10.186666666666667 0.4174183061021504
10.186666666666667 0.4174183061021504
10.186666666666667 0.4174183061021504
10.186666666666667 0.4174183061021504
10.186666666666667 0.4174183061021504
10.186666666666667 0.4174183061021504
10.186666666666667 0.4174183061021504
10.186666666666667 0.4174183061021504
10.186666666666667 0.4174183061021504
10.186666666666667 0.4174183061021504
10.186666666666667 0.4174183061021504
10.186666666666667 0.4174183061021504
10.187777777777777 0.4182509738750773
10.187777777777777 0.4182509738750773
10.187777777777777 0.4182509738750773
10.188888888888888 0.41641631336777213
10.19 0.4172450564744818
10.19 0.4172450564744818
10.19 0.4172450564744818
10.19 0.4172450564744818
10.19 0.4172450564744818
10.19111111111111 0.4154000027432275
10.192222222222222 0.4162248306240038
10.192222222222222 0.4162248306240038
10.193333333333333 0.4170450636256823
10.193333333333333 0.4170450636256823
10.193333333333333 0.4170450636256823
10.193333333333333 0.4170450636256823
10.193333333333333 0.4170450636256823
10.193333333333333 0.4170450636256823
10.193333333333333 0.4170450636256823
10.193333333333333 0.4170450636256823
10.193333333333333 0.4170450636256823
10.193333333333333 0.4170450636256823
10.193333333333333 0.4170450636256823
10.193333333333333 0.4170450636256823
10.193333333333333 0.4170450636256823
10.193333333333333 0.4170450636256823
10.193333333333333 0.4170450636256823
10.193333333333333 0.4170450636256823
10.193333333333333 0.4170450636256823
10.193333333333333 0.4170450636256823
10.193333333333333 0.4170450636256823
10.193333333333333 0.4170450636256823
10.193333333333333 0.4170450636256823
10.194444444444445 0.41786072880659714
10.194444444444445 0.41786072880659714
10.195555555555556 0.4186718528641108
10.195555555555556 0.4186718528641108
10.195555555555556 0.4186718528641108
10.195555555555556 0.4186718528641108
10.195555555555556 0.4186718528641108
10.195555555555556 0.4186718528641108
10.195555555555556 0.4186718528641108
10.195555555555556 0.4186718528641108
10.195555555555556 0.4186718528641108
10.195555555555556 0.4186718528641108
10.195555555555556 0.4186718528641108
10.195555555555556 0.4186718528641108
10.195555555555556 0.4186718528641108
10.195555555555556 0.4186718528641108
10.196666666666667 0.4168182890609031
10.196666666666667 0.4168182890609031
10.196666666666667 0.4168182890609031
10.196666666666667 0.4168182890609031
10.196666666666667 0.4168182890609031
10.196666666666667 0.4168182890609031
10.198888888888888 0.4184282376797191
10.198888888888888 0.4184282376797191
10.2 0.41656468904088395
10.2 0.41656468904088395
10.2 0.41656468904088395
10.2 0.41656468904088395
10.2 0.41656468904088395
10.20111111111111 0.4173635255337124
10.20111111111111 0.4173635255337124
10.20111111111111 0.4173635255337124
10.20111111111111 0.4173635255337124
10.20111111111111 0.4173635255337124
10.20111111111111 0.4173635255337124
10.20111111111111 0.4173635255337124
10.20111111111111 0.4173635255337124
10.20111111111111 0.4173635255337124
10.20111111111111 0.4173635255337124
10.20111111111111 0.4173635255337124
10.20111111111111 0.4173635255337124
10.20111111111111 0.4173635255337124
10.20111111111111 0.4173635255337124
10.20111111111111 0.4173635255337124
10.20111111111111 0.4173635255337124
10.20111111111111 0.4173635255337124
10.20111111111111 0.4173635255337124
10.20111111111111 0.4173635255337124
10.20111111111111 0.4173635255337124
10.20111111111111 0.4173635255337124
10.20111111111111 0.4173635255337124
10.20111111111111 0.4173635255337124
10.20111111111111 0.4173635255337124
10.202222222222222 0.41815788029616996
10.202222222222222 0.41815788029616996
10.202222222222222 0.41815788029616996
10.202222222222222 0.41815788029616996
10.202222222222222 0.41815788029616996
10.202222222222222 0.41815788029616996
10.202222222222222 0.41815788029616996
10.202222222222222 0.41815788029616996
10.202222222222222 0.41815788029616996
10.202222222222222 0.41815788029616996
10.202222222222222 0.41815788029616996
10.202222222222222 0.41815788029616996
10.202222222222222 0.41815788029616996
10.202222222222222 0.41815788029616996
10.202222222222222 0.41815788029616996
10.202222222222222 0.41815788029616996
10.203333333333333 0.4189477788213081
10.203333333333333 0.4189477788213081
10.203333333333333 0.4189477788213081
10.203333333333333 0.4189477788213081
10.203333333333333 0.4189477788213081
10.203333333333333 0.4189477788213081
10.203333333333333 0.4189477788213081
10.203333333333333 0.4189477788213081
10.203333333333333 0.4189477788213081
10.203333333333333 0.4189477788213081
10.203333333333333 0.4189477788213081
10.203333333333333 0.4189477788213081
10.203333333333333 0.4189477788213081
10.203333333333333 0.4189477788213081
10.203333333333333 0.4189477788213081
10.203333333333333 0.4189477788213081
10.204444444444444 0.4197332462677832
10.204444444444444 0.4197332462677832
10.204444444444444 0.4197332462677832
10.205555555555556 0.4205143074656764
10.205555555555556 0.4205143074656764
10.205555555555556 0.4205143074656764
10.205555555555556 0.4205143074656764
10.205555555555556 0.4205143074656764
10.205555555555556 0.4205143074656764
10.205555555555556 0.4205143074656764
10.206666666666667 0.4212909869221625
10.207777777777778 0.42206330882701887
10.207777777777778 0.42206330882701887
10.20888888888889 0.4228312970581081
10.20888888888889 0.4228312970581081
10.20888888888889 0.4228312970581081
10.20888888888889 0.4228312970581081
10.20888888888889 0.4228312970581081
10.21 0.4235949751866055
10.21 0.4235949751866055
10.21 0.4235949751866055
10.21 0.4235949751866055
10.21 0.4235949751866055
10.21111111111111 0.4217249509430607
10.21111111111111 0.4217249509430607
10.21111111111111 0.4217249509430607
10.21111111111111 0.4217249509430607
10.21111111111111 0.4217249509430607
10.21111111111111 0.4217249509430607
10.21111111111111 0.4217249509430607
10.21111111111111 0.4217249509430607
10.21111111111111 0.4217249509430607
10.21111111111111 0.4217249509430607
10.21111111111111 0.4217249509430607
10.21111111111111 0.4217249509430607
10.21111111111111 0.4217249509430607
10.21111111111111 0.4217249509430607
10.21111111111111 0.4217249509430607
10.21111111111111 0.4217249509430607
10.21111111111111 0.4217249509430607
10.21111111111111 0.4217249509430607
10.21111111111111 0.4217249509430607
10.21111111111111 0.4217249509430607
10.21111111111111 0.4217249509430607
10.21111111111111 0.4217249509430607
10.21111111111111 0.4217249509430607
10.21111111111111 0.4217249509430607
10.212222222222222 0.4224847780864348
10.212222222222222 0.4224847780864348
10.212222222222222 0.4224847780864348
10.212222222222222 0.4224847780864348
10.212222222222222 0.4224847780864348
10.212222222222222 0.4224847780864348
10.212222222222222 0.4224847780864348
10.212222222222222 0.4224847780864348
10.213333333333333 0.4206039410118088
10.213333333333333 0.4206039410118088
10.213333333333333 0.4206039410118088
10.214444444444444 0.4213599232209931
10.214444444444444 0.4213599232209931
10.215555555555556 0.4221116235270015
10.215555555555556 0.4221116235270015
10.215555555555556 0.4221116235270015
10.215555555555556 0.4221116235270015
10.215555555555556 0.4221116235270015
10.215555555555556 0.4221116235270015
10.215555555555556 0.4221116235270015
10.215555555555556 0.4221116235270015
10.215555555555556 0.4221116235270015
10.216666666666667 0.42285906476515567
10.216666666666667 0.42285906476515567
10.216666666666667 0.42285906476515567
10.216666666666667 0.42285906476515567
10.216666666666667 0.42285906476515567
10.216666666666667 0.42285906476515567
10.216666666666667 0.42285906476515567
10.216666666666667 0.42285906476515567
10.216666666666667 0.42285906476515567
10.216666666666667 0.42285906476515567
10.217777777777778 0.42360226948068397
10.217777777777778 0.42360226948068397
10.21888888888889 0.42434125993351746
10.22 0.4250760581030295
10.22 0.4250760581030295
10.22 0.4250760581030295
10.221111111111112 0.4258066856926096
10.222222222222221 0.42653316413415326
10.222222222222221 0.42653316413415326
10.222222222222221 0.42653316413415326
10.222222222222221 0.42653316413415326
10.222222222222221 0.42653316413415326
10.222222222222221 0.42653316413415326
10.222222222222221 0.42653316413415326
10.222222222222221 0.42653316413415326
10.222222222222221 0.42653316413415326
10.222222222222221 0.42653316413415326
10.222222222222221 0.42653316413415326
10.222222222222221 0.42653316413415326
10.222222222222221 0.42653316413415326
10.222222222222221 0.42653316413415326
10.222222222222221 0.42653316413415326
10.222222222222221 0.42653316413415326
10.222222222222221 0.42653316413415326
10.222222222222221 0.42653316413415326
10.222222222222221 0.42653316413415326
10.222222222222221 0.42653316413415326
10.222222222222221 0.42653316413415326
10.222222222222221 0.42653316413415326
10.223333333333333 0.4272555145925201
10.223333333333333 0.4272555145925201
10.223333333333333 0.4272555145925201
10.224444444444444 0.42797375796982495
10.224444444444444 0.42797375796982495
10.224444444444444 0.42797375796982495
10.224444444444444 0.42797375796982495
10.224444444444444 0.42797375796982495
10.224444444444444 0.42797375796982495
10.224444444444444 0.42797375796982495
10.224444444444444 0.42797375796982495
10.224444444444444 0.42797375796982495
10.224444444444444 0.42797375796982495
10.224444444444444 0.42797375796982495
10.224444444444444 0.42797375796982495
10.224444444444444 0.42797375796982495
10.224444444444444 0.42797375796982495
10.224444444444444 0.42797375796982495
10.224444444444444 0.42797375796982495
10.224444444444444 0.42797375796982495
10.224444444444444 0.42797375796982495
10.224444444444444 0.42797375796982495
10.224444444444444 0.42797375796982495
10.224444444444444 0.42797375796982495
10.225555555555555 0.4286879149096297
10.225555555555555 0.4286879149096297
10.225555555555555 0.4286879149096297
10.225555555555555 0.4286879149096297
10.225555555555555 0.4286879149096297
10.225555555555555 0.4286879149096297
10.225555555555555 0.4286879149096297
10.225555555555555 0.4286879149096297
10.225555555555555 0.4286879149096297
10.226666666666667 0.42939800580112863
10.226666666666667 0.42939800580112863
10.226666666666667 0.42939800580112863
10.226666666666667 0.42939800580112863
10.226666666666667 0.42939800580112863
10.226666666666667 0.42939800580112863
10.226666666666667 0.42939800580112863
10.226666666666667 0.42939800580112863
10.226666666666667 0.42939800580112863
10.226666666666667 0.42939800580112863
10.226666666666667 0.42939800580112863
10.226666666666667 0.42939800580112863
10.226666666666667 0.42939800580112863
10.226666666666667 0.42939800580112863
10.226666666666667 0.42939800580112863
10.226666666666667 0.42939800580112863
10.226666666666667 0.42939800580112863
10.226666666666667 0.42939800580112863
10.227777777777778 0.42751000034560876
10.227777777777778 0.42751000034560876
10.22888888888889 0.425610715939675
10.22888888888889 0.425610715939675
10.22888888888889 0.425610715939675
10.22888888888889 0.425610715939675
10.23 0.42631723501645685
10.23 0.42631723501645685
10.23 0.42631723501645685
10.23 0.42631723501645685
10.231111111111112 0.42701969080961955
10.231111111111112 0.42701969080961955
10.231111111111112 0.42701969080961955
10.231111111111112 0.42701969080961955
10.232222222222223 0.42771810333894666
10.232222222222223 0.42771810333894666
10.232222222222223 0.42771810333894666
10.233333333333333 0.42841249237883994
10.233333333333333 0.42841249237883994
10.233333333333333 0.42841249237883994
10.233333333333333 0.42841249237883994
10.233333333333333 0.42841249237883994
10.233333333333333 0.42841249237883994
10.233333333333333 0.42841249237883994
10.233333333333333 0.42841249237883994
10.233333333333333 0.42841249237883994
10.234444444444444 0.42910287746215203
10.234444444444444 0.42910287746215203
10.234444444444444 0.42910287746215203
10.234444444444444 0.42910287746215203
10.235555555555555 0.42978927788395144
10.235555555555555 0.42978927788395144
10.235555555555555 0.42978927788395144
10.235555555555555 0.42978927788395144
10.235555555555555 0.42978927788395144
10.235555555555555 0.42978927788395144
10.235555555555555 0.42978927788395144
10.236666666666666 0.4304717127052291
10.236666666666666 0.4304717127052291
10.236666666666666 0.4304717127052291
10.236666666666666 0.4304717127052291
10.236666666666666 0.4304717127052291
10.236666666666666 0.4304717127052291
10.236666666666666 0.4304717127052291
10.236666666666666 0.4304717127052291
10.236666666666666 0.4304717127052291
10.236666666666666 0.4304717127052291
10.236666666666666 0.4304717127052291
10.236666666666666 0.4304717127052291
10.236666666666666 0.4304717127052291
10.236666666666666 0.4304717127052291
10.236666666666666 0.4304717127052291
10.236666666666666 0.4304717127052291
10.236666666666666 0.4304717127052291
10.236666666666666 0.4304717127052291
10.236666666666666 0.4304717127052291
10.236666666666666 0.4304717127052291
10.236666666666666 0.4304717127052291
10.236666666666666 0.4304717127052291
10.236666666666666 0.4304717127052291
10.236666666666666 0.4304717127052291
10.236666666666666 0.4304717127052291
10.236666666666666 0.4304717127052291
10.236666666666666 0.4304717127052291
10.236666666666666 0.4304717127052291
10.236666666666666 0.4304717127052291
10.236666666666666 0.4304717127052291
10.236666666666666 0.4304717127052291
10.236666666666666 0.4304717127052291
10.236666666666666 0.4304717127052291
10.236666666666666 0.4304717127052291
10.236666666666666 0.4304717127052291
10.236666666666666 0.4304717127052291
10.236666666666666 0.4304717127052291
10.236666666666666 0.4304717127052291
10.236666666666666 0.4304717127052291
10.236666666666666 0.4304717127052291
10.236666666666666 0.4304717127052291
10.236666666666666 0.4304717127052291
10.236666666666666 0.4304717127052291
10.236666666666666 0.4304717127052291
10.236666666666666 0.4304717127052291
10.236666666666666 0.4304717127052291
10.236666666666666 0.4304717127052291
10.236666666666666 0.4304717127052291
10.236666666666666 0.4304717127052291
10.237777777777778 0.4311502007565473
10.237777777777778 0.4311502007565473
10.238888888888889 0.4318247606415189
10.238888888888889 0.4318247606415189
10.238888888888889 0.4318247606415189
10.238888888888889 0.4318247606415189
10.238888888888889 0.4318247606415189
10.238888888888889 0.4318247606415189
10.238888888888889 0.4318247606415189
10.238888888888889 0.4318247606415189
10.238888888888889 0.4318247606415189
10.238888888888889 0.4318247606415189
10.24 0.4324954107403431
10.24 0.4324954107403431
10.24 0.4324954107403431
10.24 0.4324954107403431
10.24 0.4324954107403431
10.24 0.4324954107403431
10.24 0.4324954107403431
10.24 0.4324954107403431
10.241111111111111 0.4331621692131913
10.241111111111111 0.4331621692131913
10.241111111111111 0.4331621692131913
10.241111111111111 0.4331621692131913
10.241111111111111 0.4331621692131913
10.241111111111111 0.4331621692131913
10.242222222222223 0.43382505400351073
10.242222222222223 0.43382505400351073
10.242222222222223 0.43382505400351073
10.242222222222223 0.43382505400351073
10.242222222222223 0.43382505400351073
10.242222222222223 0.43382505400351073
10.242222222222223 0.43382505400351073
10.242222222222223 0.43382505400351073
10.244444444444444 0.4351392732465019
10.244444444444444 0.4351392732465019
10.244444444444444 0.4351392732465019
10.244444444444444 0.4351392732465019
10.244444444444444 0.4351392732465019
10.244444444444444 0.4351392732465019
10.244444444444444 0.4351392732465019
10.245555555555555 0.4357906425316593
10.245555555555555 0.4357906425316593
10.245555555555555 0.4357906425316593
10.245555555555555 0.4357906425316593
10.245555555555555 0.4357906425316593
10.245555555555555 0.4357906425316593
10.245555555555555 0.4357906425316593
10.245555555555555 0.4357906425316593
10.245555555555555 0.4357906425316593
10.245555555555555 0.4357906425316593
10.245555555555555 0.4357906425316593
10.246666666666666 0.43643820780550774
10.247777777777777 0.43708198597570286
10.247777777777777 0.43708198597570286
10.247777777777777 0.43708198597570286
10.247777777777777 0.43708198597570286
10.247777777777777 0.43708198597570286
10.247777777777777 0.43708198597570286
10.248888888888889 0.4377219937518735
10.248888888888889 0.4377219937518735
10.248888888888889 0.4377219937518735
10.248888888888889 0.4377219937518735
10.248888888888889 0.4377219937518735
10.248888888888889 0.4377219937518735
10.248888888888889 0.4377219937518735
10.248888888888889 0.4377219937518735
10.248888888888889 0.4377219937518735
10.248888888888889 0.4377219937518735
10.248888888888889 0.4377219937518735
10.248888888888889 0.4377219937518735
10.248888888888889 0.4377219937518735
10.248888888888889 0.4377219937518735
10.248888888888889 0.4377219937518735
10.248888888888889 0.4377219937518735
10.248888888888889 0.4377219937518735
10.248888888888889 0.4377219937518735
10.248888888888889 0.4377219937518735
10.248888888888889 0.4377219937518735
10.248888888888889 0.4377219937518735
10.248888888888889 0.4377219937518735
10.248888888888889 0.4377219937518735
10.248888888888889 0.4377219937518735
10.248888888888889 0.4377219937518735
10.248888888888889 0.4377219937518735
10.248888888888889 0.4377219937518735
10.248888888888889 0.4377219937518735
10.25 0.43835824764845455
10.25 0.43835824764845455
10.25 0.43835824764845455
10.25 0.43835824764845455
10.25 0.43835824764845455
10.25 0.43835824764845455
10.25 0.43835824764845455
10.25 0.43835824764845455
10.25 0.43835824764845455
10.25 0.43835824764845455
10.251111111111111 0.438990763987573
10.251111111111111 0.438990763987573
10.251111111111111 0.438990763987573
10.251111111111111 0.438990763987573
10.251111111111111 0.438990763987573
10.251111111111111 0.438990763987573
10.251111111111111 0.438990763987573
10.251111111111111 0.438990763987573
10.251111111111111 0.438990763987573
10.251111111111111 0.438990763987573
10.251111111111111 0.438990763987573
10.252222222222223 0.43961955890181637
10.252222222222223 0.43961955890181637
10.252222222222223 0.43961955890181637
10.252222222222223 0.43961955890181637
10.252222222222223 0.43961955890181637
10.253333333333334 0.4402446483369474
10.253333333333334 0.4402446483369474
10.253333333333334 0.4402446483369474
10.253333333333334 0.4402446483369474
10.253333333333334 0.4402446483369474
10.253333333333334 0.4402446483369474
10.253333333333334 0.4402446483369474
10.253333333333334 0.4402446483369474
10.253333333333334 0.4402446483369474
10.253333333333334 0.4402446483369474
10.253333333333334 0.4402446483369474
10.253333333333334 0.4402446483369474
10.253333333333334 0.4402446483369474
10.253333333333334 0.4402446483369474
10.253333333333334 0.4402446483369474
10.253333333333334 0.4402446483369474
10.253333333333334 0.4402446483369474
10.253333333333334 0.4402446483369474
10.253333333333334 0.4402446483369474
10.253333333333334 0.4402446483369474
10.253333333333334 0.4402446483369474
10.253333333333334 0.4402446483369474
10.253333333333334 0.4402446483369474
10.253333333333334 0.4402446483369474
10.253333333333334 0.4402446483369474
10.253333333333334 0.4402446483369474
10.253333333333334 0.4402446483369474
10.254444444444445 0.44086604805459084
10.254444444444445 0.44086604805459084
10.255555555555556 0.44148377363488467
10.255555555555556 0.44148377363488467
10.255555555555556 0.44148377363488467
10.255555555555556 0.44148377363488467
10.255555555555556 0.44148377363488467
10.255555555555556 0.44148377363488467
10.255555555555556 0.44148377363488467
10.255555555555556 0.44148377363488467
10.255555555555556 0.44148377363488467
10.255555555555556 0.44148377363488467
10.255555555555556 0.44148377363488467
10.255555555555556 0.44148377363488467
10.255555555555556 0.44148377363488467
10.255555555555556 0.44148377363488467
10.255555555555556 0.44148377363488467
10.255555555555556 0.44148377363488467
10.255555555555556 0.44148377363488467
10.255555555555556 0.44148377363488467
10.257777777777777 0.440188496831251
10.257777777777777 0.440188496831251
10.257777777777777 0.440188496831251
10.257777777777777 0.440188496831251
10.257777777777777 0.440188496831251
10.257777777777777 0.440188496831251
10.257777777777777 0.440188496831251
10.257777777777777 0.440188496831251
10.257777777777777 0.440188496831251
10.257777777777777 0.440188496831251
10.257777777777777 0.440188496831251
10.257777777777777 0.440188496831251
10.257777777777777 0.440188496831251
10.257777777777777 0.440188496831251
10.257777777777777 0.440188496831251
10.258888888888889 0.4407987603784209
10.26 0.44140538020896203
10.26 0.44140538020896203
10.26 0.44140538020896203
10.26 0.44140538020896203
10.26 0.44140538020896203
10.26 0.44140538020896203
10.26 0.44140538020896203
10.26 0.44140538020896203
10.26 0.44140538020896203
10.26 0.44140538020896203
10.26 0.44140538020896203
10.26 0.44140538020896203
10.26 0.44140538020896203
10.26 0.44140538020896203
10.26 0.44140538020896203
10.26 0.44140538020896203
10.261111111111111 0.442008371324957
10.261111111111111 0.442008371324957
10.261111111111111 0.442008371324957
10.262222222222222 0.44260774855726936
10.262222222222222 0.44260774855726936
10.262222222222222 0.44260774855726936
10.262222222222222 0.44260774855726936
10.262222222222222 0.44260774855726936
10.262222222222222 0.44260774855726936
10.262222222222222 0.44260774855726936
10.262222222222222 0.44260774855726936
10.262222222222222 0.44260774855726936
10.262222222222222 0.44260774855726936
10.262222222222222 0.44260774855726936
10.262222222222222 0.44260774855726936
10.263333333333334 0.44320352656785494
10.263333333333334 0.44320352656785494
10.263333333333334 0.44320352656785494
10.263333333333334 0.44320352656785494
10.263333333333334 0.44320352656785494
10.263333333333334 0.44320352656785494
10.264444444444445 0.443795719852158
10.264444444444445 0.443795719852158
10.264444444444445 0.443795719852158
10.264444444444445 0.443795719852158
10.264444444444445 0.443795719852158
10.264444444444445 0.443795719852158
10.264444444444445 0.443795719852158
10.264444444444445 0.443795719852158
10.264444444444445 0.443795719852158
10.264444444444445 0.443795719852158
10.264444444444445 0.443795719852158
10.264444444444445 0.443795719852158
10.264444444444445 0.443795719852158
10.264444444444445 0.443795719852158
10.264444444444445 0.443795719852158
10.264444444444445 0.443795719852158
10.264444444444445 0.443795719852158
10.264444444444445 0.443795719852158
10.264444444444445 0.443795719852158
10.264444444444445 0.443795719852158
10.264444444444445 0.443795719852158
10.265555555555556 0.4443843427413495
10.265555555555556 0.4443843427413495
10.265555555555556 0.4443843427413495
10.265555555555556 0.4443843427413495
10.265555555555556 0.4443843427413495
10.265555555555556 0.4443843427413495
10.265555555555556 0.4443843427413495
10.265555555555556 0.4443843427413495
10.265555555555556 0.4443843427413495
10.265555555555556 0.4443843427413495
10.265555555555556 0.4443843427413495
10.265555555555556 0.4443843427413495
10.265555555555556 0.4443843427413495
10.265555555555556 0.4443843427413495
10.265555555555556 0.4443843427413495
10.265555555555556 0.4443843427413495
10.265555555555556 0.4443843427413495
10.265555555555556 0.4443843427413495
10.266666666666667 0.44496940940462076
10.266666666666667 0.44496940940462076
10.266666666666667 0.44496940940462076
10.266666666666667 0.44496940940462076
10.266666666666667 0.44496940940462076
10.266666666666667 0.44496940940462076
10.266666666666667 0.44496940940462076
10.266666666666667 0.44496940940462076
10.266666666666667 0.44496940940462076
10.267777777777777 0.44555093385132866
10.267777777777777 0.44555093385132866
10.267777777777777 0.44555093385132866
10.267777777777777 0.44555093385132866
10.267777777777777 0.44555093385132866
10.267777777777777 0.44555093385132866
10.267777777777777 0.44555093385132866
10.267777777777777 0.44555093385132866
10.267777777777777 0.44555093385132866
10.267777777777777 0.44555093385132866
10.267777777777777 0.44555093385132866
10.268888888888888 0.44612892993320585
10.268888888888888 0.44612892993320585
10.268888888888888 0.44612892993320585
10.27 0.44670341134646274
10.27 0.44670341134646274
10.27 0.44670341134646274
10.27 0.44670341134646274
10.27 0.44670341134646274
10.27 0.44670341134646274
10.27 0.44670341134646274
10.27 0.44670341134646274
10.27 0.44670341134646274
10.27 0.44670341134646274
10.27 0.44670341134646274
10.27 0.44670341134646274
10.27111111111111 0.44727439163387045
10.27111111111111 0.44727439163387045
10.27111111111111 0.44727439163387045
10.27111111111111 0.44727439163387045
10.27111111111111 0.44727439163387045
10.27111111111111 0.44727439163387045
10.272222222222222 0.4478418841868018
10.272222222222222 0.4478418841868018
10.272222222222222 0.4478418841868018
10.272222222222222 0.4478418841868018
10.272222222222222 0.4478418841868018
10.273333333333333 0.44840590224726823
10.273333333333333 0.44840590224726823
10.273333333333333 0.44840590224726823
10.273333333333333 0.44840590224726823
10.273333333333333 0.44840590224726823
10.273333333333333 0.44840590224726823
10.273333333333333 0.44840590224726823
10.274444444444445 0.4489664589098581
10.275555555555556 0.44952356712366603
10.275555555555556 0.44952356712366603
10.275555555555556 0.44952356712366603
10.275555555555556 0.44952356712366603
10.275555555555556 0.44952356712366603
10.275555555555556 0.44952356712366603
10.275555555555556 0.44952356712366603
10.275555555555556 0.44952356712366603
10.275555555555556 0.44952356712366603
10.275555555555556 0.44952356712366603
10.275555555555556 0.44952356712366603
10.275555555555556 0.44952356712366603
10.275555555555556 0.44952356712366603
10.275555555555556 0.44952356712366603
10.275555555555556 0.44952356712366603
10.275555555555556 0.44952356712366603
10.275555555555556 0.44952356712366603
10.275555555555556 0.44952356712366603
10.275555555555556 0.44952356712366603
10.275555555555556 0.44952356712366603
10.275555555555556 0.44952356712366603
10.275555555555556 0.44952356712366603
10.275555555555556 0.44952356712366603
10.275555555555556 0.44952356712366603
10.275555555555556 0.44952356712366603
10.275555555555556 0.44952356712366603
10.275555555555556 0.44952356712366603
10.275555555555556 0.44952356712366603
10.275555555555556 0.44952356712366603
10.275555555555556 0.44952356712366603
10.275555555555556 0.44952356712366603
10.275555555555556 0.44952356712366603
10.275555555555556 0.44952356712366603
10.275555555555556 0.44952356712366603
10.275555555555556 0.44952356712366603
10.275555555555556 0.44952356712366603
10.275555555555556 0.44952356712366603
10.275555555555556 0.44952356712366603
10.275555555555556 0.44952356712366603
10.275555555555556 0.44952356712366603
10.275555555555556 0.44952356712366603
10.275555555555556 0.44952356712366603
10.275555555555556 0.44952356712366603
10.275555555555556 0.44952356712366603
10.275555555555556 0.44952356712366603
10.276666666666667 0.450077239694218
10.276666666666667 0.450077239694218
10.276666666666667 0.450077239694218
10.276666666666667 0.450077239694218
10.276666666666667 0.450077239694218
10.276666666666667 0.450077239694218
10.276666666666667 0.450077239694218
10.276666666666667 0.450077239694218
10.276666666666667 0.450077239694218
10.276666666666667 0.450077239694218
10.276666666666667 0.450077239694218
10.276666666666667 0.450077239694218
10.276666666666667 0.450077239694218
10.276666666666667 0.450077239694218
10.276666666666667 0.450077239694218
10.276666666666667 0.450077239694218
10.276666666666667 0.450077239694218
10.276666666666667 0.450077239694218
10.276666666666667 0.450077239694218
10.277777777777779 0.4506274892853498
10.277777777777779 0.4506274892853498
10.277777777777779 0.4506274892853498
10.277777777777779 0.4506274892853498
10.277777777777779 0.4506274892853498
10.277777777777779 0.4506274892853498
10.278888888888888 0.4487021066604926
10.278888888888888 0.4487021066604926
10.278888888888888 0.4487021066604926
10.28 0.4492485383011694
10.28 0.4492485383011694
10.28 0.4492485383011694
10.28 0.4492485383011694
10.28 0.4492485383011694
10.28 0.4492485383011694
10.28 0.4492485383011694
10.28111111111111 0.44979155831070383
10.28111111111111 0.44979155831070383
10.28111111111111 0.44979155831070383
10.28111111111111 0.44979155831070383
10.28111111111111 0.44979155831070383
10.282222222222222 0.4503311790305761
10.282222222222222 0.4503311790305761
10.282222222222222 0.4503311790305761
10.282222222222222 0.4503311790305761
10.282222222222222 0.4503311790305761
10.282222222222222 0.4503311790305761
10.282222222222222 0.4503311790305761
10.282222222222222 0.4503311790305761
10.283333333333333 0.4508674126661071
10.283333333333333 0.4508674126661071
10.283333333333333 0.4508674126661071
10.283333333333333 0.4508674126661071
10.284444444444444 0.4514002712881795
10.284444444444444 0.4514002712881795
10.285555555555556 0.45192976683499064
10.285555555555556 0.45192976683499064
10.286666666666667 0.45245591111363626
10.286666666666667 0.45245591111363626
10.286666666666667 0.45245591111363626
10.286666666666667 0.45245591111363626
10.286666666666667 0.45245591111363626
10.286666666666667 0.45245591111363626
10.286666666666667 0.45245591111363626
10.286666666666667 0.45245591111363626
10.286666666666667 0.45245591111363626
10.286666666666667 0.45245591111363626
10.287777777777778 0.4529787158018297
10.287777777777778 0.4529787158018297
10.287777777777778 0.4529787158018297
10.287777777777778 0.4529787158018297
10.287777777777778 0.4529787158018297
10.287777777777778 0.4529787158018297
10.287777777777778 0.4529787158018297
10.287777777777778 0.4529787158018297
10.287777777777778 0.4529787158018297
10.287777777777778 0.4529787158018297
10.287777777777778 0.4529787158018297
10.287777777777778 0.4529787158018297
10.287777777777778 0.4529787158018297
10.287777777777778 0.4529787158018297
10.287777777777778 0.4529787158018297
10.287777777777778 0.4529787158018297
10.287777777777778 0.4529787158018297
10.287777777777778 0.4529787158018297
10.287777777777778 0.4529787158018297
10.287777777777778 0.4529787158018297
10.287777777777778 0.4529787158018297
10.287777777777778 0.4529787158018297
10.28888888888889 0.45349819244946876
10.28888888888889 0.45349819244946876
10.28888888888889 0.45349819244946876
10.28888888888889 0.45349819244946876
10.28888888888889 0.45349819244946876
10.28888888888889 0.45349819244946876
10.28888888888889 0.45349819244946876
10.28888888888889 0.45349819244946876
10.28888888888889 0.45349819244946876
10.28888888888889 0.45349819244946876
10.29 0.454014352480258
10.29 0.454014352480258
10.29 0.454014352480258
10.29 0.454014352480258
10.29 0.454014352480258
10.29 0.454014352480258
10.29 0.454014352480258
10.29 0.454014352480258
10.29 0.454014352480258
10.29 0.454014352480258
10.29 0.454014352480258
10.29 0.454014352480258
10.29 0.454014352480258
10.29 0.454014352480258
10.29 0.454014352480258
10.29 0.454014352480258
10.29 0.454014352480258
10.29 0.454014352480258
10.29 0.454014352480258
10.29 0.454014352480258
10.29 0.454014352480258
10.29 0.454014352480258
10.29 0.454014352480258
10.29 0.454014352480258
10.29 0.454014352480258
10.29 0.454014352480258
10.29 0.454014352480258
10.29 0.454014352480258
10.29 0.454014352480258
10.29 0.454014352480258
10.29 0.454014352480258
10.29 0.454014352480258
10.29 0.454014352480258
10.29 0.454014352480258
10.29 0.454014352480258
10.29 0.454014352480258
10.29 0.454014352480258
10.29 0.454014352480258
10.29 0.454014352480258
10.29 0.454014352480258
10.29 0.454014352480258
10.29 0.454014352480258
10.29 0.454014352480258
10.29 0.454014352480258
10.29 0.454014352480258
10.29 0.454014352480258
10.29 0.454014352480258
10.29 0.454014352480258
10.29 0.454014352480258
10.29 0.454014352480258
10.29 0.454014352480258
10.29 0.454014352480258
10.29 0.454014352480258
10.29 0.454014352480258
10.29 0.454014352480258
10.29 0.454014352480258
10.29 0.454014352480258
10.29 0.454014352480258
10.29 0.454014352480258
10.29 0.454014352480258
10.29 0.454014352480258
10.29 0.454014352480258
10.29 0.454014352480258
10.29111111111111 0.4545272071932027
10.29111111111111 0.4545272071932027
10.292222222222222 0.4550367677642099
10.292222222222222 0.4550367677642099
10.292222222222222 0.4550367677642099
10.292222222222222 0.4550367677642099
10.292222222222222 0.4550367677642099
10.292222222222222 0.4550367677642099
10.292222222222222 0.4550367677642099
10.292222222222222 0.4550367677642099
10.293333333333333 0.4555430452475515
10.294444444444444 0.45604605057733916
10.294444444444444 0.45604605057733916
10.294444444444444 0.45604605057733916
10.294444444444444 0.45604605057733916
10.294444444444444 0.45604605057733916
10.294444444444444 0.45604605057733916
10.294444444444444 0.45604605057733916
10.294444444444444 0.45604605057733916
10.294444444444444 0.45604605057733916
10.294444444444444 0.45604605057733916
10.294444444444444 0.45604605057733916
10.294444444444444 0.45604605057733916
10.294444444444444 0.45604605057733916
10.294444444444444 0.45604605057733916
10.294444444444444 0.45604605057733916
10.294444444444444 0.45604605057733916
10.294444444444444 0.45604605057733916
10.294444444444444 0.45604605057733916
10.294444444444444 0.45604605057733916
10.294444444444444 0.45604605057733916
10.294444444444444 0.45604605057733916
10.294444444444444 0.45604605057733916
10.294444444444444 0.45604605057733916
10.294444444444444 0.45604605057733916
10.295555555555556 0.4565457945689758
10.295555555555556 0.4565457945689758
10.295555555555556 0.4565457945689758
10.295555555555556 0.4565457945689758
10.296666666666667 0.45704228792062707
10.296666666666667 0.45704228792062707
10.296666666666667 0.45704228792062707
10.297777777777778 0.45753554121453405
10.297777777777778 0.45753554121453405
10.3 0.4585123693871093
10.301111111111112 0.4589959648632293
10.301111111111112 0.4589959648632293
10.301111111111112 0.4589959648632293
10.301111111111112 0.4589959648632293
10.301111111111112 0.4589959648632293
10.301111111111112 0.4589959648632293
10.301111111111112 0.4589959648632293
10.302222222222222 0.45947636147915955
10.302222222222222 0.45947636147915955
10.302222222222222 0.45947636147915955
10.302222222222222 0.45947636147915955
10.302222222222222 0.45947636147915955
10.302222222222222 0.45947636147915955
10.302222222222222 0.45947636147915955
10.302222222222222 0.45947636147915955
10.302222222222222 0.45947636147915955
10.302222222222222 0.45947636147915955
10.302222222222222 0.45947636147915955
10.302222222222222 0.45947636147915955
10.302222222222222 0.45947636147915955
10.302222222222222 0.45947636147915955
10.302222222222222 0.45947636147915955
10.302222222222222 0.45947636147915955
10.302222222222222 0.45947636147915955
10.302222222222222 0.45947636147915955
10.302222222222222 0.45947636147915955
10.302222222222222 0.45947636147915955
10.302222222222222 0.45947636147915955
10.302222222222222 0.45947636147915955
10.302222222222222 0.45947636147915955
10.302222222222222 0.45947636147915955
10.302222222222222 0.45947636147915955
10.302222222222222 0.45947636147915955
10.302222222222222 0.45947636147915955
10.303333333333333 0.45995356925801906
10.303333333333333 0.45995356925801906
10.303333333333333 0.45995356925801906
10.304444444444444 0.46042759811496736
10.304444444444444 0.46042759811496736
10.304444444444444 0.46042759811496736
10.304444444444444 0.46042759811496736
10.304444444444444 0.46042759811496736
10.304444444444444 0.46042759811496736
10.304444444444444 0.46042759811496736
10.304444444444444 0.46042759811496736
10.304444444444444 0.46042759811496736
10.304444444444444 0.46042759811496736
10.304444444444444 0.46042759811496736
10.304444444444444 0.46042759811496736
10.304444444444444 0.46042759811496736
10.304444444444444 0.46042759811496736
10.305555555555555 0.46089845785846206
10.305555555555555 0.46089845785846206
10.305555555555555 0.46089845785846206
10.305555555555555 0.46089845785846206
10.305555555555555 0.46089845785846206
10.305555555555555 0.46089845785846206
10.306666666666667 0.4613661581914752
10.306666666666667 0.4613661581914752
10.306666666666667 0.4613661581914752
10.306666666666667 0.4613661581914752
10.306666666666667 0.4613661581914752
10.306666666666667 0.4613661581914752
10.306666666666667 0.4613661581914752
10.306666666666667 0.4613661581914752
10.306666666666667 0.4613661581914752
10.307777777777778 0.4618307087126954
10.307777777777778 0.4618307087126954
10.307777777777778 0.4618307087126954
10.307777777777778 0.4618307087126954
10.307777777777778 0.4618307087126954
10.307777777777778 0.4618307087126954
10.307777777777778 0.4618307087126954
10.307777777777778 0.4618307087126954
10.307777777777778 0.4618307087126954
10.30888888888889 0.4622921189177374
10.30888888888889 0.4622921189177374
10.30888888888889 0.4622921189177374
10.30888888888889 0.4622921189177374
10.30888888888889 0.4622921189177374
10.30888888888889 0.4622921189177374
10.30888888888889 0.4622921189177374
10.30888888888889 0.4622921189177374
10.30888888888889 0.4622921189177374
10.30888888888889 0.4622921189177374
10.30888888888889 0.4622921189177374
10.30888888888889 0.4622921189177374
10.30888888888889 0.4622921189177374
10.30888888888889 0.4622921189177374
10.30888888888889 0.4622921189177374
10.30888888888889 0.4622921189177374
10.30888888888889 0.4622921189177374
10.30888888888889 0.4622921189177374
10.30888888888889 0.4622921189177374
10.30888888888889 0.4622921189177374
10.30888888888889 0.4622921189177374
10.30888888888889 0.4622921189177374
10.30888888888889 0.4622921189177374
10.30888888888889 0.4622921189177374
10.31 0.46275039820024616
10.311111111111112 0.46320555585310286
10.311111111111112 0.46320555585310286
10.311111111111112 0.46320555585310286
10.311111111111112 0.46320555585310286
10.311111111111112 0.46320555585310286
10.311111111111112 0.46320555585310286
10.312222222222223 0.4636576010695116
10.312222222222223 0.4636576010695116
10.312222222222223 0.4636576010695116
10.312222222222223 0.4636576010695116
10.312222222222223 0.4636576010695116
10.312222222222223 0.4636576010695116
10.313333333333333 0.46410654294413917
10.313333333333333 0.46410654294413917
10.314444444444444 0.46455239047414093
10.314444444444444 0.46455239047414093
10.314444444444444 0.46455239047414093
10.314444444444444 0.46455239047414093
10.314444444444444 0.46455239047414093
10.314444444444444 0.46455239047414093
10.314444444444444 0.46455239047414093
10.314444444444444 0.46455239047414093
10.314444444444444 0.46455239047414093
10.314444444444444 0.46455239047414093
10.314444444444444 0.46455239047414093
10.314444444444444 0.46455239047414093
10.314444444444444 0.46455239047414093
10.314444444444444 0.46455239047414093
10.314444444444444 0.46455239047414093
10.314444444444444 0.46455239047414093
10.314444444444444 0.46455239047414093
10.314444444444444 0.46455239047414093
10.315555555555555 0.4649951525603135
10.316666666666666 0.46543483800806623
10.316666666666666 0.46543483800806623
10.316666666666666 0.46543483800806623
10.316666666666666 0.46543483800806623
10.316666666666666 0.46543483800806623
10.316666666666666 0.46543483800806623
10.316666666666666 0.46543483800806623
10.316666666666666 0.46543483800806623
10.317777777777778 0.46587145552851156
10.317777777777778 0.46587145552851156
10.317777777777778 0.46587145552851156
10.317777777777778 0.46587145552851156
10.317777777777778 0.46587145552851156
10.317777777777778 0.46587145552851156
10.317777777777778 0.46587145552851156
10.318888888888889 0.46630501373948935
10.318888888888889 0.46630501373948935
10.32 0.4667355211665099
10.32 0.4667355211665099
10.32 0.4667355211665099
10.32 0.4667355211665099
10.32 0.4667355211665099
10.32 0.4667355211665099
10.32 0.4667355211665099
10.32 0.4667355211665099
10.32 0.4667355211665099
10.32 0.4667355211665099
10.32 0.4667355211665099
10.32 0.4667355211665099
10.32 0.4667355211665099
10.32 0.4667355211665099
10.32 0.4667355211665099
10.32 0.4667355211665099
10.321111111111112 0.4671629862438062
10.321111111111112 0.4671629862438062
10.321111111111112 0.4671629862438062
10.322222222222223 0.4675874173152478
10.322222222222223 0.4675874173152478
10.322222222222223 0.4675874173152478
10.322222222222223 0.4675874173152478
10.322222222222223 0.4675874173152478
10.322222222222223 0.4675874173152478
10.322222222222223 0.4675874173152478
10.322222222222223 0.4675874173152478
10.322222222222223 0.4675874173152478
10.322222222222223 0.4675874173152478
10.322222222222223 0.4675874173152478
10.322222222222223 0.4675874173152478
10.322222222222223 0.4675874173152478
10.322222222222223 0.4675874173152478
10.322222222222223 0.4675874173152478
10.322222222222223 0.4675874173152478
10.322222222222223 0.4675874173152478
10.322222222222223 0.4675874173152478
10.322222222222223 0.4675874173152478
10.322222222222223 0.4675874173152478
10.322222222222223 0.4675874173152478
10.322222222222223 0.4675874173152478
10.322222222222223 0.4675874173152478
10.322222222222223 0.4675874173152478
10.322222222222223 0.4675874173152478
10.322222222222223 0.4675874173152478
10.322222222222223 0.4675874173152478
10.322222222222223 0.4675874173152478
10.322222222222223 0.4675874173152478
10.322222222222223 0.4675874173152478
10.322222222222223 0.4675874173152478
10.322222222222223 0.4675874173152478
10.322222222222223 0.4675874173152478
10.322222222222223 0.4675874173152478
10.322222222222223 0.4675874173152478
10.322222222222223 0.4675874173152478
10.323333333333334 0.46800882263534377
10.323333333333334 0.46800882263534377
10.323333333333334 0.46800882263534377
10.323333333333334 0.46800882263534377
10.323333333333334 0.46800882263534377
10.324444444444444 0.46842721037013957
10.324444444444444 0.46842721037013957
10.324444444444444 0.46842721037013957
10.324444444444444 0.46842721037013957
10.324444444444444 0.46842721037013957
10.324444444444444 0.46842721037013957
10.324444444444444 0.46842721037013957
10.324444444444444 0.46842721037013957
10.324444444444444 0.46842721037013957
10.324444444444444 0.46842721037013957
10.324444444444444 0.46842721037013957
10.324444444444444 0.46842721037013957
10.325555555555555 0.4688425885981922
10.325555555555555 0.4688425885981922
10.325555555555555 0.4688425885981922
10.325555555555555 0.4688425885981922
10.325555555555555 0.4688425885981922
10.325555555555555 0.4688425885981922
10.325555555555555 0.4688425885981922
10.325555555555555 0.4688425885981922
10.325555555555555 0.4688425885981922
10.326666666666666 0.46925496531140654
10.326666666666666 0.46925496531140654
10.326666666666666 0.46925496531140654
10.326666666666666 0.46925496531140654
10.326666666666666 0.46925496531140654
10.326666666666666 0.46925496531140654
10.326666666666666 0.46925496531140654
10.326666666666666 0.46925496531140654
10.326666666666666 0.46925496531140654
10.326666666666666 0.46925496531140654
10.327777777777778 0.4696643484160063
10.327777777777778 0.4696643484160063
10.327777777777778 0.4696643484160063
10.327777777777778 0.4696643484160063
10.327777777777778 0.4696643484160063
10.327777777777778 0.4696643484160063
10.327777777777778 0.4696643484160063
10.327777777777778 0.4696643484160063
10.327777777777778 0.4696643484160063
10.327777777777778 0.4696643484160063
10.327777777777778 0.4696643484160063
10.327777777777778 0.4696643484160063
10.328888888888889 0.4700707457333565
10.328888888888889 0.4700707457333565
10.328888888888889 0.4700707457333565
10.328888888888889 0.4700707457333565
10.328888888888889 0.4700707457333565
10.328888888888889 0.4700707457333565
10.328888888888889 0.4700707457333565
10.33 0.4704741650008653
10.33 0.4704741650008653
10.331111111111111 0.4708746138728023
10.331111111111111 0.4708746138728023
10.331111111111111 0.4708746138728023
10.331111111111111 0.4708746138728023
10.331111111111111 0.4708746138728023
10.331111111111111 0.4708746138728023
10.331111111111111 0.4708746138728023
10.331111111111111 0.4708746138728023
10.331111111111111 0.4708746138728023
10.331111111111111 0.4708746138728023
10.331111111111111 0.4708746138728023
10.331111111111111 0.4708746138728023
10.331111111111111 0.4708746138728023
10.331111111111111 0.4708746138728023
10.331111111111111 0.4708746138728023
10.331111111111111 0.4708746138728023
10.331111111111111 0.4708746138728023
10.331111111111111 0.4708746138728023
10.331111111111111 0.4708746138728023
10.331111111111111 0.4708746138728023
10.331111111111111 0.4708746138728023
10.331111111111111 0.4708746138728023
10.331111111111111 0.4708746138728023
10.331111111111111 0.4708746138728023
10.331111111111111 0.4708746138728023
10.331111111111111 0.4708746138728023
10.331111111111111 0.4708746138728023
10.331111111111111 0.4708746138728023
10.332222222222223 0.4712720999211966
10.332222222222223 0.4712720999211966
10.332222222222223 0.4712720999211966
10.332222222222223 0.4712720999211966
10.332222222222223 0.4712720999211966
10.332222222222223 0.4712720999211966
10.332222222222223 0.4712720999211966
10.332222222222223 0.4712720999211966
10.332222222222223 0.4712720999211966
10.332222222222223 0.4712720999211966
10.332222222222223 0.4712720999211966
10.332222222222223 0.4712720999211966
10.332222222222223 0.4712720999211966
10.332222222222223 0.4712720999211966
10.333333333333334 0.47166663063658093
10.333333333333334 0.47166663063658093
10.333333333333334 0.47166663063658093
10.333333333333334 0.47166663063658093
10.333333333333334 0.47166663063658093
10.333333333333334 0.47166663063658093
10.333333333333334 0.47166663063658093
10.333333333333334 0.47166663063658093
10.333333333333334 0.47166663063658093
10.333333333333334 0.47166663063658093
10.333333333333334 0.47166663063658093
10.333333333333334 0.47166663063658093
10.333333333333334 0.47166663063658093
10.333333333333334 0.47166663063658093
10.333333333333334 0.47166663063658093
10.334444444444445 0.4720582134288698
10.334444444444445 0.4720582134288698
10.334444444444445 0.4720582134288698
10.334444444444445 0.4720582134288698
10.334444444444445 0.4720582134288698
10.334444444444445 0.4720582134288698
10.334444444444445 0.4720582134288698
10.334444444444445 0.4720582134288698
10.334444444444445 0.4720582134288698
10.334444444444445 0.4720582134288698
10.334444444444445 0.4720582134288698
10.334444444444445 0.4720582134288698
10.334444444444445 0.4720582134288698
10.334444444444445 0.4720582134288698
10.334444444444445 0.4720582134288698
10.334444444444445 0.4720582134288698
10.334444444444445 0.4720582134288698
10.334444444444445 0.4720582134288698
10.334444444444445 0.4720582134288698
10.334444444444445 0.4720582134288698
10.334444444444445 0.4720582134288698
10.334444444444445 0.4720582134288698
10.334444444444445 0.4720582134288698
10.334444444444445 0.4720582134288698
10.334444444444445 0.4720582134288698
10.334444444444445 0.4720582134288698
10.334444444444445 0.4720582134288698
10.334444444444445 0.4720582134288698
10.334444444444445 0.4720582134288698
10.334444444444445 0.4720582134288698
10.334444444444445 0.4720582134288698
10.334444444444445 0.4720582134288698
10.334444444444445 0.4720582134288698
10.334444444444445 0.4720582134288698
10.334444444444445 0.4720582134288698
10.334444444444445 0.4720582134288698
10.334444444444445 0.4720582134288698
10.334444444444445 0.4720582134288698
10.334444444444445 0.4720582134288698
10.334444444444445 0.4720582134288698
10.334444444444445 0.4720582134288698
10.334444444444445 0.4720582134288698
10.335555555555555 0.47244685562813277
10.335555555555555 0.47244685562813277
10.335555555555555 0.47244685562813277
10.335555555555555 0.47244685562813277
10.335555555555555 0.47244685562813277
10.335555555555555 0.47244685562813277
10.335555555555555 0.47244685562813277
10.335555555555555 0.47244685562813277
10.335555555555555 0.47244685562813277
10.335555555555555 0.47244685562813277
10.335555555555555 0.47244685562813277
10.335555555555555 0.47244685562813277
10.335555555555555 0.47244685562813277
10.336666666666666 0.47283256448537814
10.336666666666666 0.47283256448537814
10.336666666666666 0.47283256448537814
10.337777777777777 0.47321534717335345
10.338888888888889 0.4735952107872655
10.338888888888889 0.4735952107872655
10.338888888888889 0.4735952107872655
10.338888888888889 0.4735952107872655
10.338888888888889 0.4735952107872655
10.338888888888889 0.4735952107872655
10.338888888888889 0.4735952107872655
10.338888888888889 0.4735952107872655
10.338888888888889 0.4735952107872655
10.338888888888889 0.4735952107872655
10.34 0.47397216234556494
10.34 0.47397216234556494
10.341111111111111 0.4743462087906822
10.341111111111111 0.4743462087906822
10.341111111111111 0.4743462087906822
10.341111111111111 0.4743462087906822
10.341111111111111 0.4743462087906822
10.341111111111111 0.4743462087906822
10.341111111111111 0.4743462087906822
10.342222222222222 0.4747173569897347
10.343333333333334 0.4750856137352489
10.343333333333334 0.4750856137352489
10.343333333333334 0.4750856137352489
10.343333333333334 0.4750856137352489
10.345555555555556 0.47581347966713555
10.345555555555556 0.47581347966713555
10.345555555555556 0.47581347966713555
10.345555555555556 0.47581347966713555
10.345555555555556 0.47581347966713555
10.345555555555556 0.47581347966713555
10.345555555555556 0.47581347966713555
10.345555555555556 0.47581347966713555
10.345555555555556 0.47581347966713555
10.345555555555556 0.47581347966713555
10.345555555555556 0.47581347966713555
10.345555555555556 0.47581347966713555
10.345555555555556 0.47581347966713555
10.345555555555556 0.47581347966713555
10.345555555555556 0.47581347966713555
10.345555555555556 0.47581347966713555
10.345555555555556 0.47581347966713555
10.345555555555556 0.47581347966713555
10.345555555555556 0.47581347966713555
10.345555555555556 0.47581347966713555
10.345555555555556 0.47581347966713555
10.345555555555556 0.47581347966713555
10.345555555555556 0.47581347966713555
10.345555555555556 0.47581347966713555
10.345555555555556 0.47581347966713555
10.345555555555556 0.47581347966713555
10.345555555555556 0.47581347966713555
10.345555555555556 0.47581347966713555
10.345555555555556 0.47581347966713555
10.345555555555556 0.47581347966713555
10.345555555555556 0.47581347966713555
10.345555555555556 0.47581347966713555
10.345555555555556 0.47581347966713555
10.345555555555556 0.47581347966713555
10.345555555555556 0.47581347966713555
10.345555555555556 0.47581347966713555
10.345555555555556 0.47581347966713555
10.345555555555556 0.47581347966713555
10.345555555555556 0.47581347966713555
10.345555555555556 0.47581347966713555
10.345555555555556 0.47581347966713555
10.345555555555556 0.47581347966713555
10.345555555555556 0.47581347966713555
10.345555555555556 0.47581347966713555
10.345555555555556 0.47581347966713555
10.345555555555556 0.47581347966713555
10.345555555555556 0.47581347966713555
10.345555555555556 0.47581347966713555
10.345555555555556 0.47581347966713555
10.345555555555556 0.47581347966713555
10.345555555555556 0.47581347966713555
10.345555555555556 0.47581347966713555
10.345555555555556 0.47581347966713555
10.345555555555556 0.47581347966713555
10.345555555555556 0.47581347966713555
10.345555555555556 0.47581347966713555
10.345555555555556 0.47581347966713555
10.345555555555556 0.47581347966713555
10.345555555555556 0.47581347966713555
10.345555555555556 0.47581347966713555
10.345555555555556 0.47581347966713555
