9.54 0.5009082659620331
9.54 0.5009082659620331
9.55 0.5000000000000002
9.55 0.5000000000000002
9.55 0.5000000000000002
9.55 0.5000000000000002
9.55 0.5000000000000002
9.55 0.5000000000000002
9.57 0.4975698519562425
9.6 0.49236596391733084
9.62 0.48783173121456364
9.63 0.48523658709391004
9.64 0.48241815132442206
9.65 0.47937248544110217
9.66 0.47609522856952374
9.67 0.47258156262526047
9.68 0.46882617226215023
9.69 0.4860685407045245
9.72 0.473115613606636
9.72 0.473115613606636
9.73 0.4682872294787995
9.73 0.4682872294787995
9.73 0.4682872294787995
9.73 0.4682872294787995
9.73 0.4682872294787995
9.73 0.4682872294787995
9.74 0.46319051646752724
9.78 0.4399265319747764
9.81 0.41911402464790604
9.82 0.41145221993924025
9.83 0.40339468604243267
9.84 0.3949172013974526
9.85 0.38599209705627296
9.85 0.38599209705627296
9.86 0.376587548676509
9.87 0.3666666666666666
9.87 0.3666666666666666
9.87 0.3666666666666666
9.87 0.3666666666666666
9.87 0.3666666666666666
9.87 0.3666666666666666
9.87 0.3666666666666666
9.88 0.35618630921006367
9.88 0.35618630921006367
9.89 0.34509550720186044
9.89 0.34509550720186044
9.9 0.3333333333333332
9.9 0.3333333333333332
9.9 0.3333333333333332
9.9 0.3333333333333332
9.91 0.32082595426382343
9.91 0.32082595426382343
9.91 0.32082595426382343
9.92 0.3074824459143229
9.93 0.293188669562103
9.93 0.293188669562103
9.93 0.293188669562103
9.94 0.2777979790634146
9.94 0.2777979790634146
9.94 0.2777979790634146
9.94 0.2777979790634146
9.97 0.2227015033536139
9.98 0.24536099975754128
9.99 0.22450844172110845
10.0 0.24618298195866548
10.0 0.24618298195866548
10.0 0.24618298195866548
10.0 0.24618298195866548
10.0 0.24618298195866548
10.0 0.24618298195866548
10.0 0.24618298195866548
10.0 0.24618298195866548
10.0 0.24618298195866548
10.0 0.24618298195866548
10.0 0.24618298195866548
10.01 0.2657180095628831
10.02 0.2835560621888384
10.02 0.2835560621888384
10.02 0.2835560621888384
10.03 0.26419307295608563
10.03 0.26419307295608563
10.03 0.26419307295608563
10.03 0.26419307295608563
10.04 0.2814105882725792
10.04 0.2814105882725792
10.04 0.2814105882725792
10.04 0.2814105882725792
10.05 0.2972941950052816
10.05 0.2972941950052816
10.05 0.2972941950052816
10.05 0.2972941950052816
10.05 0.2972941950052816
10.05 0.2972941950052816
10.07 0.29318866956210266
10.07 0.29318866956210266
10.07 0.29318866956210266
10.08 0.3074824459143226
10.08 0.3074824459143226
10.08 0.3074824459143226
10.09 0.3208259542638238
10.09 0.3208259542638238
10.09 0.3208259542638238
10.1 0.3333333333333332
10.1 0.3333333333333332
10.11 0.34509550720186044
10.11 0.34509550720186044
10.11 0.34509550720186044
10.11 0.34509550720186044
10.11 0.34509550720186044
10.12 0.3561863092100637
10.12 0.3561863092100637
10.12 0.3561863092100637
10.12 0.3561863092100637
10.13 0.3666666666666664
10.13 0.3666666666666664
10.15 0.38599209705627313
10.17 0.40339468604243267
10.17 0.40339468604243267
10.17 0.40339468604243267
10.17 0.40339468604243267
10.2 0.40201512610368456
10.22 0.41633319989322687
10.22 0.41633319989322687
10.22 0.41633319989322687
10.22 0.41633319989322687
10.23 0.4229525846816513
10.24 0.42923469599092823
10.24 0.42923469599092823
10.24 0.42923469599092823
10.24 0.42923469599092823
10.24 0.42923469599092823
10.25 0.4351941398892446
10.26 0.44084400227680803
10.28 0.4512608598542128
10.28 0.4512608598542128
10.28 0.4512608598542128
10.28 0.4512608598542128
10.28 0.4512608598542128
10.28 0.4512608598542128
10.28 0.4512608598542128
10.29 0.45604802157206853
10.3 0.46056618647183795
10.31 0.4648231987117315
10.31 0.4648231987117315
10.31 0.4648231987117315
10.31 0.4648231987117315
10.32 0.46882617226215023
10.33 0.47258156262526047
10.34 0.47609522856952374
10.35 0.47937248544110217
10.35 0.47937248544110217
10.35 0.47937248544110217
10.35 0.47937248544110217
10.37 0.48523658709391004
10.38 0.48783173121456364
10.38 0.48783173121456364
10.38 0.48783173121456364
10.38 0.48783173121456364
10.38 0.48783173121456364
10.38 0.48783173121456364
10.38 0.48783173121456364
10.38 0.48783173121456364
10.38 0.48783173121456364
10.39 0.4902071300001975
10.39 0.4902071300001975
10.4 0.49236596391733084
10.4 0.49236596391733084
10.41 0.49431107042371014
10.41 0.49431107042371014
10.42 0.516006420757171
10.43 0.5174724898753337
10.44 0.5187397315522587
10.44 0.5187397315522587
10.44 0.5187397315522587
10.44 0.5187397315522587
10.44 0.5187397315522587
10.44 0.5187397315522587
10.44 0.5187397315522587
10.44 0.5187397315522587
10.44 0.5187397315522587
10.44 0.5187397315522587
10.44 0.5187397315522587
10.46 0.5206833117271102
10.46 0.5206833117271102
10.46 0.5206833117271102
10.46 0.5206833117271102
10.47 0.5213618530523514
10.48 0.5218459852516181
10.49 0.5411361037930138
10.5 0.5412294272573258
10.5 0.5412294272573258
10.51 0.5411361037930138
10.52 0.5592202363356251
10.52 0.5592202363356251
10.52 0.5592202363356251
10.52 0.5592202363356251
10.53 0.5765624358421578
10.53 0.5765624358421578
10.53 0.5765624358421578
10.53 0.5765624358421578
10.54 0.5932277740625368
10.54 0.5932277740625368
10.54 0.5932277740625368
10.54 0.5932277740625368
10.54 0.5932277740625368
10.54 0.5932277740625368
10.55 0.5924610544247625
10.55 0.5924610544247625
10.55 0.5924610544247625
10.56 0.6083592771553747
10.57 0.6072790781740124
10.57 0.6072790781740124
10.57 0.6072790781740124
10.57 0.6072790781740124
10.58 0.6060303022726895
10.6 0.6195469181897237
10.61 0.6339709708805218
10.61 0.6339709708805218
10.62 0.6479181891241975
10.63 0.6614187383758852
10.63 0.6614187383758852
10.67 0.6971080231639825
10.67 0.6971080231639825
10.68 0.6945676658355492
10.69 0.7063206700139033
10.69 0.7063206700139033
10.7 0.7177405625652742
10.7 0.7177405625652742
10.71 0.7288430017583493
10.72 0.739642283182017
10.72 0.739642283182017
10.72 0.739642283182017
10.73 0.7501514998500448
10.74 0.7603826787755087
10.74 0.7603826787755087
10.74 0.7603826787755087
10.74 0.7603826787755087
10.74 0.7603826787755087
10.74 0.7603826787755087
10.74 0.7603826787755087
10.74 0.7603826787755087
10.74 0.7603826787755087
10.74 0.7603826787755087
10.75 0.7703468981143128
10.75 0.7703468981143128
10.76 0.7669959767057634
10.76 0.7669959767057634
10.77 0.7634980634744882
10.77 0.7634980634744882
10.78 0.7730302436358858
10.79 0.7692971999287282
10.8 0.7784989441615227
10.81 0.7745314647572364
10.83 0.7792122414154672
10.85 0.7961396760860391
10.85 0.7961396760860391
10.86 0.8042814724141577
10.87 0.8122173167921073
10.88 0.8075402232218601
10.88 0.8075402232218601
10.88 0.8075402232218601
10.89 0.8151965741742623
10.89 0.8151965741742623
10.89 0.8151965741742623
10.89 0.8151965741742623
10.9 0.8226589066968628
10.9 0.8226589066968628
10.9 0.8226589066968628
10.9 0.8226589066968628
10.9 0.8226589066968628
10.9 0.8226589066968628
10.9 0.8226589066968628
10.9 0.8226589066968628
10.9 0.8226589066968628
10.9 0.8226589066968628
10.9 0.8226589066968628
10.9 0.8226589066968628
10.9 0.8226589066968628
10.91 0.829932454352689
10.91 0.829932454352689
10.92 0.8370221386594628
10.93 0.8439325934114775
10.93 0.8439325934114775
10.93 0.8439325934114775
10.93 0.8439325934114775
10.93 0.8439325934114775
10.93 0.8439325934114775
10.95 0.845367650579595
10.95 0.845367650579595
10.95 0.845367650579595
10.96 0.8399134154509891
10.96 0.8399134154509891
10.97 0.834302466771258
10.99 0.8347866115772865
10.99 0.8347866115772865
10.99 0.8347866115772865
10.99 0.8347866115772865
10.99 0.8347866115772865
10.99 0.8347866115772865
10.99 0.8347866115772865
10.99 0.8347866115772865
10.99 0.8347866115772865
10.99 0.8347866115772865
10.99 0.8347866115772865
10.99 0.8347866115772865
10.99 0.8347866115772865
10.99 0.8347866115772865
10.99 0.8347866115772865
10.99 0.8347866115772865
11.0 0.8528028654224418
11.0 0.8528028654224418
11.0 0.8528028654224418
11.0 0.8528028654224418
11.0 0.8528028654224418
11.0 0.8528028654224418
11.0 0.8528028654224418
11.0 0.8528028654224418
11.02 0.8873977391647715
11.02 0.8873977391647715
11.02 0.8873977391647715
11.04 0.8867145122657156
11.04 0.8867145122657156
11.04 0.8867145122657156
11.04 0.8867145122657156
11.04 0.8867145122657156
11.05 0.9031370691409835
11.06 0.9191563984700784
11.07 0.9239244361073935
11.07 0.9239244361073935
11.07 0.9239244361073935
11.08 0.9285592184789413
11.08 0.9285592184789413
11.09 0.9330627313348557
11.09 0.9330627313348557
11.09 0.9330627313348557
11.09 0.9330627313348557
11.1 0.94815077861588
11.1 0.94815077861588
11.12 0.9669278643981125
11.12 0.9669278643981125
11.12 0.9669278643981125
11.12 0.9669278643981125
11.12 0.9669278643981125
11.12 0.9669278643981125
11.13 0.9811866655877839
11.13 0.9811866655877839
11.13 0.9811866655877839
11.14 0.9951397039124851
11.14 0.9951397039124851
11.15 0.9885710532241608
11.15 0.9885710532241608
11.15 0.9885710532241608
11.15 0.9885710532241608
11.15 0.9885710532241608
11.17 1.0155856150094584
11.18 1.0286796479865912
11.18 1.0286796479865912
11.18 1.0286796479865912
11.18 1.0286796479865912
11.2 1.05409255338946
11.21 1.0664298979645719
11.22 1.0785324859420429
11.22 1.0785324859420429
11.23 1.090408134135975
11.23 1.090408134135975
11.23 1.090408134135975
11.25 1.1043989178267832
11.27 1.1268531314230703
11.27 1.1268531314230703
11.27 1.1268531314230703
11.27 1.1268531314230703
11.27 1.1268531314230703
11.28 1.1288682094662046
11.28 1.1288682094662046
11.28 1.1288682094662046
11.28 1.1288682094662046
11.28 1.1288682094662046
11.28 1.1288682094662046
11.28 1.1288682094662046
11.29 1.1396880664852511
11.29 1.1396880664852511
11.3 1.1415035273840828
11.3 1.1415035273840828
11.3 1.1415035273840828
11.3 1.1415035273840828
11.31 1.1520293907586379
11.31 1.1520293907586379
11.31 1.1520293907586379
11.31 1.1520293907586379
11.31 1.1520293907586379
11.31 1.1520293907586379
11.31 1.1520293907586379
11.31 1.1520293907586379
11.31 1.1520293907586379
11.31 1.1520293907586379
11.31 1.1520293907586379
11.31 1.1520293907586379
11.33 1.1725393318982889
11.33 1.1725393318982889
11.33 1.1725393318982889
11.34 1.1825328064725464
11.34 1.1825328064725464
11.34 1.1825328064725464
11.34 1.1825328064725464
11.34 1.1825328064725464
11.36 1.2020185043702463
11.37 1.2115187896924162
11.37 1.2115187896924162
11.37 1.2115187896924162
11.37 1.2115187896924162
11.38 1.2125605264493107
11.38 1.2125605264493107
11.38 1.2125605264493107
11.38 1.2125605264493107
11.38 1.2125605264493107
11.38 1.2125605264493107
11.39 1.2135181344447483
11.4 1.2226812728383047
11.4 1.2226812728383047
11.42 1.2405603165464785
11.42 1.2405603165464785
11.42 1.2405603165464785
11.42 1.2405603165464785
11.42 1.2405603165464785
11.43 1.2330056894852637
11.43 1.2330056894852637
11.43 1.2330056894852637
11.43 1.2330056894852637
11.43 1.2330056894852637
11.43 1.2330056894852637
11.43 1.2330056894852637
11.43 1.2330056894852637
11.43 1.2330056894852637
11.44 1.22532205620161
11.45 1.233988360045293
11.45 1.233988360045293
11.46 1.242512931054798
11.47 1.2346430392398586
11.47 1.2346430392398586
11.47 1.2346430392398586
11.47 1.2346430392398586
11.47 1.2346430392398586
11.47 1.2346430392398586
11.48 1.2430006054103535
11.51 1.267264611657564
11.51 1.267264611657564
11.51 1.267264611657564
11.51 1.267264611657564
11.51 1.267264611657564
11.51 1.267264611657564
11.51 1.267264611657564
11.51 1.267264611657564
11.51 1.267264611657564
11.51 1.267264611657564
11.52 1.2591483413222386
11.52 1.2591483413222386
11.52 1.2591483413222386
11.52 1.2591483413222386
11.52 1.2591483413222386
11.53 1.2508986668581417
11.53 1.2508986668581417
11.53 1.2508986668581417
11.53 1.2508986668581417
11.53 1.2508986668581417
11.53 1.2508986668581417
11.53 1.2508986668581417
11.54 1.2586669234719825
11.54 1.2586669234719825
11.56 1.2895853221211475
11.57 1.3046536751648743
11.57 1.3046536751648743
11.58 1.3194734180763552
11.6 1.3257359305592349
11.61 1.3325376413657377
11.62 1.324058651696107
11.62 1.324058651696107
11.63 1.338286255257111
11.63 1.338286255257111
11.64 1.3522894914502852
11.64 1.3522894914502852
11.64 1.3522894914502852
11.64 1.3522894914502852
11.64 1.3522894914502852
11.64 1.3522894914502852
11.64 1.3522894914502852
11.64 1.3522894914502852
11.64 1.3522894914502852
11.65 1.3660752600649848
11.68 1.3989895343324472
11.68 1.3989895343324472
11.68 1.3989895343324472
11.68 1.3989895343324472
11.68 1.3989895343324472
11.68 1.3989895343324472
11.68 1.3989895343324472
11.68 1.3989895343324472
11.68 1.3989895343324472
11.68 1.3989895343324472
11.68 1.3989895343324472
11.68 1.3989895343324472
11.68 1.3989895343324472
11.68 1.3989895343324472
11.68 1.3989895343324472
11.68 1.3989895343324472
11.68 1.3989895343324472
11.69 1.412033421643548
11.69 1.412033421643548
11.69 1.412033421643548
11.69 1.412033421643548
11.69 1.412033421643548
11.69 1.412033421643548
11.69 1.412033421643548
11.69 1.412033421643548
11.7 1.4248870236980298
11.72 1.4500435381829966
11.72 1.4500435381829966
11.72 1.4500435381829966
11.72 1.4500435381829966
11.72 1.4500435381829966
11.73 1.4623559240092159
11.73 1.4623559240092159
11.74 1.4744970037749872
11.74 1.4744970037749872
11.74 1.4744970037749872
11.74 1.4744970037749872
11.74 1.4744970037749872
11.74 1.4744970037749872
11.75 1.4864709750264078
11.75 1.4864709750264078
11.75 1.4864709750264078
11.76 1.4982818442631154
11.77 1.4897291462856357
11.77 1.4897291462856357
11.78 1.4946368769501819
11.78 1.4946368769501819
11.79 1.49946118268658
11.8 1.5109031348264144
11.8 1.5109031348264144
11.81 1.522192729936229
11.81 1.522192729936229
11.81 1.522192729936229
11.81 1.522192729936229
11.82 1.5333333333333334
11.83 1.5245797566357207
11.83 1.5245797566357207
11.83 1.5245797566357207
11.83 1.5245797566357207
11.83 1.5245797566357207
11.84 1.5355714890488816
11.84 1.5355714890488816
11.84 1.5355714890488816
11.84 1.5355714890488816
11.85 1.539874060178987
11.85 1.539874060178987
11.86 1.5506271132817335
11.86 1.5506271132817335
11.86 1.5506271132817335
11.87 1.5612414122981593
11.87 1.5612414122981593
11.87 1.5612414122981593
11.88 1.5717197683757216
11.88 1.5717197683757216
11.89 1.5820648826547208
11.91 1.5897080603594227
11.91 1.5897080603594227
11.92 1.5997474548165154
11.94 1.6006311886315985
11.94 1.6006311886315985
11.95 1.6104143390551224
11.95 1.6104143390551224
11.95 1.6104143390551224
11.96 1.6200760675494421
11.96 1.6200760675494421
11.96 1.6200760675494421
11.96 1.6200760675494421
11.96 1.6200760675494421
11.96 1.6200760675494421
11.96 1.6200760675494421
11.96 1.6200760675494421
11.96 1.6200760675494421
11.96 1.6200760675494421
11.96 1.6200760675494421
11.96 1.6200760675494421
11.97 1.6296185337853046
11.97 1.6296185337853046
11.97 1.6296185337853046
11.97 1.6296185337853046
11.97 1.6296185337853046
11.97 1.6296185337853046
11.97 1.6296185337853046
11.98 1.6390438207884028
11.98 1.6390438207884028
11.98 1.6390438207884028
11.98 1.6390438207884028
11.98 1.6390438207884028
11.98 1.6390438207884028
11.98 1.6390438207884028
11.98 1.6390438207884028
11.98 1.6390438207884028
12.0 1.651445647689541
12.0 1.651445647689541
12.0 1.651445647689541
12.0 1.651445647689541
12.0 1.651445647689541
12.01 1.6605645869627443
12.01 1.6605645869627443
12.01 1.6605645869627443
12.02 1.6695732231545726
12.02 1.6695732231545726
12.02 1.6695732231545726
12.02 1.6695732231545726
12.02 1.6695732231545726
12.02 1.6695732231545726
12.02 1.6695732231545726
12.02 1.6695732231545726
12.02 1.6695732231545726
12.02 1.6695732231545726
12.04 1.669210180373528
12.04 1.669210180373528
12.05 1.684000767772565
12.05 1.684000767772565
12.06 1.6926460070110665
12.06 1.6926460070110665
12.06 1.6926460070110665
12.06 1.6926460070110665
12.06 1.6926460070110665
12.06 1.6926460070110665
12.07 1.7071152346114258
12.07 1.7071152346114258
12.07 1.7071152346114258
12.09 1.723837626232866
12.09 1.723837626232866
12.09 1.723837626232866
12.09 1.723837626232866
12.09 1.723837626232866
12.09 1.723837626232866
12.09 1.723837626232866
12.09 1.723837626232866
12.09 1.723837626232866
12.09 1.723837626232866
12.1 1.732050807568878
12.1 1.732050807568878
12.1 1.732050807568878
12.11 1.7459621526206799
12.11 1.7459621526206799
12.11 1.7459621526206799
12.11 1.7459621526206799
12.11 1.7459621526206799
12.12 1.753956566270566
12.13 1.7675812383999316
12.14 1.7810449775682848
12.14 1.7810449775682848
12.14 1.7810449775682848
12.14 1.7810449775682848
12.14 1.7810449775682848
12.14 1.7810449775682848
12.14 1.7810449775682848
12.14 1.7810449775682848
12.14 1.7810449775682848
12.15 1.771690968789108
12.15 1.771690968789108
12.16 1.7850105395382478
12.16 1.7850105395382478
12.16 1.7850105395382478
12.16 1.7850105395382478
12.16 1.7850105395382478
12.16 1.7850105395382478
12.16 1.7850105395382478
12.16 1.7850105395382478
12.16 1.7850105395382478
12.16 1.7850105395382478
12.16 1.7850105395382478
12.16 1.7850105395382478
12.16 1.7850105395382478
12.17 1.7812434653433211
12.18 1.7774115784454432
12.18 1.7774115784454432
12.19 1.7905193648658464
12.2 1.8034758807716984
12.2 1.8034758807716984
12.2 1.8034758807716984
12.2 1.8034758807716984
12.2 1.8034758807716984
12.2 1.8034758807716984
12.21 1.8107144635990697
12.21 1.8107144635990697
12.21 1.8107144635990697
12.22 1.8234167063094735
12.22 1.8234167063094735
12.22 1.8234167063094735
12.22 1.8234167063094735
12.22 1.8234167063094735
12.22 1.8234167063094735
12.22 1.8234167063094735
12.22 1.8234167063094735
12.22 1.8234167063094735
12.23 1.8359760567088232
12.23 1.8359760567088232
12.24 1.842922580132881
12.24 1.842922580132881
12.24 1.842922580132881
12.24 1.842922580132881
12.24 1.842922580132881
12.24 1.842922580132881
12.25 1.855241006424554
12.25 1.855241006424554
12.25 1.855241006424554
12.26 1.8674240887577542
12.26 1.8674240887577542
12.26 1.8674240887577542
12.26 1.8674240887577542
12.28 1.8913946540512727
12.28 1.8913946540512727
12.29 1.903187119576322
12.29 1.903187119576322
12.3 1.9148542155126762
12.31 1.9263982197380953
12.31 1.9263982197380953
12.31 1.9263982197380953
12.31 1.9263982197380953
12.32 1.9378213321025013
12.32 1.9378213321025013
12.33 1.9491256781159356
12.33 1.9491256781159356
12.34 1.9603133124141865
12.34 1.9603133124141865
12.34 1.9603133124141865
12.34 1.9603133124141865
12.35 1.9713862220183123
12.35 1.9713862220183123
12.35 1.9713862220183123
12.35 1.9713862220183123
12.37 1.9931954953863105
12.37 1.9931954953863105
12.37 1.9931954953863105
12.38 2.0039355218563233
12.41 2.015570701445437
12.41 2.015570701445437
12.41 2.015570701445437
12.41 2.015570701445437
12.41 2.015570701445437
12.41 2.015570701445437
12.41 2.015570701445437
12.42 2.0259927109065483
12.43 2.0363117778389572
12.43 2.0363117778389572
12.44 2.0415878154223033
12.44 2.0415878154223033
12.44 2.0415878154223033
12.44 2.0415878154223033
12.44 2.0415878154223033
12.44 2.0415878154223033
12.45 2.0418599166426477
12.45 2.0418599166426477
12.45 2.0418599166426477
12.46 2.051951522454916
12.47 2.0619447523190733
12.47 2.0619447523190733
12.47 2.0619447523190733
12.47 2.0619447523190733
12.47 2.0619447523190733
12.47 2.0619447523190733
12.47 2.0619447523190733
12.47 2.0619447523190733
12.47 2.0619447523190733
12.47 2.0619447523190733
12.47 2.0619447523190733
12.48 2.07184102974269
12.48 2.07184102974269
12.48 2.07184102974269
12.49 2.081641737483259
12.51 2.091324069491949
12.51 2.091324069491949
12.51 2.091324069491949
12.51 2.091324069491949
12.51 2.091324069491949
12.51 2.091324069491949
12.51 2.091324069491949
12.51 2.091324069491949
12.51 2.091324069491949
12.51 2.091324069491949
12.51 2.091324069491949
12.51 2.091324069491949
12.52 2.100889662437647
12.53 2.1055722128282235
12.54 2.114977851688124
12.54 2.114977851688124
12.54 2.114977851688124
12.54 2.114977851688124
12.54 2.114977851688124
12.54 2.114977851688124
12.54 2.114977851688124
12.54 2.114977851688124
12.54 2.114977851688124
12.54 2.114977851688124
12.54 2.114977851688124
12.54 2.114977851688124
12.54 2.114977851688124
12.54 2.114977851688124
12.55 2.124294297555369
12.56 2.133522718866428
12.56 2.133522718866428
12.56 2.133522718866428
12.56 2.133522718866428
12.57 2.142664252982744
12.57 2.142664252982744
12.57 2.142664252982744
12.57 2.142664252982744
12.57 2.142664252982744
12.57 2.142664252982744
12.57 2.142664252982744
12.58 2.1564092863139437
12.58 2.1564092863139437
12.58 2.1564092863139437
12.58 2.1564092863139437
12.58 2.1564092863139437
12.58 2.1564092863139437
12.59 2.156011094216317
12.59 2.156011094216317
12.59 2.156011094216317
12.59 2.156011094216317
12.59 2.156011094216317
12.59 2.156011094216317
12.59 2.156011094216317
12.59 2.156011094216317
12.59 2.156011094216317
12.59 2.156011094216317
12.6 2.1649177090293024
12.6 2.1649177090293024
12.6 2.1649177090293024
12.6 2.1649177090293024
12.61 2.1783832388616875
12.62 2.187106385943386
12.62 2.187106385943386
12.62 2.187106385943386
12.62 2.187106385943386
12.62 2.187106385943386
12.62 2.187106385943386
12.62 2.187106385943386
12.62 2.187106385943386
12.62 2.187106385943386
12.62 2.187106385943386
12.62 2.187106385943386
12.63 2.2003443256715864
12.63 2.2003443256715864
12.63 2.2003443256715864
12.63 2.2003443256715864
12.63 2.2003443256715864
12.63 2.2003443256715864
12.63 2.2003443256715864
12.63 2.2003443256715864
12.63 2.2003443256715864
12.63 2.2003443256715864
12.63 2.2003443256715864
12.63 2.2003443256715864
12.64 2.208889295368131
12.64 2.208889295368131
12.64 2.208889295368131
12.64 2.208889295368131
12.64 2.208889295368131
12.64 2.208889295368131
12.64 2.208889295368131
12.64 2.208889295368131
12.64 2.208889295368131
12.64 2.208889295368131
12.64 2.208889295368131
12.65 2.2173557826083448
12.65 2.2173557826083448
12.65 2.2173557826083448
12.65 2.2173557826083448
12.65 2.2173557826083448
12.65 2.2173557826083448
12.65 2.2173557826083448
12.65 2.2173557826083448
12.65 2.2173557826083448
12.65 2.2173557826083448
12.65 2.2173557826083448
12.65 2.2173557826083448
12.65 2.2173557826083448
12.65 2.2173557826083448
12.65 2.2173557826083448
12.65 2.2173557826083448
12.66 2.2302783266089037
12.66 2.2302783266089037
12.66 2.2302783266089037
12.66 2.2302783266089037
12.67 2.24308139429093
12.67 2.24308139429093
12.67 2.24308139429093
12.68 2.2557670199922795
12.68 2.2557670199922795
12.68 2.2557670199922795
12.69 2.268337174088883
12.69 2.268337174088883
12.69 2.268337174088883
12.69 2.268337174088883
12.7 2.2763607319179844
12.71 2.2843118894058256
12.71 2.2843118894058256
12.71 2.2843118894058256
12.71 2.2843118894058256
12.72 2.2965938766667975
12.72 2.2965938766667975
12.72 2.2965938766667975
12.72 2.2965938766667975
12.72 2.2965938766667975
12.72 2.2965938766667975
12.72 2.2965938766667975
12.72 2.2965938766667975
12.73 2.308766779127775
12.73 2.308766779127775
12.73 2.308766779127775
12.74 2.320832313258032
12.74 2.320832313258032
12.74 2.320832313258032
12.74 2.320832313258032
12.74 2.320832313258032
12.75 2.324115993558659
12.75 2.324115993558659
12.75 2.324115993558659
12.75 2.324115993558659
12.75 2.324115993558659
12.75 2.324115993558659
12.75 2.324115993558659
12.75 2.324115993558659
12.75 2.324115993558659
12.75 2.324115993558659
12.75 2.324115993558659
12.75 2.324115993558659
12.75 2.324115993558659
12.76 2.3360157741268988
12.76 2.3360157741268988
12.76 2.3360157741268988
12.76 2.3360157741268988
12.76 2.3360157741268988
12.77 2.347812220392044
12.77 2.347812220392044
12.77 2.347812220392044
12.77 2.347812220392044
12.77 2.347812220392044
12.77 2.347812220392044
12.77 2.347812220392044
12.77 2.347812220392044
12.78 2.350929324090517
12.79 2.362565802621626
12.79 2.362565802621626
12.79 2.362565802621626
12.79 2.362565802621626
12.8 2.3741027013092006
12.8 2.3741027013092006
12.81 2.3855414649106574
12.81 2.3855414649106574
12.81 2.3855414649106574
12.82 2.396883498430933
12.82 2.396883498430933
12.82 2.396883498430933
12.82 2.396883498430933
12.82 2.396883498430933
12.82 2.396883498430933
12.82 2.396883498430933
12.83 2.4081301686351817
12.84 2.419282805487877
12.84 2.419282805487877
12.85 2.4303427035226237
12.85 2.4303427035226237
12.86 2.441311123146742
12.87 2.452189291884361
12.88 2.462978405561573
12.89 2.4654993142742634
12.89 2.4654993142742634
12.89 2.4654993142742634
12.89 2.4654993142742634
12.9 2.4761488507989853
12.9 2.4761488507989853
12.91 2.486712161416631
12.91 2.486712161416631
12.92 2.4971903403544555
12.92 2.4971903403544555
12.93 2.5075844548050212
12.94 2.5178955458473613
12.95 2.5281246293278627
12.95 2.5281246293278627
12.96 2.5382726967030718
12.96 2.5382726967030718
12.96 2.5382726967030718
12.96 2.5382726967030718
12.97 2.548340715846373
12.97 2.548340715846373
12.98 2.5583296318204405
12.98 2.5583296318204405
12.98 2.5583296318204405
12.99 2.5643043044179783
13.01 2.583924663504467
13.02 2.593620767743175
13.02 2.593620767743175
13.02 2.593620767743175
13.02 2.593620767743175
13.02 2.593620767743175
13.02 2.593620767743175
13.02 2.593620767743175
13.02 2.593620767743175
13.02 2.593620767743175
13.02 2.593620767743175
13.02 2.593620767743175
13.02 2.593620767743175
13.03 2.603241957035244
13.03 2.603241957035244
13.03 2.603241957035244
13.03 2.603241957035244
13.03 2.603241957035244
13.03 2.603241957035244
13.03 2.603241957035244
13.03 2.603241957035244
13.04 2.6127890589687244
13.04 2.6127890589687244
13.04 2.6127890589687244
13.04 2.6127890589687244
13.04 2.6127890589687244
13.04 2.6127890589687244
13.04 2.6127890589687244
13.04 2.6127890589687244
13.04 2.6127890589687244
13.04 2.6127890589687244
13.04 2.6127890589687244
13.04 2.6127890589687244
13.04 2.6127890589687244
13.04 2.6127890589687244
13.04 2.6127890589687244
13.04 2.6127890589687244
13.04 2.6127890589687244
13.04 2.6127890589687244
13.04 2.6127890589687244
13.04 2.6127890589687244
13.04 2.6127890589687244
13.04 2.6127890589687244
13.04 2.6127890589687244
13.04 2.6127890589687244
13.05 2.622262882752723
13.05 2.622262882752723
13.05 2.622262882752723
13.05 2.622262882752723
13.05 2.622262882752723
13.05 2.622262882752723
13.05 2.622262882752723
13.05 2.622262882752723
13.05 2.622262882752723
13.05 2.622262882752723
13.05 2.622262882752723
13.05 2.622262882752723
13.05 2.622262882752723
13.05 2.622262882752723
13.05 2.622262882752723
13.05 2.622262882752723
13.06 2.6316642197773956
13.06 2.6316642197773956
13.06 2.6316642197773956
13.06 2.6316642197773956
13.07 2.640993844151947
13.07 2.640993844151947
13.07 2.640993844151947
13.07 2.640993844151947
13.09 2.6594409680657076
13.09 2.6594409680657076
13.09 2.6594409680657076
13.09 2.6594409680657076
13.09 2.6594409680657076
13.09 2.6594409680657076
13.09 2.6594409680657076
13.09 2.6594409680657076
13.09 2.6594409680657076
13.09 2.6594409680657076
13.09 2.6594409680657076
13.09 2.6594409680657076
13.09 2.6594409680657076
13.09 2.6594409680657076
13.09 2.6594409680657076
13.09 2.6594409680657076
13.09 2.6594409680657076
13.09 2.6594409680657076
13.09 2.6594409680657076
13.09 2.6594409680657076
13.09 2.6594409680657076
13.09 2.6594409680657076
13.09 2.6594409680657076
13.09 2.6594409680657076
13.09 2.6594409680657076
13.09 2.6594409680657076
13.09 2.6594409680657076
13.09 2.6594409680657076
13.09 2.6594409680657076
13.09 2.6594409680657076
13.1 2.66855993397415
13.1 2.66855993397415
13.1 2.66855993397415
13.1 2.66855993397415
13.1 2.66855993397415
13.1 2.66855993397415
13.1 2.66855993397415
13.1 2.66855993397415
13.1 2.66855993397415
13.1 2.66855993397415
13.11 2.6776101209093066
13.11 2.6776101209093066
13.11 2.6776101209093066
13.12 2.690349382139763
13.12 2.690349382139763
13.12 2.690349382139763
13.12 2.690349382139763
13.13 2.702991234939844
13.13 2.702991234939844
13.13 2.702991234939844
13.13 2.702991234939844
13.13 2.702991234939844
13.13 2.702991234939844
13.13 2.702991234939844
13.13 2.702991234939844
13.14 2.7118147786933027
13.14 2.7118147786933027
13.14 2.7118147786933027
13.14 2.7118147786933027
13.14 2.7118147786933027
13.14 2.7118147786933027
13.14 2.7118147786933027
13.14 2.7118147786933027
13.14 2.7118147786933027
13.14 2.7118147786933027
13.14 2.7118147786933027
13.14 2.7118147786933027
13.14 2.7118147786933027
13.14 2.7118147786933027
13.14 2.7118147786933027
13.14 2.7118147786933027
13.15 2.716857215849431
13.15 2.716857215849431
13.15 2.716857215849431
13.15 2.716857215849431
13.15 2.716857215849431
13.16 2.7218532011269185
13.16 2.7218532011269185
13.17 2.7342016359183514
13.17 2.7342016359183514
13.17 2.7342016359183514
13.17 2.7342016359183514
13.18 2.7390922333185976
13.18 2.7390922333185976
13.18 2.7390922333185976
13.18 2.7390922333185976
13.18 2.7390922333185976
13.18 2.7390922333185976
13.18 2.7390922333185976
13.18 2.7390922333185976
13.18 2.7390922333185976
13.18 2.7390922333185976
13.18 2.7390922333185976
13.18 2.7390922333185976
13.18 2.7390922333185976
13.18 2.7390922333185976
13.18 2.7390922333185976
13.18 2.7390922333185976
13.18 2.7390922333185976
13.18 2.7390922333185976
13.18 2.7390922333185976
13.2 2.763397118831032
13.2 2.763397118831032
13.2 2.763397118831032
13.2 2.763397118831032
13.2 2.763397118831032
13.2 2.763397118831032
13.2 2.763397118831032
13.2 2.763397118831032
13.2 2.763397118831032
13.2 2.763397118831032
13.21 2.775415156860192
13.21 2.775415156860192
13.21 2.775415156860192
13.21 2.775415156860192
13.21 2.775415156860192
13.21 2.775415156860192
13.21 2.775415156860192
13.21 2.775415156860192
13.21 2.775415156860192
13.21 2.775415156860192
13.21 2.775415156860192
13.21 2.775415156860192
13.21 2.775415156860192
13.21 2.775415156860192
13.21 2.775415156860192
13.21 2.775415156860192
13.21 2.775415156860192
13.21 2.775415156860192
13.22 2.787345139966152
13.22 2.787345139966152
13.22 2.787345139966152
13.22 2.787345139966152
13.22 2.787345139966152
13.22 2.787345139966152
13.22 2.787345139966152
13.22 2.787345139966152
13.23 2.7991881940045658
13.24 2.810945417722327
13.25 2.8226178836625615
13.25 2.8226178836625615
13.25 2.8226178836625615
13.27 2.8457127065255228
13.27 2.8457127065255228
13.27 2.8457127065255228
13.27 2.8457127065255228
13.27 2.8457127065255228
13.27 2.8457127065255228
13.27 2.8457127065255228
13.28 2.8571370851312548
13.28 2.8571370851312548
13.28 2.8571370851312548
13.28 2.8571370851312548
13.28 2.8571370851312548
13.28 2.8571370851312548
13.28 2.8571370851312548
13.28 2.8571370851312548
13.28 2.8571370851312548
13.3 2.8797446575919334
13.3 2.8797446575919334
13.3 2.8797446575919334
13.3 2.8797446575919334
13.3 2.8797446575919334
13.3 2.8797446575919334
13.3 2.8797446575919334
13.3 2.8797446575919334
13.3 2.8797446575919334
13.31 2.8909297375541216
13.32 2.902036902215094
13.32 2.902036902215094
13.32 2.902036902215094
13.32 2.902036902215094
13.32 2.902036902215094
13.32 2.902036902215094
13.32 2.902036902215094
13.32 2.902036902215094
13.32 2.902036902215094
13.32 2.902036902215094
13.32 2.902036902215094
13.32 2.902036902215094
13.32 2.902036902215094
13.32 2.902036902215094
13.32 2.902036902215094
13.33 2.9130670428192333
13.34 2.924021031028846
13.34 2.924021031028846
13.34 2.924021031028846
13.35 2.9348997195196236
13.35 2.9348997195196236
13.36 2.9457039425529032
13.36 2.9457039425529032
13.36 2.9457039425529032
13.36 2.9457039425529032
13.37 2.9564345165257855
13.37 2.9564345165257855
13.39 2.974283718202357
13.39 2.974283718202357
13.39 2.974283718202357
13.39 2.974283718202357
13.39 2.974283718202357
13.39 2.974283718202357
13.39 2.974283718202357
13.39 2.974283718202357
13.39 2.974283718202357
13.39 2.974283718202357
13.39 2.974283718202357
13.4 2.9848100289785453
13.4 2.9848100289785453
13.4 2.9848100289785453
13.4 2.9848100289785453
13.4 2.9848100289785453
13.4 2.9848100289785453
13.41 2.9952656245508775
13.41 2.9952656245508775
13.41 2.9952656245508775
13.41 2.9952656245508775
13.41 2.9952656245508775
13.41 2.9952656245508775
13.42 3.0056512428988498
13.42 3.0056512428988498
13.42 3.0056512428988498
13.43 3.015967606931582
13.43 3.015967606931582
13.44 3.0262154249127415
13.45 3.036395390870063
13.46 3.046508184990173
13.46 3.046508184990173
13.46 3.046508184990173
13.46 3.046508184990173
13.46 3.046508184990173
13.46 3.046508184990173
13.46 3.046508184990173
13.46 3.046508184990173
13.46 3.046508184990173
13.46 3.046508184990173
13.48 3.0665349115306624
13.48 3.0665349115306624
13.48 3.0665349115306624
13.48 3.0665349115306624
13.48 3.0665349115306624
13.48 3.0665349115306624
13.49 3.076450138478677
13.49 3.076450138478677
13.49 3.076450138478677
13.49 3.076450138478677
13.49 3.076450138478677
13.49 3.076450138478677
13.49 3.076450138478677
13.5 3.0863007833412035
13.5 3.0863007833412035
13.5 3.0863007833412035
13.5 3.0863007833412035
13.5 3.0863007833412035
13.5 3.0863007833412035
13.5 3.0863007833412035
13.5 3.0863007833412035
13.5 3.0863007833412035
13.5 3.0863007833412035
13.5 3.0863007833412035
13.5 3.0863007833412035
13.5 3.0863007833412035
13.5 3.0863007833412035
13.5 3.0863007833412035
13.5 3.0863007833412035
13.5 3.0863007833412035
13.5 3.0863007833412035
13.5 3.0863007833412035
13.5 3.0863007833412035
13.5 3.0863007833412035
13.51 3.096087462549724
13.51 3.096087462549724
13.52 3.1058107807882656
13.52 3.1058107807882656
13.52 3.1058107807882656
13.52 3.1058107807882656
13.52 3.1058107807882656
13.52 3.1058107807882656
13.52 3.1058107807882656
13.52 3.1058107807882656
13.52 3.1058107807882656
13.52 3.1058107807882656
13.52 3.1058107807882656
13.52 3.1058107807882656
13.52 3.1058107807882656
13.52 3.1058107807882656
13.52 3.1058107807882656
13.52 3.1058107807882656
13.52 3.1058107807882656
13.53 3.1122274331995077
13.53 3.1122274331995077
13.53 3.1122274331995077
13.53 3.1122274331995077
13.53 3.1122274331995077
13.54 3.1218357717629193
13.54 3.1218357717629193
13.55 3.131382371342656
13.55 3.131382371342656
13.56 3.140867794901674
13.56 3.140867794901674
13.56 3.140867794901674
13.56 3.140867794901674
13.56 3.140867794901674
13.56 3.140867794901674
13.56 3.140867794901674
13.56 3.140867794901674
13.57 3.1470845896069313
13.57 3.1470845896069313
13.57 3.1470845896069313
13.57 3.1470845896069313
13.57 3.1470845896069313
13.57 3.1470845896069313
13.57 3.1470845896069313
13.57 3.1470845896069313
13.57 3.1470845896069313
13.57 3.1470845896069313
13.57 3.1470845896069313
13.57 3.1470845896069313
13.58 3.156458826475063
13.58 3.156458826475063
13.58 3.156458826475063
13.58 3.156458826475063
13.58 3.156458826475063
13.58 3.156458826475063
13.58 3.156458826475063
13.58 3.156458826475063
13.58 3.156458826475063
13.58 3.156458826475063
13.58 3.156458826475063
13.58 3.156458826475063
13.58 3.156458826475063
13.58 3.156458826475063
13.58 3.156458826475063
13.6 3.175028831492412
13.6 3.175028831492412
13.61 3.1842256404490143
13.61 3.1842256404490143
13.61 3.1842256404490143
13.61 3.1842256404490143
13.61 3.1842256404490143
13.61 3.1842256404490143
13.61 3.1842256404490143
13.61 3.1842256404490143
13.61 3.1842256404490143
13.61 3.1842256404490143
13.61 3.1842256404490143
13.61 3.1842256404490143
13.61 3.1842256404490143
13.61 3.1842256404490143
13.61 3.1842256404490143
13.62 3.193364332107402
13.62 3.193364332107402
13.62 3.193364332107402
13.62 3.193364332107402
13.62 3.193364332107402
13.62 3.193364332107402
13.62 3.193364332107402
13.62 3.193364332107402
13.62 3.193364332107402
13.62 3.193364332107402
13.62 3.193364332107402
13.62 3.193364332107402
13.62 3.193364332107402
13.62 3.193364332107402
13.62 3.193364332107402
13.62 3.193364332107402
13.62 3.193364332107402
13.62 3.193364332107402
13.62 3.193364332107402
13.62 3.193364332107402
13.62 3.193364332107402
13.62 3.193364332107402
13.62 3.193364332107402
13.63 3.1992896938937174
13.63 3.1992896938937174
13.63 3.1992896938937174
13.63 3.1992896938937174
13.63 3.1992896938937174
13.63 3.1992896938937174
13.63 3.1992896938937174
13.63 3.1992896938937174
13.63 3.1992896938937174
13.63 3.1992896938937174
13.63 3.1992896938937174
13.63 3.1992896938937174
13.63 3.1992896938937174
13.63 3.1992896938937174
13.63 3.1992896938937174
13.63 3.1992896938937174
13.63 3.1992896938937174
13.64 3.2114693449471607
13.64 3.2114693449471607
13.64 3.2114693449471607
13.64 3.2114693449471607
13.64 3.2114693449471607
13.64 3.2114693449471607
13.64 3.2114693449471607
13.64 3.2114693449471607
13.64 3.2114693449471607
13.64 3.2114693449471607
13.64 3.2114693449471607
13.64 3.2114693449471607
13.64 3.2114693449471607
13.64 3.2114693449471607
13.64 3.2114693449471607
13.64 3.2114693449471607
13.64 3.2114693449471607
13.65 3.2235716435987802
13.65 3.2235716435987802
13.65 3.2235716435987802
13.65 3.2235716435987802
13.65 3.2235716435987802
13.65 3.2235716435987802
13.65 3.2235716435987802
13.65 3.2235716435987802
13.65 3.2235716435987802
13.65 3.2235716435987802
13.65 3.2235716435987802
13.65 3.2235716435987802
13.65 3.2235716435987802
13.65 3.2235716435987802
13.65 3.2235716435987802
13.65 3.2235716435987802
13.65 3.2235716435987802
13.65 3.2235716435987802
13.65 3.2235716435987802
13.65 3.2235716435987802
13.65 3.2235716435987802
13.65 3.2235716435987802
13.65 3.2235716435987802
13.65 3.2235716435987802
13.65 3.2235716435987802
13.65 3.2235716435987802
13.65 3.2235716435987802
13.65 3.2235716435987802
13.65 3.2235716435987802
13.65 3.2235716435987802
13.65 3.2235716435987802
13.65 3.2235716435987802
13.65 3.2235716435987802
13.65 3.2235716435987802
13.65 3.2235716435987802
13.65 3.2235716435987802
13.65 3.2235716435987802
13.66 3.2355974578261306
13.66 3.2355974578261306
13.66 3.2355974578261306
13.66 3.2355974578261306
13.66 3.2355974578261306
13.66 3.2355974578261306
13.66 3.2355974578261306
13.66 3.2355974578261306
13.66 3.2355974578261306
13.66 3.2355974578261306
13.66 3.2355974578261306
13.66 3.2355974578261306
13.66 3.2355974578261306
13.66 3.2355974578261306
13.67 3.244435796307832
13.67 3.244435796307832
13.67 3.244435796307832
13.67 3.244435796307832
13.67 3.244435796307832
13.67 3.244435796307832
13.67 3.244435796307832
13.67 3.244435796307832
13.67 3.244435796307832
13.67 3.244435796307832
13.68 3.2563225214398472
13.68 3.2563225214398472
13.68 3.2563225214398472
13.68 3.2563225214398472
13.68 3.2563225214398472
13.68 3.2563225214398472
13.68 3.2563225214398472
13.68 3.2563225214398472
13.68 3.2563225214398472
13.68 3.2563225214398472
13.68 3.2563225214398472
13.68 3.2563225214398472
13.68 3.2563225214398472
13.68 3.2563225214398472
13.68 3.2563225214398472
13.68 3.2563225214398472
13.68 3.2563225214398472
13.68 3.2563225214398472
13.68 3.2563225214398472
13.68 3.2563225214398472
13.68 3.2563225214398472
13.68 3.2563225214398472
13.68 3.2563225214398472
13.68 3.2563225214398472
13.68 3.2563225214398472
13.68 3.2563225214398472
13.68 3.2563225214398472
13.68 3.2563225214398472
13.68 3.2563225214398472
13.68 3.2563225214398472
13.68 3.2563225214398472
13.68 3.2563225214398472
13.68 3.2563225214398472
13.68 3.2563225214398472
13.68 3.2563225214398472
13.68 3.2563225214398472
13.69 3.26813510594453
13.69 3.26813510594453
13.69 3.26813510594453
13.69 3.26813510594453
13.7 3.279874350882324
13.71 3.2915410409476036
13.71 3.2915410409476036
13.71 3.2915410409476036
13.71 3.2915410409476036
13.71 3.2915410409476036
13.71 3.2915410409476036
13.71 3.2915410409476036
13.72 3.3031359449327966
13.72 3.3031359449327966
13.73 3.3116110394742435
13.73 3.3116110394742435
13.73 3.3116110394742435
13.73 3.3116110394742435
13.73 3.3116110394742435
13.73 3.3116110394742435
13.73 3.3116110394742435
13.74 3.3230751244635273
13.75 3.3344695033373553
13.75 3.3344695033373553
13.75 3.3344695033373553
13.75 3.3344695033373553
13.76 3.3457948882654844
13.76 3.3457948882654844
13.76 3.3457948882654844
13.77 3.357051977524028
13.77 3.357051977524028
13.77 3.357051977524028
13.78 3.3682414558713725
13.78 3.3682414558713725
13.78 3.3682414558713725
13.78 3.3682414558713725
13.78 3.3682414558713725
13.78 3.3682414558713725
13.78 3.3682414558713725
13.78 3.3682414558713725
13.78 3.3682414558713725
13.78 3.3682414558713725
13.79 3.3793639949110266
13.79 3.3793639949110266
13.79 3.3793639949110266
13.79 3.3793639949110266
13.79 3.3793639949110266
13.79 3.3793639949110266
13.79 3.3793639949110266
13.79 3.3793639949110266
13.8 3.3904202534419694
13.8 3.3904202534419694
13.8 3.3904202534419694
13.8 3.3904202534419694
13.8 3.3904202534419694
13.8 3.3904202534419694
13.8 3.3904202534419694
13.8 3.3904202534419694
13.8 3.3904202534419694
13.8 3.3904202534419694
13.8 3.3904202534419694
13.8 3.3904202534419694
13.8 3.3904202534419694
13.8 3.3904202534419694
13.8 3.3904202534419694
13.8 3.3904202534419694
13.8 3.3904202534419694
13.8 3.3904202534419694
13.8 3.3904202534419694
13.8 3.3904202534419694
13.8 3.3904202534419694
13.8 3.3904202534419694
13.8 3.3904202534419694
13.8 3.3904202534419694
13.8 3.3904202534419694
13.8 3.3904202534419694
13.81 3.4014108777970313
13.81 3.4014108777970313
13.81 3.4014108777970313
13.81 3.4014108777970313
13.81 3.4014108777970313
13.81 3.4014108777970313
13.81 3.4014108777970313
13.81 3.4014108777970313
13.81 3.4014108777970313
13.81 3.4014108777970313
13.81 3.4014108777970313
13.81 3.4014108777970313
13.81 3.4014108777970313
13.81 3.4014108777970313
13.81 3.4014108777970313
13.82 3.4123365021697967
13.82 3.4123365021697967
13.82 3.4123365021697967
13.83 3.423197748930499
13.83 3.423197748930499
13.84 3.4339952289313427
13.84 3.4339952289313427
13.85 3.4417959840698846
13.85 3.4417959840698846
13.85 3.4417959840698846
13.86 3.4524767862501196
13.86 3.4524767862501196
13.86 3.4524767862501196
13.86 3.4524767862501196
13.86 3.4524767862501196
13.87 3.463095479918264
13.87 3.463095479918264
13.87 3.463095479918264
13.87 3.463095479918264
13.87 3.463095479918264
13.87 3.463095479918264
13.87 3.463095479918264
13.87 3.463095479918264
13.87 3.463095479918264
13.87 3.463095479918264
13.89 3.4812484698870487
13.89 3.4812484698870487
13.89 3.4812484698870487
13.89 3.4812484698870487
13.89 3.4812484698870487
13.89 3.4812484698870487
13.89 3.4812484698870487
13.9 3.491692883390404
13.9 3.491692883390404
13.91 3.502077305620974
13.91 3.502077305620974
13.91 3.502077305620974
13.91 3.502077305620974
13.92 3.5124022686716416
13.92 3.5124022686716416
13.93 3.5226682953681445
13.94 3.532875899492102
13.94 3.532875899492102
13.94 3.532875899492102
13.94 3.532875899492102
13.94 3.532875899492102
13.94 3.532875899492102
13.94 3.532875899492102
13.94 3.532875899492102
13.94 3.532875899492102
13.94 3.532875899492102
13.94 3.532875899492102
13.94 3.532875899492102
13.94 3.532875899492102
13.94 3.532875899492102
13.94 3.532875899492102
13.94 3.532875899492102
13.94 3.532875899492102
13.95 3.5430255859971296
13.95 3.5430255859971296
13.95 3.5430255859971296
13.95 3.5430255859971296
13.95 3.5430255859971296
13.95 3.5430255859971296
13.95 3.5430255859971296
13.95 3.5430255859971296
13.96 3.553117851218346
13.96 3.553117851218346
13.96 3.553117851218346
13.96 3.553117851218346
13.97 3.5631531830754355
13.97 3.5631531830754355
13.97 3.5631531830754355
13.97 3.5631531830754355
13.97 3.5631531830754355
13.97 3.5631531830754355
13.97 3.5631531830754355
13.97 3.5631531830754355
13.98 3.5731320612695994
13.98 3.5731320612695994
13.98 3.5731320612695994
13.98 3.5731320612695994
13.98 3.5731320612695994
13.98 3.5731320612695994
13.98 3.5731320612695994
13.98 3.5731320612695994
13.99 3.583054957474534
13.99 3.583054957474534
14.0 3.592922335521728
14.0 3.592922335521728
14.01 3.6027346515802376
14.01 3.6027346515802376
14.01 3.6027346515802376
14.01 3.6027346515802376
14.01 3.6027346515802376
14.01 3.6027346515802376
14.01 3.6027346515802376
14.01 3.6027346515802376
14.01 3.6027346515802376
14.02 3.6124923543311507
14.02 3.6124923543311507
14.02 3.6124923543311507
14.02 3.6124923543311507
14.02 3.6124923543311507
14.02 3.6124923543311507
14.03 3.622195885136947
14.03 3.622195885136947
14.03 3.622195885136947
14.03 3.622195885136947
14.03 3.622195885136947
14.03 3.622195885136947
14.03 3.622195885136947
14.03 3.622195885136947
14.05 3.641442160751837
14.06 3.6509857531489995
14.06 3.6509857531489995
14.06 3.6509857531489995
14.06 3.6509857531489995
14.06 3.6509857531489995
14.06 3.6509857531489995
14.06 3.6509857531489995
14.06 3.6509857531489995
14.07 3.660476869082893
14.08 3.6699159156965466
14.08 3.6699159156965466
14.09 3.6793032937327586
14.09 3.6793032937327586
14.09 3.6793032937327586
14.09 3.6793032937327586
14.09 3.6793032937327586
14.09 3.6793032937327586
14.09 3.6793032937327586
14.1 3.6886393976723446
14.1 3.6886393976723446
14.1 3.6886393976723446
14.1 3.6886393976723446
14.1 3.6886393976723446
14.1 3.6886393976723446
14.1 3.6886393976723446
14.1 3.6886393976723446
14.1 3.6886393976723446
14.1 3.6886393976723446
14.1 3.6886393976723446
14.1 3.6886393976723446
14.1 3.6886393976723446
14.1 3.6886393976723446
14.1 3.6886393976723446
14.1 3.6886393976723446
14.1 3.6886393976723446
14.1 3.6886393976723446
14.1 3.6886393976723446
14.1 3.6886393976723446
14.1 3.6886393976723446
14.1 3.6886393976723446
14.1 3.6886393976723446
14.1 3.6886393976723446
14.1 3.6886393976723446
14.1 3.6886393976723446
14.1 3.6886393976723446
14.1 3.6886393976723446
14.1 3.6886393976723446
14.1 3.6886393976723446
14.1 3.6886393976723446
14.1 3.6886393976723446
14.1 3.6886393976723446
14.1 3.6886393976723446
14.1 3.6886393976723446
14.1 3.6886393976723446
14.1 3.6886393976723446
14.1 3.6886393976723446
14.1 3.6886393976723446
14.1 3.6886393976723446
14.1 3.6886393976723446
14.1 3.6886393976723446
14.1 3.6886393976723446
14.1 3.6886393976723446
14.1 3.6886393976723446
14.11 3.6787541808650834
14.11 3.6787541808650834
14.11 3.6787541808650834
14.11 3.6787541808650834
14.11 3.6787541808650834
14.11 3.6787541808650834
14.11 3.6787541808650834
14.11 3.6787541808650834
14.11 3.6787541808650834
14.11 3.6787541808650834
14.11 3.6787541808650834
14.11 3.6787541808650834
14.12 3.6880368980822524
14.12 3.6880368980822524
14.12 3.6880368980822524
14.12 3.6880368980822524
14.12 3.6880368980822524
14.12 3.6880368980822524
14.12 3.6880368980822524
14.12 3.6880368980822524
14.12 3.6880368980822524
14.12 3.6880368980822524
14.12 3.6880368980822524
14.12 3.6880368980822524
14.12 3.6880368980822524
14.12 3.6880368980822524
14.12 3.6880368980822524
14.12 3.6880368980822524
14.12 3.6880368980822524
14.12 3.6880368980822524
14.12 3.6880368980822524
14.12 3.6880368980822524
14.12 3.6880368980822524
14.12 3.6880368980822524
14.12 3.6880368980822524
14.12 3.6880368980822524
14.12 3.6880368980822524
14.12 3.6880368980822524
14.12 3.6880368980822524
14.12 3.6880368980822524
14.12 3.6880368980822524
14.12 3.6880368980822524
14.12 3.6880368980822524
14.12 3.6880368980822524
14.12 3.6880368980822524
14.12 3.6880368980822524
14.12 3.6880368980822524
14.12 3.6880368980822524
14.12 3.6880368980822524
14.12 3.6880368980822524
14.12 3.6880368980822524
14.12 3.6880368980822524
14.12 3.6880368980822524
14.12 3.6880368980822524
14.13 3.697268989375534
14.13 3.697268989375534
14.13 3.697268989375534
14.13 3.697268989375534
14.13 3.697268989375534
14.13 3.697268989375534
14.13 3.697268989375534
14.13 3.697268989375534
14.13 3.697268989375534
14.13 3.697268989375534
14.13 3.697268989375534
14.13 3.697268989375534
14.13 3.697268989375534
14.13 3.697268989375534
14.13 3.697268989375534
14.13 3.697268989375534
14.13 3.697268989375534
14.13 3.697268989375534
14.13 3.697268989375534
14.13 3.697268989375534
14.13 3.697268989375534
14.13 3.697268989375534
14.13 3.697268989375534
14.13 3.697268989375534
14.13 3.697268989375534
14.13 3.697268989375534
14.13 3.697268989375534
14.13 3.697268989375534
14.13 3.697268989375534
14.13 3.697268989375534
14.13 3.697268989375534
14.13 3.697268989375534
14.13 3.697268989375534
14.13 3.697268989375534
14.13 3.697268989375534
14.13 3.697268989375534
14.13 3.697268989375534
14.13 3.697268989375534
14.13 3.697268989375534
14.13 3.697268989375534
14.13 3.697268989375534
14.13 3.697268989375534
14.13 3.697268989375534
14.13 3.697268989375534
14.13 3.697268989375534
14.13 3.697268989375534
14.13 3.697268989375534
14.13 3.697268989375534
14.14 3.7064508330447024
14.14 3.7064508330447024
14.14 3.7064508330447024
14.14 3.7064508330447024
14.14 3.7064508330447024
14.14 3.7064508330447024
14.14 3.7064508330447024
14.14 3.7064508330447024
14.14 3.7064508330447024
14.14 3.7064508330447024
14.14 3.7064508330447024
14.14 3.7064508330447024
14.14 3.7064508330447024
14.14 3.7064508330447024
14.14 3.7064508330447024
14.14 3.7064508330447024
14.14 3.7064508330447024
14.14 3.7064508330447024
14.14 3.7064508330447024
14.14 3.7064508330447024
14.14 3.7064508330447024
14.14 3.7064508330447024
14.14 3.7064508330447024
14.14 3.7064508330447024
14.14 3.7064508330447024
14.14 3.7064508330447024
14.14 3.7064508330447024
14.14 3.7064508330447024
14.14 3.7064508330447024
14.14 3.7064508330447024
14.14 3.7064508330447024
14.14 3.7064508330447024
14.14 3.7064508330447024
14.14 3.7064508330447024
14.14 3.7064508330447024
14.14 3.7064508330447024
14.14 3.7064508330447024
14.14 3.7064508330447024
14.14 3.7064508330447024
14.14 3.7064508330447024
14.14 3.7064508330447024
14.14 3.7064508330447024
14.14 3.7064508330447024
14.14 3.7064508330447024
14.14 3.7064508330447024
14.14 3.7064508330447024
14.14 3.7064508330447024
14.14 3.7064508330447024
14.14 3.7064508330447024
14.14 3.7064508330447024
14.14 3.7064508330447024
14.14 3.7064508330447024
14.14 3.7064508330447024
14.14 3.7064508330447024
14.14 3.7064508330447024
14.14 3.7064508330447024
14.14 3.7064508330447024
14.14 3.7064508330447024
14.14 3.7064508330447024
14.14 3.7064508330447024
14.14 3.7064508330447024
14.14 3.7064508330447024
14.14 3.7064508330447024
14.14 3.7064508330447024
14.14 3.7064508330447024
14.14 3.7064508330447024
14.14 3.7064508330447024
14.14 3.7064508330447024
14.14 3.7064508330447024
14.14 3.7064508330447024
14.14 3.7064508330447024
14.14 3.7064508330447024
14.14 3.7064508330447024
14.14 3.7064508330447024
14.14 3.7064508330447024
14.14 3.7064508330447024
14.14 3.7064508330447024
14.14 3.7064508330447024
14.14 3.7064508330447024
14.15 3.7155828016013244
14.15 3.7155828016013244
14.15 3.7155828016013244
14.15 3.7155828016013244
14.15 3.7155828016013244
14.15 3.7155828016013244
14.15 3.7155828016013244
14.15 3.7155828016013244
14.15 3.7155828016013244
14.15 3.7155828016013244
14.15 3.7155828016013244
14.15 3.7155828016013244
14.15 3.7155828016013244
14.15 3.7155828016013244
14.15 3.7155828016013244
14.15 3.7155828016013244
14.15 3.7155828016013244
14.15 3.7155828016013244
14.15 3.7155828016013244
14.15 3.7155828016013244
14.15 3.7155828016013244
14.15 3.7155828016013244
14.15 3.7155828016013244
14.15 3.7155828016013244
14.15 3.7155828016013244
14.15 3.7155828016013244
14.15 3.7155828016013244
14.15 3.7155828016013244
14.15 3.7155828016013244
14.15 3.7155828016013244
14.15 3.7155828016013244
14.15 3.7155828016013244
14.15 3.7155828016013244
14.15 3.7155828016013244
14.16 3.7273761995984955
14.16 3.7273761995984955
14.16 3.7273761995984955
14.16 3.7273761995984955
14.16 3.7273761995984955
14.16 3.7273761995984955
14.16 3.7273761995984955
14.16 3.7273761995984955
14.16 3.7273761995984955
14.16 3.7273761995984955
14.16 3.7273761995984955
14.16 3.7273761995984955
14.16 3.7273761995984955
14.16 3.7273761995984955
14.16 3.7273761995984955
14.16 3.7273761995984955
14.16 3.7273761995984955
14.16 3.7273761995984955
14.16 3.7273761995984955
14.16 3.7273761995984955
14.16 3.7273761995984955
14.16 3.7273761995984955
14.16 3.7273761995984955
14.16 3.7273761995984955
14.16 3.7273761995984955
14.16 3.7273761995984955
14.16 3.7273761995984955
14.16 3.7273761995984955
14.16 3.7273761995984955
14.16 3.7273761995984955
14.16 3.7273761995984955
14.16 3.7273761995984955
14.16 3.7273761995984955
14.16 3.7273761995984955
14.16 3.7273761995984955
14.16 3.7273761995984955
14.16 3.7273761995984955
14.16 3.7273761995984955
14.16 3.7273761995984955
14.17 3.7391053864405963
14.17 3.7391053864405963
14.17 3.7391053864405963
14.17 3.7391053864405963
14.17 3.7391053864405963
14.17 3.7391053864405963
14.17 3.7391053864405963
14.17 3.7391053864405963
14.17 3.7391053864405963
14.17 3.7391053864405963
14.17 3.7391053864405963
14.17 3.7391053864405963
14.17 3.7391053864405963
14.17 3.7391053864405963
14.17 3.7391053864405963
14.17 3.7391053864405963
14.17 3.7391053864405963
14.17 3.7391053864405963
14.17 3.7391053864405963
14.17 3.7391053864405963
14.17 3.7391053864405963
14.17 3.7391053864405963
14.17 3.7391053864405963
14.17 3.7391053864405963
14.17 3.7391053864405963
14.17 3.7391053864405963
14.17 3.7391053864405963
14.17 3.7391053864405963
14.17 3.7391053864405963
14.17 3.7391053864405963
14.17 3.7391053864405963
14.17 3.7391053864405963
14.17 3.7391053864405963
14.17 3.7391053864405963
14.17 3.7391053864405963
14.17 3.7391053864405963
14.17 3.7391053864405963
14.17 3.7391053864405963
14.17 3.7391053864405963
14.17 3.7391053864405963
14.17 3.7391053864405963
14.17 3.7391053864405963
14.17 3.7391053864405963
14.17 3.7391053864405963
14.17 3.7391053864405963
14.17 3.7391053864405963
14.17 3.7391053864405963
14.17 3.7391053864405963
14.17 3.7391053864405963
14.17 3.7391053864405963
14.17 3.7391053864405963
14.17 3.7391053864405963
14.17 3.7391053864405963
14.17 3.7391053864405963
14.17 3.7391053864405963
14.17 3.7391053864405963
14.17 3.7391053864405963
14.17 3.7391053864405963
14.17 3.7391053864405963
14.17 3.7391053864405963
14.17 3.7391053864405963
14.17 3.7391053864405963
14.17 3.7391053864405963
14.17 3.7391053864405963
14.17 3.7391053864405963
14.17 3.7391053864405963
14.17 3.7391053864405963
14.17 3.7391053864405963
14.17 3.7391053864405963
14.17 3.7391053864405963
14.17 3.7391053864405963
14.17 3.7391053864405963
14.17 3.7391053864405963
14.17 3.7391053864405963
14.17 3.7391053864405963
14.17 3.7391053864405963
14.17 3.7391053864405963
14.17 3.7391053864405963
14.17 3.7391053864405963
14.17 3.7391053864405963
14.17 3.7391053864405963
14.17 3.7391053864405963
14.17 3.7391053864405963
14.17 3.7391053864405963
14.17 3.7391053864405963
14.17 3.7391053864405963
14.17 3.7391053864405963
14.17 3.7391053864405963
14.17 3.7391053864405963
14.17 3.7391053864405963
14.18 3.7480769479935723
14.18 3.7480769479935723
14.18 3.7480769479935723
14.18 3.7480769479935723
14.18 3.7480769479935723
14.18 3.7480769479935723
14.18 3.7480769479935723
14.18 3.7480769479935723
14.18 3.7480769479935723
14.18 3.7480769479935723
14.18 3.7480769479935723
14.18 3.7480769479935723
14.18 3.7480769479935723
14.18 3.7480769479935723
14.18 3.7480769479935723
14.18 3.7480769479935723
14.18 3.7480769479935723
14.18 3.7480769479935723
14.18 3.7480769479935723
14.18 3.7480769479935723
14.18 3.7480769479935723
14.18 3.7480769479935723
14.18 3.7480769479935723
14.18 3.7480769479935723
14.18 3.7480769479935723
14.18 3.7480769479935723
14.18 3.7480769479935723
14.18 3.7480769479935723
14.18 3.7480769479935723
14.18 3.7480769479935723
14.18 3.7480769479935723
14.18 3.7480769479935723
14.18 3.7480769479935723
14.19 3.738132737562481
14.2 3.7497474662443704
14.2 3.7497474662443704
14.2 3.7497474662443704
14.2 3.7497474662443704
14.2 3.7497474662443704
14.2 3.7497474662443704
14.2 3.7497474662443704
14.2 3.7497474662443704
14.2 3.7497474662443704
14.2 3.7497474662443704
14.2 3.7497474662443704
14.2 3.7497474662443704
14.2 3.7497474662443704
14.2 3.7497474662443704
14.21 3.761299474566436
14.21 3.761299474566436
14.21 3.761299474566436
14.21 3.761299474566436
14.21 3.761299474566436
14.21 3.761299474566436
14.21 3.761299474566436
14.21 3.761299474566436
14.21 3.761299474566436
14.21 3.761299474566436
14.21 3.761299474566436
14.21 3.761299474566436
14.21 3.761299474566436
14.21 3.761299474566436
14.21 3.761299474566436
14.21 3.761299474566436
14.21 3.761299474566436
14.21 3.761299474566436
14.21 3.761299474566436
14.21 3.761299474566436
14.22 3.7727893386643503
14.22 3.7727893386643503
14.22 3.7727893386643503
14.22 3.7727893386643503
14.22 3.7727893386643503
14.22 3.7727893386643503
14.22 3.7727893386643503
14.22 3.7727893386643503
14.22 3.7727893386643503
14.22 3.7727893386643503
14.22 3.7727893386643503
14.22 3.7727893386643503
14.22 3.7727893386643503
14.22 3.7727893386643503
14.22 3.7727893386643503
14.22 3.7727893386643503
14.22 3.7727893386643503
14.23 3.7842176245960055
14.24 3.7955848885862964
14.24 3.7955848885862964
14.24 3.7955848885862964
14.24 3.7955848885862964
14.24 3.7955848885862964
14.24 3.7955848885862964
14.24 3.7955848885862964
14.24 3.7955848885862964
14.24 3.7955848885862964
14.25 3.806891677264306
14.25 3.806891677264306
14.25 3.806891677264306
14.25 3.806891677264306
14.25 3.806891677264306
14.25 3.806891677264306
14.25 3.806891677264306
14.25 3.806891677264306
14.25 3.806891677264306
14.25 3.806891677264306
14.25 3.806891677264306
14.25 3.806891677264306
14.25 3.806891677264306
14.26 3.8181385278931166
14.26 3.8181385278931166
14.26 3.8181385278931166
14.26 3.8181385278931166
14.27 3.829325968592564
14.27 3.829325968592564
14.27 3.829325968592564
14.27 3.829325968592564
14.27 3.829325968592564
14.27 3.829325968592564
14.28 3.8404545185551804
14.28 3.8404545185551804
14.28 3.8404545185551804
14.28 3.8404545185551804
14.28 3.8404545185551804
14.28 3.8404545185551804
14.28 3.8404545185551804
14.28 3.8404545185551804
14.28 3.8404545185551804
14.28 3.8404545185551804
14.28 3.8404545185551804
14.28 3.8404545185551804
14.28 3.8404545185551804
14.28 3.8404545185551804
14.28 3.8404545185551804
14.28 3.8404545185551804
14.28 3.8404545185551804
14.28 3.8404545185551804
14.28 3.8404545185551804
14.28 3.8404545185551804
14.28 3.8404545185551804
14.28 3.8404545185551804
14.28 3.8404545185551804
14.29 3.851524688255605
14.29 3.851524688255605
14.29 3.851524688255605
14.29 3.851524688255605
14.29 3.851524688255605
14.29 3.851524688255605
14.29 3.851524688255605
14.29 3.851524688255605
14.29 3.851524688255605
14.3 3.8625369796536484
14.3 3.8625369796536484
14.3 3.8625369796536484
14.3 3.8625369796536484
14.3 3.8625369796536484
14.3 3.8625369796536484
14.3 3.8625369796536484
14.3 3.8625369796536484
14.31 3.8734918863913217
14.31 3.8734918863913217
14.32 3.8843898939839767
14.32 3.8843898939839767
14.32 3.8843898939839767
14.32 3.8843898939839767
14.33 3.895231480005814
14.33 3.895231480005814
14.33 3.895231480005814
14.33 3.895231480005814
14.33 3.895231480005814
14.34 3.885273933116371
14.34 3.885273933116371
14.35 3.8960612070773384
14.35 3.8960612070773384
14.35 3.8960612070773384
14.35 3.8960612070773384
14.35 3.8960612070773384
14.35 3.8960612070773384
14.35 3.8960612070773384
14.35 3.8960612070773384
14.35 3.8960612070773384
14.35 3.8960612070773384
14.35 3.8960612070773384
14.35 3.8960612070773384
14.35 3.8960612070773384
14.35 3.8960612070773384
14.35 3.8960612070773384
14.35 3.8960612070773384
14.35 3.8960612070773384
14.37 3.917469292357714
14.37 3.917469292357714
14.37 3.917469292357714
14.37 3.917469292357714
14.37 3.917469292357714
14.37 3.917469292357714
14.37 3.917469292357714
14.37 3.917469292357714
14.37 3.917469292357714
14.38 3.928091010898168
14.39 3.9386584394981865
14.39 3.9386584394981865
14.39 3.9386584394981865
14.39 3.9386584394981865
14.39 3.9386584394981865
14.41 3.959632163305936
14.41 3.959632163305936
14.42 3.9700393097817215
14.42 3.9700393097817215
14.42 3.9700393097817215
14.42 3.9700393097817215
14.42 3.9700393097817215
14.42 3.9700393097817215
14.42 3.9700393097817215
14.43 3.980393869146036
14.43 3.980393869146036
14.43 3.980393869146036
14.44 3.9906962507382793
14.44 3.9906962507382793
14.44 3.9906962507382793
14.44 3.9906962507382793
14.45 4.000946857629549
14.45 4.000946857629549
14.45 4.000946857629549
14.45 4.000946857629549
14.45 4.000946857629549
14.45 4.000946857629549
14.45 4.000946857629549
14.45 4.000946857629549
14.45 4.000946857629549
14.47 4.021294329044826
14.47 4.021294329044826
14.47 4.021294329044826
14.47 4.021294329044826
14.47 4.021294329044826
14.47 4.021294329044826
14.47 4.021294329044826
14.47 4.021294329044826
14.47 4.021294329044826
14.47 4.021294329044826
14.47 4.021294329044826
14.47 4.021294329044826
14.47 4.021294329044826
14.48 4.031391969546154
14.48 4.031391969546154
14.48 4.031391969546154
14.48 4.031391969546154
14.48 4.031391969546154
14.49 4.041439387548986
14.49 4.041439387548986
14.49 4.041439387548986
14.49 4.041439387548986
14.49 4.041439387548986
14.49 4.041439387548986
14.49 4.041439387548986
14.49 4.041439387548986
14.49 4.041439387548986
14.49 4.041439387548986
14.5 4.051436956703315
14.5 4.051436956703315
14.5 4.051436956703315
14.5 4.051436956703315
14.5 4.051436956703315
14.5 4.051436956703315
14.5 4.051436956703315
14.5 4.051436956703315
14.5 4.051436956703315
14.5 4.051436956703315
14.5 4.051436956703315
14.5 4.051436956703315
14.5 4.051436956703315
14.5 4.051436956703315
14.5 4.051436956703315
14.5 4.051436956703315
14.5 4.051436956703315
14.5 4.051436956703315
14.5 4.051436956703315
14.51 4.061385045135278
14.51 4.061385045135278
14.51 4.061385045135278
14.51 4.061385045135278
14.51 4.061385045135278
14.51 4.061385045135278
14.51 4.061385045135278
14.51 4.061385045135278
14.51 4.061385045135278
14.51 4.061385045135278
14.51 4.061385045135278
14.51 4.061385045135278
14.51 4.061385045135278
14.51 4.061385045135278
14.51 4.061385045135278
14.52 4.071284015559899
14.52 4.071284015559899
14.52 4.071284015559899
14.52 4.071284015559899
14.52 4.071284015559899
14.53 4.0811342253908505
14.53 4.0811342253908505
14.53 4.0811342253908505
14.53 4.0811342253908505
14.53 4.0811342253908505
14.53 4.0811342253908505
14.53 4.0811342253908505
14.53 4.0811342253908505
14.53 4.0811342253908505
14.53 4.0811342253908505
14.53 4.0811342253908505
14.54 4.0909360268473485
14.54 4.0909360268473485
14.54 4.0909360268473485
14.54 4.0909360268473485
14.54 4.0909360268473485
14.54 4.0909360268473485
14.54 4.0909360268473485
14.55 4.100689767058289
14.55 4.100689767058289
14.55 4.100689767058289
14.55 4.100689767058289
14.55 4.100689767058289
14.55 4.100689767058289
14.55 4.100689767058289
14.56 4.11039578816366
14.56 4.11039578816366
14.56 4.11039578816366
14.56 4.11039578816366
14.56 4.11039578816366
