9.47 0.5016135580465917
9.52 0.5021167315686781
9.53 0.5016135580465917
9.54 0.5009082659620331
9.55 0.5000000000000002
9.58 0.5160064207571708
9.64 0.5029207620781758
9.67 0.49349301265099305
9.71 0.4776838056516236
9.73 0.4682872294787994
9.75 0.4578165130223675
9.77 0.4461960433384741
9.8 0.44946657497549447
9.81 0.44255913261233915
9.83 0.4277023415055066
9.85 0.41132945334843146
9.85 0.41132945334843146
9.86 0.40251733132897793
9.86 0.40251733132897793
9.88 0.40898988651643614
9.91 0.3785938897200184
9.92 0.3673547263197995
9.92 0.3673547263197995
9.92 0.3673547263197995
9.93 0.38283894337652774
9.93 0.38283894337652774
9.94 0.37118429085533516
9.96 0.37389568036817394
9.96 0.37389568036817394
9.97 0.38807996676723777
9.98 0.375513116961447
9.99 0.3891197006245523
10.0 0.37605071654517747
10.01 0.3622321371884625
10.01 0.3622321371884625
10.01 0.3622321371884625
10.03 0.3611149960940978
10.03 0.3611149960940978
10.04 0.3458264877015055
10.04 0.3458264877015055
10.05 0.3588702812826366
10.07 0.35547663265485707
10.07 0.35547663265485707
10.08 0.3673547263197995
10.12 0.3834979883528822
10.12 0.3834979883528822
10.14 0.37658754867650907
10.16 0.39491720139745284
10.17 0.4033946860424327
10.17 0.4033946860424327
10.18 0.41145221993924014
10.19 0.41911402464790604
10.19 0.41911402464790604
10.19 0.41911402464790604
10.2 0.4264014327112205
10.22 0.43992653197477627
10.22 0.43992653197477627
10.22 0.43992653197477627
10.22 0.43992653197477627
10.22 0.43992653197477627
10.22 0.43992653197477627
10.23 0.44619604333847424
10.24 0.4521553322083516
10.25 0.4578165130223675
10.26 0.46319051646752707
10.28 0.473115613606636
10.29 0.47768380565162355
10.3 0.4819992036541471
10.31 0.4860685407045246
10.31 0.4860685407045246
10.31 0.4860685407045246
10.34 0.4760952285695237
10.34 0.4760952285695237
10.34 0.4760952285695237
10.36 0.48241815132442206
10.37 0.4852365870939101
10.37 0.4852365870939101
10.37 0.4852365870939101
10.37 0.4852365870939101
10.38 0.4878317312145637
10.38 0.4878317312145637
10.38 0.4878317312145637
10.38 0.4878317312145637
10.38 0.4878317312145637
10.38 0.4878317312145637
10.39 0.49020713000019756
10.4 0.49236596391733084
10.4 0.49236596391733084
10.4 0.49236596391733084
10.4 0.49236596391733084
10.4 0.49236596391733084
10.4 0.49236596391733084
10.41 0.5143398239932956
10.41 0.5143398239932956
10.41 0.5143398239932956
10.41 0.5143398239932956
10.41 0.5143398239932956
10.42 0.516006420757171
10.42 0.516006420757171
10.43 0.5174724898753337
10.43 0.5174724898753337
10.43 0.5174724898753337
10.43 0.5174724898753337
10.43 0.5174724898753337
10.43 0.5174724898753337
10.43 0.5174724898753337
10.44 0.5378595813899104
10.45 0.5388914922357197
10.46 0.5581354239923779
10.46 0.5581354239923779
10.46 0.5581354239923779
10.46 0.5581354239923779
10.46 0.5581354239923779
10.46 0.5581354239923779
10.46 0.5581354239923779
10.46 0.5581354239923779
10.47 0.5765624358421577
10.48 0.5770002538381527
10.48 0.5770002538381527
10.49 0.5945034427438952
10.51 0.6275654418770878
10.51 0.6275654418770878
10.52 0.6273239621880816
10.53 0.6428314889862845
10.53 0.6428314889862845
10.54 0.6578200914591114
10.54 0.6578200914591114
10.54 0.6578200914591114
10.54 0.6578200914591114
10.54 0.6578200914591114
10.55 0.672324476737388
10.56 0.6863753427324666
10.58 0.713222874483754
10.58 0.713222874483754
10.59 0.7260659179246178
10.59 0.7260659179246178
10.59 0.7260659179246178
10.6 0.7385489458759966
10.61 0.7506899183653344
10.61 0.7506899183653344
10.61 0.7506899183653344
10.63 0.7608474807008887
10.64 0.7722458393307373
10.64 0.7722458393307373
10.64 0.7722458393307373
10.64 0.7722458393307373
10.64 0.7722458393307373
10.64 0.7722458393307373
10.64 0.7722458393307373
10.65 0.7833494518006401
10.66 0.7941706810925919
10.66 0.7941706810925919
10.67 0.8047209190618557
10.69 0.8127146181194549
10.7 0.8102873913406639
10.7 0.8102873913406639
10.71 0.8201379534116578
10.71 0.8201379534116578
10.71 0.8201379534116578
10.73 0.8270062840990949
10.73 0.8270062840990949
10.74 0.8362977576162332
10.74 0.8362977576162332
10.75 0.8453676505795953
10.75 0.8453676505795953
10.75 0.8453676505795953
10.76 0.8542230210530322
10.76 0.8542230210530322
10.76 0.8542230210530322
10.76 0.8542230210530322
10.76 0.8542230210530322
10.76 0.8542230210530322
10.76 0.8542230210530322
10.76 0.8542230210530322
10.78 0.8596452169295764
10.78 0.8596452169295764
10.79 0.8680059581790572
10.79 0.8680059581790572
10.79 0.8680059581790572
10.8 0.8761716542303611
10.8 0.8761716542303611
10.81 0.8841477092189811
10.81 0.8841477092189811
10.81 0.8841477092189811
10.82 0.8805416147766869
10.82 0.8805416147766869
10.82 0.8805416147766869
10.82 0.8805416147766869
10.83 0.8882510337679872
10.85 0.880484256107129
10.87 0.883690608136746
10.87 0.883690608136746
10.87 0.883690608136746
10.87 0.883690608136746
10.88 0.8908060134144543
10.88 0.8908060134144543
10.91 0.9111542241585783
10.91 0.9111542241585783
10.91 0.9111542241585783
10.91 0.9111542241585783
10.91 0.9111542241585783
10.92 0.9176165876989162
10.93 0.9129262530097074
10.95 0.9031370691409836
10.95 0.9031370691409836
10.95 0.9031370691409836
10.96 0.8980337668844341
10.96 0.8980337668844341
10.96 0.8980337668844341
10.96 0.8980337668844341
10.97 0.8927881647236969
10.97 0.8927881647236969
10.97 0.8927881647236969
10.97 0.8927881647236969
10.97 0.8927881647236969
10.97 0.8927881647236969
10.97 0.8927881647236969
10.98 0.8873977391647714
10.99 0.893240610294219
10.99 0.893240610294219
11.0 0.8876253645985945
11.0 0.8876253645985945
11.0 0.8876253645985945
11.0 0.8876253645985945
11.01 0.904478196575688
11.01 0.904478196575688
11.01 0.904478196575688
11.01 0.904478196575688
11.01 0.904478196575688
11.03 0.9261083995282452
11.03 0.9261083995282452
11.03 0.9261083995282452
11.03 0.9261083995282452
11.03 0.9261083995282452
11.03 0.9261083995282452
11.03 0.9261083995282452
11.04 0.9419515525082628
11.04 0.9419515525082628
11.04 0.9419515525082628
11.04 0.9419515525082628
11.04 0.9419515525082628
11.04 0.9419515525082628
11.04 0.9419515525082628
11.05 0.9574271077563383
11.05 0.9574271077563383
11.05 0.9574271077563383
11.05 0.9574271077563383
11.06 0.9621104747670955
11.06 0.9621104747670955
11.08 0.9814439990301655
11.08 0.9814439990301655
11.08 0.9814439990301655
11.09 0.995900688732658
11.09 0.995900688732658
11.09 0.995900688732658
11.12 1.0374794631045168
11.12 1.0374794631045168
11.13 1.050781335074722
11.16 1.0704478435956541
11.16 1.0704478435956541
11.16 1.0704478435956541
11.18 1.0952606811147556
11.18 1.0952606811147556
11.18 1.0952606811147556
11.18 1.0952606811147556
11.19 1.098161917004772
11.2 1.1101005505463155
11.2 1.1101005505463155
11.21 1.1127815725841386
11.21 1.1127815725841386
11.22 1.115365592099919
11.22 1.115365592099919
11.22 1.115365592099919
11.22 1.115365592099919
11.23 1.1178532817843132
11.23 1.1178532817843132
11.24 1.1292260691072955
11.25 1.140396882889922
11.27 1.1621557815568702
11.28 1.1554001449495732
11.28 1.1554001449495732
11.28 1.1554001449495732
11.3 1.1590661514488048
11.31 1.1694339475044149
11.31 1.1694339475044149
11.32 1.1710307986185216
11.32 1.1710307986185216
11.32 1.1710307986185216
11.32 1.1710307986185216
11.33 1.1811225614010195
11.33 1.1811225614010195
11.33 1.1811225614010195
11.34 1.1910440204231987
11.35 1.200799397034822
11.35 1.200799397034822
11.36 1.2103927069552693
11.36 1.2103927069552693
11.36 1.2103927069552693
11.36 1.2103927069552693
11.36 1.2103927069552693
11.38 1.2291082420629478
11.39 1.2218135221171365
11.39 1.2218135221171365
11.39 1.2218135221171365
11.4 1.2226812728383047
11.4 1.2226812728383047
11.4 1.2226812728383047
11.4 1.2226812728383047
11.4 1.2226812728383047
11.41 1.2316942425255983
11.43 1.241170838565365
11.43 1.241170838565365
11.43 1.241170838565365
11.43 1.241170838565365
11.44 1.2498080660726278
11.44 1.2498080660726278
11.44 1.2498080660726278
11.45 1.258305739211791
11.45 1.258305739211791
11.45 1.258305739211791
11.45 1.258305739211791
11.46 1.266666666666667
11.46 1.266666666666667
11.46 1.266666666666667
11.46 1.266666666666667
11.46 1.266666666666667
11.46 1.266666666666667
11.46 1.266666666666667
11.46 1.266666666666667
11.46 1.266666666666667
11.46 1.266666666666667
11.47 1.2748935388311984
11.47 1.2748935388311984
11.47 1.2748935388311984
11.47 1.2748935388311984
11.47 1.2748935388311984
11.47 1.2748935388311984
11.47 1.2748935388311984
11.47 1.2748935388311984
11.48 1.2671450452322204
11.48 1.2671450452322204
11.48 1.2671450452322204
11.49 1.2752104203470178
11.49 1.2752104203470178
11.49 1.2752104203470178
11.49 1.2752104203470178
11.49 1.2752104203470178
11.49 1.2752104203470178
11.49 1.2752104203470178
11.5 1.2831463854387957
11.5 1.2831463854387957
11.51 1.290955327099144
11.52 1.2986395367709418
11.52 1.2986395367709418
11.52 1.2986395367709418
11.54 1.313642480150732
11.54 1.313642480150732
11.54 1.313642480150732
11.54 1.313642480150732
11.55 1.3055824196677335
11.56 1.312873323529869
11.56 1.312873323529869
11.56 1.312873323529869
11.56 1.312873323529869
11.56 1.312873323529869
11.56 1.312873323529869
11.56 1.312873323529869
11.56 1.312873323529869
11.56 1.312873323529869
11.56 1.312873323529869
11.57 1.3200474432857532
11.57 1.3200474432857532
11.57 1.3200474432857532
11.57 1.3200474432857532
11.57 1.3200474432857532
11.57 1.3200474432857532
11.58 1.3117957466038987
11.58 1.3117957466038987
11.58 1.3117957466038987
11.6 1.3026778945578603
11.6 1.3026778945578603
11.6 1.3026778945578603
11.6 1.3026778945578603
11.6 1.3026778945578603
11.6 1.3026778945578603
11.6 1.3026778945578603
11.6 1.3026778945578603
11.6 1.3026778945578603
11.6 1.3026778945578603
11.6 1.3026778945578603
11.61 1.3095993681468021
11.62 1.3009708884234312
11.62 1.3009708884234312
11.62 1.3009708884234312
11.62 1.3009708884234312
11.62 1.3009708884234312
11.62 1.3009708884234312
11.62 1.3009708884234312
11.62 1.3009708884234312
11.63 1.315448227945152
11.64 1.3067037718912227
11.64 1.3067037718912227
11.65 1.313296415417127
11.65 1.313296415417127
11.65 1.313296415417127
11.66 1.3197795959243268
11.66 1.3197795959243268
11.66 1.3197795959243268
11.67 1.3261549188110981
11.67 1.3261549188110981
11.67 1.3261549188110981
11.67 1.3261549188110981
11.67 1.3261549188110981
11.68 1.3399834161494522
11.68 1.3399834161494522
11.68 1.3399834161494522
11.68 1.3399834161494522
11.68 1.3399834161494522
11.68 1.3399834161494522
11.69 1.353596033616464
11.7 1.366999220441207
11.7 1.366999220441207
11.72 1.3932013856618508
11.74 1.4114968056369217
11.74 1.4114968056369217
11.74 1.4114968056369217
11.74 1.4114968056369217
11.74 1.4114968056369217
11.75 1.4168894655461863
11.75 1.4168894655461863
11.75 1.4168894655461863
11.75 1.4168894655461863
11.75 1.4168894655461863
11.75 1.4168894655461863
11.76 1.4292754398044771
11.76 1.4292754398044771
11.76 1.4292754398044771
11.78 1.4535223674671376
11.78 1.4535223674671376
11.79 1.458482676335827
11.79 1.458482676335827
11.79 1.458482676335827
11.79 1.458482676335827
11.8 1.4702435722070557
11.8 1.4702435722070557
11.8 1.4702435722070557
11.81 1.481842969365711
11.81 1.481842969365711
11.81 1.481842969365711
11.81 1.481842969365711
11.81 1.481842969365711
11.82 1.493284631240471
11.82 1.493284631240471
11.82 1.493284631240471
11.82 1.493284631240471
11.82 1.493284631240471
11.82 1.493284631240471
11.82 1.493284631240471
11.82 1.493284631240471
11.83 1.504572156374487
11.84 1.5090300584056364
11.84 1.5090300584056364
11.84 1.5090300584056364
11.85 1.5200677815828008
11.85 1.5200677815828008
11.85 1.5200677815828008
11.85 1.5200677815828008
11.86 1.5309599550080928
11.86 1.5309599550080928
11.86 1.5309599550080928
11.87 1.541709663610075
11.87 1.541709663610075
11.88 1.5392507688134935
11.88 1.5392507688134935
11.88 1.5392507688134935
11.89 1.549812631229722
11.89 1.549812631229722
11.89 1.549812631229722
11.9 1.5602382620431525
11.9 1.5602382620431525
11.9 1.5602382620431525
11.91 1.5705303742894172
11.92 1.5806915760469717
11.92 1.5806915760469717
11.92 1.5806915760469717
11.93 1.590724376001085
11.93 1.590724376001085
11.93 1.590724376001085
11.93 1.590724376001085
11.94 1.6006311886315985
11.94 1.6006311886315985
11.94 1.6006311886315985
11.94 1.6006311886315985
11.96 1.6075579069639838
11.96 1.6075579069639838
11.96 1.6075579069639838
11.96 1.6075579069639838
11.97 1.6171742408449763
11.98 1.6266716343689671
11.98 1.6266716343689671
11.99 1.6360521589077375
12.0 1.6453178133937245
12.0 1.6453178133937245
12.0 1.6453178133937245
12.0 1.6453178133937245
12.0 1.6453178133937245
12.0 1.6453178133937245
12.0 1.6453178133937245
12.01 1.654470527773985
12.01 1.654470527773985
12.01 1.654470527773985
12.01 1.654470527773985
12.02 1.6635121662532941
12.02 1.6635121662532941
12.02 1.6635121662532941
12.02 1.6635121662532941
12.03 1.6663939170762379
12.03 1.6663939170762379
12.03 1.6663939170762379
12.03 1.6663939170762379
12.04 1.6570632413576087
12.04 1.6570632413576087
12.04 1.6570632413576087
12.04 1.6570632413576087
12.04 1.6570632413576087
12.04 1.6570632413576087
12.04 1.6570632413576087
12.04 1.6570632413576087
12.04 1.6570632413576087
12.04 1.6570632413576087
12.04 1.6570632413576087
12.04 1.6570632413576087
12.04 1.6570632413576087
12.04 1.6570632413576087
12.04 1.6570632413576087
12.05 1.6659089186544769
12.05 1.6659089186544769
12.06 1.6746475582773968
12.06 1.6746475582773968
12.06 1.6746475582773968
12.06 1.6746475582773968
12.06 1.6746475582773968
12.07 1.6832808272639306
12.07 1.6832808272639306
12.08 1.6918103387266028
12.08 1.6918103387266028
12.09 1.7002376542142816
12.09 1.7002376542142816
12.09 1.7002376542142816
12.09 1.7002376542142816
12.09 1.7002376542142816
12.09 1.7002376542142816
12.09 1.7002376542142816
12.09 1.7002376542142816
12.09 1.7002376542142816
12.1 1.7085642859406613
12.11 1.7167916988888716
12.11 1.7167916988888716
12.11 1.7167916988888716
12.11 1.7167916988888716
12.11 1.7167916988888716
12.12 1.7249213128005387
12.12 1.7249213128005387
12.12 1.7249213128005387
12.12 1.7249213128005387
12.12 1.7249213128005387
12.12 1.7249213128005387
12.12 1.7249213128005387
12.12 1.7249213128005387
12.14 1.740892607459481
12.14 1.740892607459481
12.14 1.740892607459481
12.14 1.740892607459481
12.14 1.740892607459481
12.14 1.740892607459481
12.14 1.740892607459481
12.14 1.740892607459481
12.14 1.740892607459481
12.15 1.7487369179155583
12.15 1.7487369179155583
12.15 1.7487369179155583
12.15 1.7487369179155583
12.15 1.7487369179155583
12.15 1.7487369179155583
12.15 1.7487369179155583
12.15 1.7487369179155583
12.15 1.7487369179155583
12.15 1.7487369179155583
12.15 1.7487369179155583
12.15 1.7487369179155583
12.15 1.7487369179155583
12.15 1.7487369179155583
12.15 1.7487369179155583
12.15 1.7487369179155583
12.15 1.7487369179155583
12.15 1.7487369179155583
12.15 1.7487369179155583
12.15 1.7487369179155583
12.15 1.7487369179155583
12.15 1.7487369179155583
12.16 1.7564886920366232
12.17 1.7641491496532329
12.17 1.7641491496532329
12.17 1.7641491496532329
12.17 1.7641491496532329
12.17 1.7641491496532329
12.17 1.7641491496532329
12.17 1.7641491496532329
12.17 1.7641491496532329
12.18 1.777411578445443
12.18 1.777411578445443
12.19 1.7848690640373532
12.2 1.792239161529848
12.2 1.792239161529848
12.2 1.792239161529848
12.2 1.792239161529848
12.21 1.7826039289973428
12.21 1.7826039289973428
12.21 1.7826039289973428
12.21 1.7826039289973428
12.21 1.7826039289973428
12.21 1.7826039289973428
12.22 1.7955050497947327
12.22 1.7955050497947327
12.22 1.7955050497947327
12.22 1.7955050497947327
12.22 1.7955050497947327
12.22 1.7955050497947327
12.22 1.7955050497947327
12.22 1.7955050497947327
12.23 1.808258272426254
12.24 1.8208667044996885
12.24 1.8208667044996885
12.24 1.8208667044996885
12.24 1.8208667044996885
12.24 1.8208667044996885
12.25 1.8222807332315925
12.25 1.8222807332315925
12.26 1.8346826990138125
12.26 1.8346826990138125
12.26 1.8346826990138125
12.26 1.8346826990138125
12.26 1.8346826990138125
12.26 1.8346826990138125
12.26 1.8346826990138125
12.26 1.8346826990138125
12.26 1.8346826990138125
12.26 1.8346826990138125
12.27 1.8359760567088232
12.28 1.8481768248080521
12.28 1.8481768248080521
12.28 1.8481768248080521
12.28 1.8481768248080521
12.29 1.8548053887950169
12.3 1.8450041745319716
12.3 1.8450041745319716
12.3 1.8450041745319716
12.3 1.8450041745319716
12.3 1.8450041745319716
12.3 1.8450041745319716
12.31 1.8515349897265834
12.31 1.8515349897265834
12.31 1.8515349897265834
12.31 1.8515349897265834
12.31 1.8515349897265834
12.32 1.857988485465185
12.32 1.857988485465185
12.32 1.857988485465185
12.32 1.857988485465185
12.33 1.8697755496477664
12.33 1.8697755496477664
12.33 1.8697755496477664
12.34 1.8814350851937403
12.34 1.8814350851937403
12.34 1.8814350851937403
12.34 1.8814350851937403
12.34 1.8814350851937403
12.34 1.8814350851937403
12.35 1.8876258403431845
12.35 1.8876258403431845
12.35 1.8876258403431845
12.35 1.8876258403431845
12.35 1.8876258403431845
12.35 1.8876258403431845
12.36 1.8990694159152388
12.37 1.910391572321224
12.37 1.910391572321224
12.37 1.910391572321224
12.38 1.9215944557906204
12.39 1.9274466283273595
12.39 1.9274466283273595
12.4 1.9174899417644087
12.4 1.9174899417644087
12.4 1.9174899417644087
12.4 1.9174899417644087
12.4 1.9174899417644087
12.4 1.9174899417644087
12.4 1.9174899417644087
12.4 1.9174899417644087
12.41 1.9284944669588524
12.43 1.9501618684435695
12.43 1.9501618684435695
12.43 1.9501618684435695
12.43 1.9501618684435695
12.44 1.96082852000079
12.44 1.96082852000079
12.44 1.96082852000079
12.44 1.96082852000079
12.45 1.971386222018312
12.46 1.9818367156950056
12.46 1.9818367156950056
12.47 1.992181688197108
12.47 1.992181688197108
12.48 2.00242277496461
12.48 2.00242277496461
12.49 1.9923844909042936
12.5 2.0025236603099126
12.5 2.0025236603099126
12.5 2.0025236603099126
12.5 2.0025236603099126
12.5 2.0025236603099126
12.5 2.0025236603099126
12.5 2.0025236603099126
12.5 2.0025236603099126
12.5 2.0025236603099126
12.5 2.0025236603099126
12.5 2.0025236603099126
12.5 2.0025236603099126
12.5 2.0025236603099126
12.51 2.01256156189172
12.51 2.01256156189172
12.51 2.01256156189172
12.52 2.0224997034622896
12.52 2.0224997034622896
12.52 2.0224997034622896
12.52 2.0224997034622896
12.52 2.0224997034622896
12.52 2.0224997034622896
12.52 2.0224997034622896
12.52 2.0224997034622896
12.53 2.0323395485016875
12.53 2.0323395485016875
12.53 2.0323395485016875
12.53 2.0323395485016875
12.53 2.0323395485016875
12.53 2.0323395485016875
12.53 2.0323395485016875
12.53 2.0323395485016875
12.53 2.0323395485016875
12.53 2.0323395485016875
12.53 2.0323395485016875
12.53 2.0323395485016875
12.53 2.0323395485016875
12.54 2.0420825179460813
12.56 2.061283311165375
12.56 2.061283311165375
12.56 2.061283311165375
12.56 2.061283311165375
12.56 2.061283311165375
12.56 2.061283311165375
12.57 2.070743778930604
12.57 2.070743778930604
12.58 2.080112662061526
12.58 2.080112662061526
12.6 2.098580568870397
12.6 2.098580568870397
12.6 2.098580568870397
12.6 2.098580568870397
12.6 2.098580568870397
12.6 2.098580568870397
12.6 2.098580568870397
12.6 2.098580568870397
12.6 2.098580568870397
12.6 2.098580568870397
12.6 2.098580568870397
12.6 2.098580568870397
12.6 2.098580568870397
12.6 2.098580568870397
12.6 2.098580568870397
12.6 2.098580568870397
12.61 2.107681957109097
12.61 2.107681957109097
12.61 2.107681957109097
12.61 2.107681957109097
12.62 2.11669649227376
12.62 2.11669649227376
12.62 2.11669649227376
12.62 2.11669649227376
12.62 2.11669649227376
12.62 2.11669649227376
12.62 2.11669649227376
12.62 2.11669649227376
12.62 2.11669649227376
12.62 2.11669649227376
12.62 2.11669649227376
12.62 2.11669649227376
12.62 2.11669649227376
12.62 2.11669649227376
12.64 2.1344693944771373
12.64 2.1344693944771373
12.64 2.1344693944771373
12.65 2.1432298858112118
12.65 2.1432298858112118
12.65 2.1432298858112118
12.65 2.1432298858112118
12.65 2.1432298858112118
12.65 2.1432298858112118
12.65 2.1432298858112118
12.65 2.1432298858112118
12.66 2.1519077746750828
12.66 2.1519077746750828
12.66 2.1519077746750828
12.66 2.1519077746750828
12.68 2.164357744099723
12.68 2.164357744099723
12.68 2.164357744099723
12.68 2.164357744099723
12.68 2.164357744099723
12.69 2.1728117983643025
12.69 2.1728117983643025
12.69 2.1728117983643025
12.7 2.1811867773246196
12.7 2.1811867773246196
12.7 2.1811867773246196
12.7 2.1811867773246196
12.7 2.1811867773246196
12.7 2.1811867773246196
12.71 2.1894835883921098
12.71 2.1894835883921098
12.71 2.1894835883921098
12.71 2.1894835883921098
12.71 2.1894835883921098
12.71 2.1894835883921098
12.71 2.1894835883921098
12.71 2.1894835883921098
12.71 2.1894835883921098
12.71 2.1894835883921098
12.71 2.1894835883921098
12.71 2.1894835883921098
12.71 2.1894835883921098
12.71 2.1894835883921098
12.71 2.1894835883921098
12.71 2.1894835883921098
12.71 2.1894835883921098
12.71 2.1894835883921098
12.71 2.1894835883921098
12.72 2.1977031168697434
12.72 2.1977031168697434
12.73 2.2058462266798142
12.73 2.2058462266798142
12.73 2.2058462266798142
12.73 2.2058462266798142
12.73 2.2058462266798142
12.73 2.2058462266798142
12.73 2.2058462266798142
12.73 2.2058462266798142
12.73 2.2058462266798142
12.73 2.2058462266798142
12.73 2.2058462266798142
12.74 2.213913761060747
12.74 2.213913761060747
12.75 2.217355782608345
12.75 2.217355782608345
12.76 2.2252908106400815
12.76 2.2252908106400815
12.76 2.2252908106400815
12.76 2.2252908106400815
12.76 2.2252908106400815
12.76 2.2252908106400815
12.76 2.2252908106400815
12.76 2.2252908106400815
12.76 2.2252908106400815
12.77 2.237671047578645
12.77 2.237671047578645
12.77 2.237671047578645
12.78 2.245444321736838
12.78 2.245444321736838
12.78 2.245444321736838
12.78 2.245444321736838
12.78 2.245444321736838
12.78 2.245444321736838
12.78 2.245444321736838
12.78 2.245444321736838
12.79 2.2531459488161567
12.8 2.2607766610417563
12.8 2.2607766610417563
12.8 2.2607766610417563
12.8 2.2607766610417563
12.8 2.2607766610417563
12.8 2.2607766610417563
12.8 2.2607766610417563
12.81 2.2683371740888827
12.81 2.2683371740888827
12.81 2.2683371740888827
12.81 2.2683371740888827
12.81 2.2683371740888827
12.82 2.2758281875822584
12.82 2.2758281875822584
12.82 2.2758281875822584
12.82 2.2758281875822584
12.82 2.2758281875822584
12.82 2.2758281875822584
12.82 2.2758281875822584
12.82 2.2758281875822584
12.83 2.2832503855758617
12.83 2.2832503855758617
12.83 2.2832503855758617
12.83 2.2832503855758617
12.83 2.2832503855758617
12.83 2.2832503855758617
12.83 2.2832503855758617
12.83 2.2832503855758617
12.83 2.2832503855758617
12.83 2.2832503855758617
12.83 2.2832503855758617
12.83 2.2832503855758617
12.84 2.295009957945871
12.84 2.295009957945871
12.85 2.306665790856376
12.85 2.306665790856376
12.85 2.306665790856376
12.85 2.306665790856376
12.85 2.306665790856376
12.85 2.306665790856376
12.85 2.306665790856376
12.85 2.306665790856376
12.85 2.306665790856376
12.85 2.306665790856376
12.85 2.306665790856376
12.85 2.306665790856376
12.86 2.318219449090491
12.86 2.318219449090491
12.86 2.318219449090491
12.86 2.318219449090491
12.87 2.3296724528082775
12.87 2.3296724528082775
12.87 2.3296724528082775
12.87 2.3296724528082775
12.88 2.3410262793065857
12.88 2.3410262793065857
12.88 2.3410262793065857
12.88 2.3410262793065857
12.88 2.3410262793065857
12.88 2.3410262793065857
12.88 2.3410262793065857
12.88 2.3410262793065857
12.88 2.3410262793065857
12.89 2.352282364690157
12.9 2.363442105459449
12.9 2.363442105459449
12.9 2.363442105459449
12.9 2.363442105459449
12.9 2.363442105459449
12.9 2.363442105459449
12.9 2.363442105459449
12.9 2.363442105459449
12.9 2.363442105459449
12.9 2.363442105459449
12.9 2.363442105459449
12.9 2.363442105459449
12.9 2.363442105459449
12.9 2.363442105459449
12.9 2.363442105459449
12.9 2.363442105459449
12.9 2.363442105459449
12.9 2.363442105459449
12.9 2.363442105459449
12.9 2.363442105459449
12.9 2.363442105459449
12.9 2.363442105459449
12.9 2.363442105459449
12.9 2.363442105459449
12.91 2.3745068600201673
12.91 2.3745068600201673
12.91 2.3745068600201673
12.91 2.3745068600201673
12.92 2.3854779501192316
12.92 2.3854779501192316
12.93 2.3963566622114603
12.93 2.3963566622114603
12.93 2.3963566622114603
12.93 2.3963566622114603
12.93 2.3963566622114603
12.93 2.3963566622114603
12.94 2.4071442487610577
12.94 2.4071442487610577
12.94 2.4071442487610577
12.94 2.4071442487610577
12.95 2.4178419294816598
12.95 2.4178419294816598
12.95 2.4178419294816598
12.95 2.4178419294816598
12.95 2.4178419294816598
12.95 2.4178419294816598
12.95 2.4178419294816598
12.95 2.4178419294816598
12.96 2.428450892518468
12.96 2.428450892518468
12.96 2.428450892518468
12.96 2.428450892518468
12.98 2.4494072669925604
12.98 2.4494072669925604
12.99 2.4597569067702696
12.99 2.4597569067702696
12.99 2.4597569067702696
12.99 2.4597569067702696
12.99 2.4597569067702696
12.99 2.4597569067702696
12.99 2.4597569067702696
12.99 2.4597569067702696
12.99 2.4597569067702696
12.99 2.4597569067702696
12.99 2.4597569067702696
12.99 2.4597569067702696
12.99 2.4597569067702696
12.99 2.4597569067702696
12.99 2.4597569067702696
13.0 2.470022287553313
13.0 2.470022287553313
13.01 2.480204455566949
13.01 2.480204455566949
13.01 2.480204455566949
13.01 2.480204455566949
13.01 2.480204455566949
13.01 2.480204455566949
13.01 2.480204455566949
13.01 2.480204455566949
13.01 2.480204455566949
13.01 2.480204455566949
13.01 2.480204455566949
13.01 2.480204455566949
13.01 2.480204455566949
13.01 2.480204455566949
13.01 2.480204455566949
13.01 2.480204455566949
13.03 2.500323211430106
13.03 2.500323211430106
13.03 2.500323211430106
13.03 2.500323211430106
13.03 2.500323211430106
13.03 2.500323211430106
13.04 2.5102617675083496
13.04 2.5102617675083496
13.04 2.5102617675083496
13.04 2.5102617675083496
13.04 2.5102617675083496
13.04 2.5102617675083496
13.05 2.5161097116000493
13.05 2.5161097116000493
13.05 2.5161097116000493
13.05 2.5161097116000493
13.05 2.5161097116000493
13.05 2.5161097116000493
13.05 2.5161097116000493
13.05 2.5161097116000493
13.05 2.5161097116000493
13.05 2.5161097116000493
13.06 2.525906178028397
13.06 2.525906178028397
13.07 2.535624960319238
13.07 2.535624960319238
13.07 2.535624960319238
13.07 2.535624960319238
13.07 2.535624960319238
13.07 2.535624960319238
13.07 2.535624960319238
13.07 2.535624960319238
13.08 2.5452669483541097
13.08 2.5452669483541097
13.08 2.5452669483541097
13.08 2.5452669483541097
13.08 2.5452669483541097
13.09 2.554833011602073
13.09 2.554833011602073
13.09 2.554833011602073
13.09 2.554833011602073
13.1 2.5643239997624288
13.1 2.5643239997624288
13.1 2.5643239997624288
13.1 2.5643239997624288
13.1 2.5643239997624288
13.1 2.5643239997624288
13.12 2.583084054444074
13.12 2.583084054444074
13.12 2.583084054444074
13.12 2.583084054444074
13.12 2.583084054444074
13.12 2.583084054444074
13.12 2.583084054444074
13.12 2.583084054444074
13.12 2.583084054444074
13.12 2.583084054444074
13.12 2.583084054444074
13.12 2.583084054444074
13.13 2.592354726942868
13.13 2.592354726942868
13.13 2.592354726942868
13.13 2.592354726942868
13.13 2.592354726942868
13.13 2.592354726942868
13.13 2.592354726942868
13.13 2.592354726942868
13.13 2.592354726942868
13.13 2.592354726942868
13.14 2.597667951813471
13.14 2.597667951813471
13.14 2.597667951813471
13.14 2.597667951813471
13.14 2.597667951813471
13.14 2.597667951813471
13.14 2.597667951813471
13.14 2.597667951813471
13.15 2.606809265261758
13.15 2.606809265261758
13.15 2.606809265261758
13.15 2.606809265261758
13.16 2.615880020725011
13.16 2.615880020725011
13.16 2.615880020725011
13.17 2.6248809496813372
13.17 2.6248809496813372
13.17 2.6248809496813372
13.17 2.6248809496813372
13.17 2.6248809496813372
13.19 2.64267617648046
13.19 2.64267617648046
13.19 2.64267617648046
13.2 2.6514718611184698
13.2 2.6514718611184698
13.2 2.6514718611184698
13.2 2.6514718611184698
13.2 2.6514718611184698
13.2 2.6514718611184698
13.2 2.6514718611184698
13.2 2.6514718611184698
13.2 2.6514718611184698
13.2 2.6514718611184698
13.2 2.6514718611184698
13.2 2.6514718611184698
13.2 2.6514718611184698
13.2 2.6514718611184698
13.21 2.6602004936971686
13.21 2.6602004936971686
13.21 2.6602004936971686
13.21 2.6602004936971686
13.22 2.6688627321067457
13.22 2.6688627321067457
13.22 2.6688627321067457
13.22 2.6688627321067457
13.22 2.6688627321067457
13.22 2.6688627321067457
13.22 2.6688627321067457
13.22 2.6688627321067457
13.22 2.6688627321067457
13.22 2.6688627321067457
13.22 2.6688627321067457
13.22 2.6688627321067457
13.23 2.6774592207516212
13.23 2.6774592207516212
13.24 2.685990590926457
13.24 2.685990590926457
13.24 2.685990590926457
13.25 2.694457461178597
13.25 2.694457461178597
13.25 2.694457461178597
13.25 2.694457461178597
13.26 2.7028604376575855
13.26 2.7028604376575855
13.26 2.7028604376575855
13.27 2.7112001144522813
13.27 2.7112001144522813
13.27 2.7112001144522813
13.27 2.7112001144522813
13.28 2.7194770739161527
13.28 2.7194770739161527
13.28 2.7194770739161527
13.28 2.7194770739161527
13.28 2.7194770739161527
13.28 2.7194770739161527
13.28 2.7194770739161527
13.29 2.7276918869811966
13.29 2.7276918869811966
13.29 2.7276918869811966
13.3 2.7358451134610084
13.3 2.7358451134610084
13.3 2.7358451134610084
13.3 2.7358451134610084
13.3 2.7358451134610084
13.31 2.7439373023434617
13.31 2.7439373023434617
13.31 2.7439373023434617
13.31 2.7439373023434617
13.31 2.7439373023434617
13.31 2.7439373023434617
13.31 2.7439373023434617
13.31 2.7439373023434617
13.31 2.7439373023434617
13.31 2.7439373023434617
13.31 2.7439373023434617
13.31 2.7439373023434617
13.31 2.7439373023434617
13.31 2.7439373023434617
13.31 2.7439373023434617
13.31 2.7439373023434617
13.31 2.7439373023434617
13.31 2.7439373023434617
13.31 2.7439373023434617
13.31 2.7439373023434617
13.31 2.7439373023434617
13.31 2.7439373023434617
13.31 2.7439373023434617
13.31 2.7439373023434617
13.31 2.7439373023434617
13.31 2.7439373023434617
13.31 2.7439373023434617
13.31 2.7439373023434617
13.31 2.7439373023434617
13.31 2.7439373023434617
13.31 2.7439373023434617
13.31 2.7439373023434617
13.31 2.7439373023434617
13.31 2.7439373023434617
13.31 2.7439373023434617
13.31 2.7439373023434617
13.31 2.7439373023434617
13.31 2.7439373023434617
13.31 2.7439373023434617
13.31 2.7439373023434617
13.31 2.7439373023434617
13.31 2.7439373023434617
13.31 2.7439373023434617
13.31 2.7439373023434617
13.31 2.7439373023434617
13.31 2.7439373023434617
13.31 2.7439373023434617
13.31 2.7439373023434617
13.31 2.7439373023434617
13.31 2.7439373023434617
13.31 2.7439373023434617
13.32 2.7519689920733716
13.32 2.7519689920733716
13.32 2.7519689920733716
13.32 2.7519689920733716
13.32 2.7519689920733716
13.32 2.7519689920733716
13.32 2.7519689920733716
13.32 2.7519689920733716
13.32 2.7519689920733716
13.32 2.7519689920733716
13.32 2.7519689920733716
13.32 2.7519689920733716
13.32 2.7519689920733716
13.32 2.7519689920733716
13.32 2.7519689920733716
13.32 2.7519689920733716
13.32 2.7519689920733716
13.32 2.7519689920733716
13.32 2.7519689920733716
13.32 2.7519689920733716
13.32 2.7519689920733716
13.32 2.7519689920733716
13.32 2.7519689920733716
13.32 2.7519689920733716
13.32 2.7519689920733716
13.32 2.7519689920733716
13.32 2.7519689920733716
13.32 2.7519689920733716
13.32 2.7519689920733716
13.32 2.7519689920733716
13.32 2.7519689920733716
13.32 2.7519689920733716
13.32 2.7519689920733716
13.33 2.759940710825638
13.33 2.759940710825638
13.33 2.759940710825638
13.33 2.759940710825638
13.33 2.759940710825638
13.33 2.759940710825638
13.33 2.759940710825638
13.33 2.759940710825638
13.33 2.759940710825638
13.33 2.759940710825638
13.33 2.759940710825638
13.33 2.759940710825638
13.33 2.759940710825638
13.33 2.759940710825638
13.33 2.759940710825638
13.33 2.759940710825638
13.33 2.759940710825638
13.34 2.7714999767656727
13.34 2.7714999767656727
13.34 2.7714999767656727
13.34 2.7714999767656727
13.34 2.7714999767656727
13.34 2.7714999767656727
13.35 2.7829749360979696
13.35 2.7829749360979696
13.35 2.7829749360979696
13.35 2.7829749360979696
13.35 2.7829749360979696
13.35 2.7829749360979696
13.35 2.7829749360979696
13.35 2.7829749360979696
13.35 2.7829749360979696
13.36 2.7907495101285655
13.36 2.7907495101285655
13.36 2.7907495101285655
13.36 2.7907495101285655
13.36 2.7907495101285655
13.36 2.7907495101285655
13.36 2.7907495101285655
13.36 2.7907495101285655
13.36 2.7907495101285655
13.36 2.7907495101285655
13.36 2.7907495101285655
13.36 2.7907495101285655
13.36 2.7907495101285655
13.36 2.7907495101285655
13.36 2.7907495101285655
13.36 2.7907495101285655
13.36 2.7907495101285655
13.36 2.7907495101285655
13.36 2.7907495101285655
13.36 2.7907495101285655
13.36 2.7907495101285655
13.36 2.7907495101285655
13.36 2.7907495101285655
13.36 2.7907495101285655
13.36 2.7907495101285655
13.36 2.7907495101285655
13.36 2.7907495101285655
13.36 2.7907495101285655
13.36 2.7907495101285655
13.36 2.7907495101285655
13.36 2.7907495101285655
13.36 2.7907495101285655
13.36 2.7907495101285655
13.36 2.7907495101285655
13.36 2.7907495101285655
13.36 2.7907495101285655
13.36 2.7907495101285655
13.36 2.7907495101285655
13.37 2.802073546789264
13.39 2.82447814076809
13.39 2.82447814076809
13.39 2.82447814076809
13.39 2.82447814076809
13.39 2.82447814076809
13.39 2.82447814076809
13.39 2.82447814076809
13.4 2.8355606218883826
13.4 2.8355606218883826
13.4 2.8355606218883826
13.41 2.8465644719432035
13.41 2.8465644719432035
13.41 2.8465644719432035
13.41 2.8465644719432035
13.41 2.8465644719432035
13.42 2.8574905993288113
13.43 2.868339892232744
13.43 2.868339892232744
13.43 2.868339892232744
13.44 2.879113219255702
13.44 2.879113219255702
13.44 2.879113219255702
13.45 2.8898114300089035
13.46 2.9004353556880473
13.46 2.9004353556880473
13.46 2.9004353556880473
13.46 2.9004353556880473
13.46 2.9004353556880473
13.46 2.9004353556880473
13.46 2.9004353556880473
13.47 2.9109858096250454
13.47 2.9109858096250454
13.47 2.9109858096250454
13.47 2.9109858096250454
13.47 2.9109858096250454
13.47 2.9109858096250454
13.47 2.9109858096250454
13.47 2.9109858096250454
13.47 2.9109858096250454
13.49 2.9284221973029396
13.49 2.9284221973029396
13.49 2.9284221973029396
13.49 2.9284221973029396
13.49 2.9284221973029396
13.49 2.9284221973029396
13.49 2.9284221973029396
13.5 2.9387690682262932
13.5 2.9387690682262932
13.5 2.9387690682262932
13.5 2.9387690682262932
13.51 2.949045385691563
13.51 2.949045385691563
13.51 2.949045385691563
13.51 2.949045385691563
13.51 2.949045385691563
13.51 2.949045385691563
13.51 2.949045385691563
13.51 2.949045385691563
13.51 2.949045385691563
13.51 2.949045385691563
13.51 2.949045385691563
13.52 2.9592518847120326
13.53 2.9659856215212352
13.53 2.9659856215212352
13.53 2.9659856215212352
13.54 2.9760661445891445
13.54 2.9760661445891445
13.54 2.9760661445891445
13.54 2.9760661445891445
13.54 2.9760661445891445
13.54 2.9760661445891445
13.55 2.9860788111948184
13.56 2.9960243016640606
13.56 2.9960243016640606
13.56 2.9960243016640606
13.56 2.9960243016640606
13.56 2.9960243016640606
13.56 2.9960243016640606
13.56 2.9960243016640606
13.56 2.9960243016640606
13.57 3.0059032827844865
13.57 3.0059032827844865
13.57 3.0059032827844865
13.57 3.0059032827844865
13.57 3.0059032827844865
13.57 3.0059032827844865
13.57 3.0059032827844865
13.57 3.0059032827844865
13.57 3.0059032827844865
13.57 3.0059032827844865
13.57 3.0059032827844865
13.57 3.0059032827844865
13.57 3.0059032827844865
13.57 3.0059032827844865
13.57 3.0059032827844865
13.57 3.0059032827844865
13.57 3.0059032827844865
13.58 3.0157164081765817
13.58 3.0157164081765817
13.58 3.0157164081765817
13.58 3.0157164081765817
13.58 3.0157164081765817
13.58 3.0157164081765817
13.58 3.0157164081765817
13.58 3.0157164081765817
13.58 3.0157164081765817
13.58 3.0157164081765817
13.58 3.0157164081765817
13.58 3.0157164081765817
13.59 3.0254643186516583
13.59 3.0254643186516583
13.59 3.0254643186516583
13.59 3.0254643186516583
13.59 3.0254643186516583
13.59 3.0254643186516583
13.59 3.0254643186516583
13.59 3.0254643186516583
13.59 3.0254643186516583
13.59 3.0254643186516583
13.59 3.0254643186516583
13.6 3.0351476425573116
13.6 3.0351476425573116
13.6 3.0351476425573116
13.6 3.0351476425573116
13.6 3.0351476425573116
13.6 3.0351476425573116
13.6 3.0351476425573116
13.6 3.0351476425573116
13.6 3.0351476425573116
13.6 3.0351476425573116
13.6 3.0351476425573116
13.6 3.0351476425573116
13.6 3.0351476425573116
13.61 3.0447669961108788
13.61 3.0447669961108788
13.61 3.0447669961108788
13.61 3.0447669961108788
13.61 3.0447669961108788
13.61 3.0447669961108788
13.61 3.0447669961108788
13.61 3.0447669961108788
13.61 3.0447669961108788
13.61 3.0447669961108788
13.61 3.0447669961108788
13.61 3.0447669961108788
13.62 3.054322983721414
13.62 3.054322983721414
13.62 3.054322983721414
13.62 3.054322983721414
13.62 3.054322983721414
13.63 3.063816198300692
13.63 3.063816198300692
13.63 3.063816198300692
13.64 3.0732472215636153
13.64 3.0732472215636153
13.64 3.0732472215636153
13.64 3.0732472215636153
13.64 3.0732472215636153
13.65 3.0826166243185757
13.65 3.0826166243185757
13.65 3.0826166243185757
13.65 3.0826166243185757
13.65 3.0826166243185757
13.65 3.0826166243185757
13.65 3.0826166243185757
13.66 3.0919249667480626
13.67 3.101172798679997
13.67 3.101172798679997
13.67 3.101172798679997
13.67 3.101172798679997
13.67 3.101172798679997
13.67 3.101172798679997
13.67 3.101172798679997
13.67 3.101172798679997
13.67 3.101172798679997
13.68 3.110360659850145
13.68 3.110360659850145
13.68 3.110360659850145
13.69 3.119489080155933
13.69 3.119489080155933
13.69 3.119489080155933
13.69 3.119489080155933
13.69 3.119489080155933
13.7 3.1091263510296026
13.7 3.1091263510296026
13.7 3.1091263510296026
13.7 3.1091263510296026
13.7 3.1091263510296026
13.71 3.118193597763186
13.72 3.12720225431518
13.72 3.12720225431518
13.72 3.12720225431518
13.72 3.12720225431518
13.72 3.12720225431518
13.72 3.12720225431518
13.72 3.12720225431518
13.72 3.12720225431518
13.72 3.12720225431518
13.72 3.12720225431518
13.72 3.12720225431518
13.72 3.12720225431518
13.72 3.12720225431518
13.72 3.12720225431518
13.73 3.1361528255897473
13.73 3.1361528255897473
13.74 3.1450458075063303
13.75 3.1538816872181012
13.76 3.1626609433235573
13.76 3.1626609433235573
13.76 3.1626609433235573
13.76 3.1626609433235573
13.76 3.1626609433235573
13.76 3.1626609433235573
13.76 3.1626609433235573
13.76 3.1626609433235573
13.76 3.1626609433235573
13.76 3.1626609433235573
13.76 3.1626609433235573
13.76 3.1626609433235573
13.76 3.1626609433235573
13.76 3.1626609433235573
13.76 3.1626609433235573
13.77 3.171384046071489
13.77 3.171384046071489
13.77 3.171384046071489
13.77 3.171384046071489
13.77 3.171384046071489
13.77 3.171384046071489
13.78 3.180051457559652
13.78 3.180051457559652
13.78 3.180051457559652
13.78 3.180051457559652
13.78 3.180051457559652
13.78 3.180051457559652
13.78 3.180051457559652
13.78 3.180051457559652
13.78 3.180051457559652
13.78 3.180051457559652
13.78 3.180051457559652
13.78 3.180051457559652
13.78 3.180051457559652
13.78 3.180051457559652
13.78 3.180051457559652
13.78 3.180051457559652
13.78 3.180051457559652
13.79 3.1886636319272936
13.79 3.1886636319272936
13.8 3.1972210155418153
13.8 3.1972210155418153
13.8 3.1972210155418153
13.8 3.1972210155418153
13.8 3.1972210155418153
13.8 3.1972210155418153
13.8 3.1972210155418153
13.8 3.1972210155418153
13.8 3.1972210155418153
13.8 3.1972210155418153
13.8 3.1972210155418153
13.8 3.1972210155418153
13.8 3.1972210155418153
13.8 3.1972210155418153
13.8 3.1972210155418153
13.8 3.1972210155418153
13.8 3.1972210155418153
13.81 3.2057240471797765
13.81 3.2057240471797765
13.81 3.2057240471797765
13.81 3.2057240471797765
13.81 3.2057240471797765
13.81 3.2057240471797765
13.82 3.214173158202446
13.82 3.214173158202446
13.82 3.214173158202446
13.82 3.214173158202446
13.82 3.214173158202446
13.82 3.214173158202446
13.82 3.214173158202446
13.82 3.214173158202446
13.82 3.214173158202446
13.83 3.2225687727261154
13.83 3.2225687727261154
13.83 3.2225687727261154
13.83 3.2225687727261154
13.83 3.2225687727261154
13.83 3.2225687727261154
13.83 3.2225687727261154
13.83 3.2225687727261154
13.83 3.2225687727261154
13.83 3.2225687727261154
13.83 3.2225687727261154
13.83 3.2225687727261154
13.83 3.2225687727261154
13.83 3.2225687727261154
13.83 3.2225687727261154
13.83 3.2225687727261154
13.83 3.2225687727261154
13.83 3.2225687727261154
13.83 3.2225687727261154
13.83 3.2225687727261154
13.83 3.2225687727261154
13.83 3.2225687727261154
13.83 3.2225687727261154
13.84 3.2309113077873044
13.84 3.2309113077873044
13.84 3.2309113077873044
13.84 3.2309113077873044
13.84 3.2309113077873044
13.84 3.2309113077873044
13.84 3.2309113077873044
13.85 3.2392011735031585
13.85 3.2392011735031585
13.86 3.228722110161614
13.86 3.228722110161614
13.86 3.228722110161614
13.86 3.228722110161614
13.86 3.228722110161614
13.86 3.228722110161614
13.86 3.228722110161614
13.86 3.228722110161614
13.86 3.228722110161614
13.86 3.228722110161614
13.86 3.228722110161614
13.86 3.228722110161614
13.86 3.228722110161614
13.86 3.228722110161614
13.86 3.228722110161614
13.86 3.228722110161614
13.86 3.228722110161614
13.86 3.228722110161614
13.86 3.228722110161614
13.86 3.228722110161614
13.86 3.228722110161614
13.86 3.228722110161614
13.86 3.228722110161614
13.86 3.228722110161614
13.86 3.228722110161614
13.86 3.228722110161614
13.86 3.228722110161614
13.86 3.228722110161614
13.86 3.228722110161614
13.86 3.228722110161614
13.86 3.228722110161614
13.86 3.228722110161614
13.86 3.228722110161614
13.86 3.228722110161614
13.86 3.228722110161614
13.86 3.228722110161614
13.86 3.228722110161614
13.86 3.228722110161614
13.86 3.228722110161614
13.87 3.2369551723616437
13.87 3.2369551723616437
13.87 3.2369551723616437
13.87 3.2369551723616437
13.87 3.2369551723616437
13.87 3.2369551723616437
13.87 3.2369551723616437
13.87 3.2369551723616437
13.87 3.2369551723616437
13.87 3.2369551723616437
13.87 3.2369551723616437
13.87 3.2369551723616437
13.88 3.2264062003562075
13.88 3.2264062003562075
13.88 3.2264062003562075
13.88 3.2264062003562075
13.88 3.2264062003562075
13.88 3.2264062003562075
13.88 3.2264062003562075
13.88 3.2264062003562075
13.88 3.2264062003562075
13.88 3.2264062003562075
13.88 3.2264062003562075
13.88 3.2264062003562075
13.88 3.2264062003562075
13.88 3.2264062003562075
13.88 3.2264062003562075
13.88 3.2264062003562075
13.88 3.2264062003562075
13.88 3.2264062003562075
13.88 3.2264062003562075
13.88 3.2264062003562075
13.88 3.2264062003562075
13.88 3.2264062003562075
13.88 3.2264062003562075
13.88 3.2264062003562075
13.88 3.2264062003562075
13.88 3.2264062003562075
13.88 3.2264062003562075
13.88 3.2264062003562075
13.88 3.2264062003562075
13.88 3.2264062003562075
13.88 3.2264062003562075
13.88 3.2264062003562075
13.88 3.2264062003562075
13.88 3.2264062003562075
13.88 3.2264062003562075
13.88 3.2264062003562075
13.88 3.2264062003562075
13.89 3.2345827014508766
13.89 3.2345827014508766
13.89 3.2345827014508766
13.89 3.2345827014508766
13.89 3.2345827014508766
13.89 3.2345827014508766
13.89 3.2345827014508766
13.89 3.2345827014508766
13.89 3.2345827014508766
13.89 3.2345827014508766
13.89 3.2345827014508766
13.89 3.2345827014508766
13.89 3.2345827014508766
13.89 3.2345827014508766
13.89 3.2345827014508766
13.89 3.2345827014508766
13.89 3.2345827014508766
13.89 3.2345827014508766
13.89 3.2345827014508766
13.9 3.245820933963169
13.9 3.245820933963169
13.9 3.245820933963169
13.9 3.245820933963169
13.9 3.245820933963169
13.9 3.245820933963169
13.9 3.245820933963169
13.9 3.245820933963169
13.9 3.245820933963169
13.9 3.245820933963169
13.9 3.245820933963169
13.9 3.245820933963169
13.9 3.245820933963169
13.9 3.245820933963169
13.9 3.245820933963169
13.9 3.245820933963169
13.9 3.245820933963169
13.9 3.245820933963169
13.9 3.245820933963169
13.9 3.245820933963169
13.9 3.245820933963169
13.9 3.245820933963169
13.9 3.245820933963169
13.9 3.245820933963169
13.9 3.245820933963169
13.9 3.245820933963169
13.9 3.245820933963169
13.9 3.245820933963169
13.9 3.245820933963169
13.9 3.245820933963169
13.9 3.245820933963169
13.9 3.245820933963169
13.9 3.245820933963169
13.9 3.245820933963169
13.9 3.245820933963169
13.9 3.245820933963169
13.9 3.245820933963169
13.9 3.245820933963169
13.9 3.245820933963169
13.9 3.245820933963169
13.9 3.245820933963169
13.9 3.245820933963169
13.9 3.245820933963169
13.9 3.245820933963169
13.9 3.245820933963169
13.9 3.245820933963169
13.91 3.2569893763995905
13.91 3.2569893763995905
13.91 3.2569893763995905
13.91 3.2569893763995905
13.91 3.2569893763995905
13.91 3.2569893763995905
13.91 3.2569893763995905
13.91 3.2569893763995905
13.91 3.2569893763995905
13.91 3.2569893763995905
13.91 3.2569893763995905
13.91 3.2569893763995905
13.91 3.2569893763995905
13.93 3.276037887818794
13.93 3.276037887818794
13.93 3.276037887818794
13.93 3.276037887818794
13.93 3.276037887818794
13.93 3.276037887818794
13.93 3.276037887818794
13.93 3.276037887818794
13.93 3.276037887818794
13.93 3.276037887818794
13.93 3.276037887818794
13.93 3.276037887818794
13.93 3.276037887818794
13.93 3.276037887818794
13.93 3.276037887818794
13.93 3.276037887818794
13.93 3.276037887818794
13.93 3.276037887818794
13.93 3.276037887818794
13.93 3.276037887818794
13.93 3.276037887818794
13.93 3.276037887818794
13.93 3.276037887818794
13.93 3.276037887818794
13.93 3.276037887818794
13.93 3.276037887818794
13.93 3.276037887818794
13.93 3.276037887818794
13.93 3.276037887818794
13.93 3.276037887818794
13.93 3.276037887818794
13.93 3.276037887818794
13.93 3.276037887818794
13.93 3.276037887818794
13.93 3.276037887818794
13.93 3.276037887818794
13.93 3.276037887818794
13.93 3.276037887818794
13.93 3.276037887818794
13.93 3.276037887818794
13.93 3.276037887818794
13.93 3.276037887818794
13.93 3.276037887818794
13.93 3.276037887818794
13.93 3.276037887818794
13.93 3.276037887818794
13.93 3.276037887818794
13.93 3.276037887818794
13.93 3.276037887818794
13.93 3.276037887818794
13.93 3.276037887818794
13.94 3.2870114761656137
13.94 3.2870114761656137
13.94 3.2870114761656137
13.94 3.2870114761656137
13.94 3.2870114761656137
13.94 3.2870114761656137
13.94 3.2870114761656137
13.94 3.2870114761656137
13.94 3.2870114761656137
13.95 3.2979179229117612
13.95 3.2979179229117612
13.95 3.2979179229117612
13.96 3.3087578920009824
13.96 3.3087578920009824
13.96 3.3087578920009824
13.96 3.3087578920009824
13.96 3.3087578920009824
13.96 3.3087578920009824
13.96 3.3087578920009824
13.96 3.3087578920009824
13.97 3.319532034683944
13.97 3.319532034683944
13.97 3.319532034683944
13.97 3.319532034683944
13.97 3.319532034683944
13.97 3.319532034683944
13.98 3.330240989854197
13.98 3.330240989854197
13.98 3.330240989854197
13.98 3.330240989854197
13.98 3.330240989854197
13.99 3.340885384372706
13.99 3.340885384372706
13.99 3.340885384372706
13.99 3.340885384372706
13.99 3.340885384372706
13.99 3.340885384372706
13.99 3.340885384372706
13.99 3.340885384372706
13.99 3.340885384372706
13.99 3.340885384372706
14.0 3.3484505688633384
14.01 3.358977117029421
14.02 3.369440801250457
14.03 3.3798422053896746
14.03 3.3798422053896746
14.03 3.3798422053896746
14.03 3.3798422053896746
14.03 3.3798422053896746
14.03 3.3798422053896746
14.03 3.3798422053896746
14.03 3.3798422053896746
14.03 3.3798422053896746
14.03 3.3798422053896746
14.03 3.3798422053896746
14.03 3.3798422053896746
14.03 3.3798422053896746
14.03 3.3798422053896746
14.03 3.3798422053896746
14.03 3.3798422053896746
14.03 3.3798422053896746
14.03 3.3798422053896746
14.03 3.3798422053896746
14.03 3.3798422053896746
14.04 3.390181902690966
14.04 3.390181902690966
14.04 3.390181902690966
14.04 3.390181902690966
14.04 3.390181902690966
14.04 3.390181902690966
14.04 3.390181902690966
14.04 3.390181902690966
14.04 3.390181902690966
14.04 3.390181902690966
14.04 3.390181902690966
14.05 3.400460456045815
14.05 3.400460456045815
14.06 3.4106784182516057
14.06 3.4106784182516057
14.06 3.4106784182516057
14.06 3.4106784182516057
14.07 3.400103979396374
14.07 3.400103979396374
14.07 3.400103979396374
14.07 3.400103979396374
14.07 3.400103979396374
14.07 3.400103979396374
14.07 3.400103979396374
14.07 3.400103979396374
14.07 3.400103979396374
14.07 3.400103979396374
14.07 3.400103979396374
14.07 3.400103979396374
14.07 3.400103979396374
14.07 3.400103979396374
14.07 3.400103979396374
14.07 3.400103979396374
14.09 3.420363853289427
14.09 3.420363853289427
14.09 3.420363853289427
14.09 3.420363853289427
14.09 3.420363853289427
14.09 3.420363853289427
14.09 3.420363853289427
14.09 3.420363853289427
14.1 3.430404752748101
14.1 3.430404752748101
14.1 3.430404752748101
14.1 3.430404752748101
14.1 3.430404752748101
14.11 3.440386987863811
14.11 3.440386987863811
14.11 3.440386987863811
14.11 3.440386987863811
14.11 3.440386987863811
14.11 3.440386987863811
14.11 3.440386987863811
14.11 3.440386987863811
14.12 3.4503110678091717
14.12 3.4503110678091717
14.12 3.4503110678091717
14.12 3.4503110678091717
14.12 3.4503110678091717
14.12 3.4503110678091717
14.12 3.4503110678091717
14.12 3.4503110678091717
14.12 3.4503110678091717
14.12 3.4503110678091717
14.12 3.4503110678091717
14.12 3.4503110678091717
14.12 3.4503110678091717
14.12 3.4503110678091717
14.12 3.4503110678091717
14.12 3.4503110678091717
14.12 3.4503110678091717
14.12 3.4503110678091717
14.13 3.460177492965974
14.13 3.460177492965974
14.13 3.460177492965974
14.13 3.460177492965974
14.13 3.460177492965974
14.13 3.460177492965974
14.14 3.4699867551343884
14.14 3.4699867551343884
14.14 3.4699867551343884
14.14 3.4699867551343884
14.15 3.4797393377357806
14.15 3.4797393377357806
14.15 3.4797393377357806
14.15 3.4797393377357806
14.15 3.4797393377357806
14.15 3.4797393377357806
14.15 3.4797393377357806
14.16 3.4894357160093388
14.16 3.4894357160093388
14.16 3.4894357160093388
14.16 3.4894357160093388
14.16 3.4894357160093388
14.16 3.4894357160093388
14.16 3.4894357160093388
14.16 3.4894357160093388
14.16 3.4894357160093388
14.16 3.4894357160093388
14.16 3.4894357160093388
14.16 3.4894357160093388
14.16 3.4894357160093388
14.16 3.4894357160093388
14.16 3.4894357160093388
14.16 3.4894357160093388
14.16 3.4894357160093388
14.16 3.4894357160093388
14.16 3.4894357160093388
14.16 3.4894357160093388
14.16 3.4894357160093388
14.17 3.499076357202763
14.17 3.499076357202763
14.17 3.499076357202763
14.17 3.499076357202763
14.18 3.5086617207572273
14.18 3.5086617207572273
14.18 3.5086617207572273
14.18 3.5086617207572273
14.18 3.5086617207572273
14.18 3.5086617207572273
14.18 3.5086617207572273
14.18 3.5086617207572273
14.18 3.5086617207572273
14.18 3.5086617207572273
14.18 3.5086617207572273
14.18 3.5086617207572273
14.19 3.5181922584868466
14.19 3.5181922584868466
14.19 3.5181922584868466
14.19 3.5181922584868466
14.19 3.5181922584868466
14.19 3.5181922584868466
14.19 3.5181922584868466
14.19 3.5181922584868466
14.19 3.5181922584868466
14.2 3.5276684147527897
14.2 3.5276684147527897
14.2 3.5276684147527897
14.2 3.5276684147527897
14.2 3.5276684147527897
14.2 3.5276684147527897
14.2 3.5276684147527897
14.2 3.5276684147527897
14.2 3.5276684147527897
14.2 3.5276684147527897
14.2 3.5276684147527897
14.2 3.5276684147527897
14.2 3.5276684147527897
14.2 3.5276684147527897
14.2 3.5276684147527897
14.2 3.5276684147527897
14.2 3.5276684147527897
14.2 3.5276684147527897
14.2 3.5276684147527897
14.2 3.5276684147527897
14.2 3.5276684147527897
14.2 3.5276684147527897
14.2 3.5276684147527897
14.2 3.5276684147527897
14.2 3.5276684147527897
14.2 3.5276684147527897
14.2 3.5276684147527897
14.2 3.5276684147527897
14.2 3.5276684147527897
14.2 3.5276684147527897
14.2 3.5276684147527897
14.2 3.5276684147527897
14.2 3.5276684147527897
14.21 3.5370906266323034
14.21 3.5370906266323034
14.22 3.546459324082787
14.23 3.5557749301010833
14.24 3.565037860878192
14.24 3.565037860878192
14.24 3.565037860878192
14.24 3.565037860878192
14.24 3.565037860878192
14.24 3.565037860878192
14.24 3.565037860878192
14.24 3.565037860878192
14.24 3.565037860878192
14.24 3.565037860878192
14.24 3.565037860878192
14.24 3.565037860878192
14.24 3.565037860878192
14.24 3.565037860878192
14.24 3.565037860878192
14.24 3.565037860878192
14.24 3.565037860878192
14.24 3.565037860878192
14.24 3.565037860878192
14.25 3.574248525949549
14.25 3.574248525949549
14.25 3.574248525949549
14.25 3.574248525949549
14.25 3.574248525949549
14.26 3.5834073283410146
14.26 3.5834073283410146
14.27 3.592514664710726
14.28 3.601570925486978
14.28 3.601570925486978
14.28 3.601570925486978
14.28 3.601570925486978
14.28 3.601570925486978
14.28 3.601570925486978
14.29 3.6105764950022357
14.29 3.6105764950022357
14.29 3.6105764950022357
14.29 3.6105764950022357
14.29 3.6105764950022357
14.29 3.6105764950022357
14.29 3.6105764950022357
14.29 3.6105764950022357
14.29 3.6105764950022357
14.29 3.6105764950022357
14.29 3.6105764950022357
14.3 3.619531751623419
14.3 3.619531751623419
14.3 3.619531751623419
14.3 3.619531751623419
14.3 3.619531751623419
14.3 3.619531751623419
14.3 3.619531751623419
14.3 3.619531751623419
14.3 3.619531751623419
14.3 3.619531751623419
14.3 3.619531751623419
14.3 3.619531751623419
14.3 3.619531751623419
14.3 3.619531751623419
14.3 3.619531751623419
14.3 3.619531751623419
14.31 3.628437067878614
14.31 3.628437067878614
14.31 3.628437067878614
14.32 3.63729281058028
14.32 3.63729281058028
14.32 3.63729281058028
14.32 3.63729281058028
14.32 3.63729281058028
14.32 3.63729281058028
14.32 3.63729281058028
14.32 3.63729281058028
14.32 3.63729281058028
14.32 3.63729281058028
14.32 3.63729281058028
14.32 3.63729281058028
14.32 3.63729281058028
14.32 3.63729281058028
14.32 3.63729281058028
14.32 3.63729281058028
14.32 3.63729281058028
14.32 3.63729281058028
14.32 3.63729281058028
14.32 3.63729281058028
14.32 3.63729281058028
14.32 3.63729281058028
14.32 3.63729281058028
14.32 3.63729281058028
14.32 3.63729281058028
14.32 3.63729281058028
14.32 3.63729281058028
14.32 3.63729281058028
14.32 3.63729281058028
14.32 3.63729281058028
14.32 3.63729281058028
14.32 3.63729281058028
14.32 3.63729281058028
14.32 3.63729281058028
14.32 3.63729281058028
14.32 3.63729281058028
14.32 3.63729281058028
14.32 3.63729281058028
14.32 3.63729281058028
14.33 3.646099340945115
14.33 3.646099340945115
14.34 3.654857014710673
14.34 3.654857014710673
14.34 3.654857014710673
14.34 3.654857014710673
14.34 3.654857014710673
14.34 3.654857014710673
14.34 3.654857014710673
14.35 3.663566182248817
14.36 3.6722271886761755
14.36 3.6722271886761755
14.36 3.6722271886761755
14.36 3.6722271886761755
14.36 3.6722271886761755
14.36 3.6722271886761755
14.36 3.6722271886761755
14.36 3.6722271886761755
14.36 3.6722271886761755
14.36 3.6722271886761755
14.36 3.6722271886761755
14.36 3.6722271886761755
14.36 3.6722271886761755
14.36 3.6722271886761755
14.36 3.6722271886761755
14.37 3.6808403739616122
14.37 3.6808403739616122
14.37 3.6808403739616122
14.37 3.6808403739616122
14.37 3.6808403739616122
14.37 3.6808403739616122
14.37 3.6808403739616122
14.37 3.6808403739616122
14.37 3.6808403739616122
14.37 3.6808403739616122
14.37 3.6808403739616122
14.37 3.6808403739616122
14.37 3.6808403739616122
14.37 3.6808403739616122
14.37 3.6808403739616122
14.37 3.6808403739616122
14.37 3.6808403739616122
14.37 3.6808403739616122
14.37 3.6808403739616122
14.37 3.6808403739616122
14.37 3.6808403739616122
14.37 3.6808403739616122
14.37 3.6808403739616122
14.37 3.6808403739616122
14.37 3.6808403739616122
14.37 3.6808403739616122
14.37 3.6808403739616122
14.37 3.6808403739616122
14.37 3.6808403739616122
14.37 3.6808403739616122
14.37 3.6808403739616122
14.37 3.6808403739616122
14.37 3.6808403739616122
14.37 3.6808403739616122
14.37 3.6808403739616122
14.37 3.6808403739616122
14.37 3.6808403739616122
14.37 3.6808403739616122
14.37 3.6808403739616122
14.37 3.6808403739616122
14.37 3.6808403739616122
14.37 3.6808403739616122
14.37 3.6808403739616122
14.37 3.6808403739616122
14.37 3.6808403739616122
14.37 3.6808403739616122
14.37 3.6808403739616122
14.37 3.6808403739616122
14.38 3.6894060730308835
14.38 3.6894060730308835
14.38 3.6894060730308835
14.38 3.6894060730308835
14.38 3.6894060730308835
14.38 3.6894060730308835
14.38 3.6894060730308835
14.38 3.6894060730308835
14.38 3.6894060730308835
14.38 3.6894060730308835
14.38 3.6894060730308835
14.38 3.6894060730308835
14.38 3.6894060730308835
14.38 3.6894060730308835
14.38 3.6894060730308835
14.38 3.6894060730308835
14.38 3.6894060730308835
14.38 3.6894060730308835
14.39 3.6979246158685357
14.39 3.6979246158685357
14.39 3.6979246158685357
14.39 3.6979246158685357
14.39 3.6979246158685357
14.39 3.6979246158685357
14.39 3.6979246158685357
14.39 3.6979246158685357
14.39 3.6979246158685357
14.39 3.6979246158685357
14.39 3.6979246158685357
14.39 3.6979246158685357
14.39 3.6979246158685357
14.39 3.6979246158685357
14.39 3.6979246158685357
14.39 3.6979246158685357
14.39 3.6979246158685357
14.39 3.6979246158685357
14.4 3.7063963276171283
14.4 3.7063963276171283
14.4 3.7063963276171283
14.4 3.7063963276171283
14.4 3.7063963276171283
14.4 3.7063963276171283
14.4 3.7063963276171283
14.4 3.7063963276171283
14.4 3.7063963276171283
14.4 3.7063963276171283
14.4 3.7063963276171283
14.4 3.7063963276171283
14.4 3.7063963276171283
14.4 3.7063963276171283
14.4 3.7063963276171283
14.4 3.7063963276171283
14.4 3.7063963276171283
14.4 3.7063963276171283
14.4 3.7063963276171283
14.4 3.7063963276171283
14.4 3.7063963276171283
14.4 3.7063963276171283
14.4 3.7063963276171283
14.4 3.7063963276171283
14.4 3.7063963276171283
14.4 3.7063963276171283
14.4 3.7063963276171283
14.4 3.7063963276171283
14.4 3.7063963276171283
14.4 3.7063963276171283
14.4 3.7063963276171283
14.4 3.7063963276171283
14.41 3.714821528673885
14.42 3.723200534784854
14.42 3.723200534784854
14.42 3.723200534784854
14.42 3.723200534784854
14.42 3.723200534784854
14.42 3.723200534784854
14.42 3.723200534784854
14.42 3.723200534784854
14.42 3.723200534784854
14.42 3.723200534784854
14.42 3.723200534784854
14.42 3.723200534784854
14.42 3.723200534784854
14.42 3.723200534784854
14.42 3.723200534784854
14.42 3.723200534784854
14.42 3.723200534784854
14.42 3.723200534784854
14.42 3.723200534784854
14.42 3.723200534784854
14.42 3.723200534784854
14.42 3.723200534784854
14.42 3.723200534784854
14.42 3.723200534784854
14.42 3.723200534784854
14.42 3.723200534784854
14.42 3.723200534784854
14.42 3.723200534784854
14.42 3.723200534784854
14.42 3.723200534784854
14.42 3.723200534784854
14.42 3.723200534784854
14.42 3.723200534784854
14.42 3.723200534784854
14.43 3.731533657136625
14.43 3.731533657136625
14.43 3.731533657136625
14.43 3.731533657136625
14.43 3.731533657136625
14.43 3.731533657136625
14.43 3.731533657136625
14.43 3.731533657136625
14.43 3.731533657136625
14.43 3.731533657136625
14.43 3.731533657136625
14.43 3.731533657136625
14.43 3.731533657136625
14.43 3.731533657136625
14.43 3.731533657136625
14.43 3.731533657136625
14.43 3.731533657136625
14.43 3.731533657136625
14.43 3.731533657136625
14.43 3.731533657136625
14.43 3.731533657136625
14.43 3.731533657136625
14.43 3.731533657136625
14.43 3.731533657136625
14.43 3.731533657136625
14.43 3.731533657136625
14.43 3.731533657136625
14.43 3.731533657136625
14.43 3.731533657136625
14.43 3.731533657136625
14.43 3.731533657136625
14.43 3.731533657136625
14.43 3.731533657136625
14.43 3.731533657136625
14.43 3.731533657136625
14.43 3.731533657136625
14.43 3.731533657136625
14.43 3.731533657136625
14.43 3.731533657136625
14.43 3.731533657136625
14.43 3.731533657136625
14.43 3.731533657136625
14.43 3.731533657136625
14.43 3.731533657136625
14.43 3.731533657136625
14.43 3.731533657136625
14.43 3.731533657136625
14.43 3.731533657136625
14.43 3.731533657136625
14.43 3.731533657136625
14.43 3.731533657136625
14.43 3.731533657136625
14.43 3.731533657136625
14.43 3.731533657136625
14.43 3.731533657136625
14.43 3.731533657136625
14.43 3.731533657136625
14.43 3.731533657136625
14.43 3.731533657136625
14.43 3.731533657136625
14.43 3.731533657136625
14.43 3.731533657136625
14.43 3.731533657136625
14.43 3.731533657136625
14.43 3.731533657136625
14.43 3.731533657136625
14.43 3.731533657136625
14.43 3.731533657136625
14.43 3.731533657136625
14.43 3.731533657136625
14.43 3.731533657136625
14.43 3.731533657136625
14.43 3.731533657136625
14.43 3.731533657136625
14.43 3.731533657136625
14.43 3.731533657136625
14.43 3.731533657136625
14.43 3.731533657136625
14.43 3.731533657136625
14.43 3.731533657136625
14.43 3.731533657136625
14.43 3.731533657136625
14.43 3.731533657136625
14.43 3.731533657136625
14.43 3.731533657136625
14.43 3.731533657136625
14.43 3.731533657136625
14.43 3.731533657136625
14.43 3.731533657136625
14.43 3.731533657136625
14.43 3.731533657136625
14.43 3.731533657136625
14.43 3.731533657136625
14.43 3.731533657136625
14.43 3.731533657136625
14.43 3.731533657136625
14.43 3.731533657136625
14.43 3.731533657136625
14.43 3.731533657136625
14.43 3.731533657136625
14.43 3.731533657136625
14.43 3.731533657136625
14.43 3.731533657136625
14.43 3.731533657136625
14.43 3.731533657136625
14.43 3.731533657136625
14.43 3.731533657136625
14.43 3.731533657136625
14.43 3.731533657136625
14.43 3.731533657136625
14.43 3.731533657136625
14.43 3.731533657136625
14.43 3.731533657136625
14.43 3.731533657136625
14.43 3.731533657136625
14.43 3.731533657136625
