9.55 0.5000000000000002
9.55 0.5000000000000002
9.55 0.5000000000000002
9.56 0.4988876515698592
9.59 0.4943110704237102
9.6 0.49236596391733084
9.6 0.49236596391733084
9.6 0.49236596391733084
9.6 0.49236596391733084
9.61 0.49020713000019756
9.62 0.4878317312145637
9.62 0.4878317312145637
9.62 0.4878317312145637
9.62 0.4878317312145637
9.63 0.48523658709391
9.63 0.48523658709391
9.63 0.48523658709391
9.63 0.48523658709391
9.63 0.48523658709391
9.63 0.48523658709391
9.64 0.48241815132442206
9.64 0.48241815132442206
9.64 0.48241815132442206
9.65 0.4793724854411022
9.65 0.4793724854411022
9.65 0.4793724854411022
9.65 0.4793724854411022
9.65 0.4793724854411022
9.65 0.4793724854411022
9.65 0.4793724854411022
9.65 0.4793724854411022
9.65 0.4793724854411022
9.65 0.4793724854411022
9.65 0.4793724854411022
9.66 0.47609522856952374
9.66 0.47609522856952374
9.66 0.47609522856952374
9.67 0.47258156262526047
9.67 0.47258156262526047
9.68 0.4688261722621502
9.68 0.4688261722621502
9.68 0.4688261722621502
9.68 0.4688261722621502
9.69 0.4648231987117315
9.69 0.4648231987117315
9.72 0.4512608598542129
9.72 0.4512608598542129
9.72 0.4512608598542129
9.72 0.4512608598542129
9.72 0.4512608598542129
9.72 0.4512608598542129
9.73 0.4682872294787995
9.73 0.4682872294787995
9.75 0.4578165130223675
9.76 0.4521553322083516
9.76 0.4521553322083516
9.76 0.4521553322083516
9.76 0.4521553322083516
9.76 0.4521553322083516
9.76 0.4521553322083516
9.77 0.44619604333847424
9.77 0.44619604333847424
9.78 0.4399265319747762
9.78 0.4399265319747762
9.78 0.4399265319747762
9.78 0.4399265319747762
9.78 0.4399265319747762
9.78 0.4399265319747762
9.78 0.4399265319747762
9.78 0.4399265319747762
9.78 0.4399265319747762
9.78 0.4399265319747762
9.78 0.4399265319747762
9.78 0.4399265319747762
9.78 0.4399265319747762
9.78 0.4399265319747762
9.78 0.4399265319747762
9.78 0.4399265319747762
9.79 0.43333333333333324
9.81 0.4191140246479063
9.81 0.4191140246479063
9.81 0.4191140246479063
9.81 0.4191140246479063
9.82 0.41145221993924025
9.82 0.41145221993924025
9.82 0.41145221993924025
9.82 0.41145221993924025
9.82 0.41145221993924025
9.82 0.41145221993924025
9.84 0.3949172013974526
9.84 0.3949172013974526
9.84 0.3949172013974526
9.84 0.3949172013974526
9.84 0.3949172013974526
9.85 0.38599209705627296
9.85 0.38599209705627296
9.85 0.38599209705627296
9.86 0.376587548676509
9.87 0.3666666666666667
9.87 0.3666666666666667
9.87 0.3666666666666667
9.87 0.3666666666666667
9.87 0.3666666666666667
9.87 0.3666666666666667
9.87 0.3666666666666667
9.88 0.35618630921006367
9.88 0.35618630921006367
9.89 0.3450955072018604
9.89 0.3450955072018604
9.9 0.3333333333333332
9.9 0.3333333333333332
9.9 0.3333333333333332
9.9 0.3333333333333332
9.91 0.35090071691478947
9.92 0.33874396636320275
9.92 0.33874396636320275
9.92 0.33874396636320275
9.92 0.33874396636320275
9.92 0.33874396636320275
9.92 0.33874396636320275
9.92 0.33874396636320275
9.92 0.33874396636320275
9.93 0.32582451743479346
9.93 0.32582451743479346
9.93 0.32582451743479346
9.93 0.32582451743479346
9.93 0.32582451743479346
9.93 0.32582451743479346
9.93 0.32582451743479346
9.93 0.32582451743479346
9.93 0.32582451743479346
9.93 0.32582451743479346
9.93 0.32582451743479346
9.93 0.32582451743479346
9.93 0.32582451743479346
9.93 0.32582451743479346
9.93 0.32582451743479346
9.93 0.32582451743479346
9.93 0.32582451743479346
9.93 0.32582451743479346
9.93 0.32582451743479346
9.93 0.32582451743479346
9.94 0.3120476524086305
9.94 0.3120476524086305
9.95 0.3295236844080536
9.97 0.33196689624421916
9.97 0.33196689624421916
9.99 0.33318178373089513
9.99 0.33318178373089513
9.99 0.33318178373089513
9.99 0.33318178373089513
9.99 0.33318178373089513
9.99 0.33318178373089513
9.99 0.33318178373089513
10.0 0.3481553119113957
10.0 0.3481553119113957
10.0 0.3481553119113957
10.0 0.3481553119113957
10.0 0.3481553119113957
10.01 0.3622321371884626
10.01 0.3622321371884626
10.02 0.3755131169614467
10.02 0.3755131169614467
10.02 0.3755131169614467
10.02 0.3755131169614467
10.02 0.3755131169614467
10.02 0.3755131169614467
10.03 0.388079966767238
10.04 0.37389568036817394
10.05 0.3859920970562725
10.06 0.39746672562592994
10.06 0.39746672562592994
10.06 0.39746672562592994
10.07 0.4083719833285291
10.07 0.4083719833285291
10.07 0.4083719833285291
10.07 0.4083719833285291
10.07 0.4083719833285291
10.08 0.4187523556393863
10.1 0.43808582711518085
10.1 0.43808582711518085
10.13 0.39325114703769715
10.13 0.39325114703769715
10.13 0.39325114703769715
10.13 0.39325114703769715
10.13 0.39325114703769715
10.14 0.402517331328978
10.14 0.402517331328978
10.14 0.402517331328978
10.14 0.402517331328978
10.14 0.402517331328978
10.14 0.402517331328978
10.15 0.4113294533484315
10.15 0.4113294533484315
10.15 0.4113294533484315
10.16 0.41971611377407997
10.17 0.4277023415055067
10.17 0.4277023415055067
10.17 0.4277023415055067
10.18 0.4353101761904367
10.18 0.4353101761904367
10.18 0.4353101761904367
10.19 0.4425591326123393
10.2 0.44946657497549447
10.21 0.43333333333333324
10.22 0.4399265319747762
10.25 0.4578165130223675
10.25 0.4578165130223675
10.25 0.4578165130223675
10.26 0.46319051646752707
10.26 0.46319051646752707
10.26 0.46319051646752707
10.26 0.46319051646752707
10.26 0.46319051646752707
10.26 0.46319051646752707
10.26 0.46319051646752707
10.26 0.46319051646752707
10.26 0.46319051646752707
10.26 0.46319051646752707
10.26 0.46319051646752707
10.26 0.46319051646752707
10.27 0.4682872294787995
10.27 0.4682872294787995
10.28 0.473115613606636
10.28 0.473115613606636
10.28 0.473115613606636
10.28 0.473115613606636
10.28 0.473115613606636
10.28 0.473115613606636
10.28 0.473115613606636
10.28 0.473115613606636
10.29 0.4776838056516236
10.3 0.4819992036541471
10.3 0.4819992036541471
10.3 0.4819992036541471
10.3 0.4819992036541471
10.32 0.4898979485566351
10.33 0.493493012650993
10.34 0.4968588198559901
10.34 0.4968588198559901
10.34 0.4968588198559901
10.35 0.4999999999999999
10.35 0.4999999999999999
10.35 0.4999999999999999
10.36 0.5029207620781759
10.36 0.5029207620781759
10.37 0.5056249258655727
10.37 0.5056249258655727
10.37 0.5056249258655727
10.38 0.5081159495448047
10.38 0.5081159495448047
10.38 0.5081159495448047
10.39 0.5103969538555758
10.4 0.49236596391733084
10.4 0.49236596391733084
10.41 0.49431107042371014
10.41 0.49431107042371014
10.42 0.49604496374885837
10.42 0.49604496374885837
10.43 0.5174724898753337
10.43 0.5174724898753337
10.43 0.5174724898753337
10.43 0.5174724898753337
10.43 0.5174724898753337
10.44 0.5187397315522587
10.44 0.5187397315522587
10.44 0.5187397315522587
10.44 0.5187397315522587
10.44 0.5187397315522587
10.45 0.5198095999517712
10.46 0.5206833117271102
10.46 0.5206833117271102
10.46 0.5206833117271102
10.46 0.5206833117271102
10.46 0.5206833117271102
10.46 0.5206833117271102
10.47 0.5213618530523514
10.47 0.5213618530523514
10.48 0.5218459852516181
10.48 0.5218459852516181
10.49 0.5221362491019591
10.5 0.5222329678670935
10.5 0.5222329678670935
10.51 0.5221362491019591
10.51 0.5221362491019591
10.51 0.5221362491019591
10.51 0.5221362491019591
10.51 0.5221362491019591
10.51 0.5221362491019591
10.51 0.5221362491019591
10.52 0.5218459852516182
10.53 0.5213618530523514
10.53 0.5213618530523514
10.54 0.5206833117271102
10.54 0.5206833117271102
10.55 0.5198095999517712
10.56 0.5187397315522587
10.56 0.5187397315522587
10.56 0.5187397315522587
10.56 0.5187397315522587
10.57 0.5174724898753337
10.57 0.5174724898753337
10.57 0.5174724898753337
10.57 0.5174724898753337
10.57 0.5174724898753337
10.57 0.5174724898753337
10.57 0.5174724898753337
10.57 0.5174724898753337
10.57 0.5174724898753337
10.57 0.5174724898753337
10.57 0.5174724898753337
10.57 0.5174724898753337
10.58 0.5160064207571708
10.6 0.5124707431905382
10.6 0.5124707431905382
10.6 0.5124707431905382
10.6 0.5124707431905382
10.61 0.5103969538555758
10.62 0.5081159495448047
10.62 0.5081159495448047
10.62 0.5081159495448047
10.62 0.5081159495448047
10.63 0.5252224156094124
10.63 0.5252224156094124
10.64 0.5226196639347905
10.65 0.5198095999517708
10.65 0.5198095999517708
10.66 0.5359782899266795
10.66 0.5359782899266795
10.66 0.5359782899266795
10.66 0.5359782899266795
10.66 0.5359782899266795
10.66 0.5359782899266795
10.66 0.5359782899266795
10.66 0.5359782899266795
10.67 0.5514901759246611
10.67 0.5514901759246611
10.67 0.5514901759246611
10.69 0.5448565745851716
10.69 0.5448565745851716
10.69 0.5448565745851716
10.69 0.5448565745851716
10.69 0.5448565745851716
10.69 0.5448565745851716
10.7 0.559581373109678
10.7 0.559581373109678
10.7 0.559581373109678
10.71 0.5737524894864676
10.71 0.5737524894864676
10.71 0.5737524894864676
10.71 0.5737524894864676
10.71 0.5737524894864676
10.72 0.5874099974042872
10.72 0.5874099974042872
10.72 0.5874099974042872
10.72 0.5874099974042872
10.73 0.583528106011228
10.73 0.583528106011228
10.73 0.583528106011228
10.73 0.583528106011228
10.73 0.583528106011228
10.74 0.5966234959835186
10.74 0.5966234959835186
10.75 0.5924610544247622
10.75 0.5924610544247622
10.75 0.5924610544247622
10.78 0.6289320754704404
10.78 0.6289320754704404
10.78 0.6289320754704404
10.78 0.6289320754704404
10.78 0.6289320754704404
10.79 0.6403124237432848
10.79 0.6403124237432848
10.8 0.6513389472789293
10.8 0.6513389472789293
10.8 0.6513389472789293
10.8 0.6513389472789293
10.8 0.6513389472789293
10.8 0.6513389472789293
10.81 0.6620293258480539
10.81 0.6620293258480539
10.81 0.6620293258480539
10.81 0.6620293258480539
10.81 0.6620293258480539
10.81 0.6620293258480539
10.81 0.6620293258480539
10.82 0.6723995925944724
10.83 0.6674994798166926
10.83 0.6674994798166926
10.83 0.6674994798166926
10.83 0.6674994798166926
10.84 0.6624106572118829
10.84 0.6624106572118829
10.84 0.6624106572118829
10.86 0.6819461159435579
10.86 0.6819461159435579
10.86 0.6819461159435579
10.86 0.6819461159435579
10.86 0.6819461159435579
10.86 0.6819461159435579
10.87 0.6912877750103701
10.88 0.700360657450895
10.89 0.7091750791795296
10.89 0.7091750791795296
10.89 0.7091750791795296
10.89 0.7091750791795296
10.89 0.7091750791795296
10.89 0.7091750791795296
10.89 0.7091750791795296
10.89 0.7091750791795296
10.89 0.7091750791795296
10.89 0.7091750791795296
10.89 0.7091750791795296
10.89 0.7091750791795296
10.89 0.7091750791795296
10.89 0.7091750791795296
10.9 0.717740562565274
10.91 0.7260659179246168
10.91 0.7260659179246168
10.91 0.7260659179246168
10.92 0.7341593144474156
10.93 0.7420283421851621
10.94 0.7496800664418135
10.95 0.7436600722307891
10.98 0.7518327774528885
10.99 0.7452882297839848
10.99 0.7452882297839848
11.0 0.7385489458759964
11.01 0.7452882297839848
11.02 0.7518327774528886
11.02 0.7518327774528886
11.02 0.7518327774528886
11.03 0.7581876316905236
11.06 0.7761599335344762
11.07 0.7818005635787943
11.08 0.787272493993014
11.08 0.787272493993014
11.08 0.787272493993014
11.08 0.787272493993014
11.08 0.787272493993014
11.09 0.7797305932049847
11.09 0.7797305932049847
11.09 0.7797305932049847
11.09 0.7797305932049847
11.09 0.7797305932049847
11.09 0.7797305932049847
11.09 0.7797305932049847
11.09 0.7797305932049847
11.1 0.7849596270902196
11.1 0.7849596270902196
11.11 0.7771353768420227
11.11 0.7771353768420227
11.11 0.7771353768420227
11.11 0.7771353768420227
11.11 0.7771353768420227
11.12 0.76910022202256
11.12 0.76910022202256
11.12 0.76910022202256
11.12 0.76910022202256
11.12 0.76910022202256
11.13 0.7608474807008888
11.13 0.7608474807008888
11.13 0.7608474807008888
11.13 0.7608474807008888
11.13 0.7608474807008888
11.13 0.7608474807008888
11.13 0.7608474807008888
11.14 0.7656778867530556
11.14 0.7656778867530556
11.14 0.7656778867530556
11.14 0.7656778867530556
11.14 0.7656778867530556
11.14 0.7656778867530556
11.14 0.7656778867530556
11.14 0.7656778867530556
11.15 0.7703468981143126
11.15 0.7703468981143126
11.15 0.7703468981143126
11.15 0.7703468981143126
11.15 0.7703468981143126
11.16 0.7617099317995133
11.17 0.7661394761854372
11.17 0.7661394761854372
11.17 0.7661394761854372
11.17 0.7661394761854372
11.18 0.7704124567628398
11.18 0.7704124567628398
11.18 0.7704124567628398
11.18 0.7704124567628398
11.19 0.7745314647572364
11.2 0.7784989441615227
11.2 0.7784989441615227
11.2 0.7784989441615227
11.2 0.7784989441615227
11.2 0.7784989441615227
11.2 0.7784989441615227
11.2 0.7784989441615227
11.21 0.782317200386264
11.21 0.782317200386264
11.22 0.7987363757710034
11.23 0.8022065529122498
11.23 0.8022065529122498
11.23 0.8022065529122498
11.24 0.8055363982396379
11.24 0.8055363982396379
11.24 0.8055363982396379
11.24 0.8055363982396379
11.26 0.824131008512554
11.26 0.824131008512554
11.26 0.824131008512554
11.26 0.824131008512554
11.26 0.824131008512554
11.26 0.824131008512554
11.26 0.824131008512554
11.26 0.824131008512554
11.26 0.824131008512554
11.27 0.8270062840990949
11.27 0.8270062840990949
11.28 0.8418354166265926
11.28 0.8418354166265926
11.29 0.8444112167838034
11.29 0.8444112167838034
11.3 0.8587046857760462
11.3 0.8587046857760462
11.3 0.8587046857760462
11.3 0.8587046857760462
11.3 0.8587046857760462
11.3 0.8587046857760462
11.3 0.8587046857760462
11.3 0.8587046857760462
11.3 0.8587046857760462
11.3 0.8587046857760462
11.31 0.8726483550177313
11.31 0.8726483550177313
11.31 0.8726483550177313
11.32 0.8862587350511963
11.32 0.8862587350511963
11.32 0.8862587350511963
11.32 0.8862587350511963
11.32 0.8862587350511963
11.32 0.8862587350511963
11.32 0.8862587350511963
11.32 0.8862587350511963
11.33 0.8995509541943241
11.33 0.8995509541943241
11.33 0.8995509541943241
11.33 0.8995509541943241
11.33 0.8995509541943241
11.33 0.8995509541943241
11.33 0.8995509541943241
11.33 0.8995509541943241
11.33 0.8995509541943241
11.33 0.8995509541943241
11.33 0.8995509541943241
11.33 0.8995509541943241
11.33 0.8995509541943241
11.33 0.8995509541943241
11.33 0.8995509541943241
11.34 0.9125389157330618
11.34 0.9125389157330618
11.34 0.9125389157330618
11.34 0.9125389157330618
11.34 0.9125389157330618
11.34 0.9125389157330618
11.34 0.9125389157330618
11.34 0.9125389157330618
11.34 0.9125389157330618
11.34 0.9125389157330618
11.34 0.9125389157330618
11.34 0.9125389157330618
11.34 0.9125389157330618
11.34 0.9125389157330618
11.34 0.9125389157330618
11.34 0.9125389157330618
11.34 0.9125389157330618
11.35 0.9142530206997329
11.35 0.9142530206997329
11.35 0.9142530206997329
11.36 0.9158536339327791
11.37 0.9282872247947677
11.37 0.9282872247947677
11.37 0.9282872247947677
11.38 0.9404490653110588
11.38 0.9404490653110588
11.38 0.9404490653110588
11.38 0.9404490653110588
11.38 0.9404490653110588
11.38 0.9404490653110588
11.38 0.9404490653110588
11.38 0.9404490653110588
11.38 0.9404490653110588
11.38 0.9404490653110588
11.38 0.9404490653110588
11.38 0.9404490653110588
11.38 0.9404490653110588
11.39 0.9523495665824061
11.4 0.9534625892455927
11.41 0.9438262980061964
11.41 0.9438262980061964
11.41 0.9438262980061964
11.42 0.9553676113032472
11.42 0.9553676113032472
11.42 0.9553676113032472
11.42 0.9553676113032472
11.42 0.9553676113032472
11.43 0.9666666666666663
11.43 0.9666666666666663
11.43 0.9666666666666663
11.43 0.9666666666666663
11.43 0.9666666666666663
11.43 0.9666666666666663
11.43 0.9666666666666663
11.44 0.9777318630174611
11.46 0.9991915924305211
11.46 0.9991915924305211
11.46 0.9991915924305211
11.47 1.009600380988899
11.47 1.009600380988899
11.47 1.009600380988899
11.48 1.019803902718557
11.49 1.0298082590973188
11.5 1.039619199903542
11.5 1.039619199903542
11.5 1.039619199903542
11.5 1.039619199903542
11.5 1.039619199903542
11.5 1.039619199903542
11.5 1.039619199903542
11.51 1.0492421507493355
11.51 1.0492421507493355
11.51 1.0492421507493355
11.51 1.0492421507493355
11.51 1.0492421507493355
11.51 1.0492421507493355
11.51 1.0492421507493355
11.52 1.0586822378825864
11.52 1.0586822378825864
11.52 1.0586822378825864
11.52 1.0586822378825864
11.52 1.0586822378825864
11.52 1.0586822378825864
11.53 1.0679443105822755
11.53 1.0679443105822755
11.53 1.0679443105822755
11.53 1.0679443105822755
11.53 1.0679443105822755
11.53 1.0679443105822755
11.53 1.0679443105822755
11.54 1.077032961426902
11.54 1.077032961426902
11.54 1.077032961426902
11.54 1.077032961426902
11.54 1.077032961426902
11.56 1.094707192989905
11.56 1.094707192989905
11.57 1.1033008326257743
11.58 1.1117371973445862
11.58 1.1117371973445862
11.58 1.1117371973445862
11.58 1.1117371973445862
11.58 1.1117371973445862
11.58 1.1117371973445862
11.58 1.1117371973445862
11.58 1.1117371973445862
11.58 1.1117371973445862
11.58 1.1117371973445862
11.58 1.1117371973445862
11.58 1.1117371973445862
11.59 1.1200198410940962
11.59 1.1200198410940962
11.59 1.1200198410940962
11.59 1.1200198410940962
11.59 1.1200198410940962
11.59 1.1200198410940962
11.59 1.1200198410940962
11.59 1.1200198410940962
11.59 1.1200198410940962
11.59 1.1200198410940962
11.6 1.128152149635533
11.6 1.128152149635533
11.6 1.128152149635533
11.61 1.1361373512071864
11.61 1.1361373512071864
11.62 1.1439785263224427
11.62 1.1439785263224427
11.63 1.1516786167866606
11.63 1.1516786167866606
11.63 1.1516786167866606
11.63 1.1516786167866606
11.63 1.1516786167866606
11.63 1.1516786167866606
11.64 1.1592404340077092
11.65 1.166666666666667
11.66 1.1739598878078485
11.66 1.1739598878078485
11.66 1.1739598878078485
11.66 1.1739598878078485
11.66 1.1739598878078485
11.66 1.1739598878078485
11.66 1.1739598878078485
11.67 1.18112256140102
11.67 1.18112256140102
11.67 1.18112256140102
11.67 1.18112256140102
11.67 1.18112256140102
11.67 1.18112256140102
11.67 1.18112256140102
11.67 1.18112256140102
11.67 1.18112256140102
11.68 1.1881570484229655
11.68 1.1881570484229655
11.69 1.2034881961963062
11.69 1.2034881961963062
11.69 1.2034881961963062
11.69 1.2034881961963062
11.69 1.2034881961963062
11.69 1.2034881961963062
11.69 1.2034881961963062
11.69 1.2034881961963062
11.7 1.2102257907706582
11.7 1.2102257907706582
11.71 1.2168430756293396
11.72 1.2233420031069226
11.72 1.2233420031069226
11.74 1.2359922199094813
11.75 1.2421470496399745
11.75 1.2421470496399745
11.75 1.2421470496399745
11.75 1.2421470496399745
11.77 1.2541245085031558
11.77 1.2541245085031558
11.77 1.2541245085031558
11.77 1.2541245085031558
11.77 1.2541245085031558
11.77 1.2541245085031558
11.77 1.2541245085031558
11.77 1.2541245085031558
11.77 1.2541245085031558
11.77 1.2541245085031558
11.77 1.2541245085031558
11.78 1.259950295636596
11.78 1.259950295636596
11.78 1.259950295636596
11.79 1.2736252243580966
11.79 1.2736252243580966
11.79 1.2736252243580966
11.8 1.2633129445864146
11.8 1.2633129445864146
11.8 1.2633129445864146
11.8 1.2633129445864146
11.8 1.2633129445864146
11.81 1.2688577540449526
11.81 1.2688577540449526
11.81 1.2688577540449526
11.81 1.2688577540449526
11.81 1.2688577540449526
11.81 1.2688577540449526
11.81 1.2688577540449526
11.82 1.266347647226607
11.83 1.2717203809299928
11.83 1.2717203809299928
11.83 1.2717203809299928
11.83 1.2717203809299928
11.83 1.2717203809299928
11.83 1.2717203809299928
11.83 1.2717203809299928
11.83 1.2717203809299928
11.83 1.2717203809299928
11.83 1.2717203809299928
11.83 1.2717203809299928
11.83 1.2717203809299928
11.83 1.2717203809299928
11.83 1.2717203809299928
11.83 1.2717203809299928
11.83 1.2717203809299928
11.83 1.2717203809299928
11.85 1.2900160518929262
11.85 1.2900160518929262
11.85 1.2900160518929262
11.85 1.2900160518929262
11.85 1.2900160518929262
11.85 1.2900160518929262
11.85 1.2900160518929262
11.85 1.2900160518929262
11.85 1.2900160518929262
11.85 1.2900160518929262
11.85 1.2900160518929262
11.85 1.2900160518929262
11.85 1.2900160518929262
11.85 1.2900160518929262
11.85 1.2900160518929262
11.85 1.2900160518929262
11.85 1.2900160518929262
11.85 1.2900160518929262
11.85 1.2900160518929262
11.85 1.2900160518929262
11.86 1.302832966029696
11.86 1.302832966029696
11.86 1.302832966029696
11.86 1.302832966029696
11.86 1.302832966029696
11.86 1.302832966029696
11.86 1.302832966029696
11.86 1.302832966029696
11.86 1.302832966029696
11.86 1.302832966029696
11.86 1.302832966029696
11.86 1.302832966029696
11.87 1.3154482279451527
11.87 1.3154482279451527
11.87 1.3154482279451527
11.87 1.3154482279451527
11.88 1.3278675849768777
11.88 1.3278675849768777
11.88 1.3278675849768777
11.88 1.3278675849768777
11.88 1.3278675849768777
11.88 1.3278675849768777
11.88 1.3278675849768777
11.88 1.3278675849768777
11.88 1.3278675849768777
11.88 1.3278675849768777
11.88 1.3278675849768777
11.88 1.3278675849768777
11.88 1.3278675849768777
11.88 1.3278675849768777
11.88 1.3278675849768777
11.88 1.3278675849768777
11.88 1.3278675849768777
11.89 1.332537641365739
11.89 1.332537641365739
11.89 1.332537641365739
11.9 1.3446489534747756
11.9 1.3446489534747756
11.9 1.3446489534747756
11.9 1.3446489534747756
11.9 1.3446489534747756
11.9 1.3446489534747756
11.91 1.35657769047815
11.92 1.3683286273126176
11.92 1.3683286273126176
11.92 1.3683286273126176
11.92 1.3683286273126176
11.92 1.3683286273126176
11.92 1.3683286273126176
11.92 1.3683286273126176
11.92 1.3683286273126176
11.92 1.3683286273126176
11.92 1.3683286273126176
11.92 1.3683286273126176
11.92 1.3683286273126176
11.92 1.3683286273126176
11.92 1.3683286273126176
11.92 1.3683286273126176
11.93 1.3799063062909076
11.93 1.3799063062909076
11.93 1.3799063062909076
11.93 1.3799063062909076
11.93 1.3799063062909076
11.93 1.3799063062909076
11.93 1.3799063062909076
11.93 1.3799063062909076
11.93 1.3799063062909076
11.93 1.3799063062909076
11.94 1.3913150526597404
11.95 1.4025589888385155
11.95 1.4025589888385155
11.95 1.4025589888385155
11.95 1.4025589888385155
11.95 1.4025589888385155
11.95 1.4025589888385155
11.95 1.4025589888385155
11.96 1.4136420474730647
11.96 1.4136420474730647
11.96 1.4136420474730647
11.97 1.4245679834230236
11.97 1.4245679834230236
11.97 1.4245679834230236
11.97 1.4245679834230236
11.97 1.4245679834230236
11.97 1.4245679834230236
11.97 1.4245679834230236
11.97 1.4245679834230236
11.98 1.4353403847875323
11.98 1.4353403847875323
11.98 1.4353403847875323
11.98 1.4353403847875323
11.98 1.4353403847875323
11.98 1.4353403847875323
11.98 1.4353403847875323
11.98 1.4353403847875323
11.98 1.4353403847875323
11.98 1.4353403847875323
11.99 1.4459626830620778
12.0 1.4564381625088383
12.0 1.4564381625088383
12.0 1.4564381625088383
12.0 1.4564381625088383
12.0 1.4564381625088383
12.0 1.4564381625088383
12.0 1.4564381625088383
12.0 1.4564381625088383
12.0 1.4564381625088383
12.02 1.4769611170962298
12.02 1.4769611170962298
12.02 1.4769611170962298
12.02 1.4769611170962298
12.03 1.487014499328141
12.03 1.487014499328141
12.03 1.487014499328141
12.04 1.4969328912172652
12.04 1.4969328912172652
12.04 1.4969328912172652
12.05 1.506718958599122
12.05 1.506718958599122
12.05 1.506718958599122
12.05 1.506718958599122
12.05 1.506718958599122
12.05 1.506718958599122
12.06 1.5163752633810477
12.06 1.5163752633810477
12.06 1.5163752633810477
12.08 1.5353083459591161
12.08 1.5353083459591161
12.09 1.5445897758814722
12.1 1.5537507567629423
12.1 1.5537507567629423
12.1 1.5537507567629423
12.1 1.5537507567629423
12.1 1.5537507567629423
12.1 1.5537507567629423
12.11 1.56279340679542
12.11 1.56279340679542
12.11 1.56279340679542
12.11 1.56279340679542
12.11 1.56279340679542
12.12 1.5717197683757216
12.12 1.5717197683757216
12.12 1.5717197683757216
12.12 1.5717197683757216
12.12 1.5717197683757216
12.12 1.5717197683757216
12.12 1.5717197683757216
12.13 1.5805318117901999
12.13 1.5805318117901999
12.13 1.5805318117901999
12.13 1.5805318117901999
12.14 1.5892314386698254
12.14 1.5892314386698254
12.15 1.5978204852330251
12.15 1.5978204852330251
12.16 1.606300725331973
12.16 1.606300725331973
12.16 1.606300725331973
12.16 1.606300725331973
12.16 1.606300725331973
12.16 1.606300725331973
12.16 1.606300725331973
12.16 1.606300725331973
12.16 1.606300725331973
12.16 1.606300725331973
12.16 1.606300725331973
12.16 1.606300725331973
12.16 1.606300725331973
12.16 1.606300725331973
12.16 1.606300725331973
12.16 1.606300725331973
12.16 1.606300725331973
12.16 1.606300725331973
12.17 1.6146738733167503
12.17 1.6146738733167503
12.17 1.6146738733167503
12.17 1.6146738733167503
12.17 1.6146738733167503
12.17 1.6146738733167503
12.18 1.6229415867305248
12.18 1.6229415867305248
12.18 1.6229415867305248
12.18 1.6229415867305248
12.18 1.6229415867305248
12.19 1.6311054688477542
12.21 1.6471278951648836
12.21 1.6471278951648836
12.21 1.6471278951648836
12.21 1.6471278951648836
12.21 1.6471278951648836
12.22 1.6549893954312513
12.22 1.6549893954312513
12.22 1.6549893954312513
12.22 1.6549893954312513
12.22 1.6549893954312513
12.22 1.6549893954312513
12.22 1.6549893954312513
12.22 1.6549893954312513
12.22 1.6549893954312513
12.22 1.6549893954312513
12.22 1.6549893954312513
12.22 1.6549893954312513
12.22 1.6549893954312513
12.22 1.6549893954312513
12.23 1.662752980676166
12.23 1.662752980676166
12.23 1.662752980676166
12.23 1.662752980676166
12.23 1.662752980676166
12.23 1.662752980676166
12.24 1.6704200161345735
12.24 1.6704200161345735
12.24 1.6704200161345735
12.24 1.6704200161345735
12.24 1.6704200161345735
12.24 1.6704200161345735
12.24 1.6704200161345735
12.24 1.6704200161345735
12.24 1.6704200161345735
12.24 1.6704200161345735
12.24 1.6704200161345735
12.24 1.6704200161345735
12.25 1.677991825265119
12.25 1.677991825265119
12.25 1.677991825265119
12.25 1.677991825265119
12.25 1.677991825265119
12.25 1.677991825265119
12.25 1.677991825265119
12.25 1.677991825265119
12.25 1.677991825265119
12.25 1.677991825265119
12.25 1.677991825265119
12.25 1.677991825265119
12.25 1.677991825265119
12.25 1.677991825265119
12.25 1.677991825265119
12.25 1.677991825265119
12.25 1.677991825265119
12.26 1.6854696914534186
12.26 1.6854696914534186
12.26 1.6854696914534186
12.26 1.6854696914534186
12.26 1.6854696914534186
12.27 1.6928548596254713
12.27 1.6928548596254713
12.29 1.701425427354513
12.29 1.701425427354513
12.3 1.7144660799776519
12.3 1.7144660799776519
12.3 1.7144660799776519
12.3 1.7144660799776519
12.3 1.7144660799776519
12.3 1.7144660799776519
12.31 1.7214921880552798
12.31 1.7214921880552798
12.31 1.7214921880552798
12.31 1.7214921880552798
12.31 1.7214921880552798
12.32 1.728431296718138
12.32 1.728431296718138
12.32 1.728431296718138
12.32 1.728431296718138
12.32 1.728431296718138
12.32 1.728431296718138
12.32 1.728431296718138
12.32 1.728431296718138
12.32 1.728431296718138
12.32 1.728431296718138
12.32 1.728431296718138
12.32 1.728431296718138
12.33 1.7352844496543276
12.33 1.7352844496543276
12.33 1.7352844496543276
12.33 1.7352844496543276
12.33 1.7352844496543276
12.33 1.7352844496543276
12.33 1.7352844496543276
12.33 1.7352844496543276
12.33 1.7352844496543276
12.33 1.7352844496543276
12.33 1.7352844496543276
12.33 1.7352844496543276
12.33 1.7352844496543276
12.33 1.7352844496543276
12.33 1.7352844496543276
12.33 1.7352844496543276
12.33 1.7352844496543276
12.33 1.7352844496543276
12.34 1.7420526613014513
12.34 1.7420526613014513
12.34 1.7420526613014513
12.34 1.7420526613014513
12.34 1.7420526613014513
12.34 1.7420526613014513
12.34 1.7420526613014513
12.34 1.7420526613014513
12.34 1.7420526613014513
12.34 1.7420526613014513
12.34 1.7420526613014513
12.35 1.7487369179155583
12.36 1.7610832295533747
12.36 1.7610832295533747
12.36 1.7610832295533747
12.37 1.7675812383999312
12.37 1.7675812383999312
12.37 1.7675812383999312
12.37 1.7675812383999312
12.37 1.7675812383999312
12.37 1.7675812383999312
12.37 1.7675812383999312
12.37 1.7675812383999312
12.37 1.7675812383999312
12.37 1.7675812383999312
12.37 1.7675812383999312
12.37 1.7675812383999312
12.38 1.7796833221876103
12.38 1.7796833221876103
12.38 1.7796833221876103
12.38 1.7796833221876103
12.38 1.7796833221876103
12.38 1.7796833221876103
12.38 1.7796833221876103
12.38 1.7796833221876103
12.38 1.7796833221876103
12.38 1.7796833221876103
12.38 1.7796833221876103
12.39 1.791647286716891
12.4 1.8034758807716982
12.4 1.8034758807716982
12.4 1.8034758807716982
12.4 1.8034758807716982
12.4 1.8034758807716982
12.4 1.8034758807716982
12.41 1.8151717507851655
12.41 1.8151717507851655
12.41 1.8151717507851655
12.41 1.8151717507851655
12.41 1.8151717507851655
12.41 1.8151717507851655
12.41 1.8151717507851655
12.41 1.8151717507851655
12.41 1.8151717507851655
12.41 1.8151717507851655
12.41 1.8151717507851655
12.41 1.8151717507851655
12.41 1.8151717507851655
12.41 1.8151717507851655
12.41 1.8151717507851655
12.41 1.8151717507851655
12.41 1.8151717507851655
12.41 1.8151717507851655
12.41 1.8151717507851655
12.41 1.8151717507851655
12.41 1.8151717507851655
12.41 1.8151717507851655
12.41 1.8151717507851655
12.41 1.8151717507851655
12.41 1.8151717507851655
12.41 1.8151717507851655
12.41 1.8151717507851655
12.41 1.8151717507851655
12.41 1.8151717507851655
12.41 1.8151717507851655
12.41 1.8151717507851655
12.41 1.8151717507851655
12.41 1.8151717507851655
12.42 1.8267374460960981
12.42 1.8267374460960981
12.42 1.8267374460960981
12.42 1.8267374460960981
12.42 1.8267374460960981
12.42 1.8267374460960981
12.42 1.8267374460960981
12.43 1.8381754238616317
12.44 1.8494880536532436
12.44 1.8494880536532436
12.44 1.8494880536532436
12.44 1.8494880536532436
12.45 1.8606776217607421
12.45 1.8606776217607421
12.46 1.8717463352266361
12.46 1.8717463352266361
12.46 1.8717463352266361
12.46 1.8717463352266361
12.46 1.8717463352266361
12.46 1.8717463352266361
12.46 1.8717463352266361
12.46 1.8717463352266361
12.46 1.8717463352266361
12.46 1.8717463352266361
12.46 1.8717463352266361
12.46 1.8717463352266361
12.46 1.8717463352266361
12.46 1.8717463352266361
12.46 1.8717463352266361
12.46 1.8717463352266361
12.46 1.8717463352266361
12.46 1.8717463352266361
12.46 1.8717463352266361
12.46 1.8717463352266361
12.46 1.8717463352266361
12.46 1.8717463352266361
12.46 1.8717463352266361
12.47 1.8826963256312625
12.47 1.8826963256312625
12.48 1.8935296526472845
12.48 1.8935296526472845
12.49 1.9042483073805312
12.49 1.9042483073805312
12.49 1.9042483073805312
12.5 1.9148542155126762
12.5 1.9148542155126762
12.5 1.9148542155126762
12.5 1.9148542155126762
12.5 1.9148542155126762
12.5 1.9148542155126762
12.5 1.9148542155126762
12.5 1.9148542155126762
12.51 1.9253492402599839
12.51 1.9253492402599839
12.52 1.9357351851611073
12.52 1.9357351851611073
12.52 1.9357351851611073
12.52 1.9357351851611073
12.53 1.946013796705896
12.53 1.946013796705896
12.53 1.946013796705896
12.53 1.946013796705896
12.53 1.946013796705896
12.53 1.946013796705896
12.54 1.9561867668161608
12.54 1.9561867668161608
12.54 1.9561867668161608
12.54 1.9561867668161608
12.54 1.9561867668161608
12.54 1.9561867668161608
12.54 1.9561867668161608
12.55 1.966255735188486
12.55 1.966255735188486
12.55 1.966255735188486
12.55 1.966255735188486
12.55 1.966255735188486
12.55 1.966255735188486
12.55 1.966255735188486
12.55 1.966255735188486
12.55 1.966255735188486
12.55 1.966255735188486
12.56 1.976222291508359
12.56 1.976222291508359
12.57 1.9860879775441607
12.57 1.9860879775441607
12.57 1.9860879775441607
12.57 1.9860879775441607
12.57 1.9860879775441607
12.57 1.9860879775441607
12.57 1.9860879775441607
12.57 1.9860879775441607
12.57 1.9860879775441607
12.57 1.9860879775441607
12.57 1.9860879775441607
12.57 1.9860879775441607
12.58 1.9958542891289293
12.58 1.9958542891289293
12.58 1.9958542891289293
12.58 1.9958542891289293
12.58 1.9958542891289293
12.58 1.9958542891289293
12.58 1.9958542891289293
12.58 1.9958542891289293
12.58 1.9958542891289293
12.58 1.9958542891289293
12.59 2.0055226780371274
12.59 2.0055226780371274
12.59 2.0055226780371274
12.6 2.0150945537631872
12.6 2.0150945537631872
12.6 2.0150945537631872
12.6 2.0150945537631872
12.6 2.0150945537631872
12.61 2.024571285208028
12.62 2.033954202279318
12.62 2.033954202279318
12.62 2.033954202279318
12.62 2.033954202279318
12.62 2.033954202279318
12.62 2.033954202279318
12.62 2.033954202279318
12.62 2.033954202279318
12.62 2.033954202279318
12.62 2.033954202279318
12.62 2.033954202279318
12.63 2.0432445974108147
12.63 2.0432445974108147
12.63 2.0432445974108147
12.63 2.0432445974108147
12.63 2.0432445974108147
12.63 2.0432445974108147
12.63 2.0432445974108147
12.63 2.0432445974108147
12.64 2.05244372700575
12.64 2.05244372700575
12.64 2.05244372700575
12.64 2.05244372700575
12.64 2.05244372700575
12.64 2.05244372700575
12.65 2.06155281280883
12.65 2.06155281280883
12.65 2.06155281280883
12.65 2.06155281280883
12.65 2.06155281280883
12.65 2.06155281280883
12.65 2.06155281280883
12.65 2.06155281280883
12.66 2.0656889182717477
12.66 2.0656889182717477
12.66 2.0656889182717477
12.66 2.0656889182717477
12.66 2.0656889182717477
12.66 2.0656889182717477
12.66 2.0656889182717477
12.66 2.0656889182717477
12.67 2.0746424786312976
12.67 2.0746424786312976
12.67 2.0746424786312976
12.67 2.0746424786312976
12.67 2.0746424786312976
12.67 2.0746424786312976
12.67 2.0746424786312976
12.68 2.0835090834959415
12.68 2.0835090834959415
12.68 2.0835090834959415
12.68 2.0835090834959415
12.68 2.0835090834959415
12.68 2.0835090834959415
12.68 2.0835090834959415
12.68 2.0835090834959415
12.69 2.0922898383533703
12.69 2.0922898383533703
12.69 2.0922898383533703
12.69 2.0922898383533703
12.69 2.0922898383533703
12.69 2.0922898383533703
12.7 2.1009858195955093
12.7 2.1009858195955093
12.71 2.109598075559429
12.71 2.109598075559429
12.72 2.1181276275202685
12.72 2.1181276275202685
12.72 2.1181276275202685
12.72 2.1181276275202685
12.72 2.1181276275202685
12.72 2.1181276275202685
12.72 2.1181276275202685
12.72 2.1181276275202685
12.72 2.1181276275202685
12.72 2.1181276275202685
12.72 2.1181276275202685
12.72 2.1181276275202685
12.72 2.1181276275202685
12.72 2.1181276275202685
12.73 2.1265754706389406
12.73 2.1265754706389406
12.73 2.1265754706389406
12.73 2.1265754706389406
12.73 2.1265754706389406
12.73 2.1265754706389406
12.73 2.1265754706389406
12.73 2.1265754706389406
12.73 2.1265754706389406
12.73 2.1265754706389406
12.74 2.134942574867015
12.74 2.134942574867015
12.75 2.1432298858112127
12.75 2.1432298858112127
12.76 2.15143832555964
12.76 2.15143832555964
12.76 2.15143832555964
12.78 2.1676221669345113
12.78 2.1676221669345113
12.78 2.1676221669345113
12.78 2.1676221669345113
12.78 2.1676221669345113
12.78 2.1676221669345113
12.78 2.1676221669345113
12.78 2.1676221669345113
12.78 2.1676221669345113
12.78 2.1676221669345113
12.78 2.1676221669345113
12.78 2.1676221669345113
12.78 2.1676221669345113
12.78 2.1676221669345113
12.78 2.1676221669345113
12.78 2.1676221669345113
12.78 2.1676221669345113
12.78 2.1676221669345113
12.78 2.1676221669345113
12.78 2.1676221669345113
12.78 2.1676221669345113
12.79 2.175599302084903
12.79 2.175599302084903
12.8 2.1835010345032515
12.8 2.1835010345032515
12.8 2.1835010345032515
12.81 2.191328179876121
12.81 2.191328179876121
12.81 2.191328179876121
12.81 2.191328179876121
12.81 2.191328179876121
12.81 2.191328179876121
12.81 2.191328179876121
12.81 2.191328179876121
12.82 2.1990815346320387
12.82 2.1990815346320387
12.82 2.1990815346320387
12.82 2.1990815346320387
12.82 2.1990815346320387
12.82 2.1990815346320387
12.82 2.1990815346320387
12.82 2.1990815346320387
12.82 2.1990815346320387
12.82 2.1990815346320387
12.82 2.1990815346320387
12.82 2.1990815346320387
12.82 2.1990815346320387
12.82 2.1990815346320387
12.83 2.206761876550793
12.83 2.206761876550793
12.83 2.206761876550793
12.83 2.206761876550793
12.83 2.206761876550793
12.83 2.206761876550793
12.83 2.206761876550793
12.83 2.206761876550793
12.83 2.206761876550793
12.83 2.206761876550793
12.83 2.206761876550793
12.83 2.206761876550793
12.83 2.206761876550793
12.83 2.206761876550793
12.83 2.206761876550793
12.83 2.206761876550793
12.83 2.206761876550793
12.83 2.206761876550793
12.83 2.206761876550793
12.83 2.206761876550793
12.83 2.206761876550793
12.83 2.206761876550793
12.83 2.206761876550793
12.83 2.206761876550793
12.83 2.206761876550793
12.84 2.214369965347784
12.84 2.214369965347784
12.84 2.214369965347784
12.86 2.233898616836278
12.86 2.233898616836278
12.86 2.233898616836278
12.86 2.233898616836278
12.86 2.233898616836278
12.86 2.233898616836278
12.86 2.233898616836278
12.86 2.233898616836278
12.86 2.233898616836278
12.86 2.233898616836278
12.86 2.233898616836278
12.86 2.233898616836278
12.86 2.233898616836278
12.86 2.233898616836278
12.86 2.233898616836278
12.86 2.233898616836278
12.86 2.233898616836278
12.87 2.241279396535232
12.87 2.241279396535232
12.87 2.241279396535232
12.87 2.241279396535232
12.87 2.241279396535232
12.87 2.241279396535232
12.87 2.241279396535232
12.88 2.253078701768678
12.88 2.253078701768678
12.88 2.253078701768678
12.88 2.253078701768678
12.88 2.253078701768678
12.88 2.253078701768678
12.88 2.253078701768678
12.88 2.253078701768678
12.88 2.253078701768678
12.88 2.253078701768678
12.88 2.253078701768678
12.89 2.2603074788598767
12.89 2.2603074788598767
12.89 2.2603074788598767
12.89 2.2603074788598767
12.89 2.2603074788598767
12.89 2.2603074788598767
12.89 2.2603074788598767
12.89 2.2603074788598767
12.89 2.2603074788598767
12.89 2.2603074788598767
12.89 2.2603074788598767
12.89 2.2603074788598767
12.89 2.2603074788598767
12.89 2.2603074788598767
12.89 2.2603074788598767
12.89 2.2603074788598767
12.89 2.2603074788598767
12.89 2.2603074788598767
12.89 2.2603074788598767
12.89 2.2603074788598767
12.89 2.2603074788598767
12.89 2.2603074788598767
12.89 2.2603074788598767
12.89 2.2603074788598767
12.89 2.2603074788598767
12.89 2.2603074788598767
12.89 2.2603074788598767
12.89 2.2603074788598767
12.89 2.2603074788598767
12.89 2.2603074788598767
12.89 2.2603074788598767
12.89 2.2603074788598767
12.89 2.2603074788598767
12.89 2.2603074788598767
12.89 2.2603074788598767
12.89 2.2603074788598767
12.89 2.2603074788598767
12.89 2.2603074788598767
12.89 2.2603074788598767
12.89 2.2603074788598767
12.89 2.2603074788598767
12.89 2.2603074788598767
12.89 2.2603074788598767
12.89 2.2603074788598767
12.89 2.2603074788598767
12.89 2.2603074788598767
12.89 2.2603074788598767
12.89 2.2603074788598767
12.89 2.2603074788598767
12.89 2.2603074788598767
12.89 2.2603074788598767
12.89 2.2603074788598767
12.89 2.2603074788598767
12.89 2.2603074788598767
12.89 2.2603074788598767
12.89 2.2603074788598767
12.89 2.2603074788598767
12.89 2.2603074788598767
12.89 2.2603074788598767
12.89 2.2603074788598767
12.89 2.2603074788598767
12.89 2.2603074788598767
12.89 2.2603074788598767
12.89 2.2603074788598767
12.89 2.2603074788598767
12.89 2.2603074788598767
12.89 2.2603074788598767
12.89 2.2603074788598767
12.89 2.2603074788598767
12.89 2.2603074788598767
12.89 2.2603074788598767
12.89 2.2603074788598767
12.89 2.2603074788598767
12.89 2.2603074788598767
12.89 2.2603074788598767
12.89 2.2603074788598767
12.9 2.2719190482092824
12.9 2.2719190482092824
12.9 2.2719190482092824
12.9 2.2719190482092824
12.9 2.2719190482092824
12.9 2.2719190482092824
12.9 2.2719190482092824
12.9 2.2719190482092824
12.9 2.2719190482092824
12.9 2.2719190482092824
12.9 2.2719190482092824
12.9 2.2719190482092824
12.9 2.2719190482092824
12.9 2.2719190482092824
12.9 2.2719190482092824
12.9 2.2719190482092824
12.9 2.2719190482092824
12.9 2.2719190482092824
12.9 2.2719190482092824
12.9 2.2719190482092824
12.9 2.2719190482092824
12.9 2.2719190482092824
12.9 2.2719190482092824
12.9 2.2719190482092824
12.9 2.2719190482092824
12.9 2.2719190482092824
12.9 2.2719190482092824
12.9 2.2719190482092824
12.9 2.2719190482092824
12.9 2.2719190482092824
12.91 2.283427337149227
12.91 2.283427337149227
12.91 2.283427337149227
12.91 2.283427337149227
12.91 2.283427337149227
12.92 2.294833899493082
12.92 2.294833899493082
12.92 2.294833899493082
12.92 2.294833899493082
12.92 2.294833899493082
12.92 2.294833899493082
12.92 2.294833899493082
12.92 2.294833899493082
12.92 2.294833899493082
12.93 2.3061402447125423
12.93 2.3061402447125423
12.93 2.3061402447125423
12.93 2.3061402447125423
12.93 2.3061402447125423
12.94 2.3173478396867857
12.94 2.3173478396867857
12.94 2.3173478396867857
12.94 2.3173478396867857
12.94 2.3173478396867857
12.94 2.3173478396867857
12.95 2.3284581103634165
12.95 2.3284581103634165
12.96 2.335150807320439
12.96 2.335150807320439
12.96 2.335150807320439
12.96 2.335150807320439
12.96 2.335150807320439
12.97 2.346090666223583
12.97 2.346090666223583
12.97 2.346090666223583
12.97 2.346090666223583
12.97 2.346090666223583
12.97 2.346090666223583
12.97 2.346090666223583
12.98 2.3569368924838696
12.98 2.3569368924838696
12.98 2.3569368924838696
12.98 2.3569368924838696
12.98 2.3569368924838696
12.98 2.3569368924838696
12.98 2.3569368924838696
12.99 2.3676907728754606
12.99 2.3676907728754606
12.99 2.3676907728754606
12.99 2.3676907728754606
12.99 2.3676907728754606
12.99 2.3676907728754606
12.99 2.3676907728754606
12.99 2.3676907728754606
12.99 2.3676907728754606
12.99 2.3676907728754606
12.99 2.3676907728754606
12.99 2.3676907728754606
12.99 2.3676907728754606
12.99 2.3676907728754606
12.99 2.3676907728754606
12.99 2.3676907728754606
13.01 2.3889264737470888
13.01 2.3889264737470888
13.02 2.399410702062431
13.03 2.409807402505793
13.04 2.420117703123074
13.04 2.420117703123074
13.04 2.420117703123074
13.04 2.420117703123074
13.04 2.420117703123074
13.04 2.420117703123074
13.04 2.420117703123074
13.04 2.420117703123074
13.04 2.420117703123074
13.04 2.420117703123074
13.04 2.420117703123074
13.05 2.430342703522624
13.06 2.440483475862846
13.06 2.440483475862846
13.06 2.440483475862846
13.06 2.440483475862846
13.06 2.440483475862846
13.07 2.4505410657957785
13.07 2.4505410657957785
13.07 2.4505410657957785
13.07 2.4505410657957785
13.07 2.4505410657957785
13.07 2.4505410657957785
13.08 2.460516493369109
13.08 2.460516493369109
13.08 2.460516493369109
13.08 2.460516493369109
13.08 2.460516493369109
13.08 2.460516493369109
13.08 2.460516493369109
13.08 2.460516493369109
13.08 2.460516493369109
13.08 2.460516493369109
13.09 2.470410753888773
13.09 2.470410753888773
13.09 2.470410753888773
13.09 2.470410753888773
13.1 2.480224818744292
13.1 2.480224818744292
13.11 2.489959636198744
13.11 2.489959636198744
13.12 2.499616132145256
13.12 2.499616132145256
13.12 2.499616132145256
13.12 2.499616132145256
13.12 2.499616132145256
13.12 2.499616132145256
13.12 2.499616132145256
13.12 2.499616132145256
13.13 2.509195210831674
13.13 2.509195210831674
13.13 2.509195210831674
13.13 2.509195210831674
13.13 2.509195210831674
13.13 2.509195210831674
13.13 2.509195210831674
13.13 2.509195210831674
13.13 2.509195210831674
13.13 2.509195210831674
13.13 2.509195210831674
13.13 2.509195210831674
13.13 2.509195210831674
13.13 2.509195210831674
13.13 2.509195210831674
13.14 2.5186977555551184
13.14 2.5186977555551184
13.14 2.5186977555551184
13.14 2.5186977555551184
13.15 2.528124629327862
13.15 2.528124629327862
13.15 2.528124629327862
13.16 2.5374766755160296
13.17 2.546754718452406
13.18 2.536122866092886
13.18 2.536122866092886
13.18 2.536122866092886
13.18 2.536122866092886
13.18 2.536122866092886
13.18 2.536122866092886
13.18 2.536122866092886
13.18 2.536122866092886
13.18 2.536122866092886
13.18 2.536122866092886
13.19 2.5453264758546936
13.2 2.5544573837221347
13.21 2.5635163665590586
13.21 2.5635163665590586
13.22 2.572504184209966
13.22 2.572504184209966
13.22 2.572504184209966
13.22 2.572504184209966
13.22 2.572504184209966
13.23 2.5814215800092337
13.23 2.5814215800092337
13.23 2.5814215800092337
13.23 2.5814215800092337
13.23 2.5814215800092337
13.23 2.5814215800092337
13.24 2.590269281270762
13.24 2.590269281270762
13.24 2.590269281270762
13.24 2.590269281270762
13.24 2.590269281270762
13.24 2.590269281270762
13.25 2.599047999758855
13.25 2.599047999758855
13.25 2.599047999758855
13.26 2.6077584321412997
13.26 2.6077584321412997
13.26 2.6077584321412997
13.26 2.6077584321412997
13.26 2.6077584321412997
13.26 2.6077584321412997
13.26 2.6077584321412997
13.27 2.6164012604253877
13.27 2.6164012604253877
13.27 2.6164012604253877
13.27 2.6164012604253877
13.28 2.6249771523777214
13.28 2.6249771523777214
13.28 2.6249771523777214
13.28 2.6249771523777214
13.28 2.6249771523777214
13.28 2.6249771523777214
13.28 2.6249771523777214
13.28 2.6249771523777214
13.28 2.6249771523777214
13.28 2.6249771523777214
13.28 2.6249771523777214
13.28 2.6249771523777214
13.29 2.6334867619284767
13.3 2.64193072956086
13.3 2.64193072956086
13.3 2.64193072956086
13.3 2.64193072956086
13.3 2.64193072956086
13.3 2.64193072956086
13.3 2.64193072956086
13.3 2.64193072956086
13.3 2.64193072956086
13.3 2.64193072956086
13.3 2.64193072956086
13.3 2.64193072956086
13.3 2.64193072956086
13.3 2.64193072956086
13.3 2.64193072956086
13.3 2.64193072956086
13.3 2.64193072956086
13.3 2.64193072956086
13.3 2.64193072956086
13.3 2.64193072956086
13.3 2.64193072956086
13.31 2.650309682686424
13.31 2.650309682686424
13.31 2.650309682686424
13.31 2.650309682686424
13.31 2.650309682686424
13.31 2.650309682686424
13.31 2.650309682686424
13.31 2.650309682686424
13.31 2.650309682686424
13.31 2.650309682686424
13.31 2.650309682686424
13.31 2.650309682686424
13.31 2.650309682686424
13.31 2.650309682686424
13.31 2.650309682686424
13.31 2.650309682686424
13.31 2.650309682686424
13.31 2.650309682686424
13.32 2.6586242360068155
13.32 2.6586242360068155
13.32 2.6586242360068155
13.32 2.6586242360068155
13.32 2.6586242360068155
13.32 2.6586242360068155
13.32 2.6586242360068155
13.32 2.6586242360068155
13.32 2.6586242360068155
13.32 2.6586242360068155
13.32 2.6586242360068155
13.32 2.6586242360068155
13.32 2.6586242360068155
13.32 2.6586242360068155
13.32 2.6586242360068155
13.32 2.6586242360068155
13.33 2.6668749918626147
13.33 2.6668749918626147
13.33 2.6668749918626147
13.33 2.6668749918626147
13.33 2.6668749918626147
13.33 2.6668749918626147
13.33 2.6668749918626147
13.33 2.6668749918626147
13.33 2.6668749918626147
13.33 2.6668749918626147
13.33 2.6668749918626147
13.33 2.6668749918626147
13.33 2.6668749918626147
13.33 2.6668749918626147
13.33 2.6668749918626147
13.33 2.6668749918626147
13.33 2.6668749918626147
13.34 2.6750625405697708
13.34 2.6750625405697708
13.34 2.6750625405697708
13.34 2.6750625405697708
13.34 2.6750625405697708
13.34 2.6750625405697708
13.34 2.6750625405697708
13.34 2.6750625405697708
13.34 2.6750625405697708
13.34 2.6750625405697708
13.34 2.6750625405697708
13.35 2.6831874607442074
13.35 2.6831874607442074
13.35 2.6831874607442074
13.35 2.6831874607442074
13.35 2.6831874607442074
13.35 2.6831874607442074
13.36 2.691250319615083
13.36 2.691250319615083
13.36 2.691250319615083
13.36 2.691250319615083
13.36 2.691250319615083
13.36 2.691250319615083
13.36 2.691250319615083
13.36 2.691250319615083
13.36 2.691250319615083
13.36 2.691250319615083
13.36 2.691250319615083
13.36 2.691250319615083
13.36 2.691250319615083
13.36 2.691250319615083
13.36 2.691250319615083
13.36 2.691250319615083
13.36 2.691250319615083
13.36 2.691250319615083
13.36 2.691250319615083
13.36 2.691250319615083
13.36 2.691250319615083
13.36 2.691250319615083
13.36 2.691250319615083
13.36 2.691250319615083
13.36 2.691250319615083
13.37 2.699251673327183
13.37 2.699251673327183
13.37 2.699251673327183
13.37 2.699251673327183
13.37 2.699251673327183
13.38 2.7071920672329273
13.38 2.7071920672329273
13.38 2.7071920672329273
13.38 2.7071920672329273
13.38 2.7071920672329273
13.38 2.7071920672329273
13.38 2.7071920672329273
13.38 2.7071920672329273
13.38 2.7071920672329273
13.38 2.7071920672329273
13.38 2.7071920672329273
13.38 2.7071920672329273
13.38 2.7071920672329273
13.38 2.7071920672329273
13.38 2.7071920672329273
13.38 2.7071920672329273
13.38 2.7071920672329273
13.38 2.7071920672329273
13.38 2.7071920672329273
13.39 2.715072036174392
13.39 2.715072036174392
13.39 2.715072036174392
13.39 2.715072036174392
13.39 2.715072036174392
13.39 2.715072036174392
13.39 2.715072036174392
13.39 2.715072036174392
13.39 2.715072036174392
13.39 2.715072036174392
13.39 2.715072036174392
13.39 2.715072036174392
13.39 2.715072036174392
13.39 2.715072036174392
13.39 2.715072036174392
13.39 2.715072036174392
13.39 2.715072036174392
13.39 2.715072036174392
13.39 2.715072036174392
13.39 2.715072036174392
13.4 2.722892104755788
13.4 2.722892104755788
13.4 2.722892104755788
13.4 2.722892104755788
13.4 2.722892104755788
13.4 2.722892104755788
13.4 2.722892104755788
13.4 2.722892104755788
13.4 2.722892104755788
13.4 2.722892104755788
13.4 2.722892104755788
13.4 2.722892104755788
13.4 2.722892104755788
13.4 2.722892104755788
13.4 2.722892104755788
13.4 2.722892104755788
13.4 2.722892104755788
13.4 2.722892104755788
13.4 2.722892104755788
13.4 2.722892104755788
13.4 2.722892104755788
13.4 2.722892104755788
13.4 2.722892104755788
13.4 2.722892104755788
13.4 2.722892104755788
13.4 2.722892104755788
13.4 2.722892104755788
13.4 2.722892104755788
13.4 2.722892104755788
13.4 2.722892104755788
13.4 2.722892104755788
13.4 2.722892104755788
13.4 2.722892104755788
13.4 2.722892104755788
13.4 2.722892104755788
13.4 2.722892104755788
13.4 2.722892104755788
13.4 2.722892104755788
13.4 2.722892104755788
13.4 2.722892104755788
13.4 2.722892104755788
13.4 2.722892104755788
13.4 2.722892104755788
13.4 2.722892104755788
13.4 2.722892104755788
13.4 2.722892104755788
13.4 2.722892104755788
13.4 2.722892104755788
13.4 2.722892104755788
13.4 2.722892104755788
13.4 2.722892104755788
13.4 2.722892104755788
13.4 2.722892104755788
13.4 2.722892104755788
13.4 2.722892104755788
13.4 2.722892104755788
13.4 2.722892104755788
13.4 2.722892104755788
13.4 2.722892104755788
13.4 2.722892104755788
13.4 2.722892104755788
13.4 2.722892104755788
13.4 2.722892104755788
13.41 2.73434940464211
13.41 2.73434940464211
13.41 2.73434940464211
13.41 2.73434940464211
13.41 2.73434940464211
13.41 2.73434940464211
13.41 2.73434940464211
13.41 2.73434940464211
13.41 2.73434940464211
13.41 2.73434940464211
13.41 2.73434940464211
13.41 2.73434940464211
13.41 2.73434940464211
13.41 2.73434940464211
13.41 2.73434940464211
13.41 2.73434940464211
13.41 2.73434940464211
13.41 2.73434940464211
13.41 2.73434940464211
13.41 2.73434940464211
13.41 2.73434940464211
13.41 2.73434940464211
13.41 2.73434940464211
13.41 2.73434940464211
13.41 2.73434940464211
13.42 2.7457221088431187
13.42 2.7457221088431187
13.42 2.7457221088431187
13.42 2.7457221088431187
13.42 2.7457221088431187
13.42 2.7457221088431187
13.42 2.7457221088431187
13.42 2.7457221088431187
13.42 2.7457221088431187
13.42 2.7457221088431187
13.42 2.7457221088431187
13.42 2.7457221088431187
13.42 2.7457221088431187
13.42 2.7457221088431187
13.42 2.7457221088431187
13.42 2.7457221088431187
13.42 2.7457221088431187
13.42 2.7457221088431187
13.42 2.7457221088431187
13.42 2.7457221088431187
13.42 2.7457221088431187
13.42 2.7457221088431187
13.42 2.7457221088431187
13.42 2.7457221088431187
13.42 2.7457221088431187
13.42 2.7457221088431187
13.42 2.7457221088431187
13.42 2.7457221088431187
13.42 2.7457221088431187
13.42 2.7457221088431187
13.42 2.7457221088431187
13.42 2.7457221088431187
13.42 2.7457221088431187
13.42 2.7457221088431187
13.42 2.7457221088431187
13.42 2.7457221088431187
13.42 2.7457221088431187
13.42 2.7457221088431187
13.42 2.7457221088431187
13.42 2.7457221088431187
13.42 2.7457221088431187
13.42 2.7457221088431187
13.42 2.7457221088431187
13.42 2.7457221088431187
13.42 2.7457221088431187
13.42 2.7457221088431187
13.42 2.7457221088431187
13.42 2.7457221088431187
13.42 2.7457221088431187
13.42 2.7457221088431187
13.42 2.7457221088431187
13.42 2.7457221088431187
13.42 2.7457221088431187
13.42 2.7457221088431187
13.42 2.7457221088431187
13.42 2.7457221088431187
13.42 2.7457221088431187
13.42 2.7457221088431187
13.42 2.7457221088431187
13.42 2.7457221088431187
13.42 2.7457221088431187
13.43 2.7533450729810625
13.43 2.7533450729810625
13.43 2.7533450729810625
13.43 2.7533450729810625
13.43 2.7533450729810625
13.43 2.7533450729810625
13.43 2.7533450729810625
13.43 2.7533450729810625
13.43 2.7533450729810625
13.43 2.7533450729810625
13.43 2.7533450729810625
13.43 2.7533450729810625
13.43 2.7533450729810625
13.43 2.7533450729810625
13.43 2.7533450729810625
13.43 2.7533450729810625
13.43 2.7533450729810625
13.43 2.7533450729810625
13.43 2.7533450729810625
13.43 2.7533450729810625
13.43 2.7533450729810625
13.43 2.7533450729810625
13.43 2.7533450729810625
13.43 2.7533450729810625
13.43 2.7533450729810625
13.43 2.7533450729810625
13.43 2.7533450729810625
13.43 2.7533450729810625
13.43 2.7533450729810625
13.43 2.7533450729810625
13.43 2.7533450729810625
13.43 2.7533450729810625
13.43 2.7533450729810625
13.43 2.7533450729810625
13.43 2.7533450729810625
13.43 2.7533450729810625
13.43 2.7533450729810625
13.43 2.7533450729810625
13.43 2.7533450729810625
13.43 2.7533450729810625
13.43 2.7533450729810625
13.43 2.7533450729810625
13.43 2.7533450729810625
13.43 2.7533450729810625
13.43 2.7533450729810625
13.44 2.764566563284069
13.44 2.764566563284069
13.44 2.764566563284069
13.44 2.764566563284069
13.44 2.764566563284069
13.44 2.764566563284069
13.44 2.764566563284069
13.44 2.764566563284069
13.44 2.764566563284069
13.44 2.764566563284069
13.44 2.764566563284069
13.45 2.775706298322187
13.45 2.775706298322187
13.45 2.775706298322187
13.45 2.775706298322187
13.45 2.775706298322187
13.45 2.775706298322187
13.45 2.775706298322187
13.45 2.775706298322187
13.45 2.775706298322187
13.45 2.775706298322187
13.45 2.775706298322187
13.45 2.775706298322187
13.45 2.775706298322187
13.45 2.775706298322187
13.45 2.775706298322187
13.45 2.775706298322187
13.45 2.775706298322187
13.45 2.775706298322187
13.45 2.775706298322187
13.45 2.775706298322187
13.45 2.775706298322187
13.45 2.775706298322187
13.45 2.775706298322187
13.45 2.775706298322187
13.46 2.7867652585139995
13.46 2.7867652585139995
13.46 2.7867652585139995
13.46 2.7867652585139995
13.46 2.7867652585139995
13.46 2.7867652585139995
13.46 2.7867652585139995
13.47 2.7977444017232402
13.47 2.7977444017232402
13.48 2.8086446639767106
13.48 2.8086446639767106
13.48 2.8086446639767106
13.48 2.8086446639767106
13.48 2.8086446639767106
13.48 2.8086446639767106
13.48 2.8086446639767106
13.48 2.8086446639767106
13.48 2.8086446639767106
13.48 2.8086446639767106
13.48 2.8086446639767106
13.48 2.8086446639767106
13.48 2.8086446639767106
13.49 2.8194669601529205
13.49 2.8194669601529205
13.49 2.8194669601529205
13.49 2.8194669601529205
13.49 2.8194669601529205
13.49 2.8194669601529205
13.5 2.830212184642878
13.5 2.830212184642878
13.5 2.830212184642878
13.5 2.830212184642878
13.5 2.830212184642878
13.5 2.830212184642878
13.5 2.830212184642878
13.5 2.830212184642878
13.5 2.830212184642878
13.5 2.830212184642878
13.5 2.830212184642878
13.51 2.8408812119844207
13.51 2.8408812119844207
13.51 2.8408812119844207
13.51 2.8408812119844207
13.51 2.8408812119844207
13.51 2.8408812119844207
13.51 2.8408812119844207
13.52 2.8514748974713227
13.52 2.8514748974713227
13.53 2.8619940777384754
13.53 2.8619940777384754
13.53 2.8619940777384754
13.53 2.8619940777384754
13.53 2.8619940777384754
13.53 2.8619940777384754
13.53 2.8619940777384754
13.54 2.8724395713241893
13.54 2.8724395713241893
13.54 2.8724395713241893
13.54 2.8724395713241893
13.54 2.8724395713241893
13.54 2.8724395713241893
13.54 2.8724395713241893
13.54 2.8724395713241893
13.54 2.8724395713241893
13.54 2.8724395713241893
13.54 2.8724395713241893
13.54 2.8724395713241893
13.55 2.8828121792107884
13.55 2.8828121792107884
13.56 2.893112685344456
13.56 2.893112685344456
13.57 2.9033418571353162
13.57 2.9033418571353162
13.57 2.9033418571353162
13.58 2.9135004459386744
13.58 2.9135004459386744
13.58 2.9135004459386744
13.58 2.9135004459386744
13.58 2.9135004459386744
13.58 2.9135004459386744
13.58 2.9135004459386744
13.58 2.9135004459386744
13.58 2.9135004459386744
13.58 2.9135004459386744
13.58 2.9135004459386744
13.58 2.9135004459386744
13.58 2.9135004459386744
13.58 2.9135004459386744
13.58 2.9135004459386744
13.59 2.9235891875182696
13.59 2.9235891875182696
13.6 2.9336088024923503
13.6 2.9336088024923503
13.6 2.9336088024923503
13.6 2.9336088024923503
13.6 2.9336088024923503
13.6 2.9336088024923503
13.6 2.9336088024923503
13.6 2.9336088024923503
13.6 2.9336088024923503
13.6 2.9336088024923503
13.6 2.9336088024923503
13.6 2.9336088024923503
13.6 2.9336088024923503
13.6 2.9336088024923503
13.6 2.9336088024923503
13.6 2.9336088024923503
13.6 2.9336088024923503
13.6 2.9336088024923503
13.6 2.9336088024923503
13.6 2.9336088024923503
13.6 2.9336088024923503
13.6 2.9336088024923503
13.6 2.9336088024923503
13.6 2.9336088024923503
13.6 2.9336088024923503
13.6 2.9336088024923503
13.6 2.9336088024923503
13.6 2.9336088024923503
13.6 2.9336088024923503
13.6 2.9336088024923503
13.6 2.9336088024923503
13.6 2.9336088024923503
13.61 2.94355999676335
13.61 2.94355999676335
13.61 2.94355999676335
13.61 2.94355999676335
13.61 2.94355999676335
13.62 2.9534434619318986
13.62 2.9534434619318986
13.62 2.9534434619318986
13.62 2.9534434619318986
13.62 2.9534434619318986
13.62 2.9534434619318986
13.63 2.963259875695869
13.63 2.963259875695869
13.64 2.9730099022350864
13.64 2.9730099022350864
13.64 2.9730099022350864
13.64 2.9730099022350864
13.65 2.9826941925823784
13.65 2.9826941925823784
13.65 2.9826941925823784
13.66 2.9923133849814927
13.66 2.9923133849814927
13.66 2.9923133849814927
13.67 3.001868105232493
13.67 3.001868105232493
13.67 3.001868105232493
13.67 3.001868105232493
13.68 3.0113589670251577
13.68 3.0113589670251577
13.68 3.0113589670251577
13.68 3.0113589670251577
13.68 3.0113589670251577
13.68 3.0113589670251577
13.68 3.0113589670251577
13.68 3.0113589670251577
13.69 3.0207865722608584
13.69 3.0207865722608584
13.69 3.0207865722608584
13.7 3.030151511363445
13.7 3.030151511363445
13.7 3.030151511363445
13.7 3.030151511363445
13.7 3.030151511363445
13.7 3.030151511363445
13.71 3.0394543635795612
13.71 3.0394543635795612
13.71 3.0394543635795612
13.72 3.048695697268827
13.72 3.048695697268827
13.72 3.048695697268827
13.72 3.048695697268827
13.72 3.048695697268827
13.72 3.048695697268827
13.72 3.048695697268827
13.72 3.048695697268827
13.72 3.048695697268827
13.72 3.048695697268827
13.72 3.048695697268827
13.72 3.048695697268827
13.72 3.048695697268827
13.72 3.048695697268827
13.73 3.0578760701843475
13.73 3.0578760701843475
13.73 3.0578760701843475
13.74 3.06699602974387
13.74 3.06699602974387
13.74 3.06699602974387
13.75 3.0760561132920206
13.75 3.0760561132920206
13.75 3.0760561132920206
13.75 3.0760561132920206
13.75 3.0760561132920206
13.75 3.0760561132920206
13.76 3.0850568483539758
13.77 3.0939987528808546
13.77 3.0939987528808546
13.77 3.0939987528808546
13.77 3.0939987528808546
13.77 3.0939987528808546
13.77 3.0939987528808546
13.77 3.0939987528808546
13.78 3.1028823354872457
13.79 3.1117080956810956
13.79 3.1117080956810956
13.79 3.1117080956810956
13.79 3.1117080956810956
13.79 3.1117080956810956
13.79 3.1117080956810956
13.79 3.1117080956810956
13.79 3.1117080956810956
13.79 3.1117080956810956
13.79 3.1117080956810956
13.79 3.1117080956810956
13.79 3.1117080956810956
13.79 3.1117080956810956
13.8 3.120476524086306
13.8 3.120476524086306
13.8 3.120476524086306
13.8 3.120476524086306
13.81 3.1291881026582917
13.81 3.1291881026582917
13.81 3.1291881026582917
13.81 3.1291881026582917
13.81 3.1291881026582917
13.81 3.1291881026582917
13.81 3.1291881026582917
13.81 3.1291881026582917
13.81 3.1291881026582917
13.81 3.1291881026582917
13.82 3.1378433048928054
13.82 3.1378433048928054
13.83 3.1464425960282534
13.83 3.1464425960282534
13.83 3.1464425960282534
13.83 3.1464425960282534
13.83 3.1464425960282534
13.83 3.1464425960282534
13.83 3.1464425960282534
13.83 3.1464425960282534
13.83 3.1464425960282534
13.83 3.1464425960282534
13.83 3.1464425960282534
13.84 3.1549864332417323
13.84 3.1549864332417323
13.84 3.1549864332417323
13.84 3.1549864332417323
13.84 3.1549864332417323
13.84 3.1549864332417323
13.84 3.1549864332417323
13.84 3.1549864332417323
13.84 3.1549864332417323
13.84 3.1549864332417323
13.84 3.1549864332417323
13.84 3.1549864332417323
13.85 3.1634752658390983
13.85 3.1634752658390983
13.85 3.1634752658390983
13.86 3.1719095354391973
13.86 3.1719095354391973
13.86 3.1719095354391973
13.86 3.1719095354391973
13.86 3.1719095354391973
13.86 3.1719095354391973
13.86 3.1719095354391973
13.86 3.1719095354391973
13.86 3.1719095354391973
13.87 3.1802896761525408
13.87 3.1802896761525408
13.87 3.1802896761525408
13.88 3.1886161147546024
13.88 3.1886161147546024
13.88 3.1886161147546024
13.88 3.1886161147546024
13.88 3.1886161147546024
13.88 3.1886161147546024
13.88 3.1886161147546024
13.88 3.1886161147546024
13.88 3.1886161147546024
13.88 3.1886161147546024
13.88 3.1886161147546024
13.88 3.1886161147546024
13.88 3.1886161147546024
13.88 3.1886161147546024
13.89 3.1968892708539354
13.89 3.1968892708539354
13.89 3.1968892708539354
13.89 3.1968892708539354
13.89 3.1968892708539354
13.89 3.1968892708539354
13.89 3.1968892708539354
13.89 3.1968892708539354
13.89 3.1968892708539354
13.89 3.1968892708539354
13.89 3.1968892708539354
13.89 3.1968892708539354
13.89 3.1968892708539354
13.89 3.1968892708539354
13.89 3.1968892708539354
13.89 3.1968892708539354
13.89 3.1968892708539354
13.89 3.1968892708539354
13.89 3.1968892708539354
13.89 3.1968892708539354
13.89 3.1968892708539354
13.89 3.1968892708539354
13.89 3.1968892708539354
13.89 3.1968892708539354
13.89 3.1968892708539354
13.89 3.1968892708539354
13.89 3.1968892708539354
13.89 3.1968892708539354
13.89 3.1968892708539354
13.9 3.205109557055309
13.9 3.205109557055309
13.9 3.205109557055309
13.9 3.205109557055309
13.9 3.205109557055309
13.9 3.205109557055309
13.9 3.205109557055309
13.9 3.205109557055309
13.9 3.205109557055309
13.9 3.205109557055309
13.9 3.205109557055309
