9.43 0.4975698519562425
9.43 0.4975698519562425
9.45 0.5000000000000002
9.45 0.5000000000000002
9.49 0.5024183937956918
9.5 0.502518907629606
9.51 0.5024183937956919
9.52 0.5021167315686779
9.52 0.5021167315686779
9.53 0.5016135580465917
9.55 0.5000000000000002
9.56 0.4988876515698592
9.56 0.4988876515698592
9.57 0.49756985195624254
9.57 0.49756985195624254
9.57 0.49756985195624254
9.57 0.49756985195624254
9.58 0.49604496374885837
9.6 0.49236596391733084
9.6 0.49236596391733084
9.62 0.4878317312145637
9.62 0.4878317312145637
9.63 0.4852365870939101
9.63 0.4852365870939101
9.63 0.4852365870939101
9.64 0.48241815132442206
9.67 0.4725815626252604
9.67 0.4725815626252604
9.69 0.4860685407045246
9.69 0.4860685407045246
9.7 0.48199920365414717
9.7 0.48199920365414717
9.7 0.48199920365414717
9.7 0.48199920365414717
9.7 0.48199920365414717
9.71 0.4776838056516236
9.72 0.47311561360663584
9.74 0.4631905164675269
9.74 0.4631905164675269
9.75 0.4578165130223675
9.77 0.44619604333847424
9.77 0.44619604333847424
9.78 0.4399265319747762
9.79 0.43333333333333324
9.81 0.4191140246479062
9.81 0.4191140246479062
9.81 0.4191140246479062
9.81 0.4191140246479062
9.81 0.4191140246479062
9.81 0.4191140246479062
9.81 0.4191140246479062
9.82 0.4114522199392402
9.82 0.4114522199392402
9.82 0.4114522199392402
9.83 0.4033946860424327
9.83 0.4033946860424327
9.83 0.4033946860424327
9.84 0.39491720139745273
9.84 0.39491720139745273
9.85 0.3859920970562731
9.86 0.402517331328978
9.86 0.402517331328978
9.88 0.3834979883528822
9.88 0.3834979883528822
9.88 0.3834979883528822
9.88 0.3834979883528822
9.88 0.3834979883528822
9.88 0.3834979883528822
9.88 0.3834979883528822
9.88 0.3834979883528822
9.89 0.37321967966993574
9.89 0.37321967966993574
9.89 0.37321967966993574
9.89 0.37321967966993574
9.89 0.37321967966993574
9.89 0.37321967966993574
9.89 0.37321967966993574
9.9 0.3623715376697392
9.91 0.3509007169147895
9.91 0.3509007169147895
9.93 0.32582451743479346
9.94 0.34289321599553085
9.94 0.34289321599553085
9.94 0.34289321599553085
9.94 0.34289321599553085
9.94 0.34289321599553085
9.94 0.34289321599553085
9.94 0.34289321599553085
9.94 0.34289321599553085
9.94 0.34289321599553085
9.94 0.34289321599553085
9.94 0.34289321599553085
9.96 0.3152680437246048
9.97 0.33196689624421905
9.97 0.33196689624421905
9.97 0.33196689624421905
9.99 0.36223213718846253
9.99 0.36223213718846253
10.0 0.37605071654517747
10.0 0.37605071654517747
10.01 0.3622321371884626
10.04 0.3458264877015055
10.04 0.3458264877015055
10.04 0.3458264877015055
10.06 0.3711842908553352
10.06 0.3711842908553352
10.07 0.35547663265485707
10.07 0.35547663265485707
10.07 0.35547663265485707
10.07 0.35547663265485707
10.09 0.3509007169147894
10.1 0.3623715376697392
10.11 0.3732196796699359
10.11 0.3732196796699359
10.11 0.3732196796699359
10.11 0.3732196796699359
10.12 0.38349798835288224
10.14 0.40251733132897805
10.14 0.40251733132897805
10.14 0.40251733132897805
10.15 0.41132945334843163
10.17 0.4033946860424327
10.18 0.41145221993924025
10.18 0.41145221993924025
10.19 0.4191140246479061
10.2 0.42640143271122066
10.2 0.42640143271122066
10.21 0.43333333333333324
10.22 0.4399265319747762
10.22 0.4399265319747762
10.23 0.44619604333847424
10.23 0.44619604333847424
10.23 0.44619604333847424
10.23 0.44619604333847424
10.25 0.4578165130223675
10.25 0.4578165130223675
10.25 0.4578165130223675
10.25 0.4578165130223675
10.28 0.4731156136066361
10.28 0.4731156136066361
10.29 0.4776838056516236
10.29 0.4776838056516236
10.3 0.4819992036541471
10.3 0.4819992036541471
10.3 0.4819992036541471
10.31 0.48606854070452454
10.33 0.4934930126509931
10.34 0.4968588198559901
10.35 0.49999999999999994
10.35 0.49999999999999994
10.35 0.49999999999999994
10.37 0.5252224156094124
10.37 0.5252224156094124
10.37 0.5252224156094124
10.38 0.5276209229966518
10.38 0.5276209229966518
10.39 0.5298179599702817
10.4 0.5318160234783104
10.4 0.5318160234783104
10.4 0.5318160234783104
10.4 0.5318160234783104
10.4 0.5318160234783104
10.4 0.5318160234783104
10.41 0.5522223238420325
10.41 0.5522223238420325
10.42 0.5537749241945387
10.43 0.5551412596644368
10.44 0.5563227026600208
10.44 0.5563227026600208
10.44 0.5563227026600208
10.44 0.5563227026600208
10.45 0.5573204290227132
10.46 0.5581354239923779
10.47 0.5587684871413402
10.47 0.5587684871413402
10.48 0.5592202363356251
10.48 0.5592202363356251
10.49 0.5594911107696918
10.49 0.5594911107696918
10.51 0.5411361037930138
10.51 0.5411361037930138
10.51 0.5411361037930138
10.52 0.5408560367835901
10.52 0.5408560367835901
10.52 0.5408560367835901
10.52 0.5408560367835901
10.53 0.5403889358787815
10.53 0.5403889358787815
10.53 0.5403889358787815
10.54 0.5397343154859909
10.54 0.5397343154859909
10.54 0.5397343154859909
10.54 0.5397343154859909
10.57 0.536637492148841
10.57 0.536637492148841
10.59 0.5522223238420325
10.59 0.5522223238420325
10.59 0.5522223238420325
10.59 0.5522223238420325
10.6 0.5685352436149611
10.6 0.5685352436149611
10.61 0.5842201051942079
10.61 0.5842201051942079
10.62 0.5822283907453322
10.62 0.5822283907453322
10.63 0.5800557270337454
10.63 0.5800557270337454
10.63 0.5800557270337454
10.63 0.5800557270337454
10.63 0.5800557270337454
10.64 0.5949280577846314
10.65 0.592461054424762
10.66 0.5898125023079693
10.66 0.5898125023079693
10.7 0.6113406364191522
10.7 0.6113406364191522
10.72 0.6208498574168679
10.73 0.6333333333333333
10.74 0.6295741706611192
10.76 0.6375457995035704
10.77 0.633333333333334
10.77 0.633333333333334
10.77 0.633333333333334
10.77 0.633333333333334
10.78 0.6289320754704404
10.78 0.6289320754704404
10.78 0.6289320754704404
10.78 0.6289320754704404
10.78 0.6289320754704404
10.78 0.6289320754704404
10.78 0.6289320754704404
10.78 0.6289320754704404
10.78 0.6289320754704404
10.79 0.6403124237432848
10.79 0.6403124237432848
10.8 0.6513389472789293
10.81 0.6620293258480537
10.84 0.6922368952836295
10.85 0.7017294652672371
10.85 0.7017294652672371
10.85 0.7017294652672371
10.85 0.7017294652672371
10.85 0.7017294652672371
10.85 0.7017294652672371
10.87 0.7057484028184606
10.88 0.7003606574508953
10.89 0.7091750791795296
10.89 0.7091750791795296
10.89 0.7091750791795296
10.89 0.7091750791795296
10.9 0.7177405625652736
10.9 0.7177405625652736
10.9 0.7177405625652736
10.9 0.7177405625652736
10.91 0.7260659179246169
10.93 0.7420283421851621
10.93 0.7420283421851621
10.95 0.7571210756756955
10.97 0.7581876316905235
10.97 0.7581876316905235
10.97 0.7581876316905235
10.99 0.771918768950844
11.0 0.778498944161523
11.02 0.7782394012491047
11.03 0.7843803447642765
11.04 0.7774602526460407
11.05 0.7833494518006396
11.05 0.7833494518006396
11.05 0.7833494518006396
11.06 0.789066703534158
11.06 0.789066703534158
11.08 0.787272493993014
11.08 0.787272493993014
11.09 0.7925792188682577
11.11 0.8027100562117263
11.11 0.8027100562117263
11.11 0.8027100562117263
11.11 0.8027100562117263
11.11 0.8027100562117263
11.11 0.8027100562117263
11.11 0.8027100562117263
11.11 0.8027100562117263
11.12 0.8075402232218603
11.13 0.8122173167921073
11.14 0.8042814724141576
11.14 0.8042814724141576
11.16 0.8130252769810419
11.16 0.8130252769810419
11.18 0.8333939371902432
11.18 0.8333939371902432
11.19 0.8250497383231333
11.19 0.8250497383231333
11.19 0.8250497383231333
11.19 0.8250497383231333
11.19 0.8250497383231333
11.19 0.8250497383231333
11.19 0.8250497383231333
11.2 0.8287754140107478
11.22 0.8358144881406747
11.23 0.8510836823388372
11.23 0.8510836823388372
11.23 0.8510836823388372
11.23 0.8510836823388372
11.23 0.8510836823388372
11.23 0.8510836823388372
11.23 0.8510836823388372
11.23 0.8510836823388372
11.23 0.8510836823388372
11.23 0.8510836823388372
11.23 0.8510836823388372
11.23 0.8510836823388372
11.25 0.8453676505795953
11.25 0.8453676505795953
11.25 0.8453676505795953
11.25 0.8453676505795953
11.25 0.8453676505795953
11.26 0.8482900209220665
11.26 0.8482900209220665
11.27 0.8628704737939835
11.28 0.8655003807572295
11.28 0.8655003807572295
11.28 0.8655003807572295
11.28 0.8655003807572295
11.29 0.8680059581790578
11.29 0.8680059581790578
11.3 0.881917103688197
11.32 0.89758373740647
11.32 0.89758373740647
11.33 0.8995509541943238
11.33 0.8995509541943238
11.34 0.9014018263378724
11.36 0.8935232724354956
11.36 0.8935232724354956
11.36 0.8935232724354956
11.36 0.8935232724354956
11.38 0.9076554323301236
11.38 0.9076554323301236
11.38 0.9076554323301236
11.38 0.9076554323301236
11.4 0.9211323729436769
11.4 0.9211323729436769
11.4 0.9211323729436769
11.4 0.9211323729436769
11.4 0.9211323729436769
11.4 0.9211323729436769
11.41 0.9330627313348557
11.42 0.9447355463436591
11.42 0.9447355463436591
11.42 0.9447355463436591
11.42 0.9447355463436591
11.42 0.9447355463436591
11.42 0.9447355463436591
11.43 0.9561602502940726
11.43 0.9561602502940726
11.43 0.9561602502940726
11.44 0.9673456340716975
11.44 0.9673456340716975
11.44 0.9673456340716975
11.45 0.9782999065065408
11.45 0.9782999065065408
11.45 0.9782999065065408
11.45 0.9782999065065408
11.45 0.9782999065065408
11.45 0.9782999065065408
11.45 0.9782999065065408
11.45 0.9782999065065408
11.45 0.9782999065065408
11.45 0.9782999065065408
11.45 0.9782999065065408
11.46 0.9890307468333936
11.48 1.0098504739801728
11.48 1.0098504739801728
11.48 1.0098504739801728
11.48 1.0098504739801728
11.48 1.0098504739801728
11.5 1.020001980588293
11.51 1.0298082590973185
11.51 1.0298082590973185
11.51 1.0298082590973185
11.53 1.048857001740948
11.53 1.048857001740948
11.53 1.048857001740948
11.54 1.0581096160587342
11.54 1.0581096160587342
11.56 1.0666666666666664
11.57 1.075484386993445
11.57 1.075484386993445
11.57 1.075484386993445
11.59 1.0926291154085102
11.6 1.1009637651263608
11.6 1.1009637651263608
11.6 1.1009637651263608
11.6 1.1009637651263608
11.61 1.1091447246423802
11.61 1.1091447246423802
11.62 1.117175370333954
11.62 1.117175370333954
11.63 1.1250589210159507
11.64 1.1327984477533155
11.65 1.1403968828899222
11.65 1.1403968828899222
11.65 1.1403968828899222
11.66 1.1478570283688454
11.66 1.1478570283688454
11.67 1.1551815634108973
11.67 1.1551815634108973
11.67 1.1551815634108973
11.67 1.1551815634108973
11.67 1.1551815634108973
11.68 1.162373051610847
11.69 1.1694339475044149
11.69 1.1694339475044149
11.7 1.1763666026534347
11.7 1.1763666026534347
11.7 1.1763666026534347
11.72 1.189856115569263
11.73 1.1879444941629729
11.74 1.1859446220058705
11.74 1.1859446220058705
11.74 1.1859446220058705
11.76 1.1986524420229894
11.77 1.2048303455740814
11.77 1.2048303455740814
11.77 1.2048303455740814
11.78 1.2108933174572503
11.78 1.2108933174572503
11.78 1.2108933174572503
11.78 1.2108933174572503
11.79 1.2168430756293396
11.79 1.2168430756293396
11.79 1.2168430756293396
11.8 1.2226812728383043
11.81 1.228409499714936
11.81 1.228409499714936
11.82 1.2421877084524313
11.82 1.2421877084524313
11.82 1.2421877084524313
11.82 1.2421877084524313
11.83 1.247664484814193
11.84 1.2530367153842736
11.85 1.258305739211791
11.85 1.258305739211791
11.86 1.2634728474975763
11.87 1.260551426555022
11.88 1.2655497467962935
11.89 1.2783749153681114
11.89 1.2783749153681114
11.89 1.2783749153681114
11.9 1.2831463854387963
11.9 1.2831463854387963
11.9 1.2831463854387963
11.9 1.2831463854387963
11.9 1.2831463854387963
11.9 1.2831463854387963
11.91 1.2878217456173229
11.91 1.2878217456173229
11.92 1.3001942356836735
11.92 1.3001942356836735
11.92 1.3001942356836735
11.92 1.3001942356836735
11.92 1.3001942356836735
11.92 1.3001942356836735
11.93 1.3046536751648747
11.93 1.3046536751648747
11.93 1.3046536751648747
11.93 1.3046536751648747
11.94 1.3090207613079918
11.94 1.3090207613079918
11.95 1.3132964154171267
11.96 1.3251262566108923
11.98 1.3482498944104464
11.98 1.3482498944104464
11.99 1.3521027395068101
11.99 1.3521027395068101
11.99 1.3521027395068101
11.99 1.3521027395068101
11.99 1.3521027395068101
11.99 1.3521027395068101
11.99 1.3521027395068101
11.99 1.3521027395068101
11.99 1.3521027395068101
11.99 1.3521027395068101
12.0 1.3632996217214537
12.0 1.3632996217214537
12.0 1.3632996217214537
12.0 1.3632996217214537
12.0 1.3632996217214537
12.0 1.3632996217214537
12.0 1.3632996217214537
12.0 1.3632996217214537
12.0 1.3632996217214537
12.02 1.3778918167206955
12.02 1.3778918167206955
12.02 1.3778918167206955
12.03 1.3886626078295037
12.03 1.3886626078295037
12.03 1.3886626078295037
12.03 1.3886626078295037
12.03 1.3886626078295037
12.03 1.3886626078295037
12.03 1.3886626078295037
12.03 1.3886626078295037
12.03 1.3886626078295037
12.03 1.3886626078295037
12.03 1.3886626078295037
12.03 1.3886626078295037
12.03 1.3886626078295037
12.04 1.3992783132671638
12.04 1.3992783132671638
12.04 1.3992783132671638
12.04 1.3992783132671638
12.05 1.4097424365371636
12.05 1.4097424365371636
12.05 1.4097424365371636
12.05 1.4097424365371636
12.05 1.4097424365371636
12.05 1.4097424365371636
12.05 1.4097424365371636
12.05 1.4097424365371636
12.05 1.4097424365371636
12.06 1.4200583285786748
12.07 1.4302291968616632
12.07 1.4302291968616632
12.08 1.4402581137919117
12.09 1.4431657121506434
12.1 1.4529663145135583
12.11 1.462632192074594
12.12 1.4721659985452487
12.12 1.4721659985452487
12.12 1.4721659985452487
12.13 1.481570283533828
12.14 1.4908474981118156
12.14 1.4908474981118156
12.16 1.5023214359682477
12.16 1.5023214359682477
12.16 1.5023214359682477
12.16 1.5023214359682477
12.16 1.5023214359682477
12.19 1.5288141572057505
12.21 1.545897143990498
12.21 1.545897143990498
12.22 1.5542707536840465
12.22 1.5542707536840465
12.23 1.5625348480962433
12.23 1.5625348480962433
12.23 1.5625348480962433
12.23 1.5625348480962433
12.23 1.5625348480962433
12.23 1.5625348480962433
12.23 1.5625348480962433
12.24 1.5642470031515752
12.24 1.5642470031515752
12.25 1.5723301886761007
12.26 1.57390333793779
12.27 1.581809474026885
12.28 1.5896127474541364
12.28 1.5896127474541364
12.29 1.5909783534706319
12.3 1.5986105077709063
12.3 1.5986105077709063
12.3 1.5986105077709063
12.3 1.5986105077709063
12.3 1.5986105077709063
12.32 1.6135787441697298
12.33 1.6209175603261692
12.34 1.6281612607199225
12.34 1.6281612607199225
12.34 1.6281612607199225
12.35 1.6353111093129729
12.35 1.6353111093129729
12.35 1.6353111093129729
12.35 1.6353111093129729
12.36 1.6423683318225972
12.36 1.6423683318225972
12.36 1.6423683318225972
12.37 1.6493341172433893
12.37 1.6493341172433893
12.38 1.656209619290476
12.38 1.656209619290476
12.38 1.656209619290476
12.39 1.6629959577688551
12.39 1.6629959577688551
12.39 1.6629959577688551
12.4 1.6696942198734444
12.4 1.6696942198734444
12.4 1.6696942198734444
12.41 1.67630546142402
12.41 1.67630546142402
12.41 1.67630546142402
12.41 1.67630546142402
12.42 1.6828307080390446
12.42 1.6828307080390446
12.42 1.6828307080390446
12.42 1.6828307080390446
12.42 1.6828307080390446
12.42 1.6828307080390446
12.43 1.6892709562519468
12.44 1.6956271745733251
12.45 1.7019003045021894
12.46 1.7080912614891977
12.46 1.7080912614891977
12.46 1.7080912614891977
12.46 1.7080912614891977
12.49 1.7261798775611341
12.49 1.7261798775611341
12.49 1.7261798775611341
12.49 1.7261798775611341
12.49 1.7261798775611341
12.49 1.7261798775611341
12.49 1.7261798775611341
12.49 1.7261798775611341
12.49 1.7261798775611341
12.5 1.7320508075688772
12.5 1.7320508075688772
12.5 1.7320508075688772
12.5 1.7320508075688772
12.51 1.7378437818460584
12.51 1.7378437818460584
12.52 1.7493433111319292
12.52 1.7493433111319292
12.52 1.7493433111319292
12.52 1.7493433111319292
12.52 1.7493433111319292
12.52 1.7493433111319292
12.52 1.7493433111319292
12.52 1.7493433111319292
12.53 1.7549640993191264
12.53 1.7549640993191264
12.53 1.7549640993191264
12.53 1.7549640993191264
12.53 1.7549640993191264
12.53 1.7549640993191264
12.53 1.7549640993191264
12.53 1.7549640993191264
12.53 1.7549640993191264
12.53 1.7549640993191264
12.53 1.7549640993191264
12.53 1.7549640993191264
12.53 1.7549640993191264
12.53 1.7549640993191264
12.54 1.76623779814496
12.54 1.76623779814496
12.54 1.76623779814496
12.55 1.771690968789108
12.55 1.771690968789108
12.56 1.7770705664041035
12.57 1.7823772571677097
12.57 1.7823772571677097
12.57 1.7823772571677097
12.57 1.7823772571677097
12.57 1.7823772571677097
12.57 1.7823772571677097
12.57 1.7823772571677097
12.57 1.7823772571677097
12.57 1.7823772571677097
12.57 1.7823772571677097
12.57 1.7823772571677097
12.58 1.7932533495737777
12.58 1.7932533495737777
12.58 1.7932533495737777
12.58 1.7932533495737777
12.59 1.8040078836979736
12.6 1.8146430207975592
12.6 1.8146430207975592
12.6 1.8146430207975592
12.6 1.8146430207975592
12.61 1.8251608480383632
12.62 1.835563381987375
12.62 1.835563381987375
12.62 1.835563381987375
12.62 1.835563381987375
12.62 1.835563381987375
12.62 1.835563381987375
12.62 1.835563381987375
12.62 1.835563381987375
12.62 1.835563381987375
12.62 1.835563381987375
12.62 1.835563381987375
12.63 1.845852571895089
12.65 1.866098398349677
12.66 1.8706667098641423
12.67 1.8805490279343002
12.67 1.8805490279343002
12.67 1.8805490279343002
12.67 1.8805490279343002
12.67 1.8805490279343002
12.67 1.8805490279343002
12.67 1.8805490279343002
12.68 1.8849751492078903
12.68 1.8849751492078903
12.68 1.8849751492078903
12.68 1.8849751492078903
12.68 1.8849751492078903
12.68 1.8849751492078903
12.68 1.8849751492078903
12.7 1.9042748294987843
12.7 1.9042748294987843
12.7 1.9042748294987843
12.7 1.9042748294987843
12.71 1.9137725184893988
12.71 1.9137725184893988
12.71 1.9137725184893988
12.71 1.9137725184893988
12.71 1.9137725184893988
12.72 1.923170782480291
12.73 1.9324710720847664
12.73 1.9324710720847664
12.73 1.9324710720847664
12.73 1.9324710720847664
12.74 1.9364655922321454
12.76 1.9494625003841546
12.76 1.9494625003841546
12.76 1.9494625003841546
12.76 1.9494625003841546
12.76 1.9494625003841546
12.76 1.9494625003841546
12.76 1.9494625003841546
12.77 1.9584316545273015
12.78 1.9673085752629238
12.78 1.9673085752629238
12.79 1.9760945055714043
12.79 1.9760945055714043
12.79 1.9760945055714043
12.79 1.9760945055714043
12.81 1.993398194951616
12.81 1.993398194951616
12.81 1.993398194951616
12.82 2.0019182719773485
12.83 2.010351996918736
12.84 2.018700452061056
12.84 2.018700452061056
12.84 2.018700452061056
12.85 2.0269646910061994
12.85 2.0269646910061994
12.85 2.0269646910061994
12.86 2.035145739699785
12.86 2.035145739699785
12.87 2.0432445974108155
12.87 2.0432445974108155
12.89 2.0591996091450255
12.89 2.0591996091450255
12.9 2.0670576365276507
12.9 2.0670576365276507
12.91 2.0748372213138793
12.91 2.0748372213138793
12.93 2.085326319448795
12.94 2.0928932175823074
12.94 2.0928932175823074
12.94 2.0928932175823074
12.94 2.0928932175823074
12.95 2.100384765136179
12.95 2.100384765136179
12.96 2.1078017655434977
12.97 2.115145003028961
12.97 2.115145003028961
12.97 2.115145003028961
12.97 2.115145003028961
12.97 2.115145003028961
12.97 2.115145003028961
12.97 2.115145003028961
12.97 2.115145003028961
12.97 2.115145003028961
12.98 2.122415243218552
12.98 2.122415243218552
12.99 2.129613233724032
12.99 2.129613233724032
13.0 2.1367397047035386
13.0 2.1367397047035386
13.02 2.150780924654715
13.02 2.150780924654715
13.02 2.150780924654715
13.03 2.157697051408414
13.03 2.157697051408414
13.03 2.157697051408414
13.03 2.157697051408414
13.03 2.157697051408414
13.05 2.171323666486981
13.05 2.171323666486981
13.05 2.171323666486981
13.07 2.1846803617070107
13.07 2.1846803617070107
13.07 2.1846803617070107
13.07 2.1846803617070107
13.07 2.1846803617070107
13.07 2.1846803617070107
13.07 2.1846803617070107
13.07 2.1846803617070107
13.07 2.1846803617070107
13.1 2.204220011384042
13.1 2.204220011384042
13.1 2.204220011384042
13.1 2.204220011384042
13.1 2.204220011384042
13.11 2.215168096774981
13.12 2.221474621720783
13.12 2.221474621720783
13.12 2.221474621720783
13.12 2.221474621720783
13.12 2.221474621720783
13.12 2.221474621720783
13.12 2.221474621720783
13.12 2.221474621720783
13.12 2.221474621720783
13.12 2.221474621720783
13.12 2.221474621720783
13.12 2.221474621720783
13.12 2.221474621720783
13.12 2.221474621720783
13.13 2.227717951789963
13.13 2.227717951789963
13.14 2.233898616836278
13.14 2.233898616836278
13.14 2.233898616836278
13.14 2.233898616836278
13.14 2.233898616836278
13.14 2.233898616836278
13.14 2.233898616836278
13.14 2.233898616836278
13.14 2.233898616836278
13.15 2.2400171355765948
13.15 2.2400171355765948
13.15 2.2400171355765948
13.15 2.2400171355765948
13.15 2.2400171355765948
13.15 2.2400171355765948
13.15 2.2400171355765948
13.15 2.2400171355765948
13.15 2.2400171355765948
13.15 2.2400171355765948
13.15 2.2400171355765948
13.15 2.2400171355765948
13.15 2.2400171355765948
13.16 2.2460740158882757
13.16 2.2460740158882757
13.16 2.2460740158882757
13.16 2.2460740158882757
13.16 2.2460740158882757
13.16 2.2460740158882757
13.16 2.2460740158882757
13.16 2.2460740158882757
13.17 2.2520697550960063
13.17 2.2520697550960063
13.17 2.2520697550960063
13.17 2.2520697550960063
13.17 2.2520697550960063
13.18 2.2624738404648754
13.18 2.2624738404648754
13.18 2.2624738404648754
13.18 2.2624738404648754
13.18 2.2624738404648754
13.18 2.2624738404648754
13.18 2.2624738404648754
13.18 2.2624738404648754
13.18 2.2624738404648754
13.18 2.2624738404648754
13.18 2.2624738404648754
13.18 2.2624738404648754
13.18 2.2624738404648754
13.18 2.2624738404648754
13.18 2.2624738404648754
13.18 2.2624738404648754
13.19 2.2727858578307716
13.19 2.2727858578307716
13.19 2.2727858578307716
13.19 2.2727858578307716
13.19 2.2727858578307716
13.21 2.2887295227446214
13.21 2.2887295227446214
13.22 2.2943936942561605
13.22 2.2943936942561605
13.22 2.2943936942561605
13.22 2.2943936942561605
13.22 2.2943936942561605
13.22 2.2943936942561605
13.22 2.2943936942561605
13.22 2.2943936942561605
13.22 2.2943936942561605
13.22 2.2943936942561605
13.22 2.2943936942561605
13.22 2.2943936942561605
13.22 2.2943936942561605
13.22 2.2943936942561605
13.22 2.2943936942561605
13.22 2.2943936942561605
13.22 2.2943936942561605
13.22 2.2943936942561605
13.23 2.3043875585938274
13.23 2.3043875585938274
13.23 2.3043875585938274
13.23 2.3043875585938274
13.23 2.3043875585938274
13.24 2.3099258810095127
13.24 2.3099258810095127
13.24 2.3099258810095127
13.24 2.3099258810095127
13.25 2.319765749232696
13.26 2.325180562120853
13.26 2.325180562120853
13.26 2.325180562120853
13.27 2.334869624115266
13.27 2.334869624115266
13.28 2.344475561093707
13.28 2.344475561093707
13.28 2.344475561093707
13.28 2.344475561093707
13.28 2.344475561093707
13.28 2.344475561093707
13.28 2.344475561093707
13.29 2.3539993906781564
13.3 2.3634421054594466
13.3 2.3634421054594466
13.32 2.3778438582340553
13.32 2.3778438582340553
13.33 2.3870653129063757
13.35 2.405276186917739
13.35 2.405276186917739
13.35 2.405276186917739
13.35 2.405276186917739
13.35 2.405276186917739
13.35 2.405276186917739
13.36 2.414267356505255
13.36 2.414267356505255
13.36 2.414267356505255
13.36 2.414267356505255
13.36 2.414267356505255
13.36 2.414267356505255
13.36 2.414267356505255
13.36 2.414267356505255
13.37 2.423183480840479
13.37 2.423183480840479
13.37 2.423183480840479
13.37 2.423183480840479
13.37 2.423183480840479
13.38 2.432025385300794
13.39 2.4407938764825565
13.39 2.4407938764825565
13.39 2.4407938764825565
13.39 2.4407938764825565
13.4 2.4494897427831765
13.41 2.4581137549599354
13.42 2.4666666666666663
13.42 2.4666666666666663
13.42 2.4666666666666663
13.42 2.4666666666666663
13.42 2.4666666666666663
13.44 2.4835621208419183
13.44 2.4835621208419183
13.44 2.4835621208419183
13.45 2.4919060896422156
13.45 2.4919060896422156
13.45 2.4919060896422156
13.46 2.5001818115707275
13.46 2.5001818115707275
13.46 2.5001818115707275
13.46 2.5001818115707275
13.46 2.5001818115707275
13.46 2.5001818115707275
13.48 2.5165312024549378
13.49 2.524606179909327
13.49 2.524606179909327
13.49 2.524606179909327
13.49 2.524606179909327
13.49 2.524606179909327
13.5 2.532615528291141
13.5 2.532615528291141
13.5 2.532615528291141
13.5 2.532615528291141
13.5 2.532615528291141
13.5 2.532615528291141
13.51 2.540559868305498
13.54 2.5640088560965255
13.54 2.5640088560965255
13.55 2.5716991199664783
13.55 2.5716991199664783
13.55 2.5716991199664783
13.55 2.5716991199664783
13.57 2.586893929410366
13.58 2.594399562694438
13.58 2.594399562694438
13.58 2.594399562694438
13.58 2.594399562694438
13.58 2.594399562694438
13.58 2.594399562694438
13.58 2.594399562694438
13.58 2.594399562694438
13.59 2.6018447224221424
13.59 2.6018447224221424
13.59 2.6018447224221424
13.6 2.609229926258091
13.6 2.609229926258091
13.6 2.609229926258091
13.6 2.609229926258091
13.6 2.609229926258091
13.6 2.609229926258091
13.61 2.6165556818771565
13.61 2.6165556818771565
13.61 2.6165556818771565
13.61 2.6165556818771565
13.61 2.6165556818771565
13.62 2.6238224872205897
13.63 2.6310308307435757
13.63 2.6310308307435757
13.63 2.6310308307435757
13.63 2.6310308307435757
13.63 2.6310308307435757
13.63 2.6310308307435757
13.63 2.6310308307435757
13.63 2.6310308307435757
13.64 2.638181191654585
13.64 2.638181191654585
13.64 2.638181191654585
13.65 2.645274040146833
13.65 2.645274040146833
13.65 2.645274040146833
13.66 2.6523098376221945
13.66 2.6523098376221945
13.66 2.6523098376221945
13.67 2.6592890369078317
13.69 2.673079410596238
13.7 2.6798914496333945
13.7 2.6798914496333945
13.71 2.6866486201363977
13.71 2.6866486201363977
13.71 2.6866486201363977
13.71 2.6866486201363977
13.71 2.6866486201363977
13.71 2.6866486201363977
13.71 2.6866486201363977
13.71 2.6866486201363977
13.71 2.6866486201363977
13.71 2.6866486201363977
13.71 2.6866486201363977
13.71 2.6866486201363977
13.71 2.6866486201363977
13.71 2.6866486201363977
13.71 2.6866486201363977
13.71 2.6866486201363977
13.71 2.6866486201363977
13.71 2.6866486201363977
13.72 2.6933513350733524
13.72 2.6933513350733524
13.72 2.6933513350733524
13.72 2.6933513350733524
13.72 2.6933513350733524
13.72 2.6933513350733524
13.72 2.6933513350733524
13.72 2.6933513350733524
13.72 2.6933513350733524
13.72 2.6933513350733524
13.72 2.6933513350733524
13.72 2.6933513350733524
13.72 2.6933513350733524
13.72 2.6933513350733524
13.72 2.6933513350733524
13.72 2.6933513350733524
13.72 2.6933513350733524
13.72 2.6933513350733524
13.72 2.6933513350733524
13.72 2.6933513350733524
13.72 2.6933513350733524
13.72 2.6933513350733524
13.72 2.6933513350733524
13.72 2.6933513350733524
13.72 2.6933513350733524
13.73 2.700000000000001
13.73 2.700000000000001
13.75 2.7131367660166177
13.75 2.7131367660166177
13.77 2.7297648546378777
13.77 2.7297648546378777
13.77 2.7297648546378777
13.77 2.7297648546378777
13.77 2.7297648546378777
13.77 2.7297648546378777
13.77 2.7297648546378777
13.78 2.736140465411937
13.78 2.736140465411937
13.78 2.736140465411937
13.78 2.736140465411937
13.78 2.736140465411937
13.78 2.736140465411937
13.78 2.736140465411937
13.78 2.736140465411937
13.78 2.736140465411937
13.78 2.736140465411937
13.78 2.736140465411937
13.78 2.736140465411937
13.78 2.736140465411937
13.79 2.7424644229435513
13.79 2.7424644229435513
13.79 2.7424644229435513
13.79 2.7424644229435513
13.79 2.7424644229435513
13.79 2.7424644229435513
13.79 2.7424644229435513
13.79 2.7424644229435513
13.79 2.7424644229435513
13.79 2.7424644229435513
13.8 2.7487370837451093
13.81 2.7586228448267467
13.81 2.7586228448267467
13.81 2.7586228448267467
13.81 2.7586228448267467
13.81 2.7586228448267467
13.81 2.7586228448267467
13.81 2.7586228448267467
13.81 2.7586228448267467
13.81 2.7586228448267467
13.81 2.7586228448267467
13.82 2.764785779050594
13.82 2.764785779050594
13.82 2.764785779050594
13.82 2.764785779050594
13.82 2.764785779050594
13.82 2.764785779050594
13.82 2.764785779050594
13.82 2.764785779050594
13.82 2.764785779050594
13.82 2.764785779050594
13.83 2.7745415491718273
13.83 2.7745415491718273
13.83 2.7745415491718273
13.83 2.7745415491718273
13.83 2.7745415491718273
13.83 2.7745415491718273
13.84 2.784226857121955
13.84 2.784226857121955
13.85 2.793842435706699
13.85 2.793842435706699
13.85 2.793842435706699
13.85 2.793842435706699
13.85 2.793842435706699
13.86 2.803389002437926
13.86 2.803389002437926
13.86 2.803389002437926
13.86 2.803389002437926
13.86 2.803389002437926
13.88 2.822277896531901
13.88 2.822277896531901
13.88 2.822277896531901
13.88 2.822277896531901
13.88 2.822277896531901
13.88 2.822277896531901
13.88 2.822277896531901
13.88 2.822277896531901
13.89 2.831621586314244
13.89 2.831621586314244
13.89 2.831621586314244
13.89 2.831621586314244
13.89 2.831621586314244
13.89 2.831621586314244
13.89 2.831621586314244
13.89 2.831621586314244
13.89 2.831621586314244
13.89 2.831621586314244
13.89 2.831621586314244
13.89 2.831621586314244
13.89 2.831621586314244
13.89 2.831621586314244
13.89 2.831621586314244
13.89 2.831621586314244
13.89 2.831621586314244
13.89 2.831621586314244
13.89 2.831621586314244
13.89 2.831621586314244
13.89 2.831621586314244
13.89 2.831621586314244
13.89 2.831621586314244
13.89 2.831621586314244
13.89 2.831621586314244
13.91 2.8501107545376763
13.91 2.8501107545376763
13.91 2.8501107545376763
13.91 2.8501107545376763
13.91 2.8501107545376763
13.91 2.8501107545376763
13.91 2.8501107545376763
13.92 2.859257514697397
13.93 2.8683398922327403
13.93 2.8683398922327403
13.93 2.8683398922327403
13.94 2.8773584968147303
13.94 2.8773584968147303
13.94 2.8773584968147303
13.96 2.8952067667477968
13.96 2.8952067667477968
13.96 2.8952067667477968
13.96 2.8952067667477968
13.97 2.9005572435710225
13.97 2.9005572435710225
13.97 2.9005572435710225
13.97 2.9005572435710225
13.97 2.9005572435710225
13.97 2.9005572435710225
13.97 2.9005572435710225
13.97 2.9005572435710225
13.97 2.9005572435710225
13.97 2.9005572435710225
13.97 2.9005572435710225
13.98 2.9093371107938726
13.98 2.9093371107938726
13.99 2.9145923359620123
13.99 2.9145923359620123
13.99 2.9145923359620123
13.99 2.9145923359620123
14.0 2.9232609437842774
14.0 2.9232609437842774
14.0 2.9232609437842774
14.0 2.9232609437842774
14.0 2.9232609437842774
14.01 2.9318694694441287
14.01 2.9318694694441287
14.02 2.940418440640822
14.02 2.940418440640822
14.02 2.940418440640822
14.02 2.940418440640822
14.02 2.940418440640822
14.02 2.940418440640822
14.02 2.940418440640822
14.02 2.940418440640822
14.02 2.940418440640822
14.03 2.9489083753247756
14.04 2.9573397819423084
14.06 2.974028998656282
14.06 2.974028998656282
14.06 2.974028998656282
14.06 2.974028998656282
14.06 2.974028998656282
14.06 2.974028998656282
14.06 2.974028998656282
14.06 2.974028998656282
14.06 2.974028998656282
14.08 2.990489977082402
14.08 2.990489977082402
14.08 2.990489977082402
14.08 2.990489977082402
14.08 2.990489977082402
14.08 2.990489977082402
14.08 2.990489977082402
14.08 2.990489977082402
14.09 2.9986360535780574
14.09 2.9986360535780574
14.09 2.9986360535780574
14.09 2.9986360535780574
14.09 2.9986360535780574
14.09 2.9986360535780574
14.1 3.006726465843549
14.1 3.006726465843549
14.1 3.006726465843549
14.1 3.006726465843549
14.11 3.014761662020377
14.11 3.014761662020377
14.11 3.014761662020377
14.11 3.014761662020377
14.11 3.014761662020377
14.12 3.0227420824426448
14.13 3.0306681598204537
14.14 3.0385403194177436
14.15 3.0463589792247117
14.15 3.0463589792247117
14.16 3.0541245501250875
14.16 3.0541245501250875
14.16 3.0541245501250875
14.17 3.061837436058369
14.17 3.061837436058369
14.18 3.06949803417728
14.18 3.06949803417728
14.18 3.06949803417728
14.19 3.0771067350005707
14.19 3.0771067350005707
14.19 3.0771067350005707
14.19 3.0771067350005707
14.19 3.0771067350005707
14.2 3.084663922561342
14.2 3.084663922561342
14.2 3.084663922561342
14.2 3.084663922561342
14.2 3.084663922561342
14.2 3.084663922561342
14.2 3.084663922561342
14.2 3.084663922561342
14.21 3.092169974551068
14.21 3.092169974551068
14.21 3.092169974551068
14.21 3.092169974551068
14.21 3.092169974551068
14.22 3.099625262459442
14.22 3.099625262459442
14.22 3.099625262459442
14.22 3.099625262459442
14.22 3.099625262459442
14.23 3.1070301517102097
14.23 3.1070301517102097
14.23 3.1070301517102097
14.24 3.1143850017931225
14.24 3.1143850017931225
14.24 3.1143850017931225
14.25 3.1216901663921575
14.25 3.1216901663921575
14.26 3.128945993510122
14.26 3.128945993510122
14.26 3.128945993510122
14.26 3.128945993510122
14.26 3.128945993510122
14.26 3.128945993510122
14.28 3.1433109996314474
14.29 3.1504208473077875
14.29 3.1504208473077875
14.29 3.1504208473077875
14.29 3.1504208473077875
14.29 3.1504208473077875
14.29 3.1504208473077875
14.29 3.1504208473077875
14.3 3.1574826950748225
14.3 3.1574826950748225
14.3 3.1574826950748225
14.3 3.1574826950748225
14.3 3.1574826950748225
14.31 3.164496864280386
14.31 3.164496864280386
14.32 3.171463671269438
14.33 3.1783834274865614
14.34 3.1852564395757197
14.34 3.1852564395757197
14.34 3.1852564395757197
14.34 3.1852564395757197
14.35 3.1920830094773454
14.35 3.1920830094773454
14.35 3.1920830094773454
14.35 3.1920830094773454
14.35 3.1920830094773454
14.35 3.1920830094773454
14.36 3.1988634345228424
14.36 3.1988634345228424
14.36 3.1988634345228424
14.36 3.1988634345228424
14.36 3.1988634345228424
14.36 3.1988634345228424
14.36 3.1988634345228424
14.37 3.205598007526614
14.37 3.205598007526614
14.37 3.205598007526614
14.38 3.2122870168756537
14.38 3.2122870168756537
14.38 3.2122870168756537
14.38 3.2122870168756537
14.38 3.2122870168756537
14.38 3.2122870168756537
14.38 3.2122870168756537
14.38 3.2122870168756537
14.38 3.2122870168756537
14.38 3.2122870168756537
14.38 3.2122870168756537
14.38 3.2122870168756537
14.38 3.2122870168756537
14.38 3.2122870168756537
14.38 3.2122870168756537
14.38 3.2122870168756537
14.38 3.2122870168756537
14.38 3.2122870168756537
14.38 3.2122870168756537
14.38 3.2122870168756537
14.38 3.2122870168756537
14.38 3.2122870168756537
14.38 3.2122870168756537
14.38 3.2122870168756537
14.38 3.2122870168756537
14.38 3.2122870168756537
14.38 3.2122870168756537
14.39 3.2189307466168255
14.39 3.2189307466168255
14.39 3.2189307466168255
14.39 3.2189307466168255
14.39 3.2189307466168255
14.39 3.2189307466168255
14.39 3.2189307466168255
14.4 3.225529476541859
14.4 3.225529476541859
14.4 3.225529476541859
14.4 3.225529476541859
14.4 3.225529476541859
14.4 3.225529476541859
14.4 3.225529476541859
14.4 3.225529476541859
14.4 3.225529476541859
14.4 3.225529476541859
14.4 3.225529476541859
14.4 3.225529476541859
14.4 3.225529476541859
14.4 3.225529476541859
14.4 3.225529476541859
14.4 3.225529476541859
14.4 3.225529476541859
14.4 3.225529476541859
14.4 3.225529476541859
14.41 3.2320834822701623
14.41 3.2320834822701623
14.41 3.2320834822701623
14.41 3.2320834822701623
14.41 3.2320834822701623
14.41 3.2320834822701623
14.41 3.2320834822701623
14.41 3.2320834822701623
14.41 3.2320834822701623
14.41 3.2320834822701623
14.41 3.2320834822701623
14.41 3.2320834822701623
14.41 3.2320834822701623
14.41 3.2320834822701623
14.41 3.2320834822701623
14.41 3.2320834822701623
14.41 3.2320834822701623
14.41 3.2320834822701623
14.41 3.2320834822701623
14.41 3.2320834822701623
14.41 3.2320834822701623
14.41 3.2320834822701623
14.41 3.2320834822701623
14.41 3.2320834822701623
14.41 3.2320834822701623
14.41 3.2320834822701623
14.41 3.2320834822701623
14.41 3.2320834822701623
14.41 3.2320834822701623
14.41 3.2320834822701623
14.41 3.2320834822701623
14.41 3.2320834822701623
14.41 3.2320834822701623
14.41 3.2320834822701623
14.41 3.2320834822701623
14.41 3.2320834822701623
14.41 3.2320834822701623
14.41 3.2320834822701623
14.41 3.2320834822701623
14.41 3.2320834822701623
14.41 3.2320834822701623
14.41 3.2320834822701623
14.41 3.2320834822701623
14.42 3.241710485019731
14.42 3.241710485019731
14.42 3.241710485019731
14.42 3.241710485019731
14.42 3.241710485019731
14.42 3.241710485019731
14.42 3.241710485019731
14.42 3.241710485019731
14.42 3.241710485019731
14.42 3.241710485019731
14.42 3.241710485019731
14.42 3.241710485019731
14.42 3.241710485019731
14.42 3.241710485019731
14.42 3.241710485019731
14.42 3.241710485019731
14.42 3.241710485019731
14.42 3.241710485019731
14.42 3.241710485019731
14.42 3.241710485019731
14.42 3.241710485019731
14.42 3.241710485019731
14.42 3.241710485019731
14.42 3.241710485019731
14.42 3.241710485019731
14.42 3.241710485019731
14.42 3.241710485019731
14.43 3.248169647756422
14.43 3.248169647756422
14.43 3.248169647756422
14.43 3.248169647756422
14.43 3.248169647756422
14.43 3.248169647756422
14.44 3.2576871016912063
14.44 3.2576871016912063
14.44 3.2576871016912063
14.44 3.2576871016912063
14.44 3.2576871016912063
14.44 3.2576871016912063
14.44 3.2576871016912063
14.44 3.2576871016912063
14.44 3.2576871016912063
14.44 3.2576871016912063
14.44 3.2576871016912063
14.44 3.2576871016912063
14.44 3.2576871016912063
14.44 3.2576871016912063
14.44 3.2576871016912063
14.44 3.2576871016912063
14.45 3.2640527575455063
14.45 3.2640527575455063
14.45 3.2640527575455063
14.45 3.2640527575455063
14.45 3.2640527575455063
14.45 3.2640527575455063
14.45 3.2640527575455063
14.46 3.273462319250911
14.46 3.273462319250911
14.46 3.273462319250911
14.47 3.282814141383682
14.47 3.282814141383682
14.48 3.292108716002527
14.48 3.292108716002527
14.49 3.3013465266295365
14.49 3.3013465266295365
14.49 3.3013465266295365
14.49 3.3013465266295365
14.49 3.3013465266295365
14.49 3.3013465266295365
14.49 3.3013465266295365
14.49 3.3013465266295365
14.49 3.3013465266295365
14.49 3.3013465266295365
14.49 3.3013465266295365
14.49 3.3013465266295365
14.49 3.3013465266295365
14.49 3.3013465266295365
14.49 3.3013465266295365
14.49 3.3013465266295365
14.49 3.3013465266295365
14.49 3.3013465266295365
14.49 3.3013465266295365
14.49 3.3013465266295365
14.49 3.3013465266295365
14.49 3.3013465266295365
14.49 3.3013465266295365
14.5 3.3105280484532917
14.5 3.3105280484532917
14.5 3.3105280484532917
14.5 3.3105280484532917
14.5 3.3105280484532917
14.51 3.319653748525744
14.51 3.319653748525744
14.51 3.319653748525744
14.52 3.32872408595306
14.52 3.32872408595306
14.52 3.32872408595306
14.54 3.346700470673173
14.54 3.346700470673173
14.54 3.346700470673173
14.54 3.346700470673173
14.55 3.355607398087714
14.55 3.355607398087714
14.55 3.355607398087714
14.55 3.355607398087714
14.55 3.355607398087714
14.55 3.355607398087714
14.55 3.355607398087714
14.55 3.355607398087714
14.55 3.355607398087714
14.55 3.355607398087714
14.55 3.355607398087714
14.55 3.355607398087714
14.55 3.355607398087714
14.56 3.364460723443799
14.56 3.364460723443799
14.56 3.364460723443799
14.57 3.3732608687868915
14.57 3.3732608687868915
14.57 3.3732608687868915
14.57 3.3732608687868915
14.57 3.3732608687868915
14.57 3.3732608687868915
14.57 3.3732608687868915
14.57 3.3732608687868915
14.57 3.3732608687868915
14.57 3.3732608687868915
14.58 3.3820082492477446
14.58 3.3820082492477446
14.59 3.3907032731969746
14.59 3.3907032731969746
14.59 3.3907032731969746
14.6 3.3993463423951886
14.6 3.3993463423951886
14.6 3.3993463423951886
14.6 3.3993463423951886
14.6 3.3993463423951886
14.6 3.3993463423951886
14.6 3.3993463423951886
14.6 3.3993463423951886
14.6 3.3993463423951886
14.6 3.3993463423951886
14.6 3.3993463423951886
14.6 3.3993463423951886
14.6 3.3993463423951886
14.6 3.3993463423951886
14.6 3.3993463423951886
14.61 3.4079378521387977
14.61 3.4079378521387977
14.61 3.4079378521387977
14.61 3.4079378521387977
14.61 3.4079378521387977
14.61 3.4079378521387977
14.63 3.4249677429727776
14.63 3.4249677429727776
14.64 3.4334068835899463
14.65 3.441795984069886
14.65 3.441795984069886
14.65 3.441795984069886
14.65 3.441795984069886
14.65 3.441795984069886
14.65 3.441795984069886
14.66 3.4501354094345844
14.66 3.4501354094345844
14.66 3.4501354094345844
14.66 3.4501354094345844
14.67 3.4584255190342144
14.67 3.4584255190342144
14.68 3.4666666666666646
14.68 3.4666666666666646
14.69 3.4748592006938153
14.69 3.4748592006938153
14.69 3.4748592006938153
14.69 3.4748592006938153
14.69 3.4748592006938153
14.69 3.4748592006938153
14.69 3.4748592006938153
14.69 3.4748592006938153
14.69 3.4748592006938153
14.69 3.4748592006938153
14.69 3.4748592006938153
14.7 3.483003464154626
14.71 3.4910997948752165
14.71 3.4910997948752165
14.71 3.4910997948752165
14.71 3.4910997948752165
14.72 3.4991485255759582
14.73 3.5071499839757383
14.73 3.5071499839757383
14.73 3.5071499839757383
14.73 3.5071499839757383
14.73 3.5071499839757383
14.74 3.5151044928934336
14.74 3.5151044928934336
14.74 3.5151044928934336
14.76 3.5308739296483953
14.76 3.5308739296483953
14.76 3.5308739296483953
14.76 3.5308739296483953
14.76 3.5308739296483953
14.76 3.5308739296483953
14.76 3.5308739296483953
14.76 3.5308739296483953
14.76 3.5308739296483953
14.76 3.5308739296483953
14.76 3.5308739296483953
14.77 3.5386894794998933
14.77 3.5386894794998933
14.78 3.5464593240827873
14.78 3.5464593240827873
14.78 3.5464593240827873
14.78 3.5464593240827873
14.78 3.5464593240827873
14.78 3.5464593240827873
14.78 3.5464593240827873
14.78 3.5464593240827873
14.78 3.5464593240827873
14.78 3.5464593240827873
14.78 3.5464593240827873
14.79 3.5541837631476265
14.79 3.5541837631476265
14.8 3.5618630921006336
14.8 3.5618630921006336
14.8 3.5618630921006336
14.81 3.569497602088162
14.81 3.569497602088162
14.81 3.569497602088162
14.81 3.569497602088162
14.81 3.569497602088162
14.83 3.584633308944718
14.83 3.584633308944718
14.84 3.592135067537737
14.85 3.599593130767795
14.85 3.599593130767795
14.85 3.599593130767795
14.85 3.599593130767795
14.85 3.599593130767795
14.85 3.599593130767795
14.85 3.599593130767795
14.85 3.599593130767795
14.86 3.60700776967628
14.87 3.6143792515088102
14.88 3.621707839786043
14.88 3.621707839786043
14.88 3.621707839786043
14.88 3.621707839786043
14.88 3.621707839786043
14.88 3.621707839786043
14.88 3.621707839786043
14.88 3.621707839786043
14.88 3.621707839786043
14.89 3.628993794372754
14.89 3.628993794372754
14.89 3.628993794372754
14.89 3.628993794372754
14.89 3.628993794372754
14.89 3.628993794372754
14.89 3.628993794372754
14.89 3.628993794372754
14.89 3.628993794372754
14.89 3.628993794372754
14.89 3.628993794372754
14.89 3.628993794372754
14.89 3.628993794372754
14.89 3.628993794372754
14.89 3.628993794372754
14.89 3.628993794372754
14.9 3.6362373715452376
14.9 3.6362373715452376
14.9 3.6362373715452376
14.9 3.6362373715452376
14.9 3.6362373715452376
14.9 3.6362373715452376
14.9 3.6362373715452376
14.9 3.6362373715452376
14.9 3.6362373715452376
14.9 3.6362373715452376
14.9 3.6362373715452376
14.9 3.6362373715452376
14.9 3.6362373715452376
14.9 3.6362373715452376
14.9 3.6362373715452376
14.91 3.643438824057082
14.91 3.643438824057082
14.91 3.643438824057082
14.91 3.643438824057082
14.92 3.650598401203382
14.92 3.650598401203382
14.92 3.650598401203382
14.92 3.650598401203382
14.92 3.650598401203382
14.92 3.650598401203382
14.92 3.650598401203382
14.92 3.650598401203382
14.92 3.650598401203382
14.92 3.650598401203382
14.93 3.657716348883396
14.93 3.657716348883396
14.93 3.657716348883396
14.93 3.657716348883396
14.94 3.6647929096617538
14.94 3.6647929096617538
14.94 3.6647929096617538
14.95 3.671828322828184
14.95 3.671828322828184
14.95 3.671828322828184
14.95 3.671828322828184
14.95 3.671828322828184
14.95 3.671828322828184
14.96 3.678822824455857
14.96 3.678822824455857
14.96 3.678822824455857
14.96 3.678822824455857
14.96 3.678822824455857
14.96 3.678822824455857
14.96 3.678822824455857
14.96 3.678822824455857
14.96 3.678822824455857
14.96 3.678822824455857
14.96 3.678822824455857
14.96 3.678822824455857
14.96 3.678822824455857
14.96 3.678822824455857
14.96 3.678822824455857
14.96 3.678822824455857
14.96 3.678822824455857
14.96 3.678822824455857
14.96 3.678822824455857
14.96 3.678822824455857
14.96 3.678822824455857
14.97 3.685776647458375
14.97 3.685776647458375
14.97 3.685776647458375
14.97 3.685776647458375
14.97 3.685776647458375
14.97 3.685776647458375
14.98 3.6926900216454146
14.98 3.6926900216454146
14.99 3.6995631737770975
14.99 3.6995631737770975
15.0 3.706396327617129
15.0 3.706396327617129
15.0 3.706396327617129
15.0 3.706396327617129
15.0 3.706396327617129
15.0 3.706396327617129
15.01 3.7131897039846744
15.01 3.7131897039846744
15.01 3.7131897039846744
15.01 3.7131897039846744
15.01 3.7131897039846744
15.01 3.7131897039846744
15.02 3.719943520805093
15.02 3.719943520805093
15.02 3.719943520805093
15.02 3.719943520805093
15.02 3.719943520805093
15.02 3.719943520805093
15.02 3.719943520805093
15.02 3.719943520805093
15.02 3.719943520805093
15.02 3.719943520805093
15.02 3.719943520805093
15.02 3.719943520805093
15.02 3.719943520805093
15.02 3.719943520805093
15.02 3.719943520805093
15.02 3.719943520805093
15.02 3.719943520805093
15.02 3.719943520805093
15.02 3.719943520805093
15.02 3.719943520805093
15.02 3.719943520805093
15.02 3.719943520805093
15.02 3.719943520805093
15.02 3.719943520805093
15.02 3.719943520805093
15.02 3.719943520805093
15.02 3.719943520805093
15.02 3.719943520805093
15.02 3.719943520805093
15.02 3.719943520805093
15.02 3.719943520805093
15.02 3.719943520805093
15.02 3.719943520805093
15.02 3.719943520805093
15.02 3.719943520805093
15.02 3.719943520805093
15.02 3.719943520805093
15.02 3.719943520805093
15.02 3.719943520805093
15.02 3.719943520805093
15.02 3.719943520805093
15.02 3.719943520805093
15.02 3.719943520805093
15.02 3.719943520805093
15.02 3.719943520805093
15.02 3.719943520805093
15.02 3.719943520805093
15.02 3.719943520805093
15.02 3.719943520805093
15.02 3.719943520805093
15.02 3.719943520805093
15.02 3.719943520805093
15.02 3.719943520805093
15.02 3.719943520805093
15.02 3.719943520805093
15.02 3.719943520805093
15.02 3.719943520805093
15.02 3.719943520805093
15.02 3.719943520805093
15.02 3.719943520805093
15.02 3.719943520805093
15.02 3.719943520805093
15.02 3.719943520805093
15.02 3.719943520805093
15.02 3.719943520805093
15.02 3.719943520805093
15.02 3.719943520805093
15.02 3.719943520805093
15.02 3.719943520805093
15.02 3.719943520805093
15.02 3.719943520805093
15.02 3.719943520805093
15.02 3.719943520805093
15.02 3.719943520805093
15.02 3.719943520805093
15.02 3.719943520805093
15.02 3.719943520805093
15.02 3.719943520805093
15.02 3.719943520805093
15.02 3.719943520805093
15.02 3.719943520805093
15.03 3.726657993159527
15.03 3.726657993159527
15.03 3.726657993159527
15.03 3.726657993159527
15.03 3.726657993159527
15.03 3.726657993159527
15.03 3.726657993159527
15.03 3.726657993159527
15.03 3.726657993159527
15.03 3.726657993159527
15.03 3.726657993159527
15.03 3.726657993159527
15.03 3.726657993159527
15.03 3.726657993159527
15.03 3.726657993159527
15.03 3.726657993159527
15.03 3.726657993159527
15.03 3.726657993159527
15.03 3.726657993159527
15.03 3.726657993159527
15.03 3.726657993159527
15.03 3.726657993159527
15.03 3.726657993159527
15.03 3.726657993159527
15.03 3.726657993159527
15.03 3.726657993159527
15.03 3.726657993159527
15.03 3.726657993159527
15.03 3.726657993159527
15.03 3.726657993159527
15.03 3.726657993159527
15.03 3.726657993159527
15.03 3.726657993159527
15.03 3.726657993159527
15.03 3.726657993159527
15.03 3.726657993159527
15.03 3.726657993159527
15.03 3.726657993159527
15.03 3.726657993159527
15.03 3.726657993159527
15.03 3.726657993159527
15.03 3.726657993159527
15.03 3.726657993159527
15.03 3.726657993159527
15.03 3.726657993159527
15.03 3.726657993159527
15.03 3.726657993159527
15.03 3.726657993159527
15.03 3.726657993159527
15.03 3.726657993159527
15.03 3.726657993159527
15.04 3.733333333333335
15.04 3.733333333333335
15.04 3.733333333333335
15.04 3.733333333333335
15.04 3.733333333333335
15.04 3.733333333333335
15.04 3.733333333333335
15.04 3.733333333333335
15.04 3.733333333333335
15.04 3.733333333333335
15.04 3.733333333333335
15.04 3.733333333333335
15.04 3.733333333333335
15.04 3.733333333333335
15.04 3.733333333333335
15.04 3.733333333333335
15.04 3.733333333333335
15.04 3.733333333333335
15.04 3.733333333333335
15.04 3.733333333333335
15.04 3.733333333333335
15.04 3.733333333333335
15.04 3.733333333333335
15.04 3.733333333333335
15.04 3.733333333333335
15.04 3.733333333333335
15.04 3.733333333333335
15.04 3.733333333333335
15.04 3.733333333333335
15.04 3.733333333333335
15.04 3.733333333333335
15.04 3.733333333333335
15.04 3.733333333333335
15.04 3.733333333333335
15.04 3.733333333333335
15.04 3.733333333333335
15.04 3.733333333333335
15.04 3.733333333333335
15.04 3.733333333333335
15.04 3.733333333333335
15.04 3.733333333333335
15.04 3.733333333333335
15.04 3.733333333333335
15.04 3.733333333333335
15.04 3.733333333333335
15.04 3.733333333333335
15.04 3.733333333333335
15.04 3.733333333333335
15.04 3.733333333333335
15.04 3.733333333333335
15.04 3.733333333333335
15.04 3.733333333333335
15.04 3.733333333333335
15.04 3.733333333333335
15.04 3.733333333333335
15.04 3.733333333333335
15.04 3.733333333333335
15.04 3.733333333333335
15.04 3.733333333333335
15.04 3.733333333333335
15.04 3.733333333333335
15.04 3.733333333333335
15.04 3.733333333333335
15.04 3.733333333333335
15.04 3.733333333333335
15.04 3.733333333333335
15.04 3.733333333333335
15.04 3.733333333333335
15.04 3.733333333333335
15.04 3.733333333333335
15.04 3.733333333333335
15.04 3.733333333333335
15.04 3.733333333333335
15.04 3.733333333333335
15.04 3.733333333333335
15.04 3.733333333333335
15.04 3.733333333333335
15.04 3.733333333333335
15.04 3.733333333333335
15.04 3.733333333333335
15.04 3.733333333333335
15.04 3.733333333333335
15.04 3.733333333333335
15.04 3.733333333333335
15.04 3.733333333333335
15.04 3.733333333333335
15.04 3.733333333333335
15.04 3.733333333333335
15.04 3.733333333333335
15.04 3.733333333333335
15.04 3.733333333333335
15.04 3.733333333333335
15.04 3.733333333333335
15.04 3.733333333333335
15.04 3.733333333333335
15.04 3.733333333333335
15.04 3.733333333333335
15.04 3.733333333333335
15.04 3.733333333333335
15.04 3.733333333333335
15.04 3.733333333333335
15.04 3.733333333333335
15.04 3.733333333333335
15.04 3.733333333333335
15.04 3.733333333333335
15.04 3.733333333333335
15.04 3.733333333333335
15.04 3.733333333333335
15.04 3.733333333333335
15.04 3.733333333333335
15.04 3.733333333333335
15.04 3.733333333333335
15.04 3.733333333333335
15.04 3.733333333333335
15.04 3.733333333333335
15.04 3.733333333333335
15.04 3.733333333333335
15.04 3.733333333333335
15.04 3.733333333333335
15.04 3.733333333333335
15.04 3.733333333333335
15.04 3.733333333333335
15.04 3.733333333333335
15.04 3.733333333333335
15.04 3.733333333333335
15.04 3.733333333333335
15.04 3.733333333333335
15.04 3.733333333333335
15.04 3.733333333333335
15.04 3.733333333333335
15.04 3.733333333333335
15.04 3.733333333333335
15.04 3.733333333333335
15.04 3.733333333333335
15.04 3.733333333333335
15.04 3.733333333333335
15.04 3.733333333333335
15.04 3.733333333333335
15.04 3.733333333333335
15.04 3.733333333333335
15.04 3.733333333333335
15.04 3.733333333333335
15.05 3.7426696030475073
15.05 3.7426696030475073
15.05 3.7426696030475073
15.05 3.7426696030475073
15.05 3.7426696030475073
15.05 3.7426696030475073
15.05 3.7426696030475073
15.05 3.7426696030475073
15.05 3.7426696030475073
15.05 3.7426696030475073
15.05 3.7426696030475073
15.06 3.751955718978002
15.06 3.751955718978002
15.06 3.751955718978002
15.06 3.751955718978002
15.06 3.751955718978002
15.06 3.751955718978002
15.06 3.751955718978002
15.06 3.751955718978002
15.06 3.751955718978002
15.06 3.751955718978002
15.06 3.751955718978002
15.06 3.751955718978002
15.06 3.751955718978002
15.06 3.751955718978002
15.06 3.751955718978002
15.06 3.751955718978002
15.06 3.751955718978002
15.06 3.751955718978002
15.06 3.751955718978002
15.06 3.751955718978002
15.06 3.751955718978002
15.06 3.751955718978002
15.06 3.751955718978002
15.06 3.751955718978002
15.06 3.751955718978002
15.06 3.751955718978002
15.06 3.751955718978002
15.07 3.7611920526032243
15.07 3.7611920526032243
15.07 3.7611920526032243
15.07 3.7611920526032243
15.08 3.770378969779771
15.08 3.770378969779771
15.08 3.770378969779771
15.09 3.7795168308591376
15.09 3.7795168308591376
15.09 3.7795168308591376
15.09 3.7795168308591376
15.09 3.7795168308591376
15.09 3.7795168308591376
15.09 3.7795168308591376
15.09 3.7795168308591376
15.09 3.7795168308591376
15.09 3.7795168308591376
15.09 3.7795168308591376
15.09 3.7795168308591376
15.09 3.7795168308591376
15.09 3.7795168308591376
15.09 3.7795168308591376
15.09 3.7795168308591376
15.09 3.7795168308591376
15.09 3.7795168308591376
15.09 3.7795168308591376
15.09 3.7795168308591376
15.09 3.7795168308591376
15.09 3.7795168308591376
15.09 3.7795168308591376
15.09 3.7795168308591376
15.09 3.7795168308591376
15.09 3.7795168308591376
15.09 3.7795168308591376
15.09 3.7795168308591376
15.09 3.7795168308591376
15.09 3.7795168308591376
15.09 3.7795168308591376
15.09 3.7795168308591376
15.09 3.7795168308591376
15.09 3.7795168308591376
15.09 3.7795168308591376
15.09 3.7795168308591376
15.09 3.7795168308591376
15.09 3.7795168308591376
15.09 3.7795168308591376
15.09 3.7795168308591376
15.09 3.7795168308591376
15.1 3.788605990801282
15.1 3.788605990801282
15.1 3.788605990801282
15.1 3.788605990801282
15.1 3.788605990801282
15.1 3.788605990801282
15.1 3.788605990801282
15.1 3.788605990801282
15.1 3.788605990801282
15.1 3.788605990801282
15.1 3.788605990801282
15.1 3.788605990801282
15.1 3.788605990801282
15.1 3.788605990801282
15.1 3.788605990801282
15.1 3.788605990801282
15.1 3.788605990801282
15.1 3.788605990801282
15.1 3.788605990801282
15.1 3.788605990801282
15.1 3.788605990801282
15.11 3.797646799285212
15.11 3.797646799285212
15.11 3.797646799285212
15.11 3.797646799285212
15.11 3.797646799285212
15.11 3.797646799285212
15.11 3.797646799285212
15.11 3.797646799285212
15.11 3.797646799285212
15.11 3.797646799285212
15.12 3.785351884420903
15.12 3.785351884420903
15.12 3.785351884420903
15.12 3.785351884420903
15.12 3.785351884420903
15.12 3.785351884420903
15.13 3.7943472043384125
15.13 3.7943472043384125
15.13 3.7943472043384125
15.13 3.7943472043384125
15.13 3.7943472043384125
15.13 3.7943472043384125
15.13 3.7943472043384125
15.13 3.7943472043384125
15.13 3.7943472043384125
15.13 3.7943472043384125
15.13 3.7943472043384125
15.13 3.7943472043384125
15.13 3.7943472043384125
15.13 3.7943472043384125
15.13 3.7943472043384125
15.14 3.8032946907977694
15.14 3.8032946907977694
15.14 3.8032946907977694
15.14 3.8032946907977694
15.15 3.8121946806043723
15.16 3.821047505646066
15.16 3.821047505646066
15.17 3.8298534929913153
15.17 3.8298534929913153
15.17 3.8298534929913153
15.19 3.8473262393406653
15.19 3.8473262393406653
15.19 3.8473262393406653
15.19 3.8473262393406653
15.19 3.8473262393406653
15.19 3.8473262393406653
15.19 3.8473262393406653
15.19 3.8473262393406653
15.19 3.8473262393406653
15.19 3.8473262393406653
15.19 3.8473262393406653
15.19 3.8473262393406653
15.19 3.8473262393406653
15.2 3.855993629233179
15.21 3.864615443385348
15.21 3.864615443385348
15.21 3.864615443385348
15.22 3.8731919861551076
15.22 3.8731919861551076
15.23 3.881723557619449
15.24 3.89021045365638
15.24 3.89021045365638
15.24 3.89021045365638
15.24 3.89021045365638
15.24 3.89021045365638
15.24 3.89021045365638
15.24 3.89021045365638
15.24 3.89021045365638
15.25 3.8986529660249256
15.25 3.8986529660249256
15.25 3.8986529660249256
15.25 3.8986529660249256
15.25 3.8986529660249256
15.26 3.907051382443094
15.26 3.907051382443094
15.26 3.907051382443094
15.27 3.9154059866639677
15.27 3.9154059866639677
15.27 3.9154059866639677
15.27 3.9154059866639677
15.27 3.9154059866639677
15.27 3.9154059866639677
15.27 3.9154059866639677
15.28 3.9237170585499106
15.28 3.9237170585499106
15.28 3.9237170585499106
15.29 3.9319848741449976
15.29 3.9319848741449976
15.3 3.940209705745687
15.3 3.940209705745687
15.3 3.940209705745687
15.31 3.948391821969799
15.31 3.948391821969799
15.32 3.9565314878238254
15.33 3.9646289647686865
15.33 3.9646289647686865
15.33 3.9646289647686865
15.33 3.9646289647686865
15.33 3.9646289647686865
15.33 3.9646289647686865
15.33 3.9646289647686865
15.33 3.9646289647686865
15.33 3.9646289647686865
15.33 3.9646289647686865
15.34 3.972684510783887
15.34 3.972684510783887
15.34 3.972684510783887
15.35 3.980698380430196
15.35 3.980698380430196
15.35 3.980698380430196
15.35 3.980698380430196
15.35 3.980698380430196
15.35 3.980698380430196
15.35 3.980698380430196
15.35 3.980698380430196
15.35 3.980698380430196
15.35 3.980698380430196
15.35 3.980698380430196
15.35 3.980698380430196
15.35 3.980698380430196
15.35 3.980698380430196
15.35 3.980698380430196
15.35 3.980698380430196
15.35 3.980698380430196
15.35 3.980698380430196
15.35 3.980698380430196
15.35 3.980698380430196
15.36 3.988670824910843
15.36 3.988670824910843
15.36 3.988670824910843
15.36 3.988670824910843
15.36 3.988670824910843
15.36 3.988670824910843
15.36 3.988670824910843
15.37 3.9966020921312992
15.38 4.004492426757676
15.38 4.004492426757676
15.38 4.004492426757676
15.38 4.004492426757676
15.38 4.004492426757676
15.38 4.004492426757676
15.38 4.004492426757676
15.38 4.004492426757676
15.39 4.012342070273781
15.39 4.012342070273781
15.39 4.012342070273781
15.39 4.012342070273781
15.39 4.012342070273781
15.39 4.012342070273781
15.4 4.020151261036849
15.4 4.020151261036849
15.4 4.020151261036849
15.41 4.027920234332031
15.41 4.027920234332031
15.41 4.027920234332031
15.42 4.035649222425637
15.42 4.035649222425637
15.42 4.035649222425637
15.42 4.035649222425637
15.42 4.035649222425637
15.42 4.035649222425637
15.43 4.043338454617156
15.43 4.043338454617156
15.43 4.043338454617156
15.43 4.043338454617156
15.43 4.043338454617156
15.43 4.043338454617156
15.43 4.043338454617156
15.43 4.043338454617156
15.44 4.050988157290152
15.44 4.050988157290152
15.44 4.050988157290152
15.44 4.050988157290152
15.44 4.050988157290152
15.44 4.050988157290152
15.44 4.050988157290152
15.44 4.050988157290152
15.44 4.050988157290152
15.44 4.050988157290152
15.44 4.050988157290152
15.44 4.050988157290152
15.44 4.050988157290152
15.44 4.050988157290152
15.44 4.050988157290152
15.44 4.050988157290152
15.44 4.050988157290152
15.44 4.050988157290152
15.44 4.050988157290152
15.44 4.050988157290152
15.44 4.050988157290152
15.45 4.058598553961974
15.45 4.058598553961974
15.45 4.058598553961974
15.45 4.058598553961974
15.45 4.058598553961974
15.45 4.058598553961974
15.45 4.058598553961974
15.45 4.058598553961974
15.45 4.058598553961974
15.45 4.058598553961974
15.45 4.058598553961974
15.45 4.058598553961974
15.45 4.058598553961974
15.45 4.058598553961974
15.45 4.058598553961974
15.45 4.058598553961974
15.45 4.058598553961974
15.45 4.058598553961974
15.45 4.058598553961974
15.45 4.058598553961974
15.45 4.058598553961974
15.45 4.058598553961974
15.46 4.066169865332409
15.46 4.066169865332409
15.46 4.066169865332409
15.47 4.073702309331221
15.47 4.073702309331221
15.47 4.073702309331221
15.47 4.073702309331221
15.47 4.073702309331221
15.47 4.073702309331221
15.47 4.073702309331221
15.47 4.073702309331221
15.47 4.073702309331221
15.47 4.073702309331221
15.47 4.073702309331221
15.47 4.073702309331221
15.47 4.073702309331221
15.47 4.073702309331221
15.49 4.088651453360961
15.49 4.088651453360961
15.49 4.088651453360961
15.49 4.088651453360961
15.49 4.088651453360961
15.49 4.088651453360961
15.5 4.096068575814836
15.5 4.096068575814836
15.51 4.103447675831001
15.51 4.103447675831001
15.51 4.103447675831001
15.51 4.103447675831001
15.52 4.110788958166773
15.52 4.110788958166773
15.52 4.110788958166773
15.53 4.118092625073755
15.53 4.118092625073755
15.53 4.118092625073755
15.53 4.118092625073755
15.53 4.118092625073755
15.53 4.118092625073755
15.53 4.118092625073755
15.53 4.118092625073755
15.53 4.118092625073755
15.53 4.118092625073755
15.53 4.118092625073755
15.53 4.118092625073755
15.53 4.118092625073755
15.53 4.118092625073755
15.53 4.118092625073755
15.53 4.118092625073755
15.53 4.118092625073755
15.53 4.118092625073755
15.53 4.118092625073755
15.53 4.118092625073755
15.53 4.118092625073755
15.53 4.118092625073755
15.53 4.118092625073755
15.53 4.118092625073755
15.53 4.118092625073755
15.53 4.118092625073755
15.53 4.118092625073755
15.53 4.118092625073755
15.53 4.118092625073755
15.54 4.125358876338622
15.54 4.125358876338622
15.54 4.125358876338622
15.54 4.125358876338622
15.54 4.125358876338622
15.54 4.125358876338622
15.54 4.125358876338622
15.54 4.125358876338622
15.54 4.125358876338622
15.54 4.125358876338622
15.54 4.125358876338622
15.54 4.125358876338622
15.54 4.125358876338622
15.54 4.125358876338622
15.54 4.125358876338622
15.54 4.125358876338622
15.54 4.125358876338622
15.54 4.125358876338622
15.54 4.125358876338622
15.54 4.125358876338622
15.54 4.125358876338622
15.54 4.125358876338622
15.54 4.125358876338622
15.54 4.125358876338622
15.54 4.125358876338622
15.54 4.125358876338622
15.54 4.125358876338622
15.54 4.125358876338622
15.54 4.125358876338622
15.55 4.132587909323021
15.55 4.132587909323021
15.55 4.132587909323021
15.55 4.132587909323021
15.55 4.132587909323021
15.55 4.132587909323021
15.55 4.132587909323021
15.55 4.132587909323021
15.55 4.132587909323021
15.55 4.132587909323021
15.55 4.132587909323021
15.55 4.132587909323021
15.55 4.132587909323021
15.56 4.139779919002673
15.56 4.139779919002673
15.56 4.139779919002673
15.56 4.139779919002673
15.56 4.139779919002673
15.56 4.139779919002673
15.56 4.139779919002673
15.56 4.139779919002673
15.56 4.139779919002673
15.56 4.139779919002673
15.56 4.139779919002673
15.56 4.139779919002673
15.57 4.146935098005596
15.57 4.146935098005596
