19.543333333333333 0.9948727767703854
19.703333333333333 0.9662012196658051
19.836666666666666 0.9512256686384606
19.926666666666666 0.9588993876392424
19.998333333333335 0.9643030416570971
20.041666666666668 0.9668618957386167
20.101666666666667 0.9727491748394351
20.171666666666667 1.0052602328660258
20.22 1.008279580699103
20.256666666666668 1.0177664941510822
20.298333333333332 1.0154058156748913
20.34 1.0228116017239124
20.37 1.0254361016974385
20.413333333333334 1.028389451356663
20.446666666666665 1.040332980382888
20.483333333333334 1.036748266054735
20.501666666666665 1.0336559533707452
20.516666666666666 1.035136739278388
20.528333333333332 1.0413154110054998
20.56 1.0559000306806086
20.58 1.0624569126096044
20.606666666666666 1.0663883888537127
20.628333333333334 1.0624241764820228
20.645 1.064987635815899
20.68 1.0737107422066137
20.706666666666667 1.0751195401434324
20.72 1.0693483263519816
20.741666666666667 1.0802200460100233
20.77 1.0950335599860963
20.798333333333332 1.107417948688459
20.81 1.1117373490272104
20.821666666666665 1.112921776386891
20.833333333333332 1.1139825630623246
20.855 1.1237198243955502
20.868333333333332 1.1283257895518701
20.878333333333334 1.127970634284666
20.9 1.1323148390905708
20.918333333333333 1.1389289504379974
20.925 1.1364539347944773
20.936666666666667 1.1320150111776122
20.975 1.13718819682217
20.985 1.1432205628948866
21.0 1.1498711548638743
21.016666666666666 1.1555436053774777
21.036666666666665 1.1622852779479131
21.045 1.1684393083777456
21.065 1.1774629640543037
21.06833333333333 1.1801066229900203
21.081666666666667 1.1778409929031821
21.09 1.1835968496511664
21.096666666666668 1.1802445442347478
21.118333333333332 1.1860333106249998
21.123333333333335 1.1819972156983802
21.136666666666667 1.1847622792439876
21.14666666666667 1.184973625463435
21.165 1.1790215518384317
21.175 1.1789932322690477
21.188333333333333 1.1811812749232224
21.2 1.1898289042416748
21.213333333333335 1.1917169144680582
21.223333333333333 1.1842548944296243
21.233333333333334 1.1935646399777602
21.241666666666667 1.192602640160489
21.248333333333335 1.192630636568172
21.258333333333333 1.1905010332092767
21.263333333333332 1.1915067643554218
21.27166666666667 1.1987182451578624
21.283333333333335 1.1953117469972963
21.3 1.2010012517386512
21.308333333333334 1.2065198046256065
21.316666666666666 1.2091977316162248
21.323333333333334 1.208811094695932
21.326666666666668 1.2134288489681124
21.331666666666667 1.212757955510214
21.343333333333334 1.210191373636246
21.35 1.2151657141537304
21.363333333333333 1.219481083252041
21.373333333333335 1.2260209764164913
21.376666666666665 1.2222706184242895
21.386666666666667 1.215023741898839
21.395 1.2130240636380403
21.405 1.212473430512809
21.413333333333334 1.2130986093260527
21.42 1.2135572512260622
21.426666666666666 1.2126030812305908
21.438333333333333 1.2132534203505185
21.446666666666665 1.2177686519635216
21.448333333333334 1.2192106790962176
21.458333333333332 1.2209621082047097
21.465 1.2279881615368997
21.473333333333333 1.2295562491560206
21.486666666666668 1.2338393282902078
21.496666666666666 1.2339069790481787
21.5 1.2325577732669306
21.508333333333333 1.2298175912447753
21.526666666666667 1.2336228209341136
21.533333333333335 1.2321062041829849
21.538333333333334 1.2360191994157825
21.541666666666668 1.2359111414140378
21.546666666666667 1.2357321495634335
21.553333333333335 1.2314014257508032
21.561666666666667 1.2377738197817651
21.57 1.2359798043635852
21.581666666666667 1.2379626305668578
21.59 1.237383744391695
21.591666666666665 1.2386097633227984
21.601666666666667 1.2337750566342467
21.61 1.2330588212900782
21.611666666666668 1.2329087539425343
21.616666666666667 1.2365019682224219
21.621666666666666 1.2333149090954787
21.635 1.2319244009066697
21.648333333333333 1.2358030739637442
21.651666666666667 1.239445143062003
21.66 1.2424328549254988
21.666666666666668 1.2509317617986555
21.676666666666666 1.2495564043164116
21.686666666666667 1.2574275707630564
21.696666666666665 1.2598813663665895
21.705 1.2651651030187716
21.715 1.264821973391494
21.721666666666668 1.2636687276779
21.725 1.2591070583183803
21.733333333333334 1.2602390883566224
21.74 1.2642773939612522
21.745 1.2606706485598167
21.751666666666665 1.26596537713941
21.758333333333333 1.2712030328814197
21.763333333333332 1.2701749733772478
21.77166666666667 1.2684158177427622
21.776666666666667 1.2752120733204029
21.781666666666666 1.2741151850323824
21.788333333333334 1.2765499815183188
21.795 1.273713302105279
21.798333333333332 1.2794760596435155
21.81 1.2793075130142806
21.813333333333333 1.2784938272564084
21.81833333333333 1.2772559885640733
21.826666666666668 1.2803727893423749
21.83 1.2769041233521536
21.833333333333332 1.279955480583612
21.84 1.2808073413839083
21.848333333333333 1.2759482599851655
21.851666666666667 1.2763407192471115
21.856666666666666 1.2788724513415033
21.861666666666668 1.2761575866112047
21.868333333333332 1.2794760596435208
21.881666666666668 1.2833844637098164
21.883333333333333 1.2841874673534766
21.888333333333332 1.2839827003690416
21.89666666666667 1.2827306363241253
21.901666666666667 1.2785623795835526
21.903333333333332 1.2767297888793525
21.905 1.2775086616670663
21.913333333333334 1.2774487652355686
21.915 1.2782141391968431
21.92 1.276577226685803
21.925 1.274918570839118
21.93166666666667 1.2779093510122448
21.933333333333334 1.2786505128894223
21.938333333333333 1.2782489675048005
21.946666666666665 1.2779714030710323
21.948333333333334 1.2773866877884412
21.956666666666667 1.2731157036500447
21.963333333333335 1.2733254959304565
21.97 1.2735002964304047
21.975 1.27295287227181
21.97833333333333 1.2756342056404264
21.988333333333333 1.2770729871780524
21.99 1.2764333656305022
21.993333333333332 1.2751466139365968
22.0 1.2777797940190394
22.001666666666665 1.2771252759641154
22.008333333333333 1.2744820109424455
22.01 1.2764333656305031
22.015 1.2731102398475442
22.02 1.2736969183180515
22.026666666666667 1.276193561167277
22.03 1.273500296430405
22.035 1.2740278299625958
22.04 1.274535497566706
22.045 1.2776393350436375
22.046666666666667 1.276925913487721
22.053333333333335 1.2792770635131983
22.05666666666667 1.2791335061020581
22.065 1.2793890706075284
22.065 1.2793890706075284
22.075 1.2814491223175755
22.08 1.281797569176678
22.081666666666667 1.2784318005548823
22.095 1.2827252134766833
22.10333333333333 1.2801250286738715
22.108333333333334 1.276445354671059
22.113333333333333 1.2727353670001151
22.116666666666667 1.2737449768296991
22.121666666666666 1.275241528946881
22.125 1.273608442225021
22.131666666666668 1.2676785490527394
22.135 1.2712730727013932
22.136666666666667 1.2717512102570192
22.138333333333332 1.2682841940526188
22.145 1.266220303275614
22.14666666666667 1.2666871685070134
22.151666666666667 1.265437780710817
22.153333333333332 1.264576666635341
22.158333333333335 1.2659390025401975
22.161666666666665 1.2694683159618252
22.166666666666668 1.2747275942810694
22.171666666666667 1.2760267614940382
22.176666666666666 1.281220029305943
22.18 1.276838750714262
22.183333333333334 1.2750549651534568
22.191666666666666 1.2744820109424573
22.196666666666665 1.280907267500443
22.2 1.2790856500512167
22.2 1.2790856500512167
22.203333333333333 1.2785591152703761
22.21 1.277479258315258
22.211666666666666 1.275241528946894
22.215 1.2786059029629997
22.216666666666665 1.2802815146743793
22.22 1.2823184345601055
22.225 1.2807975655843042
22.236666666666668 1.2819495101080798
22.238333333333333 1.2822913113775167
22.24 1.2800250414912708
22.243333333333332 1.2806987171967024
22.246666666666666 1.2813633529536879
22.253333333333334 1.280059820527584
22.261666666666667 1.2777264432035702
22.27 1.2766426127154804
22.27 1.2766426127154804
22.273333333333333 1.2746228178439665
22.278333333333332 1.2741937994747623
22.283333333333335 1.2750549651534562
22.286666666666665 1.2756178465249104
22.3 1.2764726020717199
22.301666666666666 1.2780399834202874
22.305 1.2811624781785074
22.30666666666667 1.2840184556876317
22.308333333333334 1.2829681345533703
22.31 1.281914782340057
22.313333333333333 1.281102752576853
22.31833333333333 1.2844246962054975
22.32 1.283359531130527
22.323333333333334 1.2851231295037535
22.326666666666668 1.286875662411257
22.33 1.2847246900466054
22.341666666666665 1.2810147879841025
22.346666666666668 1.2803206331860135
22.348333333333333 1.279215074789288
22.358333333333334 1.2764453546710512
22.361666666666668 1.2807280466351811
22.365 1.2771688483171908
22.373333333333335 1.2727878339846972
22.375 1.2742636749074532
22.38 1.2747450561833085
22.386666666666667 1.2766644073145186
22.39 1.2795684790145037
22.398333333333333 1.2724106794260293
22.408333333333335 1.2744820109424562
22.413333333333334 1.2787549593121812
22.416666666666668 1.2789768796398622
22.418333333333333 1.280389087705532
22.418333333333333 1.280389087705532
22.42 1.2804944787790604
22.423333333333332 1.2793945075955568
22.425 1.282100347933143
22.428333333333335 1.2822913113775143
22.43166666666667 1.2824735681397867
22.436666666666667 1.282730636324117
22.438333333333333 1.2828119762848136
22.44 1.2841918006934403
22.44333333333333 1.2843434583815094
22.448333333333334 1.2832543753579624
22.451666666666668 1.2807801862007746
22.451666666666668 1.2807801862007746
22.453333333333333 1.2795380357236985
22.46 1.277152508858988
22.46 1.277152508858988
22.468333333333334 1.2786929452776103
22.475 1.2775347974116655
22.483333333333334 1.2828868044937285
22.488333333333333 1.2777264432035798
22.493333333333332 1.2764551638023038
22.495 1.2751542510378575
22.498333333333335 1.2725418762986926
22.505 1.272533130261336
22.51 1.2711909943987159
22.513333333333332 1.2685309772683484
22.515 1.268512333102068
22.516666666666666 1.2684914951801864
22.52 1.272385531813877
22.523333333333333 1.2762589668531303
22.525 1.2762273545235028
22.528333333333332 1.2761575866112045
22.531666666666666 1.2773866877884408
22.536666666666665 1.2720137265072742
22.541666666666668 1.2744820109424566
22.545 1.274368480872678
22.546666666666667 1.274308436842994
22.55 1.271558663894911
22.553333333333335 1.271422988721412
22.558333333333334 1.2764453546710675
22.563333333333333 1.2840314573748108
22.56833333333333 1.2876700064968585
22.571666666666665 1.2861911606464578
22.573333333333334 1.2873944732566873
22.575 1.2860007763065733
22.578333333333333 1.2805976884336456
22.578333333333333 1.2805976884336456
22.58 1.2791900609448361
22.583333333333332 1.2776709124378287
22.585 1.2775609326215873
22.59 1.2811331586856274
22.591666666666665 1.2823173496438225
22.598333333333333 1.2818225321374979
22.60333333333333 1.2827306363241284
22.605 1.279989174620335
22.61 1.2808725114745403
22.613333333333333 1.2792770635131958
22.615 1.280432548993066
22.62 1.278667921219035
22.62 1.278667921219035
22.625 1.2807975655843034
22.631666666666668 1.2762099129030031
22.635 1.275861030421518
22.638333333333332 1.27288292488207
22.641666666666666 1.2712030328814048
22.645 1.268196437336419
22.651666666666667 1.2687316588858817
22.655 1.272270721183178
22.656666666666666 1.2746883041264128
22.66 1.2755829463772541
22.665 1.2723232073284327
22.666666666666668 1.2734172691847674
22.666666666666668 1.2734172691847674
22.675 1.272296964526465
22.678333333333335 1.2731452077783754
22.68 1.2742210950217105
22.685 1.274813810098315
22.686666666666667 1.2745704263954813
22.688333333333333 1.2743248127680373
22.69333333333333 1.28011198731034
22.698333333333334 1.2832543753579637
22.7 1.2829952434275724
22.703333333333333 1.2824703137818665
22.708333333333332 1.2842687150448566
22.708333333333332 1.2842687150448566
22.715 1.2909502653650424
22.715 1.2909502653650424
22.716666666666665 1.2906711208227093
22.723333333333333 1.2908263283282573
22.726666666666667 1.2889496528445779
22.726666666666667 1.2889496528445779
22.72833333333333 1.2886549608937026
22.733333333333334 1.2929327182464223
22.736666666666668 1.29103324264388
22.74 1.2917097933813086
22.74 1.2917097933813086
22.741666666666667 1.2926905934934367
22.743333333333332 1.2949583329315875
22.743333333333332 1.2949583329315875
22.748333333333335 1.2940072050159757
22.751666666666665 1.2946521137800149
22.755 1.2991489444888937
22.758333333333333 1.2972028037585486
22.761666666666667 1.2978203978970073
22.766666666666666 1.3019398223640477
22.766666666666666 1.3019398223640477
22.77166666666667 1.2996200377905018
22.77166666666667 1.2996200377905018
22.775 1.2989176179793553
22.775 1.2989176179793553
22.78 1.3029823246039742
22.78 1.3029823246039742
22.785 1.3006130569362797
22.793333333333333 1.2987558791441838
22.796666666666667 1.2967104478377012
22.801666666666666 1.2929746819262862
22.805 1.290898536570366
22.813333333333333 1.2953579205994057
22.815 1.2936631222190897
22.816666666666666 1.2932554807357157
22.821666666666665 1.290726092282061
22.826666666666668 1.2933458397986328
22.828333333333333 1.29163116794704
22.833333333333332 1.296800566163859
22.833333333333332 1.296800566163859
22.833333333333332 1.296800566163859
22.836666666666666 1.298511626039791
22.838333333333335 1.2980776420654827
22.84 1.297641368741685
22.846666666666668 1.298447341270451
22.848333333333333 1.2980004741680466
22.85 1.2975513088114603
22.85333333333333 1.300502877780004
22.856666666666666 1.298305903573699
22.865 1.3036900243024763
22.866666666666667 1.301939822364036
22.868333333333332 1.3014684998040533
22.868333333333332 1.3014684998040533
22.87 1.3022774451860781
22.87 1.3022774451860781
22.871666666666666 1.2992346105217059
22.876666666666665 1.2939265688198907
22.883333333333333 1.2932554807357202
22.89 1.291257362402993
22.891666666666666 1.289457919087469
22.89666666666667 1.2905158946507145
22.898333333333333 1.29000157454404
22.9 1.2868929594758738
22.903333333333332 1.2819495101080771
22.906666666666666 1.280894234101246
22.911666666666665 1.2779877320594233
22.918333333333333 1.2810408521968424
22.918333333333333 1.2810408521968424
22.926666666666666 1.2860970537281522
22.928333333333335 1.2868399864811926
22.93 1.2862830975379027
22.93 1.2862830975379027
22.935 1.2884908541139284
22.935 1.2884908541139284
22.935 1.2884908541139284
22.936666666666667 1.2918088761538051
22.936666666666667 1.2918088761538051
22.941666666666666 1.2965591637087743
22.94333333333333 1.2959892756345723
22.946666666666665 1.2948423005116185
22.95 1.2962640552120324
22.955 1.2970912623654651
22.955 1.2970912623654651
22.955 1.2970912623654651
22.955 1.2970912623654651
22.958333333333332 1.2959152039834316
22.961666666666666 1.2947294812449797
22.968333333333334 1.2897427195737008
22.97 1.2891352849765625
22.973333333333333 1.2905029582935816
22.976666666666667 1.2892734124727272
22.97833333333333 1.289949807705536
22.98 1.2906236925842387
22.98 1.2906236925842387
22.981666666666666 1.291295071039034
22.986666666666668 1.29070992444882
22.986666666666668 1.29070992444882
22.99 1.2920328613692786
22.991666666666667 1.2939814019799485
22.993333333333332 1.2946359949762163
22.995 1.2939986040611455
23.0 1.2933630503329725
23.003333333333334 1.2920673171868664
23.006666666666668 1.2933458397986413
23.011666666666667 1.2926647641763687
23.015 1.296499074334254
23.016666666666666 1.2958346865168398
23.018333333333334 1.295167809583189
23.018333333333334 1.295167809583189
23.018333333333334 1.295167809583189
23.018333333333334 1.295167809583189
23.02 1.298361623293531
23.02166666666667 1.2964046425470626
23.025 1.2963445460100331
23.028333333333332 1.293697534616957
23.031666666666666 1.293620105434429
23.033333333333335 1.2929327182464156
23.036666666666665 1.2915503834063289
23.041666666666668 1.293336158772423
23.046666666666667 1.295100136216091
23.046666666666667 1.295100136216091
23.046666666666667 1.295100136216091
23.05 1.2949755220355066
23.053333333333335 1.2922611140427516
23.053333333333335 1.2922611140427516
23.058333333333334 1.2939814019799467
23.058333333333334 1.2939814019799467
23.061666666666667 1.2951162492432744
23.063333333333333 1.2931005647950833
23.06833333333333 1.289613272604228
23.071666666666665 1.2907260922820671
23.073333333333334 1.2886905865782672
23.073333333333334 1.2886905865782672
23.075 1.2879465609669192
23.076666666666668 1.2871999436945638
23.076666666666668 1.2871999436945638
23.078333333333333 1.2877477934445953
23.078333333333333 1.2877477934445953
23.081666666666667 1.2862430787575254
23.083333333333332 1.2841874673534803
23.086666666666666 1.2839664476223298
23.088333333333335 1.2845026796828463
23.088333333333335 1.2845026796828463
23.088333333333335 1.2845026796828463
23.088333333333335 1.2845026796828463
23.093333333333334 1.280894234101246
23.095 1.2840260400211536
23.095 1.2840260400211536
23.098333333333333 1.282473568139779
23.10333333333333 1.2775141066579538
23.10333333333333 1.2775141066579538
23.106666666666666 1.278546057934291
23.11 1.2756483833708492
23.111666666666668 1.2761575866112072
23.111666666666668 1.2761575866112072
23.113333333333333 1.2753560721383381
23.116666666666667 1.2789768796398613
23.121666666666666 1.2765499815183048
23.125 1.2801456772277422
23.125 1.2801456772277422
23.126666666666665 1.2806335382618608
23.131666666666668 1.2768638106210468
23.135 1.2778222553210095
23.138333333333332 1.276157586611207
23.138333333333332 1.276157586611207
23.143333333333334 1.2736401195572498
23.145 1.2701694969248019
23.14666666666667 1.2693203611332817
23.153333333333332 1.2685309772683402
23.155 1.2663521414850436
23.155 1.2663521414850436
23.156666666666666 1.2681229364137594
23.156666666666666 1.2681229364137594
23.156666666666666 1.2681229364137594
23.16 1.2650694319995448
23.163333333333334 1.2659620803445677
23.171666666666667 1.2575769247876971
23.173333333333332 1.2553546967211544
23.176666666666666 1.2588738994487978
23.178333333333335 1.2566473224592358
23.183333333333334 1.255261602897338
23.183333333333334 1.255261602897338
23.185 1.2516866750725804
23.188333333333333 1.2538543802612652
23.19 1.2516033123234587
23.19 1.2516033123234587
23.19333333333333 1.2497567932572835
23.2 1.2473678464031366
23.201666666666668 1.246429513895891
23.201666666666668 1.246429513895891
23.205 1.247223962521492
23.206666666666667 1.2449385562764668
23.213333333333335 1.2397784640634273
23.213333333333335 1.2397784640634273
23.215 1.2388164150444776
23.218333333333334 1.238232310316904
23.223333333333333 1.2380131999947117
23.225 1.23838510277348
23.226666666666667 1.2360563421721265
23.22833333333333 1.2364243328135744
23.231666666666666 1.2438820790572964
23.233333333333334 1.2469216407560986
23.236666666666668 1.2449519660956316
23.241666666666667 1.2446602699270195
23.243333333333332 1.2450056039279171
23.243333333333332 1.2450056039279171
23.245 1.2453486079242069
23.246666666666666 1.241662231601065
23.251666666666665 1.2426735767097583
23.256666666666668 1.242320875412113
23.258333333333333 1.2413025183756707
23.263333333333332 1.2422671216602967
23.263333333333332 1.2422671216602967
23.266666666666666 1.24289858141968
23.266666666666666 1.24289858141968
23.27166666666667 1.2438283927750438
23.27166666666667 1.2438283927750438
23.273333333333333 1.2427911215654677
23.273333333333333 1.2427911215654677
23.275 1.2430944478775088
23.276666666666667 1.2447373916530347
23.281666666666666 1.24294223433166
23.288333333333334 1.2387175859136104
23.29 1.2363039320304408
23.291666666666668 1.2352355647363562
23.293333333333333 1.2355159738985575
23.295 1.2371442423827441
23.295 1.2371442423827441
23.296666666666667 1.2347184990279945
23.298333333333332 1.237692892056541
23.3 1.2366144746571466
23.3 1.2366144746571466
23.301666666666666 1.2368833235795296
23.303333333333335 1.2357996967036522
23.311666666666667 1.2397952960801784
23.311666666666667 1.2397952960801784
23.313333333333333 1.2387007392524625
23.313333333333333 1.2387007392524625
23.316666666666666 1.239199303479936
23.32 1.2369924213257555
23.326666666666668 1.2365964743154447
23.326666666666668 1.2365964743154447
23.328333333333333 1.2368293335066851
23.328333333333333 1.2368293335066851
23.328333333333333 1.2368293335066851
23.33 1.2343578893490803
23.333333333333332 1.2321062041829847
23.336666666666666 1.233906979048174
23.338333333333335 1.2314183722716523
23.338333333333335 1.2314183722716523
23.338333333333335 1.2314183722716523
23.34 1.2316363967054085
23.343333333333334 1.2307098087192072
23.346666666666668 1.2324855333317393
23.351666666666667 1.230387599483926
23.358333333333334 1.2270996338553295
23.36 1.2272912203572275
23.36 1.2272912203572275
23.361666666666668 1.2274805101889505
23.363333333333333 1.2263068960205654
23.365 1.225129886473767
23.366666666666667 1.225312697872735
23.368333333333332 1.225493211558048
23.37 1.2270327415822435
23.37 1.2270327415822435
23.371666666666666 1.2258473498349447
23.376666666666665 1.2263613493396266
23.38 1.2294114123031321
23.381666666666668 1.2309302190738889
23.383333333333333 1.2297327460061762
23.383333333333333 1.2297327460061762
23.383333333333333 1.2297327460061762
23.383333333333333 1.2297327460061762
23.385 1.2298899878866618
23.385 1.2298899878866618
23.388333333333332 1.2261196942917554
23.388333333333332 1.2261196942917554
23.388333333333332 1.2261196942917554
23.388333333333332 1.2261196942917554
23.39 1.2249084324061306
23.393333333333334 1.222475480076329
23.395 1.218516709618447
23.4 1.2189379323019993
23.401666666666667 1.2204424150157656
23.405 1.2179685596738234
23.406666666666666 1.2180976255063962
23.408333333333335 1.2154805128085209
23.408333333333335 1.2154805128085209
23.413333333333334 1.2158478655966851
23.418333333333333 1.2134460464870718
23.42 1.210802793883523
23.42 1.210802793883523
23.42 1.210802793883523
23.421666666666667 1.2109119435838744
23.421666666666667 1.2109119435838744
23.421666666666667 1.2109119435838744
23.426666666666666 1.2112255506082752
23.433333333333334 1.2129885094656616
23.436666666666667 1.2117905275638015
23.44 1.2105821665504293
23.44 1.2105821665504293
23.44 1.2105821665504293
23.44 1.2105821665504293
23.44 1.2105821665504293
23.44333333333333 1.2134976375816575
23.445 1.2176943921695702
23.445 1.2176943921695702
23.445 1.2176943921695702
23.446666666666665 1.2177686519635207
23.45 1.2151657141537322
23.456666666666667 1.2154221381253911
23.456666666666667 1.2154221381253911
23.458333333333332 1.218224393674858
23.458333333333332 1.218224393674858
23.458333333333332 1.218224393674858
23.46 1.2196499128232452
23.46 1.2196499128232452
23.461666666666666 1.2169629768542458
23.466666666666665 1.2184813157164713
23.468333333333334 1.2144087188626578
23.47 1.213075672679193
23.471666666666668 1.2144911981317326
23.471666666666668 1.2144911981317326
23.471666666666668 1.2144911981317326
23.473333333333333 1.2145289992581294
23.475 1.2145645083354715
23.476666666666667 1.2145977255647846
23.476666666666667 1.2145977255647846
23.48 1.2215100537254107
23.485 1.2202144095781866
23.485 1.2202144095781866
23.486666666666668 1.2188648851435369
23.486666666666668 1.2188648851435369
23.488333333333333 1.2216182467490482
23.488333333333333 1.2216182467490482
23.488333333333333 1.2216182467490482
23.491666666666667 1.2243756429628443
23.491666666666667 1.2243756429628443
23.495 1.2216637988397947
23.495 1.2216637988397947
23.498333333333335 1.2244029128697715
23.5 1.2230398101842361
23.501666666666665 1.2257656346984065
23.501666666666665 1.2257656346984065
23.501666666666665 1.2257656346984065
23.501666666666665 1.2257656346984065
23.501666666666665 1.2257656346984065
23.501666666666665 1.2257656346984065
23.505 1.2257565549025249
23.506666666666668 1.228469556524603
23.51 1.2284469068726593
23.511666666666667 1.2284321843749662
23.515 1.2270361429722687
23.518333333333334 1.224266557260958
23.523333333333333 1.2282656946211603
23.525 1.2282328470384758
23.526666666666667 1.229556249156022
23.528333333333332 1.2295189100372244
23.528333333333332 1.2295189100372244
23.528333333333332 1.2295189100372244
23.531666666666666 1.2294374389326637
23.535 1.2334141711238766
23.536666666666665 1.233365669085348
23.54 1.234614834533188
23.54 1.234614834533188
23.541666666666668 1.2345596183691367
23.541666666666668 1.2345596183691367
23.543333333333333 1.2358537317576828
23.543333333333333 1.2358537317576828
23.545 1.235794067916317
23.546666666666667 1.237082391608684
23.548333333333332 1.2370182884523166
23.55 1.236951932563451
23.55 1.236951932563451
23.553333333333335 1.2381615250681697
23.55666666666667 1.239360956914795
23.558333333333334 1.2379356593606847
23.558333333333334 1.2379356593606847
23.56 1.2392037941378522
23.563333333333333 1.2390376289546159
23.563333333333333 1.2390376289546159
23.56833333333333 1.238771493689694
23.56833333333333 1.238771493689694
23.56833333333333 1.238771493689694
23.571666666666665 1.2385828062084756
23.571666666666665 1.2385828062084756
23.575 1.2410783452701561
23.578333333333333 1.2422167254054446
23.58 1.240765556128747
23.58 1.240765556128747
23.586666666666666 1.2430060319838117
23.586666666666666 1.2430060319838117
23.586666666666666 1.2430060319838117
23.586666666666666 1.2430060319838117
23.588333333333335 1.246911599292285
23.591666666666665 1.2466705798967876
23.591666666666665 1.2466705798967876
23.596666666666668 1.2449519660956256
23.598333333333333 1.2448212141968091
23.601666666666667 1.2485706908991998
23.601666666666667 1.2485706908991998
23.60333333333333 1.247095679948873
23.60333333333333 1.247095679948873
23.60333333333333 1.247095679948873
23.605 1.2469562274013857
23.605 1.2469562274013857
23.605 1.2469562274013857
23.606666666666666 1.2468145276394407
23.61 1.2505357783318949
23.611666666666668 1.2503878085118245
23.613333333333333 1.2542371147922684
23.613333333333333 1.2542371147922684
23.613333333333333 1.2542371147922684
23.615 1.252753228327572
23.615 1.252753228327572
23.616666666666667 1.2525988565303727
23.62 1.2496142977556222
23.623333333333335 1.2506247743024352
23.625 1.2477860192823638
23.631666666666668 1.2484369749235107
23.631666666666668 1.2484369749235107
23.631666666666668 1.2484369749235107
23.635 1.2467419979085193
23.635 1.2467419979085193
23.64 1.2421640871340622
23.641666666666666 1.2392835006084513
23.648333333333333 1.2344514326026073
23.65 1.235601547955017
23.65 1.235601547955017
23.651666666666667 1.235397736831815
23.655 1.2349832547038828
23.655 1.2349832547038828
23.658333333333335 1.2345596183691332
23.661666666666665 1.2354788148968718
23.665 1.236388326331638
23.666666666666668 1.2361643874813018
23.668333333333333 1.2345866633294762
23.668333333333333 1.2345866633294762
23.671666666666667 1.23277333915516
23.673333333333332 1.2325397136800749
23.673333333333332 1.2325397136800749
23.673333333333332 1.2325397136800749
23.675 1.2323037860183166
23.676666666666666 1.2307098087192085
23.678333333333335 1.2358841254373611
23.68 1.2342902633052517
23.68 1.2342902633052517
23.68 1.2342902633052517
23.68166666666667 1.2353977368318123
23.683333333333334 1.2351510916703041
23.683333333333334 1.2351510916703041
23.685 1.2376029661553072
23.686666666666667 1.2387007392524625
23.688333333333333 1.2411411178210734
23.691666666666666 1.241974794916374
23.69333333333333 1.24037081356643
23.695 1.244141530096766
23.695 1.244141530096766
23.695 1.244141530096766
23.698333333333334 1.2422704813379304
23.698333333333334 1.2422704813379304
23.698333333333334 1.2422704813379304
23.698333333333334 1.2422704813379304
23.7 1.2406579115221013
23.703333333333333 1.2441471211183923
23.705 1.2438731315044977
23.706666666666667 1.242253682858912
23.706666666666667 1.242253682858912
23.706666666666667 1.242253682858912
23.706666666666667 1.242253682858912
23.706666666666667 1.242253682858912
23.71 1.240348381240022
23.715 1.2408361928268556
23.72 1.2413036391394774
23.721666666666668 1.2396606335470097
23.721666666666668 1.2396606335470097
23.723333333333333 1.2393609569148023
23.725 1.2390589622181325
23.72833333333333 1.237099260308288
23.731666666666666 1.2378277686591366
23.731666666666666 1.2378277686591366
23.735 1.235848103216455
23.736666666666668 1.2355294859857113
23.736666666666668 1.2355294859857113
23.736666666666668 1.2355294859857113
23.741666666666667 1.2332066141341214
23.741666666666667 1.2332066141341214
23.743333333333332 1.2328782869121646
23.743333333333332 1.2328782869121646
23.745 1.2325476147818808
23.748333333333335 1.2332336887659943
23.748333333333335 1.2332336887659943
23.748333333333335 1.2332336887659943
23.748333333333335 1.2332336887659943
23.748333333333335 1.2332336887659943
23.748333333333335 1.2332336887659943
23.748333333333335 1.2332336887659943
23.751666666666665 1.2325566445504963
23.751666666666665 1.2325566445504963
23.753333333333334 1.230859013890579
23.755 1.231870193495524
23.756666666666668 1.2301670919075423
23.756666666666668 1.2301670919075423
23.758333333333333 1.2284593642329102
23.76 1.2267469911520021
23.761666666666667 1.2250299531844981
23.761666666666667 1.2250299531844981
23.763333333333332 1.224672170595581
23.766666666666666 1.2225847255879507
23.768333333333334 1.2208527174965043
23.77 1.217745803278472
23.77166666666667 1.2173744520413652
23.773333333333333 1.2183717022719522
23.773333333333333 1.2183717022719522
23.775 1.2179959730299597
23.775 1.2179959730299597
23.775 1.2179959730299597
23.776666666666667 1.2217241527439329
23.778333333333332 1.2199772387195884
23.778333333333332 1.2199772387195884
23.778333333333332 1.2199772387195884
23.778333333333332 1.2199772387195884
23.781666666666666 1.2192106790962156
23.783333333333335 1.2188237941930082
23.783333333333335 1.2188237941930082
23.783333333333335 1.2188237941930082
23.785 1.218434502847634
23.785 1.218434502847634
23.785 1.218434502847634
23.785 1.218434502847634
23.785 1.218434502847634
23.788333333333334 1.2162768755312854
23.788333333333334 1.2162768755312854
23.791666666666668 1.2127304237504912
23.793333333333333 1.2123277003257782
23.795 1.2146744653450428
23.795 1.2146744653450428
23.795 1.2146744653450428
23.795 1.2146744653450428
23.798333333333332 1.2138587138477885
23.798333333333332 1.2138587138477885
23.798333333333332 1.2138587138477885
23.803333333333335 1.2181113308092821
23.803333333333335 1.2181113308092821
23.803333333333335 1.2181113308092821
23.803333333333335 1.2181113308092821
23.805 1.2163226276599364
23.81 1.2136810548237498
23.81 1.2136810548237498
23.811666666666667 1.216002326609367
23.811666666666667 1.216002326609367
23.813333333333333 1.2155732197787414
23.815 1.2123908139744692
23.816666666666666 1.210577569720088
23.816666666666666 1.210577569720088
23.816666666666666 1.210577569720088
23.81833333333333 1.2101396415878984
23.821666666666665 1.2078750594139054
23.825 1.205596991886064
23.826666666666668 1.2037596455949275
23.826666666666668 1.2037596455949275
23.826666666666668 1.2037596455949275
23.826666666666668 1.2037596455949275
23.826666666666668 1.2037596455949275
23.828333333333333 1.2033053624139782
23.828333333333333 1.2033053624139782
23.828333333333333 1.2033053624139782
23.83 1.205621224747893
23.83 1.205621224747893
23.831666666666667 1.207930343637699
23.835 1.2097717054464614
23.836666666666666 1.2093081766030116
23.836666666666666 1.2093081766030116
23.838333333333335 1.2102224118038334
23.84 1.2138873660939948
23.841666666666665 1.2147935742073372
23.843333333333334 1.2115700800973925
23.845 1.2110957524225359
23.846666666666668 1.2106189405648278
23.846666666666668 1.2106189405648278
23.848333333333333 1.2101396415878942
23.848333333333333 1.2101396415878942
23.85 1.209657852535309
23.85 1.209657852535309
23.851666666666667 1.2105534360744004
23.858333333333334 1.2085935570733484
23.858333333333334 1.2085935570733484
23.863333333333333 1.2084795931668448
23.863333333333333 1.2084795931668448
23.865 1.207976411891458
23.866666666666667 1.2074707165978251
23.868333333333332 1.2083448946926514
23.868333333333332 1.2083448946926514
23.868333333333332 1.2083448946926514
23.871666666666666 1.2073220779430291
23.873333333333335 1.2068068860935302
23.873333333333335 1.2068068860935302
23.875 1.2062891676238099
23.875 1.2062891676238099
23.878333333333334 1.2024726426476644
23.878333333333334 1.2024726426476644
23.878333333333334 1.2024726426476644
23.88 1.2033342659430364
23.885 1.207285203505931
23.885 1.207285203505931
23.885 1.207285203505931
23.886666666666667 1.2067515504014135
23.886666666666667 1.2067515504014135
23.886666666666667 1.2067515504014135
23.888333333333332 1.2062153544694392
23.89 1.205676612317396
23.89 1.205676612317396
23.89 1.205676612317396
23.89 1.205676612317396
23.89 1.205676612317396
23.89 1.205676612317396
23.891666666666666 1.2037492440814255
23.891666666666666 1.2037492440814255
23.891666666666666 1.2037492440814255
23.891666666666666 1.2037492440814255
23.891666666666666 1.2037492440814255
23.893333333333334 1.2018164697381108
23.895 1.2026577413120894
23.895 1.2026577413120894
23.898333333333333 1.2071008144237714
23.9 1.2051641801715658
23.901666666666667 1.2046087993568806
23.903333333333332 1.2054365811359788
23.905 1.2034903330048174
23.905 1.2034903330048174
23.905 1.2034903330048174
23.91 1.201793317767678
23.911666666666665 1.203998855604133
23.913333333333334 1.2075813195368517
23.916666666666668 1.2078163171534837
23.916666666666668 1.2078163171534837
23.918333333333333 1.2072391088756524
23.92 1.2052749947716086
23.923333333333332 1.205491977189117
23.923333333333332 1.205491977189117
23.925 1.2049044185174813
23.926666666666666 1.2043142628185834
23.926666666666666 1.2043142628185834
23.926666666666666 1.2043142628185834
23.928333333333335 1.2037215062726703
23.933333333333334 1.20192759298838
23.935 1.202713265356484
23.935 1.202713265356484
23.94 1.2008900427702414
23.94 1.2008900427702414
23.94 1.2008900427702414
23.941666666666666 1.200277050191981
23.941666666666666 1.200277050191981
23.94333333333333 1.1982690167973902
23.946666666666665 1.2012051081067712
23.946666666666665 1.2012051081067712
23.946666666666665 1.2012051081067712
23.946666666666665 1.2012051081067712
23.946666666666665 1.2012051081067712
23.946666666666665 1.2012051081067712
23.946666666666665 1.2012051081067712
23.946666666666665 1.2012051081067712
23.948333333333334 1.1991916680205763
23.948333333333334 1.1991916680205763
23.95 1.198566199628334
23.951666666666668 1.2007220513632442
23.955 1.1994607859207387
23.955 1.1994607859207387
23.956666666666667 1.1960377918589395
23.956666666666667 1.1960377918589395
23.96 1.1947576084314584
23.961666666666666 1.1941135068888742
23.961666666666666 1.1941135068888742
23.961666666666666 1.1941135068888742
23.961666666666666 1.1941135068888742
23.963333333333335 1.192067082328082
23.966666666666665 1.1935646399777537
23.968333333333334 1.1929105645075546
23.968333333333334 1.1929105645075546
23.968333333333334 1.1929105645075546
23.968333333333334 1.1929105645075546
23.968333333333334 1.1929105645075546
23.968333333333334 1.1929105645075546
23.968333333333334 1.1929105645075546
23.968333333333334 1.1929105645075546
23.968333333333334 1.1929105645075546
23.973333333333333 1.1951301668640355
23.973333333333333 1.1951301668640355
23.973333333333333 1.1951301668640355
23.973333333333333 1.1951301668640355
23.975 1.194467631012205
23.975 1.194467631012205
23.97833333333333 1.1931344595727345
23.97833333333333 1.1931344595727345
23.983333333333334 1.1939142659111441
23.985 1.1904355903721584
23.985 1.1904355903721584
23.986666666666668 1.1911564317770489
23.988333333333333 1.18906981878504
23.988333333333333 1.18906981878504
23.988333333333333 1.18906981878504
23.988333333333333 1.18906981878504
23.99 1.1897868104933882
23.99 1.1897868104933882
23.993333333333332 1.187000634540513
23.995 1.1863054135523907
23.996666666666666 1.1884202933073824
24.0 1.1884249758421195
24.0 1.1884249758421195
24.001666666666665 1.1919305290994269
24.001666666666665 1.1919305290994269
24.001666666666665 1.1919305290994269
24.003333333333334 1.1912265065351824
24.003333333333334 1.1912265065351824
24.003333333333334 1.1912265065351824
24.005 1.1905197305019968
24.006666666666668 1.188406245592467
24.006666666666668 1.188406245592467
24.008333333333333 1.1876931058758875
24.008333333333333 1.1876931058758875
24.008333333333333 1.1876931058758875
24.008333333333333 1.1876931058758875
24.008333333333333 1.1876931058758875
24.011666666666667 1.186258503707464
24.013333333333332 1.1883500530721702
24.016666666666666 1.1897119734857342
24.02 1.1896605203121275
24.02166666666667 1.1917344253046918
24.02166666666667 1.1917344253046918
24.02166666666667 1.1917344253046918
24.02166666666667 1.1917344253046918
24.023333333333333 1.1910022527962891
24.025 1.1930691611856754
24.025 1.1930691611856754
24.025 1.1930691611856754
24.025 1.1930691611856754
24.028333333333332 1.1901924854729717
24.028333333333332 1.1901924854729717
24.028333333333332 1.1901924854729717
24.028333333333332 1.1901924854729717
24.028333333333332 1.1901924854729717
24.03 1.1894500068791283
24.031666666666666 1.188704723816186
24.031666666666666 1.188704723816186
24.033333333333335 1.190763936923691
24.033333333333335 1.190763936923691
24.033333333333335 1.190763936923691
24.035 1.1900148004859543
24.035 1.1900148004859543
24.035 1.1900148004859543
24.035 1.1900148004859543
24.038333333333334 1.1871025973000022
24.038333333333334 1.1871025973000022
24.038333333333334 1.1871025973000022
24.04 1.1863441127780847
24.04 1.1863441127780847
24.041666666666668 1.1855827961385583
24.041666666666668 1.1855827961385583
24.041666666666668 1.1855827961385583
24.041666666666668 1.1855827961385583
24.043333333333333 1.187633365383933
24.046666666666667 1.184691822125588
24.048333333333332 1.1867368971233219
24.048333333333332 1.1867368971233219
24.048333333333332 1.1867368971233219
24.048333333333332 1.1867368971233219
24.048333333333332 1.1867368971233219
24.048333333333332 1.1867368971233219
24.048333333333332 1.1867368971233219
24.05 1.1845555931468297
24.051666666666666 1.1837790236569976
24.053333333333335 1.1815875496345252
24.053333333333335 1.1815875496345252
24.053333333333335 1.1815875496345252
24.055 1.1808043154501224
24.058333333333334 1.1792292078995836
24.058333333333334 1.1792292078995836
24.06 1.1798531359328677
24.061666666666667 1.177642542888225
24.063333333333333 1.1782625882064026
24.06833333333333 1.1829325584969383
24.07 1.183540428788827
24.07 1.183540428788827
24.071666666666665 1.1855546332988902
24.073333333333334 1.1847481881555142
24.073333333333334 1.1847481881555142
24.073333333333334 1.1847481881555142
24.073333333333334 1.1847481881555142
24.075 1.1853480853624625
24.08 1.1843159800355656
24.08 1.1843159800355656
24.08 1.1843159800355656
24.085 1.1818500818744722
24.085 1.1818500818744722
24.086666666666666 1.1796078501019918
24.088333333333335 1.1801914995096108
24.088333333333335 1.1801914995096108
24.088333333333335 1.1801914995096108
24.091666666666665 1.182763192770433
24.093333333333334 1.183338231941394
24.093333333333334 1.183338231941394
24.093333333333334 1.183338231941394
24.095 1.1824996867576565
24.095 1.1824996867576565
24.095 1.1824996867576565
24.095 1.1824996867576565
24.096666666666668 1.180244544234746
24.1 1.178550650612904
24.1 1.178550650612904
24.101666666666667 1.1791159454906908
24.101666666666667 1.1791159454906908
24.10333333333333 1.1782625882063937
24.108333333333334 1.1756846002880506
24.11 1.1776579003331258
24.11 1.1776579003331258
24.111666666666668 1.1767916637715026
24.113333333333333 1.1745018717027604
24.113333333333333 1.1745018717027604
24.115 1.176470060394667
24.118333333333332 1.1789743521782283
24.118333333333332 1.1789743521782283
24.12 1.1795134958156983
24.121666666666666 1.1772171802055666
24.123333333333335 1.1791690385994307
24.123333333333335 1.1791690385994307
24.126666666666665 1.1816440637424852
24.126666666666665 1.1816440637424852
24.13 1.1826937928641712
24.131666666666668 1.183214780834353
24.138333333333332 1.1838636368856577
24.141666666666666 1.183468723395049
24.141666666666666 1.183468723395049
24.141666666666666 1.183468723395049
24.145 1.1830642706325873
24.145 1.1830642706325873
24.148333333333333 1.1826502688112903
24.148333333333333 1.1826502688112903
24.151666666666667 1.1793990811184925
24.151666666666667 1.1793990811184925
24.151666666666667 1.1793990811184925
24.151666666666667 1.1793990811184925
24.151666666666667 1.1793990811184925
24.156666666666666 1.1794521614818745
24.156666666666666 1.1794521614818745
24.158333333333335 1.1827631927704285
24.161666666666665 1.1794840085532967
24.161666666666665 1.1794840085532967
24.161666666666665 1.1794840085532967
24.161666666666665 1.1794840085532967
24.165 1.177604739093684
24.165 1.177604739093684
24.165 1.177604739093684
24.166666666666668 1.1766604318332334
24.17 1.1804331283972471
24.171666666666667 1.1794840085532903
24.171666666666667 1.1794840085532903
24.176666666666666 1.1780358666274429
24.178333333333335 1.177075358485946
24.178333333333335 1.177075358485946
24.178333333333335 1.177075358485946
24.178333333333335 1.177075358485946
24.18 1.177530309326396
24.18 1.177530309326396
24.18 1.177530309326396
24.18 1.177530309326396
24.18166666666667 1.177982722445261
24.185 1.18029522918918
24.186666666666667 1.177908316561987
24.188333333333333 1.1769335196766322
24.19 1.177374345985306
24.19333333333333 1.176830675850017
24.19333333333333 1.176830675850017
24.19333333333333 1.176830675850017
24.195 1.177264450315482
24.195 1.177264450315482
24.198333333333334 1.1809551136783634
24.2 1.1799663275804546
24.2 1.1799663275804546
24.201666666666668 1.1789743521782197
24.201666666666668 1.1789743521782197
24.201666666666668 1.1789743521782197
24.203333333333333 1.1779791794145265
24.203333333333333 1.1779791794145265
24.203333333333333 1.1779791794145265
24.203333333333333 1.1779791794145265
24.203333333333333 1.1779791794145265
24.203333333333333 1.1779791794145265
24.203333333333333 1.1779791794145265
24.205 1.1741405409986891
24.205 1.1741405409986891
24.206666666666667 1.1731365241932508
24.208333333333332 1.1735526967755163
24.21 1.1739663517288912
24.211666666666666 1.1729550694209758
24.211666666666666 1.1729550694209758
24.211666666666666 1.1729550694209758
24.213333333333335 1.1733641924408562
24.218333333333334 1.1731543123661334
24.221666666666668 1.1725280062460204
24.226666666666667 1.169430703022136
24.226666666666667 1.169430703022136
24.22833333333333 1.168391681225434
24.23 1.1673493510995394
24.23 1.1673493510995394
24.23 1.1673493510995394
24.233333333333334 1.1681165964321971
24.233333333333334 1.1681165964321971
24.235 1.1684964583980555
24.236666666666668 1.1731507547531415
24.238333333333333 1.173524245231342
24.238333333333333 1.173524245231342
24.238333333333333 1.173524245231342
24.24 1.1781539562274022
24.24 1.1781539562274022
24.241666666666667 1.1756846002880632
24.241666666666667 1.1756846002880632
24.243333333333332 1.1746297916654465
24.246666666666666 1.1739331698899402
24.246666666666666 1.1739331698899402
24.246666666666666 1.1739331698899402
24.251666666666665 1.1735811476299043
24.253333333333334 1.1725102085714372
24.253333333333334 1.1725102085714372
24.255 1.171435915236441
24.256666666666668 1.173207675266582
24.258333333333333 1.1721292735639195
24.258333333333333 1.1721292735639195
24.258333333333333 1.1721292735639195
24.258333333333333 1.1721292735639195
24.258333333333333 1.1721292735639195
24.258333333333333 1.1721292735639195
24.26 1.1724722392960303
24.261666666666667 1.1728127323080952
24.261666666666667 1.1728127323080952
24.261666666666667 1.1728127323080952
24.261666666666667 1.1728127323080952
24.263333333333332 1.17315075475314
24.263333333333332 1.17315075475314
24.265 1.172062804928919
24.266666666666666 1.1709714681355563
24.268333333333334 1.171302895501662
24.268333333333334 1.171302895501662
24.27166666666667 1.1691058847848752
24.27166666666667 1.1691058847848752
24.273333333333333 1.1722823744721436
24.273333333333333 1.1722823744721436
24.273333333333333 1.1722823744721436
24.273333333333333 1.1722823744721436
24.273333333333333 1.1722823744721436
24.273333333333333 1.1722823744721436
24.273333333333333 1.1722823744721436
24.273333333333333 1.1722823744721436
24.276666666666667 1.1743455061587686
24.276666666666667 1.1743455061587686
24.276666666666667 1.1743455061587686
24.276666666666667 1.1743455061587686
24.278333333333332 1.1732396918418182
24.28 1.1721304604695704
24.281666666666666 1.1710178023317441
24.281666666666666 1.1710178023317441
24.283333333333335 1.1741749018164334
24.283333333333335 1.1741749018164334
24.283333333333335 1.1741749018164334
24.283333333333335 1.1741749018164334
24.283333333333335 1.1741749018164334
24.283333333333335 1.1741749018164334
24.283333333333335 1.1741749018164334
24.286666666666665 1.1733641924408644
24.288333333333334 1.1750880571794473
24.29 1.1753875501957918
24.29 1.1753875501957918
24.291666666666668 1.1756846002880568
24.291666666666668 1.1756846002880568
24.291666666666668 1.1756846002880568
24.293333333333333 1.1745587267394668
24.295 1.1748512497752657
24.295 1.1748512497752657
24.296666666666667 1.1765611114474637
24.296666666666667 1.1765611114474637
24.298333333333332 1.176848408185447
24.3 1.1771332710855271
24.3 1.1771332710855271
24.3 1.1771332710855271
24.303333333333335 1.180527409181422
24.308333333333334 1.179936851634569
24.31 1.1802068237861985
24.313333333333333 1.1835639378083285
24.315 1.1824149759251963
24.315 1.1824149759251963
24.315 1.1824149759251963
24.315 1.1824149759251963
24.315 1.1824149759251963
24.31833333333333 1.182932558496947
24.32 1.1817759194843642
24.321666666666665 1.1806157905787342
24.323333333333334 1.1808667576775362
24.325 1.182527922353321
24.325 1.182527922353321
24.326666666666668 1.1813614661673835
24.328333333333333 1.1816052105836163
24.333333333333332 1.18232202233418
24.336666666666666 1.179961611478593
24.336666666666666 1.179961611478593
24.338333333333335 1.178776092967252
24.338333333333335 1.178776092967252
24.338333333333335 1.178776092967252
24.338333333333335 1.178776092967252
24.34 1.1775870181472141
24.341666666666665 1.1778126449482096
24.341666666666665 1.1778126449482096
24.341666666666665 1.1778126449482096
24.341666666666665 1.1778126449482096
24.341666666666665 1.1778126449482096
24.343333333333334 1.1766178669801985
24.345 1.1754195073946727
24.346666666666668 1.1756384500194679
24.346666666666668 1.1756384500194679
24.346666666666668 1.1756384500194679
24.35 1.1789047292300516
24.355 1.1752774687483714
24.358333333333334 1.1728412011126013
24.36 1.1701918282307762
24.363333333333333 1.1705864669828328
24.363333333333333 1.1705864669828328
24.366666666666667 1.1723962970562165
24.366666666666667 1.1723962970562165
24.366666666666667 1.1723962970562165
24.366666666666667 1.1723962970562165
24.37 1.1741938590785634
24.37 1.1741938590785634
24.37 1.1741938590785634
24.37 1.1741938590785634
24.37 1.1741938590785634
24.37 1.1741938590785634
24.371666666666666 1.1729550694209596
24.373333333333335 1.171712595405807
24.373333333333335 1.171712595405807
24.375 1.171891868270361
24.375 1.171891868270361
24.376666666666665 1.1706435121803178
24.378333333333334 1.170818195807923
24.378333333333334 1.170818195807923
24.38 1.1695639356897605
24.38 1.1695639356897605
24.38 1.1695639356897605
24.383333333333333 1.172752233803903
24.383333333333333 1.172752233803903
24.383333333333333 1.172752233803903
24.383333333333333 1.172752233803903
24.385 1.170066990077404
24.386666666666667 1.1702298714963908
24.386666666666667 1.1702298714963908
24.386666666666667 1.1702298714963908
24.386666666666667 1.1702298714963908
24.386666666666667 1.1702298714963908
24.386666666666667 1.1702298714963908
24.388333333333332 1.1703903529104596
24.388333333333332 1.1703903529104596
24.388333333333332 1.1703903529104596
24.39 1.169121354366348
24.39 1.169121354366348
24.39 1.169121354366348
24.393333333333334 1.1665720607161862
24.393333333333334 1.1665720607161862
24.395 1.1667235060484318
24.395 1.1667235060484318
24.395 1.1667235060484318
24.395 1.1667235060484318
24.39666666666667 1.1654409651691418
24.39666666666667 1.1654409651691418
24.398333333333333 1.1670191851549585
24.398333333333333 1.1670191851549585
24.4 1.1671634207561725
24.403333333333332 1.1660138089061423
24.403333333333332 1.1660138089061423
24.403333333333332 1.1660138089061423
24.403333333333332 1.1660138089061423
24.403333333333332 1.1660138089061423
24.405 1.1661510109331923
24.405 1.1661510109331923
24.405 1.1661510109331923
24.408333333333335 1.1649860699284993
24.408333333333335 1.1649860699284993
24.41 1.1651162286987935
24.41 1.1651162286987935
24.41 1.1651162286987935
24.41 1.1651162286987935
24.41 1.1651162286987935
24.41 1.1651162286987935
24.411666666666665 1.1652439850936291
24.411666666666665 1.1652439850936291
24.411666666666665 1.1652439850936291
24.411666666666665 1.1652439850936291
24.411666666666665 1.1652439850936291
24.413333333333334 1.1653693399031053
24.415 1.1669238129838855
24.416666666666668 1.1656128478504406
24.416666666666668 1.1656128478504406
24.42 1.1672778429338748
24.421666666666667 1.1645274130371848
24.421666666666667 1.1645274130371848
24.421666666666667 1.1645274130371848
24.425 1.1618770433109307
24.425 1.1618770433109307
24.425 1.1618770433109307
24.425 1.1618770433109307
24.425 1.1618770433109307
24.428333333333335 1.1635234707561957
24.428333333333335 1.1635234707561957
24.428333333333335 1.1635234707561957
24.428333333333335 1.1635234707561957
24.428333333333335 1.1635234707561957
24.428333333333335 1.1635234707561957
24.43 1.1621895173006518
24.43 1.1621895173006518
24.43 1.1621895173006518
24.43 1.1621895173006518
24.43166666666667 1.165158019715386
24.43166666666667 1.165158019715386
24.436666666666667 1.1640076224538876
24.438333333333333 1.1640972580785613
24.438333333333333 1.1640972580785613
24.438333333333333 1.1640972580785613
24.438333333333333 1.1640972580785613
24.438333333333333 1.1640972580785613
24.438333333333333 1.1640972580785613
24.438333333333333 1.1640972580785613
24.438333333333333 1.1640972580785613
24.44 1.1656176220075514
24.44 1.1656176220075514
24.44 1.1656176220075514
24.44 1.1656176220075514
24.44 1.1656176220075514
24.441666666666666 1.1671336214730772
24.44333333333333 1.1672158656466536
24.445 1.165864657954686
24.445 1.165864657954686
24.45 1.1646576230656513
24.455 1.159114998306398
24.455 1.159114998306398
24.455 1.159114998306398
24.455 1.159114998306398
24.455 1.159114998306398
24.456666666666667 1.1606179153643388
24.456666666666667 1.1606179153643388
24.46 1.15929861934477
24.46 1.15929861934477
24.46 1.15929861934477
24.461666666666666 1.159355019968474
24.461666666666666 1.159355019968474
24.463333333333335 1.1579682089088743
24.463333333333335 1.1579682089088743
24.463333333333335 1.1579682089088743
24.463333333333335 1.1579682089088743
24.463333333333335 1.1579682089088743
24.463333333333335 1.1579682089088743
24.463333333333335 1.1579682089088743
24.465 1.1565773292481887
24.466666666666665 1.1566266457035639
24.468333333333334 1.1552293337594013
24.468333333333334 1.1552293337594013
24.471666666666668 1.1567601504337894
24.471666666666668 1.1567601504337894
24.471666666666668 1.1567601504337894
24.471666666666668 1.1567601504337894
24.471666666666668 1.1567601504337894
24.473333333333333 1.1539099050636026
24.473333333333333 1.1539099050636026
24.475 1.1553931028168438
24.476666666666667 1.1554280211573962
24.476666666666667 1.1554280211573962
24.47833333333333 1.1540147915519803
24.48 1.1554906307118091
24.483333333333334 1.1512012549671566
24.485 1.1497731503048512
24.486666666666668 1.1526939726338847
24.488333333333333 1.1570487566495822
24.491666666666667 1.1556338975056002
24.493333333333332 1.1570884343747652
24.493333333333332 1.1570884343747652
24.496666666666666 1.1628596762292072
24.5 1.1642992117252506
24.5 1.1642992117252506
24.5 1.1642992117252506
24.5 1.1642992117252506
24.501666666666665 1.1642980168362917
24.501666666666665 1.1642980168362917
24.501666666666665 1.1642980168362917
24.505 1.161417158630193
24.505 1.161417158630193
24.505 1.161417158630193
24.506666666666668 1.1614087736256633
24.506666666666668 1.1614087736256633
24.508333333333333 1.1613979928165892
24.508333333333333 1.1613979928165892
24.51 1.1613848161362852
24.511666666666667 1.1613692435031864
24.511666666666667 1.1613692435031864
24.511666666666667 1.1613692435031864
24.511666666666667 1.1613692435031864
24.511666666666667 1.1613692435031864
24.513333333333332 1.1613512748208976
24.513333333333332 1.1613512748208976
24.516666666666666 1.159869698897075
24.516666666666666 1.159869698897075
24.52 1.1598169218258494
24.52166666666667 1.1597869337836053
24.52166666666667 1.1597869337836053
24.523333333333333 1.1583141665381205
24.525 1.1568371191314417
24.525 1.1568371191314417
24.525 1.1568371191314417
24.526666666666667 1.1553557751478587
24.526666666666667 1.1553557751478587
24.526666666666667 1.1553557751478587
24.526666666666667 1.1553557751478587
24.526666666666667 1.1553557751478587
24.526666666666667 1.1553557751478587
24.526666666666667 1.1553557751478587
24.526666666666667 1.1553557751478587
24.528333333333332 1.1553160379169019
24.53 1.1567180560109849
24.53 1.1567180560109849
24.53 1.1567180560109849
24.53 1.1567180560109849
24.531666666666666 1.156673554526856
24.533333333333335 1.1566266457035677
24.533333333333335 1.1566266457035677
24.533333333333335 1.1566266457035677
24.533333333333335 1.1566266457035677
24.535 1.1565773292481865
24.535 1.1565773292481865
24.535 1.1565773292481865
24.535 1.1565773292481865
24.536666666666665 1.1565256048527501
24.536666666666665 1.1565256048527501
24.536666666666665 1.1565256048527501
24.54 1.159298619344769
24.541666666666668 1.1592398157728303
24.541666666666668 1.1592398157728303
24.541666666666668 1.1592398157728303
24.543333333333333 1.1577375130561574
24.543333333333333 1.1577375130561574
24.543333333333333 1.1577375130561574
24.543333333333333 1.1577375130561574
24.543333333333333 1.1577375130561574
24.545 1.1591149983063922
24.546666666666667 1.1576077264353057
24.551666666666666 1.1573949891128739
24.553333333333335 1.157319259612483
24.55666666666667 1.1528243124523272
24.558333333333334 1.1512918876519542
24.558333333333334 1.1512918876519542
24.558333333333334 1.1512918876519542
24.561666666666667 1.148213632764547
24.57 1.1506403820545654
24.571666666666665 1.1505376063076271
24.573333333333334 1.1489803371893088
24.573333333333334 1.1489803371893088
24.573333333333334 1.1489803371893088
24.573333333333334 1.1489803371893088
24.573333333333334 1.1489803371893088
24.575 1.1503247708643505
24.575 1.1503247708643505
24.576666666666668 1.148762369040311
24.576666666666668 1.148762369040311
24.576666666666668 1.148762369040311
24.576666666666668 1.148762369040311
24.576666666666668 1.148762369040311
24.576666666666668 1.148762369040311
24.578333333333333 1.148649735957583
24.578333333333333 1.148649735957583
24.58 1.1485346692536027
24.583333333333332 1.1453858462472548
24.583333333333332 1.1453858462472548
24.583333333333332 1.1453858462472548
24.583333333333332 1.1453858462472548
24.583333333333332 1.1453858462472548
24.583333333333332 1.1453858462472548
24.585 1.1438045351768618
24.588333333333335 1.1464675611067292
24.591666666666665 1.1447479935937666
24.591666666666665 1.1447479935937666
24.591666666666665 1.1447479935937666
24.591666666666665 1.1447479935937666
24.593333333333334 1.1446130877972747
24.593333333333334 1.1446130877972747
24.593333333333334 1.1446130877972747
24.595 1.1444757349312442
24.595 1.1444757349312442
24.598333333333333 1.1471080959796225
24.598333333333333 1.1471080959796225
24.598333333333333 1.1471080959796225
24.598333333333333 1.1471080959796225
24.598333333333333 1.1471080959796225
24.598333333333333 1.1471080959796225
24.598333333333333 1.1471080959796225
24.598333333333333 1.1471080959796225
24.6 1.146963764231796
24.6 1.146963764231796
24.6 1.146963764231796
24.6 1.146963764231796
24.601666666666667 1.1453603389613505
24.60333333333333 1.146667766690732
24.605 1.1465160990040502
24.605 1.1465160990040502
24.606666666666666 1.149270897082294
24.608333333333334 1.1476609974919194
24.61 1.1460464085793864
24.61 1.1460464085793864
24.61 1.1460464085793864
24.61 1.1460464085793864
24.61 1.1460464085793864
24.61 1.1460464085793864
24.611666666666668 1.1487950668991236
24.611666666666668 1.1487950668991236
24.611666666666668 1.1487950668991236
24.613333333333333 1.148631568296979
24.613333333333333 1.148631568296979
24.613333333333333 1.148631568296979
24.613333333333333 1.148631568296979
24.613333333333333 1.148631568296979
24.615 1.1484656236974207
24.616666666666667 1.1468424630031542
24.618333333333332 1.1452145721432831
24.618333333333332 1.1452145721432831
24.618333333333332 1.1452145721432831
24.618333333333332 1.1452145721432831
24.618333333333332 1.1452145721432831
24.62 1.1435819309175967
24.62 1.1435819309175967
24.62 1.1435819309175967
24.62 1.1435819309175967
24.62 1.1435819309175967
24.62 1.1435819309175967
24.62 1.1435819309175967
24.62 1.1435819309175967
24.62 1.1435819309175967
24.62 1.1435819309175967
24.621666666666666 1.1419445189512496
24.621666666666666 1.1419445189512496
24.621666666666666 1.1419445189512496
24.623333333333335 1.1403023156927061
24.623333333333335 1.1403023156927061
24.625 1.1401205161380374
24.625 1.1401205161380374
24.626666666666665 1.141399818116722
24.626666666666665 1.141399818116722
24.626666666666665 1.141399818116722
24.626666666666665 1.141399818116722
24.626666666666665 1.141399818116722
24.628333333333334 1.1397495063027665
24.628333333333334 1.1397495063027665
24.628333333333334 1.1397495063027665
24.63 1.1410243472138837
24.631666666666668 1.1408329070282388
24.631666666666668 1.1408329070282388
24.631666666666668 1.1408329070282388
24.631666666666668 1.1408329070282388
24.633333333333333 1.139174446513005
24.633333333333333 1.139174446513005
24.635 1.1404426109694736
24.636666666666667 1.1402437525580404
24.638333333333332 1.1400424188380693
24.638333333333332 1.1400424188380693
24.64 1.1398386084978689
24.64 1.1398386084978689
24.64 1.1398386084978689
24.64 1.1398386084978689
24.64 1.1398386084978689
24.64 1.1398386084978689
24.64 1.1398386084978689
24.64 1.1398386084978689
24.64 1.1398386084978689
24.641666666666666 1.1410962814013175
24.641666666666666 1.1410962814013175
24.641666666666666 1.1410962814013175
24.641666666666666 1.1410962814013175
24.641666666666666 1.1410962814013175
24.641666666666666 1.1410962814013175
24.641666666666666 1.1410962814013175
24.645 1.1421394270335998
24.645 1.1421394270335998
24.64666666666667 1.1419262446129312
24.648333333333333 1.1402474128420663
24.648333333333333 1.1402474128420663
24.65 1.1414924477837056
24.65 1.1414924477837056
24.65 1.1414924477837056
24.65 1.1414924477837056
24.651666666666667 1.1412718305502727
24.651666666666667 1.1412718305502727
24.653333333333332 1.1395847099158603
24.653333333333332 1.1395847099158603
24.653333333333332 1.1395847099158603
24.653333333333332 1.1395847099158603
24.655 1.1364245544454679
24.655 1.1364245544454679
24.658333333333335 1.1315466783851655
24.661666666666665 1.129597512297424
24.661666666666665 1.129597512297424
24.661666666666665 1.129597512297424
24.661666666666665 1.129597512297424
24.663333333333334 1.1293573255781095
24.663333333333334 1.1293573255781095
24.663333333333334 1.1293573255781095
24.663333333333334 1.1293573255781095
24.663333333333334 1.1293573255781095
24.663333333333334 1.1293573255781095
24.665 1.1291146235237113
24.665 1.1291146235237113
24.665 1.1291146235237113
24.665 1.1291146235237113
24.666666666666668 1.1303473053033608
24.666666666666668 1.1303473053033608
24.666666666666668 1.1303473053033608
24.666666666666668 1.1303473053033608
24.666666666666668 1.1303473053033608
24.666666666666668 1.1303473053033608
24.666666666666668 1.1303473053033608
24.671666666666667 1.1340225898452556
24.671666666666667 1.1340225898452556
24.671666666666667 1.1340225898452556
24.671666666666667 1.1340225898452556
24.673333333333332 1.133768615876334
24.673333333333332 1.133768615876334
24.673333333333332 1.133768615876334
24.675 1.1320383612842144
24.675 1.1320383612842144
24.678333333333335 1.135934770086752
24.678333333333335 1.135934770086752
24.68 1.1342004604452078
24.68 1.1342004604452078
24.68166666666667 1.1368749696940046
24.683333333333334 1.136606945167025
24.683333333333334 1.136606945167025
24.683333333333334 1.136606945167025
24.683333333333334 1.136606945167025
24.683333333333334 1.136606945167025
24.683333333333334 1.136606945167025
24.685 1.1348663074975724
24.685 1.1348663074975724
24.685 1.1348663074975724
24.685 1.1348663074975724
24.685 1.1348663074975724
24.685 1.1348663074975724
24.685 1.1348663074975724
24.686666666666667 1.136063358920337
24.688333333333333 1.1357877935933685
24.69 1.1355097110283625
24.69333333333333 1.137884084256482
24.695 1.1361307091676813
24.695 1.1361307091676813
24.695 1.1361307091676813
24.696666666666665 1.1343721711119337
24.696666666666665 1.1343721711119337
24.696666666666665 1.1343721711119337
24.698333333333334 1.1355525916352425
24.698333333333334 1.1355525916352425
24.698333333333334 1.1355525916352425
24.701666666666668 1.1364343479795251
24.701666666666668 1.1364343479795251
24.703333333333333 1.1390718575738457
24.703333333333333 1.1390718575738457
24.706666666666667 1.142861515215427
24.708333333333332 1.1425583668205062
24.708333333333332 1.1425583668205062
24.708333333333332 1.1425583668205062
24.708333333333332 1.1425583668205062
24.708333333333332 1.1425583668205062
24.708333333333332 1.1425583668205062
24.708333333333332 1.1425583668205062
24.708333333333332 1.1425583668205062
24.708333333333332 1.1425583668205062
24.708333333333332 1.1425583668205062
24.708333333333332 1.1425583668205062
24.711666666666666 1.1390168954127105
24.711666666666666 1.1390168954127105
24.713333333333335 1.1372383540895228
24.713333333333335 1.1372383540895228
24.713333333333335 1.1372383540895228
24.713333333333335 1.1372383540895228
24.716666666666665 1.1366069451670093
24.716666666666665 1.1366069451670093
24.716666666666665 1.1366069451670093
24.716666666666665 1.1366069451670093
24.716666666666665 1.1366069451670093
24.716666666666665 1.1366069451670093
24.718333333333334 1.1348172713206781
24.718333333333334 1.1348172713206781
24.72 1.1359653877959746
24.721666666666668 1.1356407980780403
24.721666666666668 1.1356407980780403
24.723333333333333 1.133842237374459
24.723333333333333 1.133842237374459
24.723333333333333 1.133842237374459
24.723333333333333 1.133842237374459
24.723333333333333 1.133842237374459
24.723333333333333 1.133842237374459
24.726666666666667 1.1302291443567827
24.726666666666667 1.1302291443567827
24.72833333333333 1.131369620232425
24.72833333333333 1.131369620232425
24.72833333333333 1.131369620232425
24.73 1.1325064907478388
24.733333333333334 1.1332973250360154
24.733333333333334 1.1332973250360154
24.733333333333334 1.1332973250360154
24.733333333333334 1.1332973250360154
24.735 1.1300014035182688
24.735 1.1300014035182688
24.736666666666668 1.129652932749552
24.736666666666668 1.129652932749552
24.736666666666668 1.129652932749552
24.74 1.128948274728155
24.741666666666667 1.128592082657546
24.741666666666667 1.128592082657546
24.741666666666667 1.128592082657546
24.741666666666667 1.128592082657546
24.743333333333332 1.1282333119672665
24.745 1.1278719601965728
24.745 1.1278719601965728
24.745 1.1278719601965728
24.748333333333335 1.1271415034665928
24.748333333333335 1.1271415034665928
24.748333333333335 1.1271415034665928
24.75 1.1282530411546832
24.75 1.1282530411546832
24.75 1.1282530411546832
24.755 1.128611805573316
24.755 1.128611805573316
24.756666666666668 1.128233311967264
24.756666666666668 1.128233311967264
24.758333333333333 1.129331456269196
24.758333333333333 1.129331456269196
24.76 1.1319019406904856
24.76 1.1319019406904856
24.763333333333332 1.1296529327495628
24.765 1.1292624685481445
24.765 1.1292624685481445
24.766666666666666 1.1318232762981064
24.768333333333334 1.1314286426953397
24.768333333333334 1.1314286426953397
24.768333333333334 1.1314286426953397
24.768333333333334 1.1314286426953397
24.768333333333334 1.1314286426953397
24.768333333333334 1.1314286426953397
24.77 1.1310314113331983
24.77 1.1310314113331983
24.77 1.1310314113331983
24.77 1.1310314113331983
24.77 1.1310314113331983
24.77 1.1310314113331983
24.77 1.1310314113331983
24.77 1.1310314113331983
24.77 1.1310314113331983
24.77 1.1310314113331983
24.77 1.1310314113331983
24.775 1.131300756800433
24.775 1.131300756800433
24.775 1.131300756800433
24.776666666666667 1.1353136647719515
24.778333333333332 1.1349055349135946
24.778333333333332 1.1349055349135946
24.778333333333332 1.1349055349135946
24.78 1.1359653877959681
24.78 1.1359653877959681
24.78 1.1359653877959681
24.78 1.1359653877959681
24.78 1.1359653877959681
24.78 1.1359653877959681
24.78 1.1359653877959681
24.781666666666666 1.1340814742362648
24.781666666666666 1.1340814742362648
24.783333333333335 1.133665537746774
24.783333333333335 1.133665537746774
24.783333333333335 1.133665537746774
24.783333333333335 1.133665537746774
24.783333333333335 1.133665537746774
24.783333333333335 1.133665537746774
24.783333333333335 1.133665537746774
24.783333333333335 1.133665537746774
24.785 1.1332469933395792
24.786666666666665 1.1328258381240355
24.786666666666665 1.1328258381240355
24.786666666666665 1.1328258381240355
24.788333333333334 1.133875365489081
24.788333333333334 1.133875365489081
24.788333333333334 1.133875365489081
24.788333333333334 1.133875365489081
24.788333333333334 1.133875365489081
24.788333333333334 1.133875365489081
24.79 1.1349214706640656
24.791666666666668 1.1344935793964246
24.791666666666668 1.1344935793964246
24.795 1.133629949073208
24.795 1.133629949073208
24.795 1.133629949073208
24.795 1.133629949073208
24.795 1.133629949073208
24.798333333333332 1.1342286718392682
24.8 1.1337882487432587
24.8 1.1337882487432587
24.801666666666666 1.13481727132067
24.801666666666666 1.13481727132067
24.801666666666666 1.13481727132067
24.803333333333335 1.1328995208885908
24.803333333333335 1.1328995208885908
24.805 1.1324512099445267
24.80666666666667 1.1334740820651472
24.80666666666667 1.1334740820651472
24.808333333333334 1.134493579396423
24.81 1.131090451444505
24.813333333333333 1.131646261422053
24.813333333333333 1.131646261422053
24.815 1.1311826954493838
24.815 1.1311826954493838
24.815 1.1311826954493838
24.815 1.1311826954493838
24.815 1.1311826954493838
24.81833333333333 1.1302476078189876
24.82 1.1297760795765346
24.821666666666665 1.1337281220145474
24.821666666666665 1.1337281220145474
24.821666666666665 1.1337281220145474
24.821666666666665 1.1337281220145474
24.823333333333334 1.1361956065379275
24.823333333333334 1.1361956065379275
24.826666666666668 1.1352401386974198
24.828333333333333 1.1332862768063248
24.83 1.1342740539139158
24.83 1.1342740539139158
24.831666666666667 1.1337870216990393
24.831666666666667 1.1337870216990393
24.833333333333332 1.1332973250360159
24.833333333333332 1.1332973250360159
24.833333333333332 1.1332973250360159
24.835 1.1328049604694146
24.836666666666666 1.1337833405584075
24.836666666666666 1.1337833405584075
24.838333333333335 1.1376970069787387
24.838333333333335 1.1376970069787387
24.838333333333335 1.1376970069787387
24.841666666666665 1.1381664760045949
24.843333333333334 1.1376639901480947
24.843333333333334 1.1376639901480947
24.845 1.138625976865097
24.845 1.138625976865097
24.845 1.138625976865097
24.845 1.138625976865097
24.845 1.138625976865097
24.845 1.138625976865097
24.846666666666668 1.139584709915856
24.846666666666668 1.139584709915856
24.848333333333333 1.1376089599676003
24.848333333333333 1.1376089599676003
24.851666666666667 1.1409792336299753
24.851666666666667 1.1409792336299753
24.851666666666667 1.1409792336299753
24.851666666666667 1.1409792336299753
24.85333333333333 1.1419262446129244
24.85333333333333 1.1419262446129244
24.85333333333333 1.1419262446129244
24.855 1.141408350110882
24.856666666666666 1.1408877817031915
24.856666666666666 1.1408877817031915
24.858333333333334 1.140364535727994
24.858333333333334 1.140364535727994
24.86 1.1398386084978738
24.86 1.1398386084978738
24.863333333333333 1.1431682341522755
24.863333333333333 1.1431682341522755
24.863333333333333 1.1431682341522755
24.866666666666667 1.1435624661901949
24.866666666666667 1.1435624661901949
24.866666666666667 1.1435624661901949
24.866666666666667 1.1435624661901949
24.868333333333332 1.1444854595701606
24.87 1.142486524690108
24.87 1.142486524690108
24.87 1.142486524690108
24.871666666666666 1.1419445189512505
24.873333333333335 1.1428615152154227
24.875 1.1437753436439693
24.875 1.1437753436439693
24.876666666666665 1.1417654178235368
24.878333333333334 1.138283813007016
24.88 1.136259275827125
24.883333333333333 1.1351371941920878
24.883333333333333 1.1351371941920878
24.883333333333333 1.1351371941920878
24.883333333333333 1.1351371941920878
24.883333333333333 1.1351371941920878
24.883333333333333 1.1351371941920878
24.883333333333333 1.1351371941920878
24.883333333333333 1.1351371941920878
24.883333333333333 1.1351371941920878
24.883333333333333 1.1351371941920878
24.883333333333333 1.1351371941920878
24.883333333333333 1.1351371941920878
24.883333333333333 1.1351371941920878
24.885 1.13309966820966
24.886666666666667 1.1340041878460185
24.886666666666667 1.1340041878460185
24.89 1.1313856057868323
24.89 1.1313856057868323
24.89 1.1313856057868323
24.89 1.1313856057868323
24.893333333333334 1.1317052694571512
24.893333333333334 1.1317052694571512
24.893333333333334 1.1317052694571512
24.893333333333334 1.1317052694571512
24.893333333333334 1.1317052694571512
24.895 1.1296467750558092
24.895 1.1296467750558092
24.89666666666667 1.1290616410117866
24.89666666666667 1.1290616410117866
24.89666666666667 1.1290616410117866
24.898333333333333 1.1314286426953375
24.898333333333333 1.1314286426953375
24.9 1.1308395096834432
24.9 1.1308395096834432
24.9 1.1308395096834432
24.9 1.1308395096834432
24.901666666666667 1.130247607818976
24.901666666666667 1.130247607818976
24.903333333333332 1.1296529327495584
24.905 1.1260943480904821
24.905 1.1260943480904821
24.906666666666666 1.1284552454382741
24.908333333333335 1.1293314562691885
24.91 1.1287264381979973
24.91 1.1287264381979973
24.91 1.1287264381979973
24.91 1.1287264381979973
24.91 1.1287264381979973
24.911666666666665 1.1281186292340635
24.911666666666665 1.1281186292340635
24.911666666666665 1.1281186292340635
24.911666666666665 1.1281186292340635
24.911666666666665 1.1281186292340635
24.911666666666665 1.1281186292340635
24.911666666666665 1.1281186292340635
24.911666666666665 1.1281186292340635
24.911666666666665 1.1281186292340635
24.913333333333334 1.1289877077701225
24.913333333333334 1.1289877077701225
24.915 1.1313302702131194
24.915 1.1313302702131194
24.915 1.1313302702131194
24.915 1.1313302702131194
24.915 1.1313302702131194
24.916666666666668 1.130716478675127
24.916666666666668 1.130716478675127
24.916666666666668 1.130716478675127
24.916666666666668 1.130716478675127
24.916666666666668 1.130716478675127
24.916666666666668 1.130716478675127
24.916666666666668 1.130716478675127
24.916666666666668 1.130716478675127
24.916666666666668 1.130716478675127
24.916666666666668 1.130716478675127
24.916666666666668 1.130716478675127
24.916666666666668 1.130716478675127
24.916666666666668 1.130716478675127
24.916666666666668 1.130716478675127
24.92 1.1324327824104152
24.92 1.1324327824104152
24.92 1.1324327824104152
24.92 1.1324327824104152
24.92 1.1324327824104152
24.92 1.1324327824104152
24.921666666666667 1.1318122136794384
24.921666666666667 1.1318122136794384
24.926666666666666 1.1314101985064315
24.926666666666666 1.1314101985064315
24.93166666666667 1.1295088339179562
24.93166666666667 1.1295088339179562
24.933333333333334 1.1288694045118512
24.935 1.1297058875302675
24.935 1.1297058875302675
24.935 1.1297058875302675
24.936666666666667 1.1290616410117915
24.936666666666667 1.1290616410117915
24.938333333333333 1.1284145609028806
24.94 1.1277646423260508
24.94 1.1277646423260508
24.941666666666666 1.1256297316213955
24.945 1.1257978065214913
24.946666666666665 1.1236517302558982
24.948333333333334 1.12447229941091
24.95 1.126772393481133
24.95 1.126772393481133
24.951666666666668 1.1275857565108063
24.951666666666668 1.1275857565108063
24.951666666666668 1.1275857565108063
24.951666666666668 1.1275857565108063
24.951666666666668 1.1275857565108063
24.951666666666668 1.1275857565108063
24.953333333333333 1.1269156076951807
24.953333333333333 1.1269156076951807
24.953333333333333 1.1269156076951807
24.953333333333333 1.1269156076951807
24.955 1.1262425895950172
24.955 1.1262425895950172
24.956666666666667 1.1225963625501836
24.958333333333332 1.1234028420226954
24.958333333333332 1.1234028420226954
24.958333333333332 1.1234028420226954
24.96 1.1242062679455935
24.96 1.1242062679455935
24.96 1.1242062679455935
24.961666666666666 1.123521720892726
24.961666666666666 1.123521720892726
24.961666666666666 1.123521720892726
24.961666666666666 1.123521720892726
24.961666666666666 1.123521720892726
24.961666666666666 1.123521720892726
24.961666666666666 1.123521720892726
24.961666666666666 1.123521720892726
24.961666666666666 1.123521720892726
24.961666666666666 1.123521720892726
24.961666666666666 1.123521720892726
24.961666666666666 1.123521720892726
24.961666666666666 1.123521720892726
24.961666666666666 1.123521720892726
24.961666666666666 1.123521720892726
24.961666666666666 1.123521720892726
24.963333333333335 1.1243201123704494
24.965 1.1236306821414919
24.966666666666665 1.1229383508405686
24.968333333333334 1.123729728653935
24.968333333333334 1.123729728653935
24.968333333333334 1.123729728653935
24.97 1.1230325032423965
24.97 1.1230325032423965
24.97 1.1230325032423965
24.97 1.1230325032423965
24.97 1.1230325032423965
24.97 1.1230325032423965
24.97 1.1230325032423965
24.97 1.1230325032423965
24.971666666666668 1.120843896634696
24.971666666666668 1.120843896634696
24.971666666666668 1.120843896634696
24.971666666666668 1.120843896634696
24.971666666666668 1.120843896634696
24.971666666666668 1.120843896634696
24.971666666666668 1.120843896634696
24.971666666666668 1.120843896634696
24.973333333333333 1.1216293101575738
24.973333333333333 1.1216293101575738
24.973333333333333 1.1216293101575738
24.975 1.1194329890745556
24.975 1.1194329890745556
24.975 1.1194329890745556
24.976666666666667 1.1187231373246596
24.976666666666667 1.1187231373246596
24.976666666666667 1.1187231373246596
24.976666666666667 1.1187231373246596
24.976666666666667 1.1187231373246596
24.976666666666667 1.1187231373246596
24.976666666666667 1.1187231373246596
24.976666666666667 1.1187231373246596
24.976666666666667 1.1187231373246596
24.976666666666667 1.1187231373246596
24.97833333333333 1.1180103461562456
24.97833333333333 1.1180103461562456
24.98 1.1172946099436019
24.98 1.1172946099436019
24.981666666666666 1.1165759230233063
24.981666666666666 1.1165759230233063
24.983333333333334 1.1158542796940023
24.985 1.1196119349167428
24.985 1.1196119349167428
24.988333333333333 1.1196516967755619
24.99 1.1189220904099335
24.99 1.1189220904099335
24.991666666666667 1.1196815172430228
24.991666666666667 1.1196815172430228
24.991666666666667 1.1196815172430228
24.991666666666667 1.1196815172430228
24.993333333333332 1.121926953521175
24.995 1.122679391021783
24.995 1.122679391021783
24.996666666666666 1.1234288478504255
24.996666666666666 1.1234288478504255
24.996666666666666 1.1234288478504255
24.996666666666666 1.1234288478504255
24.998333333333335 1.12120130939209
24.998333333333335 1.12120130939209
25.0 1.1189668499791465
25.0 1.1189668499791465
25.0 1.1189668499791465
25.0 1.1189668499791465
25.0 1.1189668499791465
25.0 1.1189668499791465
25.0 1.1189668499791465
25.0 1.1189668499791465
25.0 1.1189668499791465
25.001666666666665 1.12120130939209
25.003333333333334 1.1219418336165767
25.003333333333334 1.1219418336165767
25.003333333333334 1.1219418336165767
25.003333333333334 1.1219418336165767
25.003333333333334 1.1219418336165767
25.003333333333334 1.1219418336165767
25.003333333333334 1.1219418336165767
25.006666666666668 1.1234139874511573
25.006666666666668 1.1234139874511573
25.006666666666668 1.1234139874511573
25.008333333333333 1.1226595638851722
25.01 1.1219021529235704
25.01 1.1219021529235704
25.01 1.1219021529235704
25.01 1.1219021529235704
25.011666666666667 1.1211417485117556
25.011666666666667 1.1211417485117556
25.013333333333332 1.1188872761737607
25.013333333333332 1.1188872761737607
25.015 1.1181198444909204
25.015 1.1181198444909204
25.015 1.1181198444909204
25.015 1.1181198444909204
25.015 1.1181198444909204
25.018333333333334 1.1180700738499993
25.02 1.11579942070491
25.02166666666667 1.1135216385960265
25.02166666666667 1.1135216385960265
25.02166666666667 1.1135216385960265
25.02166666666667 1.1135216385960265
25.02166666666667 1.1135216385960265
25.02166666666667 1.1135216385960265
25.02166666666667 1.1135216385960265
25.02166666666667 1.1135216385960265
25.02166666666667 1.1135216385960265
25.02166666666667 1.1135216385960265
25.025 1.1119513146763012
25.026666666666667 1.1141623842988615
25.028333333333332 1.1118712387869436
25.028333333333332 1.1118712387869436
25.028333333333332 1.1118712387869436
25.03 1.1125779596026701
25.03 1.1125779596026701
25.031666666666666 1.1117811465175138
25.031666666666666 1.1117811465175138
25.031666666666666 1.1117811465175138
25.031666666666666 1.1117811465175138
25.031666666666666 1.1117811465175138
25.031666666666666 1.1117811465175138
25.031666666666666 1.1117811465175138
25.033333333333335 1.1139825630623206
25.033333333333335 1.1139825630623206
25.033333333333335 1.1139825630623206
25.035 1.113181756365289
25.035 1.113181756365289
25.035 1.113181756365289
25.035 1.113181756365289
25.035 1.113181756365289
25.035 1.113181756365289
25.036666666666665 1.1123778718456478
25.036666666666665 1.1123778718456478
25.036666666666665 1.1123778718456478
25.038333333333334 1.111570902825772
25.04 1.110760842583003
25.04 1.110760842583003
25.041666666666668 1.111450745717423
25.041666666666668 1.111450745717423
25.043333333333333 1.1106355873562002
25.043333333333333 1.1106355873562002
25.043333333333333 1.1106355873562002
25.043333333333333 1.1106355873562002
25.045 1.1098173231744188
25.046666666666667 1.1105002958429766
25.046666666666667 1.1105002958429766
25.046666666666667 1.1105002958429766
25.046666666666667 1.1105002958429766
25.048333333333332 1.1096769170901808
25.048333333333332 1.1096769170901808
25.048333333333332 1.1096769170901808
25.05 1.110354964374693
25.053333333333335 1.105679172700565
25.053333333333335 1.105679172700565
25.053333333333335 1.105679172700565
25.053333333333335 1.105679172700565
25.053333333333335 1.105679172700565
25.053333333333335 1.105679172700565
25.053333333333335 1.105679172700565
25.053333333333335 1.105679172700565
25.055 1.103330063360242
25.055 1.103330063360242
25.055 1.103330063360242
25.055 1.103330063360242
25.055 1.103330063360242
25.055 1.103330063360242
25.055 1.103330063360242
25.055 1.103330063360242
25.055 1.103330063360242
25.05666666666667 1.1024887109710413
25.058333333333334 1.1061810957448062
25.058333333333334 1.1061810957448062
25.058333333333334 1.1061810957448062
25.058333333333334 1.1061810957448062
25.058333333333334 1.1061810957448062
25.058333333333334 1.1061810957448062
25.058333333333334 1.1061810957448062
25.058333333333334 1.1061810957448062
25.058333333333334 1.1061810957448062
25.06 1.1053368789770457
25.06 1.1053368789770457
25.061666666666667 1.1044894977499535
25.061666666666667 1.1044894977499535
25.061666666666667 1.1044894977499535
25.063333333333333 1.1036389447744834
25.063333333333333 1.1036389447744834
25.063333333333333 1.1036389447744834
25.063333333333333 1.1036389447744834
25.063333333333333 1.1036389447744834
25.063333333333333 1.1036389447744834
25.065 1.1027852127117217
25.065 1.1027852127117217
25.066666666666666 1.10344227926142
25.066666666666666 1.10344227926142
25.066666666666666 1.10344227926142
25.066666666666666 1.10344227926142
25.066666666666666 1.10344227926142
25.066666666666666 1.10344227926142
25.06833333333333 1.1025833478489468
25.07 1.103235490536498
25.071666666666665 1.102371349959223
25.075 1.1051745040825562
25.075 1.1051745040825562
25.075 1.1051745040825562
25.075 1.1051745040825562
25.075 1.1051745040825562
25.075 1.1051745040825562
25.075 1.1051745040825562
25.075 1.1051745040825562
25.075 1.1051745040825562
25.075 1.1051745040825562
25.075 1.1051745040825562
25.075 1.1051745040825562
25.078333333333333 1.1064527184894266
25.078333333333333 1.1064527184894266
25.078333333333333 1.1064527184894266
25.078333333333333 1.1064527184894266
25.078333333333333 1.1064527184894266
25.078333333333333 1.1064527184894266
25.08 1.1055785090769803
25.081666666666667 1.1062112793433567
25.081666666666667 1.1062112793433567
25.083333333333332 1.1053318444549445
25.083333333333332 1.1053318444549445
25.085 1.1044491900289408
25.085 1.1044491900289408
25.086666666666666 1.1020494895199264
25.086666666666666 1.1020494895199264
25.086666666666666 1.1020494895199264
25.086666666666666 1.1020494895199264
25.086666666666666 1.1020494895199264
25.088333333333335 1.1011591504773595
25.09 1.1017818320076944
25.09 1.1017818320076944
25.091666666666665 1.1054262379287882
25.091666666666665 1.1054262379287882
25.093333333333334 1.10301857290612
25.093333333333334 1.10301857290612
25.093333333333334 1.10301857290612
25.095 1.1036326419362734
25.095 1.1036326419362734
25.095 1.1036326419362734
25.095 1.1036326419362734
25.096666666666668 1.1042438497398899
25.096666666666668 1.1042438497398899
25.096666666666668 1.1042438497398899
25.096666666666668 1.1042438497398899
25.096666666666668 1.1042438497398899
25.096666666666668 1.1042438497398899
25.101666666666667 1.1030374918391916
25.10333333333333 1.102125229844284
25.10333333333333 1.102125229844284
25.10333333333333 1.102125229844284
25.10333333333333 1.102125229844284
25.105 1.1027246571330007
25.106666666666666 1.10180708549408
25.106666666666666 1.10180708549408
25.106666666666666 1.10180708549408
25.106666666666666 1.10180708549408
25.106666666666666 1.10180708549408
25.106666666666666 1.10180708549408
25.11 1.102993347157233
25.11 1.102993347157233
25.11 1.102993347157233
25.111666666666668 1.102068425089019
25.111666666666668 1.102068425089019
25.111666666666668 1.102068425089019
25.111666666666668 1.102068425089019
25.111666666666668 1.102068425089019
25.113333333333333 1.1026552664439553
25.113333333333333 1.1026552664439553
25.115 1.1032392736051078
25.115 1.1032392736051078
25.115 1.1032392736051078
25.115 1.1032392736051078
25.118333333333332 1.0998545459556657
25.12 1.09891432232592
25.123333333333335 1.1030942466915516
25.123333333333335 1.1030942466915516
25.123333333333335 1.1030942466915516
25.123333333333335 1.1030942466915516
25.125 1.1066840482440006
25.126666666666665 1.1072483402714801
25.128333333333334 1.107809833229452
25.128333333333334 1.107809833229452
25.128333333333334 1.107809833229452
25.13 1.1068612845212065
25.13 1.1068612845212065
25.131666666666668 1.1074179486884654
25.131666666666668 1.1074179486884654
25.133333333333333 1.1064640346567356
25.133333333333333 1.1064640346567356
25.133333333333333 1.1064640346567356
25.133333333333333 1.1064640346567356
25.133333333333333 1.1064640346567356
25.133333333333333 1.1064640346567356
25.133333333333333 1.1064640346567356
25.133333333333333 1.1064640346567356
25.133333333333333 1.1064640346567356
25.133333333333333 1.1064640346567356
25.133333333333333 1.1064640346567356
25.135 1.105506780653166
25.135 1.105506780653166
25.135 1.105506780653166
25.135 1.105506780653166
25.135 1.105506780653166
25.135 1.105506780653166
25.135 1.105506780653166
25.135 1.105506780653166
25.135 1.105506780653166
25.136666666666667 1.1060565796941355
25.136666666666667 1.1060565796941355
25.136666666666667 1.1060565796941355
25.138333333333332 1.105093937140824
25.138333333333332 1.105093937140824
25.138333333333332 1.105093937140824
25.138333333333332 1.105093937140824
25.138333333333332 1.105093937140824
25.138333333333332 1.105093937140824
25.14 1.107147819319102
25.14 1.107147819319102
25.14 1.107147819319102
25.14 1.107147819319102
