19.56888888888889 1.0174937523285739
19.7 1.0000000000000029
19.813333333333333 0.9863585685775894
19.886666666666667 0.9952277675147942
19.947777777777777 0.9952867544801088
19.98777777777778 0.9898627198644704
20.033333333333335 0.992183018030482
20.085555555555555 1.0162266473035908
20.13111111111111 1.0173844242061225
20.16777777777778 1.0223669648670946
20.21 1.0232611610835127
20.247777777777777 1.0289175687308998
20.28 1.0276705626401013
20.315555555555555 1.0292616564960881
20.345555555555556 1.0406275499374276
20.378888888888888 1.0407700627753504
20.393333333333334 1.0380738559308114
20.412222222222223 1.0419806349230063
20.424444444444443 1.0471967039880368
20.452222222222222 1.0551771596349577
20.483333333333334 1.0603323927393353
20.515555555555554 1.0645371772768089
20.54 1.0628523756447965
20.553333333333335 1.0633127657560544
20.58222222222222 1.06877803643367
20.607777777777777 1.0696259237968346
20.625555555555554 1.063507441493234
20.647777777777776 1.0710808506385696
20.67 1.0832889811519333
20.7 1.0945308471239668
20.71 1.098745366001763
20.723333333333333 1.1021820808132656
20.738888888888887 1.1069800227343392
20.76 1.1132531570890016
20.77777777777778 1.1219101954762918
20.788888888888888 1.119097487599148
20.808888888888887 1.1187197160106672
20.82888888888889 1.123937584557507
20.836666666666666 1.1246010292420152
20.851111111111113 1.1191770022114746
20.877777777777776 1.123396425074632
20.887777777777778 1.1278976059539856
20.905555555555555 1.1344402324314327
20.92222222222222 1.1381519843320018
20.944444444444443 1.1472374432006016
20.953333333333333 1.1515043118461314
20.97111111111111 1.158826882206409
20.977777777777778 1.1580138896327508
20.99222222222222 1.1509755766950744
21.004444444444445 1.1562964074069564
21.016666666666666 1.1566656462133533
21.033333333333335 1.161583821519574
21.038888888888888 1.1561312537774073
21.052222222222223 1.1594490442743406
21.06222222222222 1.1594346535519449
21.076666666666668 1.1580880641837608
21.08888888888889 1.1586540890125185
21.105555555555554 1.1606125028545151
21.11888888888889 1.1669717276886242
21.135555555555555 1.1684879052323711
21.147777777777776 1.168432373246973
21.16 1.1729999189209974
21.173333333333332 1.172999918920992
21.184444444444445 1.1732000969284586
21.19333333333333 1.1736635359684033
21.198888888888888 1.1751027166846313
21.20777777777778 1.1782915723788452
21.22111111111111 1.1786942913058283
21.23777777777778 1.1825179840484192
21.25111111111111 1.1853991639325272
21.261111111111113 1.1883934851369728
21.266666666666666 1.1904327551798646
21.274444444444445 1.1993751720632535
21.27888888888889 1.198348366942061
21.29222222222222 1.1988804360065777
21.3 1.2020560806019536
21.31 1.2064481925798998
21.323333333333334 1.2130684395087283
21.33 1.2103511657294506
21.33888888888889 1.2069684990119702
21.345555555555556 1.2041512467050317
21.354444444444443 1.2034120115977134
21.363333333333333 1.2044550228686222
21.36888888888889 1.2023007647459396
21.378888888888888 1.2015002157753543
21.386666666666667 1.202259644841806
21.397777777777776 1.208790364004762
21.403333333333332 1.208327611764546
21.412222222222223 1.2071650918644863
21.42222222222222 1.2115295013091236
21.43111111111111 1.2139020860951315
21.442222222222224 1.215397853241308
21.452222222222222 1.2176608967903824
21.456666666666667 1.2150840983085007
21.463333333333335 1.2134718391203612
21.48 1.218434598103399
21.48777777777778 1.2176243557880244
21.49222222222222 1.2203983537706216
21.494444444444444 1.2204105065403628
21.50111111111111 1.2185984075375456
21.50888888888889 1.2194789496600376
21.51888888888889 1.2230084211971417
21.526666666666667 1.2228633951523613
21.535555555555554 1.225363319131686
21.544444444444444 1.2241644773703493
21.54888888888889 1.223994849426492
21.56 1.2216803104198815
21.565555555555555 1.2213944793173968
21.572222222222223 1.219194629937337
21.57888888888889 1.2224261916746515
21.583333333333332 1.220309229761155
21.595555555555556 1.2166723807648148
21.605555555555554 1.2185862366960176
21.608888888888888 1.221028619091992
21.615555555555556 1.2231463568430014
21.621111111111112 1.2298651494166362
21.63 1.2280508987868113
21.641111111111112 1.2322505744310386
21.65222222222222 1.2336339310397706
21.65888888888889 1.2354960044298262
21.67222222222222 1.2364079964375223
21.68111111111111 1.2369356844756938
21.686666666666667 1.2343075049132566
21.692222222222224 1.235255894622989
21.696666666666665 1.2381541034872028
21.70111111111111 1.2356400479179968
21.71 1.2395548018483593
21.717777777777776 1.2435889232224995
21.723333333333333 1.2426021353356966
21.735555555555557 1.241237237643838
21.744444444444444 1.2448882006269886
21.75 1.2446772099879566
21.755555555555556 1.2453348863308213
21.764444444444443 1.24258075040238
21.77 1.2485319521722702
21.785555555555554 1.253964667945745
21.794444444444444 1.2483458341803713
21.8 1.2461285988947206
21.807777777777776 1.2504706813749733
21.814444444444444 1.249699506583242
21.81888888888889 1.2521300600604075
21.824444444444445 1.2524779542296152
21.835555555555555 1.2486532109363127
21.845555555555556 1.2441329372466414
21.85333333333333 1.2446280564440297
21.86 1.243608800068765
21.86777777777778 1.246693315124068
21.878888888888888 1.2478229713548372
21.88 1.2483760307402665
21.884444444444444 1.248795736795371
21.892222222222223 1.2481557275863076
21.898888888888887 1.2469312225364455
21.90111111111111 1.2444309262644797
21.907777777777778 1.2422599322269132
21.914444444444445 1.240945951494154
21.91777777777778 1.2407233329099203
21.926666666666666 1.2367922915404133
21.933333333333334 1.2380687533583328
21.94 1.2402052289887875
21.94333333333333 1.2390162591034002
21.947777777777777 1.2401090570451678
21.955555555555556 1.2381685774869737
21.96 1.2374216978407107
21.97 1.2336539682825902
21.976666666666667 1.2346994608489483
21.984444444444446 1.2325679814702868
21.99 1.2330767653445036
21.993333333333332 1.2353524443844048
22.003333333333334 1.235816078269871
22.00888888888889 1.2362385488239298
22.015555555555554 1.2361725629393268
22.023333333333333 1.2409897732667303
22.02777777777778 1.2373073295504378
22.035555555555554 1.2393538729895248
22.038888888888888 1.244180620285566
22.04222222222222 1.2418345338718642
22.047777777777778 1.2420808348877754
22.054444444444446 1.2418061688001514
22.06111111111111 1.2423912538669508
22.066666666666666 1.2416573659671566
22.072222222222223 1.2426896605293678
22.07777777777778 1.2436962544183539
22.07888888888889 1.2431788923952547
22.083333333333332 1.2446772099879564
22.086666666666666 1.244896143105523
22.094444444444445 1.2420927755137983
22.096666666666668 1.2419216155705477
22.107777777777777 1.2419017117206104
22.113333333333333 1.2409584010187293
22.116666666666667 1.2375070925966085
22.128888888888888 1.2403347752583262
22.134444444444444 1.2383976434379949
22.141111111111112 1.2358560816712727
22.145555555555557 1.2344391719370855
22.15 1.2348075647295182
22.156666666666666 1.2312712621609272
22.16 1.23039011873122
22.164444444444445 1.2261800392142883
22.17 1.2304036795633349
22.174444444444443 1.229780731526228
22.176666666666666 1.2285580322921965
22.182222222222222 1.227292323234015
22.185555555555556 1.2254313999287185
22.19 1.224749412520999
22.192222222222224 1.2244022198387785
22.196666666666665 1.2255120833832498
22.20111111111111 1.226604821029647
22.206666666666667 1.2297571135790315
22.213333333333335 1.2313299826367228
22.218888888888888 1.2326115997456237
22.22222222222222 1.2306592983998923
22.225555555555555 1.2295998165306652
22.232222222222223 1.2292620372998404
22.23777777777778 1.2322671237374683
22.24111111111111 1.231166863288717
22.24222222222222 1.2314002427739879
22.245555555555555 1.2311909561218675
22.252222222222223 1.2298410306106553
22.256666666666668 1.2307290947079497
22.26222222222222 1.2372219210066195
22.263333333333332 1.2383337687405187
22.27111111111111 1.2388990451799544
22.275555555555556 1.2388152428959618
22.284444444444443 1.2394974681502409
22.285555555555554 1.2396903979556178
22.29 1.2395548018483598
22.294444444444444 1.2411969097927238
22.296666666666667 1.2415632974518565
22.303333333333335 1.2408463508008885
22.31 1.237399224557043
22.32 1.2361985577991808
22.32111111111111 1.2354599909336859
22.325555555555557 1.2369956347819688
22.33 1.2349156591467203
22.34111111111111 1.2408861920375414
22.345555555555556 1.2423435021493956
22.356666666666666 1.241885788410986
22.358888888888888 1.2439302639396292
22.362222222222222 1.2469832587324527
22.366666666666667 1.2519173282061955
22.371111111111112 1.2497158248229867
22.373333333333335 1.2490530339606385
22.376666666666665 1.2476050471709212
22.38 1.2497118689056403
22.38111111111111 1.248927855614753
22.385555555555555 1.2502334474877614
22.39 1.249743021415733
22.392222222222223 1.2481557275863102
22.4 1.245235636688396
22.405555555555555 1.2447765041553636
22.407777777777778 1.2431550318930376
22.414444444444445 1.2409459514941517
22.41777777777778 1.2438572338468155
22.42111111111111 1.2413880820629646
22.426666666666666 1.2381406275422222
22.43 1.2392317042860344
22.434444444444445 1.2394750325029662
22.43888888888889 1.2405993065756427
22.441111111111113 1.2424986885214901
22.446666666666665 1.2373677612741938
22.455555555555556 1.2395154163756692
22.461111111111112 1.2441806202855787
22.463333333333335 1.2442481681293374
22.464444444444446 1.2451740979372143
22.467777777777776 1.2461578573809478
22.47222222222222 1.2471571925420621
22.474444444444444 1.2463125688033025
22.477777777777778 1.245483745965142
22.48111111111111 1.2446454341813875
22.485555555555557 1.2447050131532722
22.488888888888887 1.2447392697708055
22.49 1.2447487025868942
22.49111111111111 1.2456504476361763
22.495555555555555 1.247458917592655
22.50111111111111 1.2474663483232644
22.504444444444445 1.244780972206658
22.50777777777778 1.2429760635265914
22.511111111111113 1.239365839888367
22.517777777777777 1.2392880529803374
22.517777777777777 1.2392880529803374
22.524444444444445 1.239174355638959
22.531111111111112 1.23632852390001
22.537777777777777 1.2397367564576218
22.54222222222222 1.2359985832666402
22.546666666666667 1.23493817762607
22.55 1.2339064096635046
22.553333333333335 1.2301550405555466
22.56111111111111 1.2316004621752747
22.567777777777778 1.2312511861422164
22.57111111111111 1.2310629575444785
22.572222222222223 1.2309982002534898
22.573333333333334 1.230932435487082
22.576666666666668 1.2334375488342812
22.58 1.2368282662431282
22.58111111111111 1.2367558161207175
22.583333333333332 1.2366079047630083
22.587777777777777 1.2380982023132325
22.59111111111111 1.2342574377204518
22.594444444444445 1.2358080774342106
22.59888888888889 1.2390561591857352
22.6 1.238966880972541
22.605555555555554 1.2367078468078778
22.612222222222222 1.237019614090972
22.61888888888889 1.239092068161323
22.622222222222224 1.2441433680675724
22.626666666666665 1.2481621639601623
22.628888888888888 1.247042726011951
22.63222222222222 1.2458007576938026
22.633333333333333 1.244788915369373
22.636666666666667 1.2417424694357648
22.637777777777778 1.2434100173075509
22.63888888888889 1.2423912538669495
22.644444444444446 1.2426523636153926
22.647777777777776 1.242259932226915
22.65222222222222 1.2453006460979335
22.653333333333332 1.2460571854674085
22.66 1.2434298970137163
22.664444444444445 1.2437439541989674
22.665555555555557 1.2418061688001545
22.67111111111111 1.2437379918264329
22.676666666666666 1.2420649138745066
22.68 1.2424812807590693
22.683333333333334 1.241097329239401
22.683333333333334 1.241097329239401
22.68777777777778 1.2413283438912064
22.694444444444443 1.237606962028243
22.696666666666665 1.2372553858753812
22.7 1.234920162875445
22.702222222222222 1.2336564729150696
22.706666666666667 1.231113154651131
22.713333333333335 1.2299741806165405
22.716666666666665 1.232102122228322
22.717777777777776 1.2337105717353358
22.72111111111111 1.2349196624619463
22.726666666666667 1.2321066362413917
22.727777777777778 1.2328041033499317
22.72888888888889 1.2325980632046611
22.735555555555557 1.232243051945556
22.74111111111111 1.2338743564779353
22.743333333333332 1.2343390462020112
22.746666666666666 1.234577832668553
22.74888888888889 1.2332296101250142
22.752222222222223 1.2325514362034384
22.755555555555556 1.2363705100280389
22.76222222222222 1.235872582697123
22.764444444444443 1.2362985329355574
22.766666666666666 1.235820578717186
22.772222222222222 1.2346073648919953
22.773333333333333 1.236162564770754
22.78 1.237367761274191
22.782222222222224 1.2377612444579291
22.786666666666665 1.2367383275242652
22.79111111111111 1.2365984098486225
22.794444444444444 1.234907652477332
22.796666666666667 1.2370755640043714
22.79888888888889 1.2374391767791666
22.802222222222223 1.2402211738752718
22.805555555555557 1.2376069620282297
22.808888888888887 1.2376773651342314
22.808888888888887 1.2376773651342314
22.81 1.2382978377752822
22.81222222222222 1.2395348599932772
22.813333333333333 1.2392541443385479
22.816666666666666 1.2384056275435278
22.822222222222223 1.2387673533311852
22.825555555555557 1.2432743298249151
22.82777777777778 1.241794225418211
22.833333333333332 1.2412093568001448
22.836666666666666 1.2438905202032071
22.836666666666666 1.2438905202032071
22.84111111111111 1.242677725638697
22.843333333333334 1.244748702586901
22.846666666666668 1.2438234497683098
22.84777777777778 1.242618049465817
22.85333333333333 1.24552145424806
22.855555555555554 1.246673983152545
22.86111111111111 1.2432862589885094
22.86888888888889 1.240998238658092
22.872222222222224 1.23820600946038
22.876666666666665 1.2341587994086947
22.88 1.2322330218934776
22.886666666666667 1.234667928767502
22.887777777777778 1.2334175080756433
22.89 1.23271587626291
22.895555555555557 1.2300384894193206
22.898888888888887 1.2316727138159314
22.9 1.2304081998074845
22.903333333333332 1.2338342888250082
22.903333333333332 1.2338342888250082
22.903333333333332 1.2338342888250082
22.907777777777778 1.2350757816344415
22.912222222222223 1.2353999661071609
22.913333333333334 1.2350282474376204
22.91777777777778 1.23533243469106
22.91888888888889 1.2349556917150089
22.92111111111111 1.2350997982171488
22.924444444444443 1.2366583765051875
22.926666666666666 1.2349922203012722
22.936666666666667 1.2377946947456104
22.93888888888889 1.2361080733306322
22.941111111111113 1.2353159264500537
22.942222222222224 1.2349181612202529
22.944444444444443 1.235920584428754
22.945555555555554 1.23461937779772
22.947777777777777 1.2320098321135304
22.95111111111111 1.2280775687606456
22.956666666666667 1.2269272143535943
22.964444444444446 1.2276306444264276
22.967777777777776 1.2272696644652032
22.97222222222222 1.227378422740542
22.973333333333333 1.2269498794466154
22.974444444444444 1.2247050096442194
22.976666666666667 1.2211111116734126
22.97888888888889 1.220240356749961
22.982222222222223 1.2180125478838972
22.986666666666668 1.2198944136369645
22.986666666666668 1.2198944136369645
22.99222222222222 1.2231296841299029
22.994444444444444 1.22405088982949
22.995555555555555 1.2236009796132856
22.996666666666666 1.2231498934498892
23.0 1.2245177934492661
23.00111111111111 1.2249714027621055
23.003333333333334 1.222240143237781
23.004444444444445 1.2245097187916265
23.00777777777778 1.224038773202991
23.011111111111113 1.227189600131386
23.014444444444443 1.2276079919022318
23.016666666666666 1.2266733367006015
23.01888888888889 1.2275475831274
23.022222222222222 1.2279447163551016
23.023333333333333 1.2274710610781028
23.024444444444445 1.2269962156672072
23.024444444444445 1.2269962156672072
23.02888888888889 1.224176592752639
23.032222222222224 1.2227294708126277
23.037777777777777 1.2184690861301735
23.04 1.2183980803051262
23.043333333333333 1.2196527524197127
23.046666666666667 1.220897024297186
23.04888888888889 1.2217207766757263
23.052222222222223 1.223857009410562
23.052222222222223 1.223857009410562
23.054444444444446 1.2237600576824281
23.058888888888887 1.2235540097526794
23.06 1.2221354785456144
23.065555555555555 1.2232145610301375
23.06888888888889 1.2243946491342494
23.072222222222223 1.227378422740544
23.073333333333334 1.2268592165621999
23.07888888888889 1.2260605900649602
23.08222222222222 1.2253875260706588
23.084444444444443 1.2261437520957081
23.08888888888889 1.22492145846549
23.09111111111111 1.2274796197021196
23.093333333333334 1.2254984684228654
23.094444444444445 1.2249592952408337
23.095555555555556 1.2244188752239606
23.095555555555556 1.2244188752239606
23.096666666666668 1.2247857409501073
23.09888888888889 1.2264234375419671
23.102222222222224 1.2256961226360823
23.105555555555554 1.2240508898294766
23.108888888888888 1.2223943430000603
23.11111111111111 1.222194132327398
23.112222222222222 1.2216373135543308
23.114444444444445 1.220519876022776
23.11888888888889 1.222826504250789
23.123333333333335 1.2251126483357782
23.123333333333335 1.2251126483357782
23.125555555555554 1.2276079919022331
23.127777777777776 1.2273784227405442
23.13111111111111 1.2256658715061628
23.133333333333333 1.2281460022701345
23.137777777777778 1.2312737716402529
23.137777777777778 1.2312737716402529
23.141111111111112 1.2322505744310424
23.142222222222223 1.2307677571461826
23.14666666666667 1.2275299633414194
23.148888888888887 1.228168141706798
23.15222222222222 1.2273059182945003
23.153333333333332 1.2258070370585776
23.156666666666666 1.2231135164334994
23.15888888888889 1.223735818550222
23.16111111111111 1.2234449115057524
23.165555555555557 1.2246686788203032
23.165555555555557 1.2246686788203032
23.16777777777778 1.2234570340136026
23.17 1.2204186083196322
23.174444444444443 1.2207021367178723
23.175555555555555 1.220998252321264
23.175555555555555 1.220998252321264
23.175555555555555 1.220998252321264
23.175555555555555 1.220998252321264
23.18 1.2176126827367135
23.182222222222222 1.2200200382914481
23.182222222222222 1.2200200382914481
23.184444444444445 1.2187733499533149
23.18777777777778 1.2150637548356946
23.18777777777778 1.2150637548356946
23.19 1.2156332433859003
23.192222222222224 1.2134514686180922
23.19333333333333 1.213733060502992
23.19333333333333 1.213733060502992
23.195555555555554 1.2133766040844516
23.198888888888888 1.216954242962665
23.203333333333333 1.2143881580626157
23.206666666666667 1.216113541915318
23.206666666666667 1.216113541915318
23.21 1.2132518195960191
23.213333333333335 1.2103741412204965
23.215555555555557 1.2108988848195374
23.22 1.2110172779974875
23.22111111111111 1.2103552502930692
23.224444444444444 1.2083608540202853
23.226666666666667 1.20517977372073
23.22888888888889 1.2038355872469584
23.234444444444446 1.2032271318569623
23.236666666666668 1.2009404916631454
23.236666666666668 1.2009404916631454
23.23777777777778 1.2021095452552213
23.23777777777778 1.2021095452552213
23.238888888888887 1.2014261496154677
23.24222222222222 1.1993674433818071
23.244444444444444 1.199843437238611
23.252222222222223 1.1959077216511054
23.255555555555556 1.191937235761927
23.25777777777778 1.1942556035745198
23.25888888888889 1.19261674181969
23.263333333333332 1.1916421960767027
23.264444444444443 1.190928924983717
23.266666666666666 1.189497982554222
23.272222222222222 1.1905755030348315
23.273333333333333 1.1889180544325715
23.273333333333333 1.1889180544325715
23.275555555555556 1.1874680358544343
23.281111111111112 1.1875695115251115
23.283333333333335 1.187977408278723
23.283333333333335 1.187977408278723
23.285555555555554 1.1883810049508354
23.286666666666665 1.186707993597827
23.29222222222222 1.1848813815192272
23.293333333333333 1.1869516765800354
23.294444444444444 1.1862074534436915
23.296666666666667 1.1856530188893082
23.3 1.185282382822778
23.302222222222223 1.1865934244768646
23.303333333333335 1.1849022431904166
23.304444444444446 1.1850863315178486
23.31222222222222 1.1919574554913481
23.313333333333333 1.1939968492774689
23.31888888888889 1.1939218000417826
23.323333333333334 1.1936567608556368
23.325555555555557 1.1949151734160284
23.326666666666668 1.1960074478657747
23.32777777777778 1.1961681290913848
23.33 1.1946255248424549
23.337777777777777 1.196637649239239
23.34111111111111 1.1961557300226238
23.343333333333334 1.1955190717614967
23.346666666666668 1.1959516435475692
23.346666666666668 1.1959516435475692
23.35 1.1982328478767341
23.352222222222224 1.1957216816148426
23.355555555555554 1.1961293815747231
23.356666666666666 1.1953329712362937
23.357777777777777 1.1945349952598776
23.36 1.1938664158564332
23.36111111111111 1.1939963317126951
23.362222222222222 1.1950563516416501
23.366666666666667 1.1927664816997912
23.373333333333335 1.1888244911446242
23.374444444444446 1.1870698552240095
23.376666666666665 1.185427836106538
23.377777777777776 1.1855430391236899
23.378888888888888 1.186594986857461
23.378888888888888 1.186594986857461
23.38 1.1848318335780101
23.38111111111111 1.1868199481894222
23.383333333333333 1.1861032562013845
23.383333333333333 1.1861032562013845
23.385555555555555 1.1872572509790986
23.386666666666667 1.1864267587329635
23.394444444444446 1.18995247763244
23.395555555555557 1.1891155527533963
23.39666666666667 1.1882769983022021
23.397777777777776 1.1883732047679436
23.40222222222222 1.188747555813361
23.404444444444444 1.1870557993497977
23.40888888888889 1.1864684273637889
23.40888888888889 1.1864684273637889
23.41 1.1865533226710556
23.41111111111111 1.1866371703557672
23.41111111111111 1.1866371703557672
23.413333333333334 1.1839865916325802
23.416666666666668 1.1842261381013337
23.42 1.1844562449571663
23.42222222222222 1.184604408024077
23.42222222222222 1.184604408024077
23.42222222222222 1.184604408024077
23.423333333333332 1.1846769177006033
23.426666666666666 1.183949011318296
23.42888888888889 1.1850237551248184
23.432222222222222 1.1833407750683909
23.43888888888889 1.1808816717518844
23.441111111111113 1.1819361996641886
23.441111111111113 1.1819361996641886
23.442222222222224 1.18199109721664
23.44333333333333 1.1811035355697104
23.444444444444443 1.180214259229562
23.446666666666665 1.1812589200774355
23.45 1.1823460398518213
23.45111111111111 1.1833329416617762
23.45111111111111 1.1833329416617762
23.454444444444444 1.1862824697911387
23.45888888888889 1.1873821650517935
23.461111111111112 1.1893291258606953
23.462222222222223 1.1902998545180943
23.463333333333335 1.1893997888092849
23.464444444444446 1.1884980015511173
23.464444444444446 1.1884980015511173
23.464444444444446 1.1884980015511173
23.465555555555557 1.1885307585353775
23.465555555555557 1.1885307585353775
23.468888888888888 1.1848735582978387
23.468888888888888 1.1848735582978387
23.468888888888888 1.1848735582978387
23.47111111111111 1.1849298843390184
23.473333333333333 1.1831031386601292
23.475555555555555 1.1812693829461245
23.476666666666667 1.1784635837574646
23.48 1.1785249353998781
23.482222222222223 1.1795040319826637
23.485555555555557 1.1776620483551137
23.488888888888887 1.1758077189181546
23.49 1.1739241400280476
23.49111111111111 1.174880245661251
23.495555555555555 1.1739583564661005
23.5 1.1711207945646018
23.50111111111111 1.1692190946573386
23.50111111111111 1.1692190946573386
23.50111111111111 1.1692190946573386
23.503333333333334 1.16826311662973
23.503333333333334 1.16826311662973
23.505555555555556 1.170157392331407
23.51 1.1710780521497741
23.514444444444443 1.1719811156791717
23.516666666666666 1.1710020617823607
23.523333333333333 1.1680345812912893
23.523333333333333 1.1680345812912893
23.524444444444445 1.1680118311139085
23.525555555555556 1.1689399960536875
23.526666666666667 1.1689151488192127
23.53 1.171685797666693
23.531111111111112 1.1745014746705156
23.534444444444443 1.1763011266786199
23.535555555555554 1.1753219908719275
23.536666666666665 1.1752878141336944
23.54 1.1713867123247144
23.54888888888889 1.1710490286331448
23.55 1.170051765775343
23.551111111111112 1.1719036019044982
23.551111111111112 1.1719036019044982
23.552222222222223 1.1728033951743766
23.553333333333335 1.1737014456095811
23.554444444444446 1.1727022226584447
23.55666666666667 1.1716478228075409
23.56111111111111 1.1752163026660891
23.56222222222222 1.172314840931691
23.565555555555555 1.1730815746016385
23.566666666666666 1.1739667788209784
23.566666666666666 1.1739667788209784
23.566666666666666 1.1739667788209784
23.56888888888889 1.1738383313429546
23.57 1.1737725228867253
23.574444444444445 1.1753929701529762
23.575555555555557 1.175321990871936
23.57888888888889 1.1798262013035663
23.583333333333332 1.1795202735178418
23.584444444444443 1.1784976683975534
23.586666666666666 1.1764466398138302
23.587777777777777 1.1773093678682127
23.59 1.179029785334211
23.59111111111111 1.1789443482601794
23.594444444444445 1.1805676422712954
23.59777777777778 1.1821792980425219
23.59777777777778 1.1821792980425219
23.6 1.1801095328209794
23.601111111111113 1.1809570264018405
23.604444444444443 1.184429114500826
23.605555555555554 1.1833909076428035
23.606666666666666 1.1851697615689771
23.607777777777777 1.185069123339153
23.608888888888888 1.1859057773147033
23.608888888888888 1.1859057773147033
23.608888888888888 1.1859057773147033
23.608888888888888 1.1859057773147033
23.61111111111111 1.1856994053997851
23.612222222222222 1.187469597084281
23.615555555555556 1.1880861224191641
23.61888888888889 1.1877568284480247
23.621111111111112 1.1865949868574597
23.625555555555554 1.1833157079846939
23.63 1.185653018889298
23.63111111111111 1.1855305289306473
23.63222222222222 1.1863449797904548
23.634444444444444 1.1879690852551423
23.634444444444444 1.1879690852551423
23.635555555555555 1.1887787464126236
23.637777777777778 1.1885229593352948
23.64 1.1910679815175131
23.642222222222223 1.189869902290882
23.644444444444446 1.1905365734990954
23.64666666666667 1.1902645502854867
23.647777777777776 1.1901269576211038
23.647777777777776 1.1901269576211038
23.648888888888887 1.190922698191967
23.65111111111111 1.1915763336614433
23.654444444444444 1.1920818770462012
23.655555555555555 1.192870096909287
23.656666666666666 1.1927245149789585
23.657777777777778 1.1925778789164827
23.657777777777778 1.1925778789164827
23.66111111111111 1.1939963317126898
23.663333333333334 1.1946255248424558
23.664444444444445 1.1935413054669064
23.664444444444445 1.1935413054669064
23.665555555555557 1.1943192485399212
23.66777777777778 1.1940087532055288
23.66888888888889 1.1938519223744388
23.67222222222222 1.1933750922238566
23.673333333333332 1.1922814428364457
23.673333333333332 1.1922814428364457
23.675555555555555 1.1919559001397306
23.675555555555555 1.1919559001397306
23.68111111111111 1.1939218000417817
23.685555555555556 1.195101339000492
23.686666666666667 1.1939968492774697
23.68777777777778 1.194753806445116
23.692222222222224 1.1959077216511045
23.692222222222224 1.1959077216511045
23.694444444444443 1.1964780640511343
23.694444444444443 1.1964780640511343
23.695555555555554 1.1990829932572782
23.698888888888888 1.1985339992564403
23.698888888888888 1.1985339992564403
23.702222222222222 1.1970465859701644
23.703333333333333 1.1968581413250505
23.70777777777778 1.199807898767083
23.70777777777778 1.199807898767083
23.70888888888889 1.198687124274248
23.71 1.1994205126579498
23.71 1.1994205126579498
23.712222222222223 1.1990288782577558
23.712222222222223 1.1990288782577558
23.715555555555557 1.1993612604007962
23.717777777777776 1.1998867000441276
23.72 1.2022596448418037
23.72111111111111 1.202055566507199
23.72222222222222 1.204623811302982
23.72222222222222 1.204623811302982
23.72222222222222 1.204623811302982
23.723333333333333 1.2034941712549856
23.723333333333333 1.2034941712549856
23.725555555555555 1.2030792076085417
23.727777777777778 1.2008087539557695
23.73111111111111 1.202023178094872
23.732222222222223 1.1999562262852028
23.736666666666668 1.2000139042575904
23.73777777777778 1.2007207492322631
23.73777777777778 1.2007207492322631
23.74 1.1993509553616153
23.74 1.1993509553616153
23.743333333333332 1.195891185930954
23.744444444444444 1.193802229100325
23.75111111111111 1.1896143498304215
23.753333333333334 1.189142576287987
23.753333333333334 1.189142576287987
23.755555555555556 1.1867933924743261
23.75777777777778 1.1863121624515052
23.75777777777778 1.1863121624515052
23.763333333333332 1.187902498967096
23.767777777777777 1.1897156424332858
23.77 1.190147727344475
23.772222222222222 1.1896408425748033
23.774444444444445 1.1881937864283825
23.776666666666667 1.1886139468186185
23.78 1.1878322671970272
23.783333333333335 1.1879774082787309
23.783333333333335 1.1879774082787309
23.784444444444443 1.1895831811404798
23.785555555555554 1.1893166554927572
23.786666666666665 1.1881131693680556
23.787777777777777 1.1915841128764644
23.788888888888888 1.1903808426248355
23.79111111111111 1.1907732454216924
23.79111111111111 1.1907732454216924
23.79222222222222 1.1914347430736054
23.793333333333333 1.1911613685839066
23.793333333333333 1.1911613685839066
23.795555555555556 1.1915452162934785
23.79888888888889 1.1916463447683927
23.8 1.193232679287155
23.802222222222223 1.193603435315081
23.804444444444446 1.1911717444726675
23.805555555555557 1.19368575238286
23.805555555555557 1.19368575238286
23.805555555555557 1.19368575238286
23.807777777777776 1.192181404940755
23.807777777777776 1.192181404940755
23.807777777777776 1.192181404940755
23.807777777777776 1.192181404940755
23.81 1.1906710047707516
23.81222222222222 1.1928903008265093
23.814444444444444 1.1923058031256397
23.815555555555555 1.1910783582198123
23.816666666666666 1.1907831057309841
23.81888888888889 1.1901892657038855
23.81888888888889 1.1901892657038855
23.81888888888889 1.1901892657038855
23.82111111111111 1.1886555387770141
23.825555555555557 1.1902515705249352
23.82888888888889 1.1902687037789603
23.83 1.1890256431119408
23.83 1.1890256431119408
23.83222222222222 1.1874695970842781
23.833333333333332 1.1871578308039563
23.836666666666666 1.1843388490862596
23.83888888888889 1.1846435325015585
23.83888888888889 1.1846435325015585
23.84111111111111 1.1830650079357943
23.843333333333334 1.1824213011789213
23.843333333333334 1.1824213011789213
23.843333333333334 1.1824213011789213
23.846666666666668 1.1805053498306786
23.846666666666668 1.1805053498306786
23.85 1.1814048687256746
23.85 1.1814048687256746
23.85333333333333 1.1832347585674112
23.856666666666666 1.1822331388777465
23.856666666666666 1.1822331388777465
23.857777777777777 1.182837765119754
23.858888888888888 1.1834410380935414
23.86 1.1840429598676026
23.86 1.1840429598676026
23.86111111111111 1.1846435325015552
23.863333333333333 1.1839631040759382
23.863333333333333 1.1839631040759382
23.865555555555556 1.1823376771864198
23.866666666666667 1.1829338915461984
23.86888888888889 1.1803587664144684
23.87 1.1800105578230964
23.872222222222224 1.1783670926614347
23.873333333333335 1.1770705137918618
23.874444444444446 1.1757714539513358
23.874444444444446 1.1757714539513358
23.875555555555554 1.1754166289608208
23.878888888888888 1.1733976075360841
23.88 1.1720892045609375
23.88111111111111 1.169827805934809
23.883333333333333 1.1691006973265519
23.884444444444444 1.1696867526163073
23.884444444444444 1.1696867526163073
23.885555555555555 1.1693205685421837
23.886666666666667 1.1680012494850625
23.886666666666667 1.1680012494850625
23.887777777777778 1.1704868859228645
23.892222222222223 1.1728033951743742
23.892222222222223 1.1728033951743742
23.892222222222223 1.1728033951743742
23.894444444444446 1.1730057140276442
23.89666666666667 1.172255272931872
23.898888888888887 1.171500131097842
23.898888888888887 1.171500131097842
23.9 1.1720702238203016
23.90222222222222 1.1713086316244166
23.90222222222222 1.1713086316244166
23.90222222222222 1.1713086316244166
23.90222222222222 1.1713086316244166
23.90222222222222 1.1713086316244166
23.904444444444444 1.1695916508917266
23.904444444444444 1.1695916508917266
23.906666666666666 1.1669150643982058
23.90888888888889 1.166137387224617
23.91 1.1676535896619744
23.91 1.1676535896619744
23.91 1.1676535896619744
23.91 1.1676535896619744
23.912222222222223 1.1668700495428275
23.913333333333334 1.1674296990979443
23.914444444444445 1.1670352720311767
23.91777777777778 1.1696550529006124
23.91888888888889 1.172107657764073
23.92 1.173606669210586
23.92 1.173606669210586
23.92111111111111 1.1722594902349577
23.925555555555555 1.1716014074192584
23.927777777777777 1.1726895754802233
23.92888888888889 1.1741794232602112
23.92888888888889 1.1741794232602112
23.93111111111111 1.1733644280775462
23.934444444444445 1.1730815746016472
23.935555555555556 1.1717200794685751
23.936666666666667 1.171305993672029
23.93777777777778 1.170890705878156
23.93888888888889 1.1704742148075553
23.942222222222224 1.1673132378580677
23.944444444444443 1.1655140235398727
23.945555555555554 1.1641341228943594
23.945555555555554 1.1641341228943594
23.946666666666665 1.163707779181758
23.948888888888888 1.1638076096451475
23.95 1.1652886612643247
23.952222222222222 1.1634714442167702
23.952222222222222 1.1634714442167702
23.952222222222222 1.1634714442167702
23.953333333333333 1.164949740402598
23.953333333333333 1.164949740402598
23.956666666666667 1.1665098681644437
23.95888888888889 1.1675435022676053
23.962222222222223 1.1662264119798975
23.962222222222223 1.1662264119798975
23.965555555555557 1.1696629779100762
23.966666666666665 1.1720702238203051
23.968888888888888 1.1730799942230603
23.97 1.1707360566537885
23.97111111111111 1.1702888840704906
23.97222222222222 1.1698404840516943
23.973333333333333 1.1712917486264591
23.974444444444444 1.1708416214771016
23.974444444444444 1.1708416214771016
23.975555555555555 1.170390265203642
23.975555555555555 1.170390265203642
23.976666666666667 1.1708880669842012
23.982222222222223 1.1676562358658267
23.983333333333334 1.1662428384242065
23.98777777777778 1.1662979448054167
23.98777777777778 1.1662979448054167
23.988888888888887 1.1658321078824432
23.99222222222222 1.1663360938518188
23.994444444444444 1.1673021204958747
23.994444444444444 1.1673021204958747
23.996666666666666 1.1663572872273236
23.99888888888889 1.16540744587165
24.00111111111111 1.1654074458716495
24.00111111111111 1.1654074458716495
24.002222222222223 1.1649285214197913
24.002222222222223 1.1649285214197913
24.005555555555556 1.163484191596911
24.005555555555556 1.163484191596911
24.005555555555556 1.163484191596911
24.006666666666668 1.1639562774414483
24.01 1.166319138874133
24.01 1.166319138874133
24.01 1.166319138874133
24.011111111111113 1.1658321078824447
24.011111111111113 1.1658321078824447
24.011111111111113 1.1658321078824447
24.01222222222222 1.1653438127663365
24.014444444444443 1.1643634237952107
24.016666666666666 1.166242838424207
24.017777777777777 1.1667032146402032
24.01888888888889 1.1662089255107417
24.01888888888889 1.1662089255107417
24.02111111111111 1.1661707723042785
24.022222222222222 1.164718432632665
24.022222222222222 1.164718432632665
24.023333333333333 1.1651741074958035
24.024444444444445 1.1656285439026646
24.025555555555556 1.1651274342129965
24.026666666666667 1.163669543970254
24.02777777777778 1.164121382631101
24.02888888888889 1.1626601048210377
24.031111111111112 1.1654694848042548
24.033333333333335 1.1634974699693743
24.034444444444443 1.1629869402368835
24.035555555555554 1.1634316077536166
24.037777777777777 1.1633614922653346
24.038888888888888 1.1647582250844861
24.038888888888888 1.1647582250844861
24.04222222222222 1.1632084983480413
24.045555555555556 1.1635606729450239
24.047777777777778 1.1653819930464795
24.05 1.165288661264323
24.05 1.165288661264323
24.051111111111112 1.1647630000873603
24.053333333333335 1.162751521703405
24.057777777777776 1.162538913222214
24.058888888888887 1.1629614344359933
24.06222222222222 1.1661310280534707
24.063333333333333 1.1655940829399645
24.063333333333333 1.1655940829399645
24.063333333333333 1.1655940829399645
24.065555555555555 1.1673783517105847
24.07 1.1652122933366376
24.07111111111111 1.1656221819554742
24.07111111111111 1.1656221819554742
24.074444444444445 1.1639812305317878
24.074444444444445 1.1639812305317878
24.075555555555557 1.1634316077536138
24.076666666666668 1.1628806623758485
24.076666666666668 1.1628806623758485
24.07888888888889 1.160816946461069
24.08111111111111 1.1625787802740848
24.08222222222222 1.1639350403474258
24.083333333333332 1.1643337021518465
24.084444444444443 1.1656857998649983
24.084444444444443 1.1656857998649983
24.084444444444443 1.1656857998649983
24.084444444444443 1.1656857998649983
24.085555555555555 1.1660817433011785
24.086666666666666 1.1645677395592904
24.086666666666666 1.1645677395592904
24.087777777777777 1.1640067139868215
24.09 1.1638368137467796
24.092222222222222 1.1627063456540532
24.093333333333334 1.1630958649660952
24.095555555555556 1.1600421064728774
24.095555555555556 1.1600421064728774
24.09777777777778 1.1588972720472552
24.09888888888889 1.1583228300086887
24.09888888888889 1.1583228300086887
24.09888888888889 1.1583228300086887
24.09888888888889 1.1583228300086887
24.1 1.156785850489714
24.105555555555554 1.1577336910829437
24.106666666666666 1.157151194811188
24.107777777777777 1.1565673365416314
24.107777777777777 1.1565673365416314
24.107777777777777 1.1565673365416314
24.108888888888888 1.155982114210573
24.11 1.156357866327144
24.11 1.156357866327144
24.11 1.156357866327144
24.11111111111111 1.157693657182606
24.114444444444445 1.1588092840781221
24.114444444444445 1.1588092840781221
24.114444444444445 1.1588092840781221
24.116666666666667 1.1605060075451488
24.11888888888889 1.160280205162806
24.12 1.159686198973242
24.123333333333335 1.1578959476498485
24.124444444444446 1.1582572070811974
24.128888888888888 1.1596904619847281
24.13 1.1571656139310893
24.13222222222222 1.1588348812672937
24.133333333333333 1.1591873184065733
24.134444444444444 1.1576183897018928
24.135555555555555 1.157969062421
24.135555555555555 1.157969062421
24.136666666666667 1.1573578516973198
24.137777777777778 1.1577064681813445
24.13888888888889 1.1570929824631657
24.141111111111112 1.1548990724332142
24.142222222222223 1.1542808823924384
24.144444444444446 1.1549680964935476
24.14666666666667 1.1546876940304074
24.147777777777776 1.1540640360409584
24.148888888888887 1.1563284733380756
24.148888888888887 1.1563284733380756
24.15 1.1576269309387697
24.15222222222222 1.157336493522371
24.15222222222222 1.157336493522371
24.15222222222222 1.157336493522371
24.153333333333332 1.156708921191862
24.155555555555555 1.157373336127693
24.155555555555555 1.157373336127693
24.156666666666666 1.1567425783892087
24.156666666666666 1.1567425783892087
24.156666666666666 1.1567425783892087
24.156666666666666 1.1567425783892087
24.156666666666666 1.1567425783892087
24.15888888888889 1.155476821043958
24.16 1.156766618644891
24.162222222222223 1.1574181864121307
24.164444444444445 1.1571041979139403
24.165555555555557 1.158386848794328
24.166666666666668 1.1577470354087631
24.16888888888889 1.1593451072655991
24.17 1.1596622192416153
24.17111111111111 1.1590188444305538
24.173333333333332 1.1596478311646228
24.174444444444443 1.159001249217005
24.175555555555555 1.1593131247728443
24.175555555555555 1.1593131247728443
24.177777777777777 1.157052926394387
24.177777777777777 1.157052926394387
24.177777777777777 1.157052926394387
24.177777777777777 1.157052926394387
24.177777777777777 1.157052926394387
24.17888888888889 1.15640061843213
24.18111111111111 1.1550916874118773
24.18111111111111 1.1550916874118773
24.182222222222222 1.1563605383800244
24.183333333333334 1.1585874180825844
24.183333333333334 1.1585874180825844
24.185555555555556 1.1563108371859936
24.185555555555556 1.1563108371859936
24.186666666666667 1.156612752374088
24.18777777777778 1.155951642469567
24.191111111111113 1.1549231510623204
24.191111111111113 1.1549231510623204
24.191111111111113 1.1549231510623204
24.19333333333333 1.1535889733635978
24.194444444444443 1.1519544847089966
24.196666666666665 1.1525422883185805
24.196666666666665 1.1525422883185805
24.196666666666665 1.1525422883185805
24.197777777777777 1.1537989462659477
24.2 1.1553425737574023
24.202222222222222 1.1530274294745777
24.205555555555556 1.1548477030132032
24.205555555555556 1.1548477030132032
24.205555555555556 1.1548477030132032
24.205555555555556 1.1548477030132032
24.205555555555556 1.1548477030132032
24.206666666666667 1.1541673777788144
24.20777777777778 1.153485579806024
24.21 1.1511516697864173
24.211111111111112 1.1504648617392295
24.212222222222223 1.1488087148669948
24.213333333333335 1.1481183522765674
24.214444444444446 1.1503311039633322
24.215555555555557 1.1496395054367117
24.217777777777776 1.148251829628073
24.217777777777776 1.148251829628073
24.218888888888888 1.1485246564253684
24.22 1.1468581640718778
24.22111111111111 1.1471291674900612
24.224444444444444 1.1498716967757205
24.225555555555555 1.1501376917241644
24.225555555555555 1.1501376917241644
24.226666666666667 1.1513690646467765
24.227777777777778 1.1506662748317165
24.227777777777778 1.1506662748317165
24.227777777777778 1.1506662748317165
24.22888888888889 1.1518949367765257
24.23 1.1521561737545771
24.235555555555557 1.1505486538686844
24.235555555555557 1.1505486538686844
24.235555555555557 1.1505486538686844
24.238888888888887 1.1484084304481812
24.238888888888887 1.1484084304481812
24.24 1.146722368894798
24.24111111111111 1.1469740083583952
24.24222222222222 1.1472245152947966
24.24222222222222 1.1472245152947966
24.244444444444444 1.1486909036978963
24.245555555555555 1.148937809124123
24.245555555555555 1.148937809124123
24.245555555555555 1.148937809124123
24.246666666666666 1.1482152325434132
24.246666666666666 1.1482152325434132
24.246666666666666 1.1482152325434132
24.246666666666666 1.1482152325434132
24.24888888888889 1.1487038151004567
24.252222222222223 1.1465213409560182
24.252222222222223 1.1465213409560182
24.253333333333334 1.1467611691576771
24.253333333333334 1.1467611691576771
24.254444444444445 1.1460296710475129
24.25777777777778 1.1438258867185258
24.25888888888889 1.1450327452263467
24.25888888888889 1.1450327452263467
24.26 1.1442947417786624
24.261111111111113 1.142582057664609
24.261111111111113 1.142582057664609
24.26222222222222 1.1437869868831543
24.264444444444443 1.145218925508987
24.264444444444443 1.145218925508987
24.267777777777777 1.1459002491668602
24.26888888888889 1.1441824069173148
24.27 1.145378099139696
24.27 1.145378099139696
24.272222222222222 1.146792962838915
24.273333333333333 1.1479827061674845
24.275555555555556 1.1484197307121662
24.27777777777778 1.1488522858005046
24.282222222222224 1.148736092971974
24.284444444444443 1.1481872457504134
24.285555555555554 1.1474264971804715
24.285555555555554 1.1474264971804715
24.287777777777777 1.1468705572754114
24.287777777777777 1.1468705572754114
24.29111111111111 1.1455426452321507
24.29111111111111 1.1455426452321507
24.293333333333333 1.1430303380603555
24.293333333333333 1.1430303380603555
24.294444444444444 1.1422574989010064
24.294444444444444 1.1422574989010064
24.294444444444444 1.1422574989010064
24.297777777777778 1.141879271603753
24.297777777777778 1.141879271603753
24.29888888888889 1.144021986577114
24.301111111111112 1.1414911743417038
24.301111111111112 1.1414911743417038
24.301111111111112 1.1414911743417038
24.301111111111112 1.1414911743417038
24.303333333333335 1.139926621762705
24.304444444444446 1.1410931970442386
24.304444444444446 1.1410931970442386
24.305555555555557 1.140308206401441
24.307777777777776 1.1426339785116404
24.31 1.1430060088966039
24.31 1.1430060088966039
24.314444444444444 1.1408153428670265
24.315555555555555 1.1400204036882933
24.315555555555555 1.1400204036882933
24.315555555555555 1.1400204036882933
24.316666666666666 1.1401998146608492
24.31888888888889 1.141530152411305
24.31888888888889 1.141530152411305
24.31888888888889 1.141530152411305
24.31888888888889 1.141530152411305
24.32 1.141706078526409
24.322222222222223 1.143028175488984
24.323333333333334 1.141252946101579
24.324444444444445 1.1404496421287689
24.325555555555557 1.140620317064316
24.32777777777778 1.1399830002613671
24.32777777777778 1.1399830002613671
24.32777777777778 1.1399830002613671
24.32888888888889 1.1401504930079238
24.32888888888889 1.1401504930079238
24.33111111111111 1.1424311493087351
24.33222222222222 1.1416210960649722
24.33222222222222 1.1416210960649722
24.333333333333332 1.1408093842390858
24.333333333333332 1.1408093842390858
24.333333333333332 1.1408093842390858
24.335555555555555 1.1401569970842786
24.335555555555555 1.1401569970842786
24.335555555555555 1.1401569970842786
24.335555555555555 1.1401569970842786
24.335555555555555 1.1401569970842786
24.335555555555555 1.1401569970842786
24.335555555555555 1.1401569970842786
24.336666666666666 1.137386696920392
24.336666666666666 1.137386696920392
24.33888888888889 1.1367258217660612
24.34 1.1368829231137378
24.34111111111111 1.137038915773419
24.343333333333334 1.135389854789161
24.343333333333334 1.135389854789161
24.343333333333334 1.135389854789161
24.344444444444445 1.1355427873165915
24.34888888888889 1.1371220668785271
24.351111111111113 1.1364371118143262
24.354444444444443 1.1339302447790736
24.354444444444443 1.1339302447790736
24.355555555555554 1.1330912084052762
24.356666666666666 1.132250458698774
24.356666666666666 1.132250458698774
24.357777777777777 1.1323907179521011
24.36111111111111 1.1328048452630706
24.362222222222222 1.133922070032669
24.363333333333333 1.1340566733527733
24.365555555555556 1.1362821242436567
24.366666666666667 1.136413185288443
24.366666666666667 1.136413185288443
24.36777777777778 1.1365431437639608
24.36888888888889 1.1396040180727978
24.36888888888889 1.1396040180727978
24.37 1.1377778236427705
24.37 1.1377778236427705
24.371111111111112 1.1369264075397176
24.373333333333335 1.1361978238821093
24.373333333333335 1.1361978238821093
24.373333333333335 1.1361978238821093
24.376666666666665 1.1355857788732084
24.377777777777776 1.1347261828621542
24.377777777777776 1.1347261828621542
24.378888888888888 1.1338648451576712
24.38 1.1349636031268509
24.38111111111111 1.134100266144712
24.38222222222222 1.13519661875955
24.38222222222222 1.13519661875955
24.383333333333333 1.1343312799730305
24.383333333333333 1.1343312799730305
24.383333333333333 1.1343312799730305
24.384444444444444 1.1344451350460307
24.386666666666667 1.1327071925180896
24.386666666666667 1.1327071925180896
24.386666666666667 1.1327071925180896
24.386666666666667 1.1327071925180896
24.387777777777778 1.1328179377285472
24.387777777777778 1.1328179377285472
24.38888888888889 1.1319453211661776
24.39 1.1310709386674742
24.391111111111112 1.1311785662345442
24.391111111111112 1.1311785662345442
24.394444444444446 1.1295269675560025
24.395555555555557 1.13061463701025
24.398888888888887 1.1368041033520624
24.398888888888887 1.1368041033520624
24.398888888888887 1.1368041033520624
24.398888888888887 1.1368041033520624
24.398888888888887 1.1368041033520624
24.398888888888887 1.1368041033520624
24.398888888888887 1.1368041033520624
24.398888888888887 1.1368041033520624
24.40222222222222 1.1370959809118872
24.40222222222222 1.1370959809118872
24.40222222222222 1.1370959809118872
24.40222222222222 1.1370959809118872
24.404444444444444 1.1363065973707436
24.405555555555555 1.135420334089387
24.407777777777778 1.1336424582236626
24.41 1.1348018795787438
24.41111111111111 1.1368481343753831
24.41111111111111 1.1368481343753831
24.41111111111111 1.1368481343753831
24.41111111111111 1.1368481343753831
24.412222222222223 1.135955765500638
24.412222222222223 1.135955765500638
24.412222222222223 1.135955765500638
24.414444444444445 1.1351459909255592
24.416666666666668 1.1362908258603386
24.41777777777778 1.1363718564662597
24.41777777777778 1.1363718564662597
24.41888888888889 1.1364517937512537
24.41888888888889 1.1364517937512537
24.41888888888889 1.1364517937512537
24.42 1.1355514945987444
24.42111111111111 1.1356293129681945
24.42111111111111 1.1356293129681945
24.42222222222222 1.1366850479715296
24.42222222222222 1.1366850479715296
24.423333333333332 1.136760614247594
24.424444444444443 1.136835088324045
24.425555555555555 1.1349499909218415
24.425555555555555 1.1349499909218415
24.427777777777777 1.137051959486141
24.43111111111111 1.1362804926830967
24.432222222222222 1.1363473847446421
24.434444444444445 1.138433745505502
24.435555555555556 1.1375198037475887
24.436666666666667 1.1375822770913684
24.436666666666667 1.1375822770913684
24.43777777777778 1.138621004816386
24.43777777777778 1.138621004816386
24.44 1.138740400471628
24.441111111111113 1.1378212738681046
24.44333333333333 1.1389113315507071
24.445555555555554 1.1390198459063088
24.446666666666665 1.1400485909672453
24.447777777777777 1.1410753254198636
24.448888888888888 1.1401504930079365
24.45 1.1401998146608423
24.453333333333333 1.1403412638319166
24.456666666666667 1.138520594233045
24.456666666666667 1.138520594233045
24.45777777777778 1.1375849932459003
24.45777777777778 1.1375849932459003
24.45888888888889 1.1386030943882481
24.45888888888889 1.1386030943882481
24.461111111111112 1.1377039544513707
24.463333333333335 1.1397314438859782
24.463333333333335 1.1397314438859782
24.463333333333335 1.1397314438859782
24.463333333333335 1.1397314438859782
24.464444444444446 1.1407422120983202
24.466666666666665 1.139833916438451
24.468888888888888 1.1379434687320422
24.47 1.1379733365919513
24.47111111111111 1.137024241417766
24.47111111111111 1.137024241417766
24.473333333333333 1.139033409473865
24.476666666666667 1.1361733484120373
24.47888888888889 1.1342571863233835
24.48 1.1323143142875023
24.482222222222223 1.1323514252827567
24.482222222222223 1.1323514252827567
24.484444444444446 1.1333660489509145
24.484444444444446 1.1333660489509145
24.485555555555557 1.1333807706707284
24.485555555555557 1.1333807706707284
24.48777777777778 1.1343879365573635
24.48777777777778 1.1343879365573635
24.488888888888887 1.1343993764858158
24.49 1.1344097267978652
24.49 1.1344097267978652
24.49 1.1344097267978652
24.49222222222222 1.1334461982231339
24.493333333333332 1.132471481935474
24.494444444444444 1.1324774844340055
24.496666666666666 1.1324862152841706
24.496666666666666 1.1324862152841706
24.497777777777777 1.131506302859144
24.49888888888889 1.1315079413037554
24.49888888888889 1.1315079413037554
24.5 1.1305249944473046
24.5 1.1305249944473046
24.5 1.1305249944473046
24.502222222222223 1.1324889436610532
24.503333333333334 1.133468006567997
24.503333333333334 1.133468006567997
24.504444444444445 1.1334641901379334
24.505555555555556 1.1314948336803898
24.506666666666668 1.1314888259689384
24.50777777777778 1.1314817259051724
24.50777777777778 1.1314817259051724
24.50777777777778 1.1314817259051724
24.50777777777778 1.1314817259051724
24.50777777777778 1.1314817259051724
24.50888888888889 1.131473533468553
24.51 1.1324469259283123
24.51 1.1324469259283123
24.511111111111113 1.1314538713786473
24.511111111111113 1.1314538713786473
24.513333333333332 1.1304462780431952
24.515555555555554 1.1284481070885806
24.515555555555554 1.1284481070885806
24.516666666666666 1.1284322257441395
24.516666666666666 1.1284322257441395
24.517777777777777 1.1274290575539898
24.517777777777777 1.1274290575539898
24.51888888888889 1.1264238987405846
24.51888888888889 1.1264238987405846
24.52 1.127391784526381
24.52 1.127391784526381
24.52111111111111 1.1273715030966112
24.523333333333333 1.1263405065060081
24.523333333333333 1.1263405065060081
24.523333333333333 1.1263405065060081
24.523333333333333 1.1263405065060081
24.523333333333333 1.1263405065060081
24.525555555555556 1.1262922239691298
24.526666666666667 1.1272536443245305
24.52777777777778 1.1272267817638284
24.531111111111112 1.1261523026550115
24.532222222222224 1.1280948312698003
24.534444444444443 1.1290147605332366
24.534444444444443 1.1290147605332366
24.535555555555554 1.1279945793769053
24.535555555555554 1.1279945793769053
24.535555555555554 1.1279945793769053
24.535555555555554 1.1279945793769053
24.538888888888888 1.1288702498663181
24.538888888888888 1.1288702498663181
24.538888888888888 1.1288702498663181
24.538888888888888 1.1288702498663181
24.538888888888888 1.1288702498663181
24.54 1.1288313820984242
24.54111111111111 1.1297764201865115
24.54222222222222 1.128750357659845
24.543333333333333 1.1287082007530376
24.545555555555556 1.1296057480221506
24.547777777777778 1.1275425134508683
24.54888888888889 1.1274948304792356
24.54888888888889 1.1274948304792356
24.551111111111112 1.1254211367918356
24.551111111111112 1.1254211367918356
24.551111111111112 1.1254211367918356
24.551111111111112 1.1254211367918356
24.551111111111112 1.1254211367918356
24.553333333333335 1.1263059408094016
24.553333333333335 1.1263059408094016
24.555555555555557 1.1271856643596698
24.555555555555557 1.1271856643596698
24.555555555555557 1.1271856643596698
24.55666666666667 1.1261429739492688
24.557777777777776 1.1250982187037333
24.557777777777776 1.1250982187037333
24.56 1.125970104535192
24.56 1.125970104535192
24.56111111111111 1.127884456373384
24.56222222222222 1.127823637568795
24.566666666666666 1.1265824366870967
24.567777777777778 1.1265160619229464
24.567777777777778 1.1265160619229464
24.567777777777778 1.1265160619229464
24.567777777777778 1.1265160619229464
24.567777777777778 1.1265160619229464
24.56888888888889 1.1254606714150344
24.56888888888889 1.1254606714150344
24.57 1.124403191097959
24.572222222222223 1.125251451594948
24.572222222222223 1.125251451594948
24.572222222222223 1.125251451594948
24.572222222222223 1.125251451594948
24.572222222222223 1.125251451594948
24.573333333333334 1.1261676674136638
24.574444444444445 1.1260946829429763
24.576666666666668 1.124957050224515
24.57777777777778 1.1268566711150243
24.58111111111111 1.1256336190654044
24.584444444444443 1.1214275733409593
24.585555555555555 1.1203508419892243
24.585555555555555 1.1203508419892243
24.585555555555555 1.1203508419892243
24.587777777777777 1.1211713025250545
24.58888888888889 1.1220754293114086
24.59 1.1249570502245145
24.593333333333334 1.1217140864130164
24.594444444444445 1.1226122713138176
24.594444444444445 1.1226122713138176
24.595555555555556 1.1225181360514522
24.595555555555556 1.1225181360514522
24.596666666666668 1.12143143073377
24.596666666666668 1.12143143073377
24.596666666666668 1.12143143073377
24.59777777777778 1.1213349919328255
24.59777777777778 1.1213349919328255
24.59777777777778 1.1213349919328255
24.59777777777778 1.1213349919328255
24.59888888888889 1.120244932343577
24.6 1.120146184643858
24.602222222222224 1.1199453524108354
24.60333333333333 1.1218281202926825
24.605555555555554 1.122612271313804
24.605555555555554 1.122612271313804
24.605555555555554 1.122612271313804
24.605555555555554 1.122612271313804
24.606666666666666 1.1244872765621443
24.607777777777777 1.1224008688055207
24.607777777777777 1.1224008688055207
24.61 1.1241657393668427
24.61111111111111 1.1240563407914754
24.612222222222222 1.123945831923633
24.613333333333333 1.1228439975956594
24.615555555555556 1.1236076402728157
24.61777777777778 1.120402138374747
24.61888888888889 1.11929129457041
24.621111111111112 1.1220308185739356
24.622222222222224 1.1248806910189706
24.624444444444446 1.1236472387024397
24.625555555555554 1.1245131054750426
24.625555555555554 1.1245131054750426
24.627777777777776 1.1282131499101642
24.63 1.1289446970654633
24.63 1.1289446970654633
24.63 1.1289446970654633
24.63 1.1289446970654633
24.63111111111111 1.128816053596646
24.63111111111111 1.128816053596646
24.63111111111111 1.128816053596646
24.633333333333333 1.1265824366870938
24.633333333333333 1.1265824366870938
24.633333333333333 1.1265824366870938
24.634444444444444 1.1264502318478433
24.634444444444444 1.1264502318478433
24.635555555555555 1.1263169141613412
24.635555555555555 1.1263169141613412
24.636666666666667 1.1261824832323941
24.637777777777778 1.1260469386622762
24.637777777777778 1.1260469386622762
24.637777777777778 1.1260469386622762
24.637777777777778 1.1260469386622762
24.637777777777778 1.1260469386622762
24.64 1.126760148208411
24.64 1.126760148208411
24.643333333333334 1.1263405065060104
24.643333333333334 1.1263405065060104
24.645555555555557 1.1260551705792445
24.64666666666667 1.1259108289117539
24.647777777777776 1.125765370870372
24.648888888888887 1.124630152474206
24.65 1.1234926869254929
24.65111111111111 1.1243333898905636
24.65111111111111 1.1243333898905636
24.65222222222222 1.123193423048341
24.653333333333332 1.1240321507243802
24.653333333333332 1.1240321507243802
24.653333333333332 1.1240321507243802
24.654444444444444 1.1228896767063192
24.654444444444444 1.1228896767063192
24.655555555555555 1.1237264313755375
24.655555555555555 1.1237264313755375
24.656666666666666 1.123571890491849
24.65888888888889 1.1252382710912654
24.65888888888889 1.1252382710912654
24.65888888888889 1.1252382710912654
24.66 1.1260688903071023
24.66111111111111 1.125910280048793
24.663333333333334 1.1265774998557818
24.663333333333334 1.1265774998557818
24.663333333333334 1.1265774998557818
24.665555555555557 1.1272399390164043
24.66777777777778 1.126910961616835
24.66777777777778 1.126910961616835
24.66777777777778 1.126910961616835
24.66777777777778 1.126910961616835
24.66888888888889 1.1267447915290805
24.66888888888889 1.1267447915290805
24.67 1.1265774998557827
24.67222222222222 1.128213149910148
24.674444444444443 1.127871306639463
24.674444444444443 1.127871306639463
24.674444444444443 1.127871306639463
24.675555555555555 1.1267118836542855
24.675555555555555 1.1267118836542855
24.675555555555555 1.1267118836542855
24.675555555555555 1.1267118836542855
24.676666666666666 1.127524975121033
24.67888888888889 1.1281605653797504
24.68 1.1269970533128026
24.683333333333334 1.1264590094134745
24.684444444444445 1.126277409594004
24.686666666666667 1.1229430583725264
24.68888888888889 1.121579654778077
24.69 1.1213917540598402
24.69 1.1213917540598402
24.692222222222224 1.119026250961026
24.697777777777777 1.1200446695543267
24.7 1.1196495558521509
24.70111111111111 1.118456194516921
24.70111111111111 1.118456194516921
24.702222222222222 1.1172604523137382
24.702222222222222 1.1172604523137382
24.703333333333333 1.117058548052661
24.704444444444444 1.117851020249568
24.705555555555556 1.1176470109929892
24.706666666666667 1.1164459740189994
24.706666666666667 1.1164459740189994
24.706666666666667 1.1164459740189994
24.706666666666667 1.1164459740189994
24.706666666666667 1.1164459740189994
24.706666666666667 1.1164459740189994
24.70777777777778 1.1162394934990916
24.70777777777778 1.1162394934990916
24.70888888888889 1.1160318673356298
24.713333333333335 1.1131932043101813
24.713333333333335 1.1131932043101813
24.713333333333335 1.1131932043101813
24.713333333333335 1.1131932043101813
24.713333333333335 1.1131932043101813
24.713333333333335 1.1131932043101813
24.714444444444446 1.1119795765515068
24.718888888888888 1.1131127070754416
24.72222222222222 1.1114509429640782
24.72222222222222 1.1114509429640782
24.72222222222222 1.1114509429640782
24.72222222222222 1.1114509429640782
24.723333333333333 1.1112279632041755
24.723333333333333 1.1112279632041755
24.724444444444444 1.1110038262381
24.726666666666667 1.1115532428952168
24.726666666666667 1.1115532428952168
24.72888888888889 1.1130977172922574
24.72888888888889 1.1130977172922574
24.733333333333334 1.112173512603009
24.733333333333334 1.112173512603009
24.733333333333334 1.112173512603009
24.733333333333334 1.112173512603009
24.735555555555557 1.1137038098157075
24.735555555555557 1.1137038098157075
24.73777777777778 1.1132309527325708
24.73777777777778 1.1132309527325708
24.73777777777778 1.1132309527325708
24.73777777777778 1.1132309527325708
24.738888888888887 1.1119929142111094
24.74 1.1127534519004434
24.74111111111111 1.1125129582122086
24.74111111111111 1.1125129582122086
24.74222222222222 1.114269642407353
24.743333333333332 1.1130283175171818
24.744444444444444 1.1117844949976825
24.744444444444444 1.1117844949976825
24.744444444444444 1.1117844949976825
24.744444444444444 1.1117844949976825
24.745555555555555 1.1115393440007664
24.745555555555555 1.1115393440007664
24.746666666666666 1.1132931238145785
24.746666666666666 1.1132931238145785
24.746666666666666 1.1132931238145785
24.747777777777777 1.1130460842716785
24.747777777777777 1.1130460842716785
24.747777777777777 1.1130460842716785
24.747777777777777 1.1130460842716785
24.74888888888889 1.1137970255457006
24.75 1.1135478779690962
24.75111111111111 1.1122979695016975
24.753333333333334 1.111793388348744
24.753333333333334 1.111793388348744
24.754444444444445 1.1125396205826588
24.754444444444445 1.1125396205826588
24.754444444444445 1.1125396205826588
24.756666666666668 1.1110277437517027
24.756666666666668 1.1110277437517027
24.75777777777778 1.11177115483772
24.75777777777778 1.11177115483772
24.75777777777778 1.11177115483772
24.75777777777778 1.11177115483772
24.76 1.1122535222079857
24.76 1.1122535222079857
24.76 1.1122535222079857
24.76 1.1122535222079857
24.761111111111113 1.1109921454047929
24.763333333333332 1.1114681789381082
24.763333333333332 1.1114681789381082
24.765555555555554 1.1109387457456505
24.765555555555554 1.1109387457456505
24.766666666666666 1.1106722653325216
24.766666666666666 1.1106722653325216
24.767777777777777 1.111405905770268
24.767777777777777 1.111405905770268
24.767777777777777 1.111405905770268
24.767777777777777 1.111405905770268
24.767777777777777 1.111405905770268
24.77 1.1098657586504264
24.77 1.1098657586504264
24.77 1.1098657586504264
24.77111111111111 1.1105965932686166
24.773333333333333 1.1100511567644273
24.773333333333333 1.1100511567644273
24.774444444444445 1.1107785313653487
24.775555555555556 1.1105031088940909
24.776666666666667 1.1092241423615734
24.776666666666667 1.1092241423615734
24.77777777777778 1.1099487183914944
24.77888888888889 1.1096697485888016
24.78 1.1093895945631624
24.78 1.1093895945631624
24.781111111111112 1.1091082554172007
24.781111111111112 1.1091082554172007
24.782222222222224 1.110830269785137
24.782222222222224 1.110830269785137
24.782222222222224 1.110830269785137
24.782222222222224 1.110830269785137
24.782222222222224 1.110830269785137
24.782222222222224 1.110830269785137
24.782222222222224 1.110830269785137
24.783333333333335 1.11154823931324
24.783333333333335 1.11154823931324
24.783333333333335 1.11154823931324
24.784444444444443 1.1122646341979328
24.784444444444443 1.1122646341979328
24.784444444444443 1.1122646341979328
24.785555555555554 1.1129794574798744
24.787777777777777 1.1134058000523341
24.787777777777777 1.1134058000523341
24.788888888888888 1.1131177036249864
24.79 1.1118284052270078
24.79 1.1118284052270078
24.79222222222222 1.1132459407217448
24.79222222222222 1.1132459407217448
24.79222222222222 1.1132459407217448
24.79222222222222 1.1132459407217448
24.794444444444444 1.1136588637295195
24.794444444444444 1.1136588637295195
24.795555555555556 1.112364637112265
24.795555555555556 1.112364637112265
24.795555555555556 1.112364637112265
24.795555555555556 1.112364637112265
24.796666666666667 1.1100661876868472
24.796666666666667 1.1100661876868472
24.8 1.107161438821323
24.802222222222223 1.1055505403557724
24.802222222222223 1.1055505403557724
24.802222222222223 1.1055505403557724
24.802222222222223 1.1055505403557724
24.804444444444446 1.1059462209478008
24.804444444444446 1.1059462209478008
24.805555555555557 1.104632888258474
24.805555555555557 1.104632888258474
24.805555555555557 1.104632888258474
24.805555555555557 1.104632888258474
24.80666666666667 1.1043245964108805
24.80666666666667 1.1043245964108805
24.80666666666667 1.1043245964108805
24.80666666666667 1.1043245964108805
24.807777777777776 1.1050221865990064
24.807777777777776 1.1050221865990064
24.808888888888887 1.1047117658136605
24.808888888888887 1.1047117658136605
24.808888888888887 1.1047117658136605
24.808888888888887 1.1047117658136605
24.808888888888887 1.1047117658136605
24.813333333333333 1.1064780429912608
24.813333333333333 1.1064780429912608
24.813333333333333 1.1064780429912608
24.813333333333333 1.1064780429912608
24.814444444444444 1.1061624441560043
24.814444444444444 1.1061624441560043
24.815555555555555 1.1068510596836532
24.816666666666666 1.10552762231117
24.816666666666666 1.10552762231117
24.81888888888889 1.1079040975233865
24.81888888888889 1.1079040975233865
24.82 1.10657856884736
24.82 1.10657856884736
24.82111111111111 1.1082654822680147
24.823333333333334 1.1086222898422353
24.823333333333334 1.1086222898422353
24.823333333333334 1.1086222898422353
24.824444444444445 1.1082972651023832
24.824444444444445 1.1082972651023832
24.824444444444445 1.1082972651023832
24.825555555555557 1.1069666246752232
24.825555555555557 1.1069666246752232
24.825555555555557 1.1069666246752232
24.825555555555557 1.1069666246752232
24.826666666666668 1.1066388799778066
24.82777777777778 1.1073149215261266
24.82777777777778 1.1073149215261266
24.83 1.1066539572468486
24.83222222222222 1.1069934206312917
24.833333333333332 1.1066589829575462
24.835555555555555 1.1079961279724913
24.836666666666666 1.1066539572468517
24.836666666666666 1.1066539572468517
24.836666666666666 1.1066539572468517
24.837777777777777 1.1053090385479638
24.837777777777777 1.1053090385479638
24.83888888888889 1.1049684984305215
24.84 1.105633264954514
24.84 1.105633264954514
24.84111111111111 1.1062965148376007
24.844444444444445 1.1082771918393437
24.844444444444445 1.1082771918393437
24.846666666666668 1.10959010961072
24.84777777777778 1.109241970047648
24.85 1.1115482393132383
24.852222222222224 1.1108452901653214
24.852222222222224 1.1108452901653214
24.852222222222224 1.1108452901653214
24.85333333333333 1.1124935164975827
24.85333333333333 1.1124935164975827
24.85333333333333 1.1124935164975827
24.85333333333333 1.1124935164975827
24.85333333333333 1.1124935164975827
24.854444444444443 1.1131393550804634
24.854444444444443 1.1131393550804634
24.855555555555554 1.1147819722398356
24.857777777777777 1.112071269730751
24.857777777777777 1.112071269730751
24.858888888888888 1.110711768552884
24.86 1.111353082044576
24.86111111111111 1.1119929142111085
24.86111111111111 1.1119929142111085
24.863333333333333 1.1112680027657942
24.864444444444445 1.1109037008243599
24.864444444444445 1.1109037008243599
24.865555555555556 1.111539344000765
24.865555555555556 1.111539344000765
24.865555555555556 1.111539344000765
24.866666666666667 1.1101713984455643
24.866666666666667 1.1101713984455643
24.86777777777778 1.1108052353668085
24.86888888888889 1.1104363295223727
24.87 1.10906368029119
24.873333333333335 1.1069403863397016
24.874444444444446 1.106564607469006
24.874444444444446 1.106564607469006
24.874444444444446 1.106564607469006
24.875555555555554 1.1051815579845932
24.875555555555554 1.1051815579845932
24.877777777777776 1.102406890251824
24.877777777777776 1.102406890251824
24.878888888888888 1.1030339839928025
24.878888888888888 1.1030339839928025
24.878888888888888 1.1030339839928025
24.88 1.1036596015661022
24.88222222222222 1.1038992249972113
24.88222222222222 1.1038992249972113
24.88222222222222 1.1038992249972113
24.88222222222222 1.1038992249972113
24.883333333333333 1.1014955956674302
24.883333333333333 1.1014955956674302
24.884444444444444 1.1011078566275168
24.884444444444444 1.1011078566275168
24.885555555555555 1.1007188581543288
24.887777777777778 1.0999370775590016
24.88888888888889 1.0995442927466639
24.88888888888889 1.0995442927466639
24.88888888888889 1.0995442927466639
24.88888888888889 1.0995442927466639
24.89 1.0991502431206384
24.892222222222223 1.0983583439779276
24.892222222222223 1.0983583439779276
24.893333333333334 1.0989731277351045
24.895555555555557 1.0981743481904844
24.895555555555557 1.0981743481904844
24.89666666666667 1.098785860427102
24.897777777777776 1.0993959083256193
24.897777777777776 1.0993959083256193
24.897777777777776 1.0993959083256193
24.90222222222222 1.098788672484557
24.90222222222222 1.098788672484557
24.906666666666666 1.1001870606443924
24.906666666666666 1.1001870606443924
24.907777777777778 1.1007862270381457
24.907777777777778 1.1007862270381457
24.90888888888889 1.1023934366126384
24.90888888888889 1.1023934366126384
24.91111111111111 1.1005554714853543
24.912222222222223 1.1001393154550696
24.912222222222223 1.1001393154550696
24.913333333333334 1.1017429815208064
24.914444444444445 1.1013250297524857
24.914444444444445 1.1013250297524857
24.914444444444445 1.1013250297524857
24.914444444444445 1.1013250297524857
24.914444444444445 1.1013250297524857
24.914444444444445 1.1013250297524857
24.915555555555557 1.1009057966537827
24.915555555555557 1.1009057966537827
24.916666666666668 1.1014955956674335
24.916666666666668 1.1014955956674335
24.916666666666668 1.1014955956674335
24.916666666666668 1.1014955956674335
24.916666666666668 1.1014955956674335
24.91777777777778 1.1000634806010623
24.91777777777778 1.1000634806010623
24.91777777777778 1.1000634806010623
24.91777777777778 1.1000634806010623
24.92111111111111 1.0998022316345988
24.92111111111111 1.0998022316345988
24.92111111111111 1.0998022316345988
24.92222222222222 1.1024068902518207
24.923333333333332 1.1019802178101632
24.923333333333332 1.1019802178101632
24.923333333333332 1.1019802178101632
24.924444444444443 1.102561595303138
24.924444444444443 1.102561595303138
24.924444444444443 1.102561595303138
24.924444444444443 1.102561595303138
24.924444444444443 1.102561595303138
24.924444444444443 1.102561595303138
24.925555555555555 1.1031415460164373
24.926666666666666 1.1017025957880735
24.926666666666666 1.1017025957880735
24.927777777777777 1.101271161343592
24.927777777777777 1.101271161343592
24.927777777777777 1.101271161343592
24.927777777777777 1.101271161343592
24.927777777777777 1.101271161343592
24.927777777777777 1.101271161343592
24.927777777777777 1.101271161343592
24.927777777777777 1.101271161343592
24.92888888888889 1.1008384350873803
24.93 1.1004044154954271
24.93 1.1004044154954271
24.93 1.1004044154954271
24.93111111111111 1.1009798896166358
24.93111111111111 1.1009798896166358
24.932222222222222 1.1025632767605296
24.932222222222222 1.1025632767605296
24.933333333333334 1.1021265721731246
24.933333333333334 1.1021265721731246
24.935555555555556 1.1022588911893763
24.936666666666667 1.1018187007798597
24.93777777777778 1.102386709731484
24.941111111111113 1.101055661353277
24.941111111111113 1.101055661353277
24.941111111111113 1.101055661353277
24.942222222222224 1.10262885159862
24.942222222222224 1.10262885159862
24.944444444444443 1.1027431778869539
24.945555555555554 1.102294210952637
24.945555555555554 1.102294210952637
24.946666666666665 1.102853009627932
24.946666666666665 1.102853009627932
24.946666666666665 1.102853009627932
24.948888888888888 1.100939475891419
24.948888888888888 1.100939475891419
24.95111111111111 1.1010405074230951
24.952222222222222 1.1015943322841377
24.953333333333333 1.1031555507165607
24.955555555555556 1.1032474171410955
24.95777777777778 1.0992947256457999
24.961111111111112 1.0999235937104745
24.961111111111112 1.0999235937104745
24.963333333333335 1.1010107602128918
24.963333333333335 1.1010107602128918
24.963333333333335 1.1010107602128918
24.963333333333335 1.1010107602128918
24.963333333333335 1.1010107602128918
24.965555555555557 1.100071906954116
24.967777777777776 1.1001393154550694
24.968888888888888 1.1026961037919802
24.97 1.1012128009269857
24.97 1.1012128009269857
24.97 1.1012128009269857
24.97222222222222 1.1042971760901783
24.97222222222222 1.1042971760901783
24.974444444444444 1.1033431965478553
24.976666666666667 1.1023839068522174
24.977777777777778 1.1029112832530914
24.97888888888889 1.1054515980783597
24.98 1.1049690576957192
24.98 1.1049690576957192
24.98111111111111 1.1044851874758685
24.982222222222223 1.103999985670248
24.982222222222223 1.103999985670248
24.983333333333334 1.10351345052241
24.984444444444446 1.1040335705176958
24.984444444444446 1.1040335705176958
24.985555555555557 1.1065646074690003
24.985555555555557 1.1065646074690003
24.985555555555557 1.1065646074690003
24.98777777777778 1.1065914131598658
24.988888888888887 1.106100430969728
24.988888888888887 1.106100430969728
24.99 1.1066137507395728
24.99 1.1066137507395728
24.99 1.1066137507395728
24.99 1.1066137507395728
24.99111111111111 1.1081299767999302
24.99111111111111 1.1081299767999302
24.99222222222222 1.1086401272065012
24.99222222222222 1.1086401272065012
24.993333333333332 1.1071413449649672
24.993333333333332 1.1071413449649672
24.995555555555555 1.1091600717494843
24.995555555555555 1.1091600717494843
24.995555555555555 1.1091600717494843
24.996666666666666 1.1096652934122866
24.997777777777777 1.110169171866119
24.997777777777777 1.110169171866119
24.997777777777777 1.110169171866119
24.99888888888889 1.109669748588798
25.0 1.1091689861432408
25.00111111111111 1.1086668827148078
25.002222222222223 1.1081634364807316
25.003333333333334 1.1086624235082632
25.004444444444445 1.108156744625397
25.004444444444445 1.108156744625397
25.00777777777778 1.1106450017271818
25.00777777777778 1.1106450017271818
25.00777777777778 1.1106450017271818
25.01 1.1106271965624401
25.01 1.1106271965624401
25.01 1.1106271965624401
25.011111111111113 1.1131177036249782
25.01222222222222 1.1136055919449548
25.013333333333332 1.1120934972417285
25.013333333333332 1.1120934972417285
25.013333333333332 1.1120934972417285
25.014444444444443 1.1115793723463154
25.015555555555554 1.1120646013908262
25.016666666666666 1.1125485078974842
25.016666666666666 1.1125485078974842
25.017777777777777 1.1110305248245123
25.01888888888889 1.108506339978191
25.02 1.1069805809832811
25.023333333333333 1.1054068754989914
25.023333333333333 1.1054068754989914
25.023333333333333 1.1054068754989914
25.023333333333333 1.1054068754989914
25.024444444444445 1.105885872042158
25.024444444444445 1.105885872042158
25.024444444444445 1.105885872042158
25.025555555555556 1.1073684959337966
25.026666666666667 1.1078444130851544
25.026666666666667 1.1078444130851544
25.026666666666667 1.1078444130851544
25.026666666666667 1.1078444130851544
25.026666666666667 1.1078444130851544
25.02777777777778 1.1063099210121314
25.02888888888889 1.1067840599604415
25.02888888888889 1.1067840599604415
25.031111111111112 1.1047117658136618
25.031111111111112 1.1047117658136618
25.031111111111112 1.1047117658136618
25.031111111111112 1.1047117658136618
25.033333333333335 1.1046468740513864
25.033333333333335 1.1046468740513864
25.033333333333335 1.1046468740513864
25.033333333333335 1.1046468740513864
25.033333333333335 1.1046468740513864
25.034444444444443 1.103101211486666
25.034444444444443 1.103101211486666
25.035555555555554 1.1025615953031405
25.035555555555554 1.1025615953031405
25.035555555555554 1.1025615953031405
25.036666666666665 1.1040374886833566
25.036666666666665 1.1040374886833566
25.037777777777777 1.1034960903001103
25.038888888888888 1.1029533055912424
25.04111111111111 1.1058942540315435
25.04111111111111 1.1058942540315435
25.04222222222222 1.1053492925134736
25.04222222222222 1.1053492925134736
25.043333333333333 1.1048029434870745
25.044444444444444 1.102238707959369
25.044444444444444 1.102238707959369
25.045555555555556 1.1037060746621297
25.046666666666667 1.104163422316336
25.047777777777778 1.103612006608146
25.047777777777778 1.103612006608146
25.04888888888889 1.1050741945248534
25.04888888888889 1.1050741945248534
25.04888888888889 1.1050741945248534
25.05 1.104520995539895
25.051111111111112 1.103966399801078
25.051111111111112 1.103966399801078
25.051111111111112 1.103966399801078
25.051111111111112 1.103966399801078
25.051111111111112 1.103966399801078
25.051111111111112 1.103966399801078
25.051111111111112 1.103966399801078
25.051111111111112 1.103966399801078
25.052222222222223 1.1044180442265898
25.053333333333335 1.1038611574604615
25.054444444444446 1.1053174249116757
25.054444444444446 1.1053174249116757
25.054444444444446 1.1053174249116757
25.055555555555557 1.1057651643499644
25.055555555555557 1.1057651643499644
25.05666666666667 1.1052056014966327
25.05666666666667 1.1052056014966327
25.057777777777776 1.1046446363364155
25.058888888888887 1.1050892931416632
25.058888888888887 1.1050892931416632
25.06 1.1045260309557938
25.06 1.1045260309557938
25.06 1.1045260309557938
25.06 1.1045260309557938
25.06222222222222 1.1044029364329535
25.06222222222222 1.1044029364329535
25.06222222222222 1.1044029364329535
25.06222222222222 1.1044029364329535
25.063333333333333 1.1038359649863472
25.065555555555555 1.1047134439983255
25.065555555555555 1.1047134439983255
25.066666666666666 1.103135383892041
25.066666666666666 1.103135383892041
25.066666666666666 1.103135383892041
25.067777777777778 1.1045791811681198
25.06888888888889 1.1040067027214746
25.07 1.1044404257632336
25.073333333333334 1.103720072199151
25.073333333333334 1.103720072199151
25.076666666666668 1.1019802178101612
25.076666666666668 1.1019802178101612
25.07777777777778 1.1013974112781129
25.07888888888889 1.1018231876837428
25.07888888888889 1.1018231876837428
25.07888888888889 1.1018231876837428
25.08111111111111 1.1016616476309022
25.08111111111111 1.1016616476309022
25.08222222222222 1.1010741825402512
25.083333333333332 1.1004852807603511
25.084444444444443 1.1029247305754921
25.086666666666666 1.1027521441533987
25.08888888888889 1.1025750468904463
25.09 1.1009703476208492
25.09111111111111 1.1013839453079328
25.092222222222222 1.102805379859021
25.093333333333334 1.104223865358647
25.094444444444445 1.1046328882584777
25.095555555555556 1.1060467951398796
25.095555555555556 1.1060467951398796
25.095555555555556 1.1060467951398796
25.095555555555556 1.1060467951398796
25.095555555555556 1.1060467951398796
25.096666666666668 1.105447125901836
25.09777777777778 1.1048460125319435
25.09777777777778 1.1048460125319435
25.09777777777778 1.1048460125319435
25.09888888888889 1.1042434526717873
25.09888888888889 1.1042434526717873
25.1 1.1016218198809493
25.101111111111113 1.102025079450764
25.102222222222224 1.1024270704027528
25.102222222222224 1.1024270704027528
25.10333333333333 1.102827794124164
25.104444444444443 1.1022185243597757
25.104444444444443 1.1022185243597757
25.105555555555554 1.1016077956825598
25.105555555555554 1.1016077956825598
25.106666666666666 1.1009956056647077
25.107777777777777 1.1024018451563722
25.107777777777777 1.1024018451563722
25.107777777777777 1.1024018451563722
25.107777777777777 1.1024018451563722
25.107777777777777 1.1024018451563722
25.107777777777777 1.1024018451563722
25.108888888888888 1.1007778061531561
25.108888888888888 1.1007778061531561
25.11 1.1011723957497654
25.11 1.1011723957497654
25.11 1.1011723957497654
25.11 1.1011723957497654
25.11 1.1011723957497654
25.11111111111111 1.1015657220161152
25.112222222222222 1.1009478955398373
25.113333333333333 1.1003285989121556
25.114444444444445 1.1007188581543295
25.114444444444445 1.1007188581543295
25.114444444444445 1.1007188581543295
25.115555555555556 1.1000971856260162
25.115555555555556 1.1000971856260162
25.116666666666667 1.1004852807603505
25.116666666666667 1.1004852807603505
25.116666666666667 1.1004852807603505
25.116666666666667 1.1004852807603505
25.11777777777778 1.1008721163858042
25.11777777777778 1.1008721163858042
25.11888888888889 1.099235698114778
25.11888888888889 1.099235698114778
25.12 1.098608686296556
25.12 1.098608686296556
25.12 1.098608686296556
25.121111111111112 1.0989928086319722
25.121111111111112 1.0989928086319722
25.121111111111112 1.0989928086319722
25.122222222222224 1.0993756725346493
25.122222222222224 1.0993756725346493
25.122222222222224 1.0993756725346493
25.123333333333335 1.0977325198816648
25.123333333333335 1.0977325198816648
25.123333333333335 1.0977325198816648
25.124444444444446 1.0971001427731069
25.124444444444446 1.0971001427731069
25.124444444444446 1.0971001427731069
25.124444444444446 1.0971001427731069
25.124444444444446 1.0971001427731069
25.125555555555554 1.0974802884617048
25.125555555555554 1.0974802884617048
25.126666666666665 1.096845512305304
25.126666666666665 1.096845512305304
25.126666666666665 1.096845512305304
25.127777777777776 1.0962092411051223
25.127777777777776 1.0962092411051223
25.128888888888888 1.095571472256332
25.128888888888888 1.095571472256332
25.13 1.094932203141905
25.13 1.094932203141905
25.13111111111111 1.0942914311325622
25.13222222222222 1.096696199252309
25.13222222222222 1.096696199252309
25.134444444444444 1.096425693648796
25.137777777777778 1.0965186874769468
25.137777777777778 1.0965186874769468
25.14 1.0962368637304483
25.141111111111112 1.0966015298813092
25.141111111111112 1.0966015298813092
25.141111111111112 1.0966015298813092
25.142222222222223 1.0979785022926065
25.143333333333334 1.0983403396345406
25.143333333333334 1.0983403396345406
25.144444444444446 1.098700932901199
25.145555555555557 1.0990602833171157
25.145555555555557 1.0990602833171157
25.14666666666667 1.097393007395596
25.147777777777776 1.0957220665451926
25.147777777777776 1.0957220665451926
25.15 1.095419728984005
25.15 1.095419728984005
25.15 1.095419728984005
25.15111111111111 1.0957745158757815
25.15111111111111 1.0957745158757815
25.15111111111111 1.0957745158757815
25.15111111111111 1.0957745158757815
25.15222222222222 1.0961280603815884
25.15222222222222 1.0961280603815884
25.154444444444444 1.0978451044840645
25.155555555555555 1.0981946061175558
25.155555555555555 1.0981946061175558
25.155555555555555 1.0981946061175558
25.155555555555555 1.0981946061175558
25.155555555555555 1.0981946061175558
25.155555555555555 1.0981946061175558
25.155555555555555 1.0981946061175558
25.157777777777778 1.0988899017603264
25.157777777777778 1.0988899017603264
25.157777777777778 1.0988899017603264
25.15888888888889 1.0982233042079053
25.16 1.0975551757144122
25.16 1.0975551757144122
25.16 1.0975551757144122
25.16 1.0975551757144122
25.16111111111111 1.096885513482293
25.16111111111111 1.096885513482293
25.163333333333334 1.0955415765455676
25.163333333333334 1.0955415765455676
25.164444444444445 1.0948672961791939
25.164444444444445 1.0948672961791939
25.164444444444445 1.0948672961791939
25.164444444444445 1.0948672961791939
25.164444444444445 1.0948672961791939
25.166666666666668 1.0945308471239632
25.16777777777778 1.0928351732338752
25.16888888888889 1.0911357314862433
25.16888888888889 1.0911357314862433
25.16888888888889 1.0911357314862433
25.16888888888889 1.0911357314862433
25.17 1.0914726609135497
25.17 1.0914726609135497
25.17 1.0914726609135497
25.17 1.0914726609135497
25.17 1.0914726609135497
25.17 1.0914726609135497
25.17222222222222 1.0901039104860055
25.173333333333332 1.0914573739318132
25.174444444444443 1.089750112809045
25.174444444444443 1.089750112809045
25.174444444444443 1.089750112809045
25.175555555555555 1.090081801495341
25.175555555555555 1.090081801495341
25.176666666666666 1.0893916621437836
25.176666666666666 1.0893916621437836
25.176666666666666 1.0893916621437836
25.176666666666666 1.0893916621437836
25.177777777777777 1.0886999500611418
25.177777777777777 1.0886999500611418
25.177777777777777 1.0886999500611418
25.18111111111111 1.0927401693635608
25.18111111111111 1.0927401693635608
25.18111111111111 1.0927401693635608
25.182222222222222 1.092046051192939
25.182222222222222 1.092046051192939
25.183333333333334 1.0923691227482126
25.184444444444445 1.0937084826239287
25.185555555555556 1.0919934227811727
25.185555555555556 1.0919934227811727
25.18777777777778 1.0916130646578255
25.18777777777778 1.0916130646578255
25.18777777777778 1.0916130646578255
25.19 1.0912280435072281
25.191111111111113 1.0905238961450077
25.191111111111113 1.0905238961450077
25.192222222222224 1.0908383543917954
25.192222222222224 1.0908383543917954
25.19333333333333 1.0901316878130853
25.19333333333333 1.0901316878130853
25.194444444444443 1.0904439923069926
25.194444444444443 1.0904439923069926
25.195555555555554 1.0897348016631165
25.196666666666665 1.0900449521810132
25.196666666666665 1.0900449521810132
25.196666666666665 1.0900449521810132
25.196666666666665 1.0900449521810132
25.197777777777777 1.0893332325821903
25.2 1.0899480041889043
25.20111111111111 1.089232817179601
25.202222222222222 1.0895374387458518
25.204444444444444 1.086053884104894
25.204444444444444 1.086053884104894
25.204444444444444 1.086053884104894
25.204444444444444 1.086053884104894
25.204444444444444 1.086053884104894
25.204444444444444 1.086053884104894
25.204444444444444 1.086053884104894
25.204444444444444 1.086053884104894
25.205555555555556 1.0843062001718273
25.205555555555556 1.0843062001718273
25.205555555555556 1.0843062001718273
25.205555555555556 1.0843062001718273
25.205555555555556 1.0843062001718273
25.205555555555556 1.0843062001718273
25.206666666666667 1.083581586455314
25.206666666666667 1.083581586455314
25.206666666666667 1.083581586455314
25.20777777777778 1.0828553464782888
25.20888888888889 1.0852068736971592
25.21 1.085504654965171
25.21 1.085504654965171
25.21 1.085504654965171
25.21 1.085504654965171
25.21 1.085504654965171
25.21 1.085504654965171
25.21 1.085504654965171
25.21 1.085504654965171
25.211111111111112 1.084776284399536
25.211111111111112 1.084776284399536
25.212222222222223 1.0840462843245746
25.212222222222223 1.0840462843245746
25.212222222222223 1.0840462843245746
25.213333333333335 1.083314651446116
25.213333333333335 1.083314651446116
25.213333333333335 1.083314651446116
25.214444444444446 1.0836083903975384
25.214444444444446 1.0836083903975384
25.214444444444446 1.0836083903975384
25.215555555555557 1.0828741789585752
25.215555555555557 1.0828741789585752
25.216666666666665 1.0831657552714005
25.217777777777776 1.0814008319021522
25.217777777777776 1.0814008319021522
25.217777777777776 1.0814008319021522
25.217777777777776 1.0814008319021522
25.217777777777776 1.0814008319021522
25.218888888888888 1.0806616895712071
25.22 1.0809504325348702
25.22111111111111 1.0802086936795459
25.223333333333333 1.081809344188999
25.223333333333333 1.081809344188999
25.223333333333333 1.081809344188999
25.223333333333333 1.081809344188999
25.223333333333333 1.081809344188999
25.223333333333333 1.081809344188999
25.223333333333333 1.081809344188999
25.223333333333333 1.081809344188999
25.223333333333333 1.081809344188999
25.223333333333333 1.081809344188999
25.223333333333333 1.081809344188999
25.223333333333333 1.081809344188999
25.225555555555555 1.0823758639282681
25.225555555555555 1.0823758639282681
25.226666666666667 1.0816293892578657
25.226666666666667 1.0816293892578657
25.226666666666667 1.0816293892578657
25.226666666666667 1.0816293892578657
25.22888888888889 1.082189150773636
25.23 1.0824672103124184
25.23 1.0824672103124184
25.23111111111111 1.08171622839082
25.23111111111111 1.08171622839082
25.233333333333334 1.081238526850862
25.234444444444446 1.0804832593159905
25.235555555555557 1.0786956148008906
25.236666666666668 1.0789677017622255
25.23777777777778 1.078207404683586
25.238888888888887 1.0784773228052622
25.24 1.0777143861473701
25.24111111111111 1.0769497613772303
25.24222222222222 1.0772165525901147
25.24222222222222 1.0772165525901147
25.243333333333332 1.0795448717606004
25.244444444444444 1.0787781073599187
25.245555555555555 1.0769773041743207
25.245555555555555 1.0769773041743207
25.245555555555555 1.0769773041743207
25.246666666666666 1.0772394992855212
25.246666666666666 1.0772394992855212
25.246666666666666 1.0772394992855212
25.246666666666666 1.0772394992855212
25.247777777777777 1.0775004835511188
25.24888888888889 1.0777602578507601
25.24888888888889 1.0777602578507601
25.24888888888889 1.0777602578507601
25.24888888888889 1.0777602578507601
25.24888888888889 1.0777602578507601
25.252222222222223 1.0764676483519298
25.253333333333334 1.0756894987235295
25.253333333333334 1.0756894987235295
25.253333333333334 1.0756894987235295
25.253333333333334 1.0756894987235295
25.254444444444445 1.0759439667575763
25.256666666666668 1.0754154330891765
25.256666666666668 1.0754154330891765
25.256666666666668 1.0754154330891765
25.256666666666668 1.0754154330891765
25.256666666666668 1.0754154330891765
25.256666666666668 1.0754154330891765
25.25888888888889 1.075916397507677
25.25888888888889 1.075916397507677
25.25888888888889 1.075916397507677
25.26 1.075130951488049
25.26 1.075130951488049
25.261111111111113 1.075378655865709
25.261111111111113 1.075378655865709
25.261111111111113 1.075378655865709
25.26222222222222 1.075625154156002
25.263333333333332 1.0748360456496646
25.264444444444443 1.0750803691002473
25.264444444444443 1.0750803691002473
25.264444444444443 1.0750803691002473
25.264444444444443 1.0750803691002473
25.266666666666666 1.0724583218278683
25.267777777777777 1.0716622683024692
25.27 1.074214926616212
25.27 1.074214926616212
25.27 1.074214926616212
25.27 1.074214926616212
25.272222222222222 1.0777895000426447
25.273333333333333 1.0780239822658724
25.274444444444445 1.0782572672587243
25.275555555555556 1.0795202567225508
25.275555555555556 1.0795202567225508
25.276666666666667 1.078720248656233
25.276666666666667 1.078720248656233
25.27777777777778 1.0789499466007648
25.27777777777778 1.0789499466007648
25.27888888888889 1.0781472226425057
25.27888888888889 1.0781472226425057
25.27888888888889 1.0781472226425057
25.27888888888889 1.0781472226425057
25.27888888888889 1.0781472226425057
25.27888888888889 1.0781472226425057
25.27888888888889 1.0781472226425057
25.27888888888889 1.0781472226425057
25.27888888888889 1.0781472226425057
25.27888888888889 1.0781472226425057
25.27888888888889 1.0781472226425057
25.28 1.0773427533665305
25.28 1.0773427533665305
25.28 1.0773427533665305
25.28 1.0773427533665305
25.28 1.0773427533665305
25.28 1.0773427533665305
25.28 1.0773427533665305
25.28 1.0773427533665305
25.28 1.0773427533665305
25.281111111111112 1.0775693040325514
25.281111111111112 1.0775693040325514
25.281111111111112 1.0775693040325514
25.282222222222224 1.0767621073236877
25.282222222222224 1.0767621073236877
25.282222222222224 1.0767621073236877
25.282222222222224 1.0767621073236877
25.282222222222224 1.0767621073236877
25.282222222222224 1.0767621073236877
25.283333333333335 1.078018823059153
25.284444444444443 1.0792729303050426
25.285555555555554 1.0784635706490762
25.285555555555554 1.0784635706490762
