19.51 0.992383051348126
19.605 0.9868354579693255
19.65 0.9602658760800669
19.715 0.9317272014326116
19.795 0.9366759359806485
19.825 0.932050745917206
19.87 0.9313630795396862
19.925 0.9507336495369295
19.985 0.9640654078187663
20.01 0.9923830513481252
20.055 1.0034989039611628
20.115 1.0133654561601637
20.155 1.037476160651219
20.215 1.0603758696446397
20.26 1.0901108698397208
20.31 1.0999771582827154
20.34 1.08178151966162
20.355 1.0839046296751182
20.385 1.1012897874673573
20.425 1.1272660037524775
20.47 1.1426408625213427
20.5 1.1561502571402331
20.54 1.1554546191367367
20.565 1.1629865383753204
20.625 1.1795472259691246
20.65 1.1808777929189131
20.665 1.1660072316763772
20.695 1.1912473931802734
20.735 1.217450586121769
20.765 1.2439905798735251
20.78 1.2527758124185284
20.8 1.2601347937790082
20.815 1.2644243133620556
20.855 1.2853933953869994
20.87 1.2967295545673536
20.89 1.3024522676657824
20.935 1.307410267681957
20.95 1.317642176208175
20.955 1.3120910466018971
20.98 1.29924601250303
21.005 1.3204898588541611
21.02 1.3260437246934949
21.035 1.3276249243285878
21.06 1.3436618382905694
21.09 1.367938697971162
21.095 1.3730994173949154
21.12 1.3875251819888785
21.125 1.388891680622543
21.14 1.3820093157224809
21.15 1.3918282687344172
21.15 1.3918282687344172
21.185 1.4109318350707365
21.185 1.4109318350707365
21.2 1.4106557867685934
21.21 1.4091945024476367
21.22 1.4147819762072913
21.23 1.4167341593933418
21.245 1.4265870999587928
21.26 1.4466735366377734
21.29 1.4513552841410058
21.295 1.452073547703317
21.3 1.459675740132601
21.315 1.4547703543582398
21.32 1.4554006165911404
21.345 1.44444004208409
21.355 1.4454833484176721
21.37 1.4607425660331506
21.395 1.4524195719781956
21.425 1.4714621996589388
21.435 1.4821466843635465
21.45 1.4861166554371945
21.47 1.483273576422283
21.48 1.4935708114596453
21.495 1.4903289576499694
21.51 1.4903036687620508
21.53 1.5001172483489271
21.545 1.5164011216723117
21.56 1.5257916636962672
21.565 1.5156718993676235
21.585 1.5013478031857446
21.59 1.4977034345588711
21.59 1.4977034345588711
21.595 1.5007452085229238
21.6 1.5071021146291315
21.6 1.5071021146291315
21.61 1.4997152158470675
21.62 1.5056343093084859
21.625 1.508560164144679
21.65 1.5096007658854056
21.665 1.5245973189418316
21.67 1.524045133137203
21.685 1.5288761596538094
21.69 1.5348219414511217
21.69 1.5348219414511217
21.695 1.5374634856962468
21.72 1.5373409138597485
21.725 1.530058953769446
21.73 1.5358692888269545
21.735 1.5383783800486168
21.745 1.5368096562678097
21.75 1.5294430293082177
21.765 1.5400107680886985
21.78 1.5340687188554687
21.795 1.5345190594184863
21.805 1.532552965794272
21.81 1.5348219414511268
21.82 1.529475884874314
21.835 1.5262444465264258
21.835 1.5262444465264258
21.845 1.533863974890646
21.855 1.5282844193184884
21.86 1.523814309635941
21.88 1.5353784337007466
21.89 1.5426597145757295
21.905 1.5485363489826802
21.92 1.5671245633276663
21.93 1.5579589792111102
21.955 1.5701278634358677
21.975 1.5737721544016008
21.985 1.5802725418524035
22.0 1.5787534042901663
22.015 1.5770894252629986
22.015 1.5770894252629986
22.02 1.5849797487728685
22.03 1.5848212175060274
22.04 1.568662971319189
22.06 1.5776071187420293
22.075 1.5880758560670545
22.075 1.5880758560670545
22.09 1.582536606386331
22.1 1.5945888397449668
22.105 1.5958410142346777
22.11 1.6002198341440266
22.12 1.5994974085002454
22.125 1.6100735024889656
22.14 1.6072699160111774
22.145 1.6083872505521473
22.145 1.6083872505521473
22.155 1.6136898632867367
22.165 1.6033178539215234
22.17 1.6074887559490159
22.185 1.6136275809024947
22.185 1.6136275809024947
22.19 1.6114851603755294
22.19 1.6114851603755294
22.195 1.6030670979728245
22.205 1.6143125549674797
22.22 1.6138844802456882
22.22 1.6138844802456882
22.225 1.60851221872541
22.23 1.612482713864729
22.23 1.612482713864729
22.23 1.612482713864729
22.23 1.612482713864729
22.24 1.614133555712907
22.24 1.614133555712907
22.245 1.6118203448649593
22.26 1.6047667686955476
22.265 1.6086371771904309
22.27 1.60936330617306
22.27 1.60936330617306
22.27 1.60936330617306
22.27 1.60936330617306
22.275 1.6131915368837508
22.285 1.6145615643963935
22.29 1.6183309225477878
22.3 1.6196035249064649
22.305 1.6233147426697145
22.32 1.6188587083460813
22.32 1.6188587083460813
22.325 1.6163035562448198
22.33 1.619944784715713
22.335 1.6173602787742694
22.345 1.6090119943586376
22.345 1.6090119943586376
22.36 1.5978628943516173
22.365 1.601436227250324
22.38 1.6088948733735955
22.385 1.6030044028566763
22.395 1.6099486555063904
22.4 1.6164978585303376
22.405 1.6199060088125252
22.405 1.6199060088125252
22.41 1.6232915255382871
22.41 1.6232915255382871
22.415 1.6297408617267681
22.415 1.6297408617267681
22.435 1.6398844793239677
22.44 1.6400759879442048
22.445 1.6310353711399228
22.455 1.634420893861632
22.465 1.6315898464797078
22.47 1.62860732193037
22.475 1.6225096882429435
22.475 1.6225096882429435
22.485 1.6226335687679034
22.495 1.6164900868873333
22.505 1.6071370343676927
22.51 1.6164667717341439
22.51 1.6164667717341439
22.51 1.6164667717341439
22.52 1.6101437246625998
22.52 1.6101437246625998
22.52 1.6101437246625998
22.52 1.6101437246625998
22.525 1.6163035562448198
22.53 1.622424514895115
22.535 1.6285070389406988
22.545 1.6282601621911947
22.555 1.6371856597289476
22.56 1.6308582073443143
22.56 1.6308582073443143
22.57 1.6304575921498223
22.585 1.6420281000662085
22.585 1.6420281000662085
22.585 1.6420281000662085
22.59 1.641760300537841
22.6 1.635043373788859
22.6 1.635043373788859
22.605 1.6408647677153816
22.605 1.6408647677153816
22.605 1.6408647677153816
22.61 1.6374695516751803
22.625 1.6394554188363155
22.63 1.639064569599556
22.635 1.6325135535463597
22.635 1.6325135535463597
22.635 1.6325135535463597
22.645 1.6285687522805188
22.65 1.6311971125834226
22.665 1.6266545500276404
22.665 1.6266545500276404
22.67 1.6168397738401148
22.675 1.6131915368837535
22.68 1.6188587083460781
22.69 1.6177097776248703
22.715 1.6145615643963955
22.72 1.6169951659897321
22.725 1.6225096882429428
22.73 1.6279900978795838
22.735 1.624181278096939
22.735 1.624181278096939
22.74 1.6203479991011058
22.75 1.6281135614090994
22.75 1.6281135614090994
22.755 1.6365716709545153
22.76 1.638849946068475
22.765 1.6349742210559726
22.77 1.6372240263820994
22.775 1.636387429399127
22.775 1.636387429399127
22.795 1.6267163336460222
22.8 1.638113880481799
22.805 1.631035371139922
22.805 1.631035371139922
22.805 1.631035371139922
22.815 1.6322057092740903
22.83 1.6323057650307935
22.835 1.6404972282143262
22.845 1.6353430018403898
22.855 1.6454520846302585
22.865 1.6493565061629667
22.865 1.6493565061629667
22.865 1.6493565061629667
22.865 1.6493565061629667
22.865 1.6493565061629667
22.865 1.6493565061629667
22.87 1.6543227978837725
22.87 1.6543227978837725
22.875 1.6531909148688861
22.885 1.6508791627645716
22.89 1.6496992264314236
22.89 1.6496992264314236
22.9 1.6472910608620372
22.905 1.6399457645156343
22.915 1.6312818278918124
22.915 1.6312818278918124
22.915 1.6312818278918124
22.925 1.6225096882429424
22.925 1.6225096882429424
22.935 1.6198439654367376
22.94 1.6215880298933742
22.95 1.6281135614091005
22.955 1.6205263119240565
22.955 1.6205263119240565
22.96 1.6160003980297035
22.965 1.6083247628242179
22.965 1.6083247628242179
22.97 1.6131058715297704
22.98 1.6038897442024451
22.98 1.6038897442024451
22.98 1.6038897442024451
22.99 1.6102373494637492
22.99 1.6102373494637492
22.99 1.6102373494637492
22.995 1.6149350065488328
23.0 1.6196035249064653
23.005 1.6118203448649613
23.015 1.6179815578701857
23.015 1.6179815578701857
23.015 1.6179815578701857
23.02 1.6101437246626016
23.02 1.6101437246626016
23.03 1.6224245148951197
23.04 1.6345515574523353
23.045 1.6420893052547885
23.055 1.6356502556457397
23.055 1.6356502556457397
23.055 1.6356502556457397
23.06 1.6277740141696664
23.06 1.6277740141696664
23.06 1.6277740141696664
23.06 1.6277740141696664
23.06 1.6277740141696664
23.06 1.6277740141696664
23.065 1.6291240671387366
23.07 1.6335367186124934
23.075 1.6286921719449525
23.075 1.6286921719449525
23.075 1.6286921719449525
23.085 1.6220140715299611
23.085 1.6220140715299611
23.085 1.6220140715299611
23.085 1.6220140715299611
23.09 1.6263842191009803
23.11 1.6096130812579714
23.11 1.6096130812579714
23.11 1.6096130812579714
23.115 1.610822381182542
23.115 1.610822381182542
23.125 1.6100735024889656
23.135 1.6154950079164632
23.14 1.6197276277015538
23.14 1.6197276277015538
23.145 1.6146238107532223
23.145 1.6146238107532223
23.145 1.6146238107532223
23.145 1.6146238107532223
23.145 1.6146238107532223
23.145 1.6146238107532223
23.145 1.6146238107532223
23.145 1.6146238107532223
23.15 1.6126073646622165
23.16 1.6209681330742485
23.165 1.6251091961765178
23.165 1.6251091961765178
23.175 1.620960382863836
23.18 1.628144425828613
23.18 1.628144425828613
23.19 1.642372349582567
23.19 1.642372349582567
23.19 1.642372349582567
23.2 1.6411786425259798
23.2 1.6411786425259798
23.2 1.6411786425259798
23.205 1.6390262460302103
23.22 1.6447266119755917
23.23 1.6372240263820987
23.23 1.6372240263820987
23.23 1.6372240263820987
23.235 1.638044857375361
23.24 1.6419133341881735
23.24 1.6419133341881735
23.245 1.6457574511268942
23.25 1.6465282494940405
23.255 1.6503311682277964
23.26 1.6449710174471792
23.27 1.643351153915491
23.285 1.648442237096959
23.285 1.648442237096959
23.29 1.6429841706250925
23.29 1.6429841706250925
23.295 1.6466732108456072
23.295 1.6466732108456072
23.3 1.6533808822254301
23.3 1.6533808822254301
23.3 1.6533808822254301
23.3 1.6533808822254301
23.3 1.6533808822254301
23.315 1.6398844793239669
23.315 1.6398844793239669
23.325 1.644046668205067
23.33 1.6384512849228459
23.33 1.6384512849228459
23.33 1.6384512849228459
23.34 1.6363951065447557
23.34 1.6363951065447557
23.35 1.6434734634686448
23.35 1.6434734634686448
23.35 1.6434734634686448
23.36 1.644359935655801
23.36 1.644359935655801
23.36 1.644359935655801
23.365 1.644780078775789
23.365 1.644780078775789
23.365 1.644780078775789
23.37 1.6512824314276806
23.375 1.6486251314718585
23.39 1.6527425053361227
23.395 1.6469783509330682
23.395 1.6469783509330682
23.395 1.6469783509330682
23.4 1.6472910608620392
23.4 1.6472910608620392
23.405 1.6384129470083586
23.41 1.6325520299988185
23.42 1.6299952214993014
23.425 1.6333136771114096
23.425 1.6333136771114096
23.43 1.6335367186124956
23.43 1.6335367186124956
23.435 1.624490643015907
23.44 1.6184861715310364
23.45 1.612607364662213
23.45 1.612607364662213
23.46 1.6191070186026753
23.46 1.6191070186026753
23.465 1.6254183844853956
23.47 1.625518858023164
23.47 1.625518858023164
23.47 1.625518858023164
23.475 1.6317746297240487
23.475 1.6317746297240487
23.475 1.6317746297240487
23.48 1.6379911707261685
23.48 1.6379911707261685
23.49 1.6380832039046662
23.49 1.6380832039046662
23.5 1.6319670900219077
23.51 1.6319362978995262
23.515 1.6380448573753617
23.515 1.6380448573753617
23.515 1.6380448573753617
23.515 1.6380448573753617
23.515 1.6380448573753617
23.52 1.631843918046183
23.525 1.6256038692432098
23.525 1.6256038692432098
23.53 1.6286073219303705
23.53 1.6286073219303705
23.53 1.6286073219303705
23.53 1.6286073219303705
23.53 1.6286073219303705
23.53 1.6286073219303705
23.535 1.6254183844853978
23.535 1.6254183844853978
23.535 1.6254183844853978
23.54 1.6283913201246443
23.54 1.6283913201246443
23.545 1.6251710385441323
23.545 1.6251710385441323
23.545 1.6251710385441323
23.55 1.6281135614090998
23.56 1.6277740141696664
23.565 1.6337443505686777
23.565 1.6337443505686777
23.565 1.6337443505686777
23.565 1.6337443505686777
23.565 1.6337443505686777
23.565 1.6337443505686777
23.57 1.639677624890893
23.57 1.639677624890893
23.57 1.639677624890893
23.575 1.6333136771114103
23.58 1.6330752197516318
23.58 1.6330752197516318
23.585 1.6297408617267701
23.59 1.635627213612424
23.595 1.6384129470083586
23.595 1.6384129470083586
23.595 1.6384129470083586
23.595 1.6384129470083586
23.6 1.6381138804817987
23.6 1.6381138804817987
23.605 1.6469783509330695
23.605 1.6469783509330695
23.61 1.649699226431425
23.61 1.649699226431425
23.62 1.6398308529024146
23.625 1.6455742380288778
23.63 1.639064569599556
23.63 1.639064569599556
23.63 1.639064569599556
23.635 1.6355888095022062
23.635 1.6355888095022062
23.635 1.6355888095022062
23.635 1.6355888095022062
23.64 1.6320902527019836
23.64 1.6320902527019836
23.645 1.6377994183273388
23.645 1.6377994183273388
23.645 1.6377994183273388
23.645 1.6377994183273388
23.645 1.6377994183273388
23.645 1.6377994183273388
23.645 1.6377994183273388
23.645 1.6377994183273388
23.65 1.6311971125834226
23.65 1.6311971125834226
23.65 1.6311971125834226
23.655 1.6368786941299258
23.665 1.6266545500276408
23.67 1.6261370200694036
23.67 1.6261370200694036
23.67 1.6261370200694036
23.68 1.631227918659149
23.68 1.631227918659149
23.69 1.6362415567882378
23.69 1.6362415567882378
23.69 1.6362415567882378
23.695 1.6325751154350279
23.705 1.6313434362620198
23.715 1.6238718542406536
23.715 1.6238718542406536
23.72 1.6138844802456835
23.72 1.6138844802456835
23.72 1.6138844802456835
23.72 1.6138844802456835
23.72 1.6138844802456835
23.72 1.6138844802456835
23.725 1.6163035562448187
23.725 1.6163035562448187
23.725 1.6163035562448187
23.725 1.6163035562448187
23.735 1.6148727721872582
23.75 1.596950611722669
23.755 1.5898468685149003
23.765 1.5945179325382102
23.77 1.5873558178500216
23.77 1.5873558178500216
23.77 1.5873558178500216
23.775 1.5769619669561266
23.78 1.582441342677535
23.78 1.582441342677535
23.78 1.582441342677535
23.785 1.5783634422334094
23.795 1.5797000542212236
23.795 1.5797000542212236
23.795 1.5797000542212236
23.8 1.5819331726764163
23.8 1.5819331726764163
23.8 1.5819331726764163
23.8 1.5819331726764163
23.8 1.5819331726764163
23.81 1.5768105968350996
23.815 1.579000065240706
23.815 1.579000065240706
23.815 1.579000065240706
23.815 1.579000065240706
23.825 1.592815212605511
23.83 1.5980830224783915
23.84 1.5896651143808223
23.84 1.5896651143808223
23.84 1.5896651143808223
23.84 1.5896651143808223
23.84 1.5896651143808223
23.845 1.5790637134249117
23.85 1.5811388300841889
23.85 1.5811388300841889
23.855 1.576834498346568
23.86 1.5852333658236595
23.86 1.5852333658236595
23.86 1.5852333658236595
23.86 1.5852333658236595
23.87 1.5829176038895787
23.87 1.5829176038895787
23.875 1.578554456094015
23.875 1.578554456094015
23.875 1.578554456094015
23.875 1.578554456094015
23.875 1.578554456094015
23.875 1.578554456094015
23.875 1.578554456094015
23.88 1.5741632538427315
23.88 1.5741632538427315
23.88 1.5741632538427315
23.88 1.5741632538427315
23.885 1.5665392513852483
23.89 1.571703297789186
23.89 1.571703297789186
23.89 1.571703297789186
23.895 1.5704478764554126
23.895 1.5704478764554126
23.905 1.583830037579697
23.905 1.583830037579697
23.905 1.583830037579697
23.905 1.583830037579697
23.915 1.5812262273025794
23.915 1.5812262273025794
23.93 1.58037588557232
23.93 1.58037588557232
23.93 1.58037588557232
23.93 1.58037588557232
23.93 1.58037588557232
23.93 1.58037588557232
23.93 1.58037588557232
23.935 1.5885187942857335
23.935 1.5885187942857335
23.935 1.5885187942857335
23.935 1.5885187942857335
23.94 1.5871342019105943
23.945 1.5857325558534343
23.95 1.5906447603939877
23.96 1.5814248393815833
23.97 1.5688871964471762
23.97 1.5688871964471762
23.97 1.5688871964471762
23.97 1.5688871964471762
23.97 1.5688871964471762
23.975 1.5641636871507443
23.975 1.5641636871507443
23.975 1.5641636871507443
23.975 1.5641636871507443
23.975 1.5641636871507443
23.975 1.5641636871507443
23.98 1.559409758200149
23.99 1.5627253606324487
23.99 1.5627253606324487
23.99 1.5627253606324487
23.99 1.5627253606324487
23.99 1.5627253606324487
23.99 1.5627253606324487
23.995 1.5611408661681028
23.995 1.5611408661681028
24.0 1.5563131281216576
24.0 1.5563131281216576
24.0 1.5563131281216576
24.0 1.5563131281216576
24.0 1.5563131281216576
24.005 1.5482118068904442
24.005 1.5482118068904442
24.01 1.5465637059243347
24.01 1.5465637059243347
24.01 1.5465637059243347
24.01 1.5465637059243347
24.01 1.5465637059243347
24.01 1.5465637059243347
24.01 1.5465637059243347
24.02 1.539953663728934
24.02 1.539953663728934
24.02 1.539953663728934
24.02 1.539953663728934
24.025 1.5382477141704953
24.025 1.5382477141704953
24.025 1.5382477141704953
24.03 1.5397904967460176
24.04 1.542822578113794
24.045 1.5443119819153879
24.045 1.5443119819153879
24.045 1.5443119819153879
24.045 1.5443119819153879
24.045 1.5443119819153879
24.045 1.5443119819153879
24.05 1.5490311447602279
24.055 1.556950698444539
24.055 1.556950698444539
24.055 1.556950698444539
24.055 1.556950698444539
24.055 1.556950698444539
24.06 1.555150302161035
24.06 1.555150302161035
24.065 1.5597883505439019
24.065 1.5597883505439019
24.065 1.5597883505439019
24.07 1.561181101653745
24.07 1.561181101653745
24.075 1.5528786690543515
24.08 1.5542452805010545
24.085 1.5426189960045762
24.09 1.5374389721107067
24.095 1.5387703111094146
24.095 1.5387703111094146
24.095 1.5387703111094146
24.095 1.5387703111094146
24.1 1.5368178308524836
24.1 1.5368178308524836
24.1 1.5368178308524836
24.11 1.5491609010969243
24.115 1.5439214576320535
24.115 1.5439214576320535
24.12 1.5386478433773123
24.12 1.5386478433773123
24.125 1.5431401125740902
24.125 1.5431401125740902
24.125 1.5431401125740902
24.13 1.5443526558490892
24.13 1.5443526558490892
24.13 1.5443526558490892
24.13 1.5443526558490892
24.135 1.5487959336920742
24.14 1.543473860416479
24.145 1.5478871967521886
24.145 1.5478871967521886
24.145 1.5478871967521886
24.145 1.5478871967521886
24.145 1.5478871967521886
24.145 1.5478871967521886
24.15 1.5490311447602305
24.155 1.5533963438237584
24.155 1.5533963438237584
24.155 1.5533963438237584
24.155 1.5533963438237584
24.155 1.5533963438237584
24.16 1.5545039118832427
24.165 1.5523608216529479
24.165 1.5523608216529479
24.165 1.5523608216529479
24.165 1.5523608216529479
24.165 1.5523608216529479
24.17 1.556668262797829
24.175 1.56094772140028
24.175 1.56094772140028
24.185 1.5597883505438983
24.185 1.5597883505438983
24.185 1.5597883505438983
24.185 1.5597883505438983
24.185 1.5597883505438983
24.185 1.5597883505438983
24.185 1.5597883505438983
24.19 1.5607947981749692
24.19 1.5607947981749692
24.19 1.5607947981749692
24.19 1.5607947981749692
24.19 1.5607947981749692
24.19 1.5607947981749692
24.195 1.5553360896471196
24.195 1.5553360896471196
24.195 1.5553360896471196
24.195 1.5553360896471196
24.195 1.5553360896471196
24.195 1.5553360896471196
24.195 1.5553360896471196
24.195 1.5553360896471196
24.195 1.5553360896471196
24.195 1.5553360896471196
24.205 1.5572734193174191
24.21 1.5582169941972215
24.21 1.5582169941972215
24.21 1.5582169941972215
24.22 1.5568296608700736
24.22 1.5568296608700736
24.22 1.5568296608700736
24.22 1.5568296608700736
24.225 1.5641636871507416
24.23 1.5618247284545277
24.23 1.5618247284545277
24.24 1.5570878629882539
24.24 1.5570878629882539
24.25 1.5619534219887325
24.25 1.5619534219887325
24.25 1.5619534219887325
24.25 1.5619534219887325
24.25 1.5619534219887325
24.25 1.5619534219887325
24.25 1.5619534219887325
24.25 1.5619534219887325
24.25 1.5619534219887325
24.255 1.5691674328002116
24.255 1.5691674328002116
24.26 1.576332490499075
24.26 1.576332490499075
24.26 1.576332490499075
24.26 1.576332490499075
24.26 1.576332490499075
24.26 1.576332490499075
24.265 1.5707038399277633
24.27 1.5714474971124246
24.27 1.5714474971124246
24.275 1.5753678680225716
24.275 1.5753678680225716
24.275 1.5753678680225716
24.28 1.569687739007329
24.28 1.569687739007329
24.28 1.569687739007329
24.285 1.5607545527306168
24.29 1.5549887297819054
24.295 1.555659145469991
24.295 1.555659145469991
24.295 1.555659145469991
24.3 1.5530809062980389
24.3 1.5530809062980389
24.305 1.547237772166285
24.31 1.5478628482475187
24.315 1.5484714460058597
24.315 1.5484714460058597
24.315 1.5484714460058597
24.315 1.5484714460058597
24.315 1.5484714460058597
24.32 1.5458162046936461
24.32 1.5458162046936461
24.32 1.5458162046936461
24.325 1.5431401125740907
24.33 1.5371774695409506
24.335 1.547497574705238
24.335 1.547497574705238
24.335 1.547497574705238
24.335 1.547497574705238
24.335 1.547497574705238
24.34 1.544775601274005
24.34 1.544775601274005
24.345 1.548536348982681
24.345 1.548536348982681
24.345 1.548536348982681
24.355 1.546263123870322
24.355 1.546263123870322
24.36 1.5532103243147048
24.36 1.5532103243147048
24.36 1.5532103243147048
24.36 1.5532103243147048
24.36 1.5532103243147048
24.36 1.5532103243147048
24.36 1.5532103243147048
24.36 1.5532103243147048
24.37 1.557313754724228
24.37 1.557313754724228
24.37 1.557313754724228
24.37 1.557313754724228
24.37 1.557313754724228
24.37 1.557313754724228
24.37 1.557313754724228
24.375 1.5544958303038838
24.375 1.5544958303038838
24.38 1.5516565956920931
24.38 1.5516565956920931
24.38 1.5516565956920931
24.38 1.5516565956920931
24.38 1.5516565956920931
24.385 1.5455479911555068
24.39 1.5426597145757301
24.39 1.5426597145757301
24.395 1.5397497022986042
24.395 1.5397497022986042
24.395 1.5397497022986042
24.395 1.5397497022986042
24.405 1.5338639748906446
24.405 1.5338639748906446
24.405 1.5338639748906446
24.405 1.5338639748906446
24.405 1.5338639748906446
24.41 1.537438972110705
24.41 1.537438972110705
24.41 1.537438972110705
24.41 1.537438972110705
24.41 1.537438972110705
24.41 1.537438972110705
24.41 1.537438972110705
24.41 1.537438972110705
24.41 1.537438972110705
24.41 1.537438972110705
24.41 1.537438972110705
24.41 1.537438972110705
24.41 1.537438972110705
24.415 1.5311751981524466
24.415 1.5311751981524466
24.415 1.5311751981524466
24.415 1.5311751981524466
24.415 1.5311751981524466
24.42 1.5281611112410736
24.42 1.5281611112410736
24.425 1.5185205045086032
24.425 1.5185205045086032
24.425 1.5185205045086032
24.425 1.5185205045086032
24.425 1.5185205045086032
24.425 1.5185205045086032
24.425 1.5185205045086032
24.43 1.5253634545057488
24.43 1.5253634545057488
24.43 1.5253634545057488
24.43 1.5253634545057488
24.43 1.5253634545057488
24.435 1.5222883462226302
24.435 1.5222883462226302
24.435 1.5222883462226302
24.435 1.5222883462226302
24.44 1.5191904747241103
24.44 1.5191904747241103
24.44 1.5191904747241103
24.44 1.5191904747241103
24.44 1.5191904747241103
24.44 1.5191904747241103
24.44 1.5191904747241103
24.445 1.5127514949346876
24.445 1.5127514949346876
24.445 1.5127514949346876
24.445 1.5127514949346876
24.445 1.5127514949346876
24.445 1.5127514949346876
24.45 1.5096007658854058
24.45 1.5096007658854058
24.45 1.5096007658854058
24.465 1.5133493088686643
24.465 1.5133493088686643
24.465 1.5133493088686643
24.465 1.5133493088686643
24.465 1.5133493088686643
24.465 1.5133493088686643
24.465 1.5133493088686643
24.47 1.5167738839640421
24.47 1.5167738839640421
24.47 1.5167738839640421
24.475 1.5068937066747878
24.475 1.5068937066747878
24.475 1.5068937066747878
24.475 1.5068937066747878
24.475 1.5068937066747878
24.475 1.5068937066747878
24.475 1.5068937066747878
24.48 1.5002847300951863
24.48 1.5002847300951863
24.48 1.5002847300951863
24.48 1.5002847300951863
24.48 1.5002847300951863
24.48 1.5002847300951863
24.48 1.5002847300951863
24.48 1.5002847300951863
24.485 1.5036889312653887
24.485 1.5036889312653887
24.49 1.5070687712931483
24.495 1.5104244137154739
24.495 1.5104244137154739
24.495 1.5104244137154739
24.5 1.51043273109923
24.505 1.5170637468677126
24.51 1.517038903646139
24.51 1.517038903646139
24.515 1.513681325701976
24.515 1.513681325701976
24.515 1.513681325701976
24.515 1.513681325701976
24.515 1.513681325701976
24.515 1.513681325701976
24.515 1.513681325701976
24.52 1.5136232280134663
24.53 1.5101332764239064
24.53 1.5101332764239064
24.535 1.5100251254191068
24.535 1.5100251254191068
24.535 1.5100251254191068
24.54 1.5065685326989233
24.54 1.5065685326989233
24.54 1.5065685326989233
24.54 1.5065685326989233
24.54 1.5065685326989233
24.54 1.5065685326989233
24.54 1.5065685326989233
24.54 1.5065685326989233
24.54 1.5065685326989233
24.545 1.4997403460358185
24.545 1.4997403460358185
24.545 1.4997403460358185
24.545 1.4997403460358185
24.55 1.506268309799263
24.55 1.506268309799263
24.55 1.506268309799263
24.55 1.506268309799263
24.55 1.506268309799263
24.55 1.506268309799263
24.55 1.506268309799263
24.55 1.506268309799263
24.55 1.506268309799263
24.55 1.506268309799263
24.55 1.506268309799263
24.55 1.506268309799263
24.55 1.506268309799263
24.55 1.506268309799263
24.55 1.506268309799263
24.55 1.506268309799263
24.55 1.506268309799263
24.55 1.506268309799263
24.555 1.4994052422217305
24.555 1.4994052422217305
24.555 1.4994052422217305
24.56 1.505901289416851
24.56 1.505901289416851
24.56 1.505901289416851
24.565 1.5056927152522908
24.57 1.498776720626345
24.57 1.498776720626345
24.57 1.498776720626345
24.575 1.4918118221018415
24.58 1.4949160074555154
24.585 1.5013478031857443
24.59 1.4977034345588716
24.59 1.4977034345588716
24.59 1.4977034345588716
24.59 1.4977034345588716
24.595 1.5007452085229243
24.595 1.5007452085229243
24.595 1.5007452085229243
24.595 1.5007452085229243
24.595 1.5007452085229243
24.595 1.5007452085229243
24.595 1.5007452085229243
24.6 1.4970658068871774
24.605 1.4967217107388362
24.605 1.4967217107388362
24.61 1.4929987361450288
24.61 1.4929987361450288
24.61 1.4929987361450288
24.61 1.4929987361450288
24.61 1.4929987361450288
24.61 1.4929987361450288
24.62 1.495588151730949
24.62 1.495588151730949
24.62 1.495588151730949
24.62 1.495588151730949
24.62 1.495588151730949
24.62 1.495588151730949
24.62 1.495588151730949
24.62 1.495588151730949
24.62 1.495588151730949
24.62 1.495588151730949
24.62 1.495588151730949
24.625 1.498533621603258
24.63 1.4981060069435002
24.63 1.4981060069435002
24.63 1.4981060069435002
24.63 1.4981060069435002
24.64 1.4904722532433952
24.645 1.4866153253710745
24.645 1.4866153253710745
24.645 1.4866153253710745
24.645 1.4866153253710745
24.65 1.4793384369559492
24.655 1.4856009054423949
24.66 1.48168042587533
24.66 1.48168042587533
24.66 1.48168042587533
24.66 1.48168042587533
24.66 1.48168042587533
24.66 1.48168042587533
24.66 1.48168042587533
24.66 1.48168042587533
24.66 1.48168042587533
24.67 1.4839509940573572
24.67 1.4839509940573572
24.67 1.4839509940573572
24.67 1.4839509940573572
24.67 1.4839509940573572
24.67 1.4839509940573572
24.67 1.4839509940573572
24.67 1.4839509940573572
24.67 1.4839509940573572
24.675 1.473168738011116
24.675 1.473168738011116
24.68 1.472563143316873
24.68 1.472563143316873
24.68 1.472563143316873
24.68 1.472563143316873
24.68 1.472563143316873
24.68 1.472563143316873
24.68 1.472563143316873
24.68 1.472563143316873
24.68 1.472563143316873
24.685 1.4753502267113665
24.685 1.4753502267113665
24.685 1.4753502267113665
24.69 1.481510840952333
24.69 1.481510840952333
24.69 1.481510840952333
24.69 1.481510840952333
24.69 1.481510840952333
24.69 1.481510840952333
24.69 1.481510840952333
24.69 1.481510840952333
24.69 1.481510840952333
24.69 1.481510840952333
24.69 1.481510840952333
24.69 1.481510840952333
24.69 1.481510840952333
24.69 1.481510840952333
24.69 1.481510840952333
24.695 1.4842472670511304
24.695 1.4842472670511304
24.695 1.4842472670511304
24.7 1.4869617602285226
24.7 1.4869617602285226
24.7 1.4869617602285226
24.7 1.4869617602285226
24.7 1.4869617602285226
24.705 1.4896544403850158
24.705 1.4896544403850158
24.705 1.4896544403850158
24.705 1.4896544403850158
24.705 1.4896544403850158
24.705 1.4896544403850158
24.705 1.4896544403850158
24.705 1.4896544403850158
24.705 1.4896544403850158
24.705 1.4896544403850158
24.71 1.485575536069047
24.71 1.485575536069047
24.715 1.488236959032788
24.715 1.488236959032788
24.715 1.488236959032788
24.715 1.488236959032788
24.715 1.488236959032788
24.715 1.488236959032788
24.715 1.488236959032788
24.715 1.488236959032788
24.715 1.488236959032788
24.715 1.488236959032788
24.715 1.488236959032788
24.715 1.488236959032788
24.715 1.488236959032788
24.715 1.488236959032788
24.715 1.488236959032788
24.715 1.488236959032788
24.715 1.488236959032788
24.715 1.488236959032788
24.715 1.488236959032788
24.715 1.488236959032788
24.715 1.488236959032788
24.715 1.488236959032788
24.715 1.488236959032788
24.715 1.488236959032788
24.715 1.488236959032788
24.72 1.4807305001486069
24.72 1.4807305001486069
24.72 1.4807305001486069
24.72 1.4807305001486069
24.72 1.4807305001486069
24.72 1.4807305001486069
24.725 1.476575897781604
24.725 1.476575897781604
24.725 1.476575897781604
24.725 1.476575897781604
24.725 1.476575897781604
24.74 1.4810019696714984
24.74 1.4810019696714984
24.74 1.4810019696714984
24.745 1.4835699846982222
24.75 1.479338436955951
24.75 1.479338436955951
24.75 1.479338436955951
24.75 1.479338436955951
24.75 1.479338436955951
24.75 1.479338436955951
24.75 1.479338436955951
24.75 1.479338436955951
24.76 1.4742002345876526
24.76 1.4742002345876526
24.765 1.4664677419537573
24.77 1.465550816580544
24.77 1.465550816580544
24.77 1.465550816580544
24.775 1.4714621996589414
24.775 1.4714621996589414
24.775 1.4714621996589414
24.775 1.4714621996589414
24.775 1.4714621996589414
24.775 1.4714621996589414
24.775 1.4714621996589414
24.775 1.4714621996589414
24.775 1.4714621996589414
24.775 1.4714621996589414
24.775 1.4714621996589414
24.775 1.4714621996589414
24.775 1.4714621996589414
24.775 1.4714621996589414
24.78 1.4670929790048173
24.785 1.469548523976534
24.785 1.469548523976534
24.785 1.469548523976534
24.785 1.469548523976534
24.785 1.469548523976534
24.79 1.4719829035493963
24.8 1.4733819163261053
24.8 1.4733819163261053
24.8 1.4733819163261053
24.8 1.4733819163261053
24.805 1.4757588968419049
24.805 1.4757588968419049
24.815 1.4770522729698596
24.815 1.4770522729698596
24.82 1.4793724053016006
24.82 1.4793724053016006
24.825 1.4816719470901685
24.825 1.4816719470901685
24.825 1.4816719470901685
24.825 1.4816719470901685
24.83 1.4839509940573576
24.83 1.4839509940573576
24.83 1.4839509940573576
24.83 1.4839509940573576
24.835 1.4760312807351121
24.835 1.4760312807351121
24.835 1.4760312807351121
24.835 1.4760312807351121
24.835 1.4760312807351121
24.84 1.474881819641677
24.84 1.474881819641677
24.845 1.480518379949006
24.845 1.480518379949006
24.845 1.480518379949006
24.845 1.480518379949006
24.845 1.480518379949006
24.85 1.4759376544417424
24.85 1.4759376544417424
24.85 1.4759376544417424
24.85 1.4759376544417424
24.855 1.4849242404917473
24.855 1.4849242404917473
24.855 1.4849242404917473
24.855 1.4849242404917473
24.86 1.4803232025201793
24.86 1.4803232025201793
24.86 1.4803232025201793
24.86 1.4803232025201793
24.86 1.4803232025201793
24.86 1.4803232025201793
24.86 1.4803232025201793
24.86 1.4803232025201793
24.86 1.4803232025201793
24.86 1.4803232025201793
24.865 1.472281584930896
24.87 1.4676066730339146
24.87 1.4676066730339146
24.875 1.4628996468946263
24.875 1.4628996468946263
24.875 1.4628996468946263
24.875 1.4628996468946263
24.875 1.4628996468946263
24.88 1.4684624304175207
24.88 1.4684624304175207
24.88 1.4684624304175207
24.88 1.4684624304175207
24.88 1.4684624304175207
24.88 1.4684624304175207
24.88 1.4684624304175207
24.88 1.4684624304175207
24.88 1.4684624304175207
24.88 1.4684624304175207
24.88 1.4684624304175207
24.88 1.4684624304175207
24.88 1.4684624304175207
24.88 1.4684624304175207
24.88 1.4684624304175207
24.885 1.4637238254486158
24.885 1.4637238254486158
24.89 1.4623928900347263
24.895 1.4576000788795767
24.895 1.4576000788795767
24.895 1.4576000788795767
24.895 1.4576000788795767
24.9 1.4596757401326002
24.9 1.4596757401326002
24.9 1.4596757401326002
24.9 1.4596757401326002
24.905 1.4548394375135452
24.905 1.4548394375135452
24.905 1.4548394375135452
24.905 1.4548394375135452
24.91 1.4534312200987693
24.91 1.4534312200987693
24.91 1.4534312200987693
24.915 1.4623499364664465
24.92 1.4609145617673622
24.92 1.4609145617673622
24.92 1.4609145617673622
24.925 1.469753679837878
24.925 1.469753679837878
24.93 1.4614304275169463
24.93 1.4614304275169463
24.93 1.4614304275169463
24.93 1.4614304275169463
24.93 1.4614304275169463
24.93 1.4614304275169463
24.935 1.456496450235202
24.94 1.4515283922014206
24.94 1.4515283922014206
24.94 1.4515283922014206
24.945 1.4534571505353049
24.945 1.4534571505353049
24.945 1.4534571505353049
24.945 1.4534571505353049
24.945 1.4534571505353049
24.945 1.4534571505353049
24.945 1.4534571505353049
24.945 1.4534571505353049
24.945 1.4534571505353049
24.945 1.4534571505353049
24.945 1.4534571505353049
24.945 1.4534571505353049
24.95 1.4519091572839635
24.95 1.4519091572839635
24.95 1.4519091572839635
24.955 1.446873253279385
24.955 1.446873253279385
24.955 1.446873253279385
24.955 1.446873253279385
24.955 1.446873253279385
24.96 1.4522206180942647
24.96 1.4522206180942647
24.96 1.4522206180942647
24.96 1.4522206180942647
24.96 1.4522206180942647
24.96 1.4522206180942647
24.96 1.4522206180942647
24.96 1.4522206180942647
24.965 1.45061934442226
24.965 1.45061934442226
24.965 1.45061934442226
24.965 1.45061934442226
24.965 1.45061934442226
24.965 1.45061934442226
24.965 1.45061934442226
24.965 1.45061934442226
24.97 1.4559184360610016
24.97 1.4559184360610016
24.97 1.4559184360610016
24.97 1.4559184360610016
24.97 1.4559184360610016
24.97 1.4559184360610016
24.97 1.4559184360610016
24.97 1.4559184360610016
24.975 1.457737973711328
24.975 1.457737973711328
24.975 1.457737973711328
24.975 1.457737973711328
24.975 1.457737973711328
24.975 1.457737973711328
24.975 1.457737973711328
24.975 1.457737973711328
24.975 1.457737973711328
24.98 1.4595380283779533
24.98 1.4595380283779533
24.98 1.4595380283779533
24.98 1.4595380283779533
24.98 1.4595380283779533
24.98 1.4595380283779533
24.985 1.4647533965015433
24.985 1.4647533965015433
24.985 1.4647533965015433
24.99 1.4665105749130003
24.99 1.4665105749130003
24.99 1.4665105749130003
24.99 1.4665105749130003
24.99 1.4665105749130003
24.99 1.4665105749130003
24.99 1.4665105749130003
24.99 1.4665105749130003
24.99 1.4665105749130003
24.99 1.4665105749130003
24.995 1.4682485378314583
24.995 1.4682485378314583
24.995 1.4682485378314583
25.0 1.4665448403796664
25.005 1.4648220088420094
25.005 1.4648220088420094
25.005 1.4648220088420094
25.01 1.459641313411995
25.01 1.459641313411995
25.01 1.459641313411995
25.01 1.459641313411995
25.01 1.459641313411995
25.01 1.459641313411995
25.01 1.459641313411995
25.01 1.459641313411995
25.01 1.459641313411995
25.01 1.459641313411995
25.01 1.459641313411995
25.01 1.459641313411995
25.01 1.459641313411995
25.01 1.459641313411995
25.01 1.459641313411995
25.02 1.4629769333580387
25.025 1.4508271769881613
25.03 1.4455268031736626
25.035 1.4366960281795622
25.04 1.434814785028607
25.04 1.434814785028607
25.05 1.434499545041271
25.05 1.434499545041271
25.05 1.434499545041271
25.05 1.434499545041271
25.055 1.4395612815775123
25.055 1.4395612815775123
25.055 1.4395612815775123
25.055 1.4395612815775123
25.055 1.4395612815775123
25.055 1.4395612815775123
25.055 1.4395612815775123
25.055 1.4395612815775123
25.055 1.4395612815775123
25.055 1.4395612815775123
25.055 1.4395612815775123
25.055 1.4395612815775123
25.055 1.4395612815775123
25.055 1.4395612815775123
25.06 1.4341141576197576
25.06 1.4341141576197576
25.06 1.4341141576197576
25.07 1.4371593981456572
25.07 1.4371593981456572
25.07 1.4371593981456572
25.07 1.4371593981456572
25.07 1.4371593981456572
25.07 1.4371593981456572
25.07 1.4371593981456572
25.07 1.4371593981456572
25.07 1.4371593981456572
25.07 1.4371593981456572
25.07 1.4371593981456572
25.07 1.4371593981456572
25.07 1.4371593981456572
25.07 1.4371593981456572
25.07 1.4371593981456572
25.07 1.4371593981456572
25.07 1.4371593981456572
25.07 1.4371593981456572
25.07 1.4371593981456572
25.07 1.4371593981456572
25.07 1.4371593981456572
25.07 1.4371593981456572
25.07 1.4371593981456572
25.075 1.4316504865287067
25.075 1.4316504865287067
25.075 1.4316504865287067
25.075 1.4316504865287067
25.075 1.4316504865287067
25.08 1.4296220113993037
25.08 1.4296220113993037
25.08 1.4296220113993037
25.08 1.4296220113993037
25.08 1.4296220113993037
25.08 1.4296220113993037
25.08 1.4296220113993037
25.08 1.4296220113993037
25.08 1.4296220113993037
25.08 1.4296220113993037
25.08 1.4296220113993037
25.08 1.4296220113993037
25.08 1.4296220113993037
25.08 1.4296220113993037
25.08 1.4296220113993037
25.08 1.4296220113993037
25.08 1.4296220113993037
25.08 1.4296220113993037
25.08 1.4296220113993037
25.08 1.4296220113993037
25.08 1.4296220113993037
25.08 1.4296220113993037
25.08 1.4296220113993037
25.08 1.4296220113993037
25.08 1.4296220113993037
25.085 1.4310887727100934
25.085 1.4310887727100934
25.085 1.4310887727100934
25.085 1.4310887727100934
25.085 1.4310887727100934
25.085 1.4310887727100934
25.085 1.4310887727100934
25.085 1.4310887727100934
25.085 1.4310887727100934
25.09 1.4325364930849416
25.09 1.4325364930849416
25.09 1.4325364930849416
25.09 1.4325364930849416
25.09 1.4325364930849416
25.09 1.4325364930849416
25.09 1.4325364930849416
25.09 1.4325364930849416
25.09 1.4325364930849416
25.09 1.4325364930849416
25.095 1.4374653152905366
25.095 1.4374653152905366
25.105 1.429753817934925
25.105 1.429753817934925
25.105 1.429753817934925
25.105 1.429753817934925
25.105 1.429753817934925
25.105 1.429753817934925
25.105 1.429753817934925
25.105 1.429753817934925
25.105 1.429753817934925
25.11 1.4311326645414768
25.11 1.4311326645414768
25.11 1.4311326645414768
25.11 1.4311326645414768
25.11 1.4311326645414768
25.115 1.432492644267118
25.12 1.4303248392336088
25.12 1.4303248392336088
25.12 1.4303248392336088
25.125 1.4351562168747243
25.135 1.4201617149051757
25.135 1.4201617149051757
25.135 1.4201617149051757
25.135 1.4201617149051757
25.135 1.4201617149051757
25.135 1.4201617149051757
25.135 1.4201617149051757
25.14 1.4179041791695706
25.14 1.4179041791695706
25.14 1.4179041791695706
25.145 1.4156252946575838
25.145 1.4156252946575838
25.15 1.4097649399561802
25.15 1.4097649399561802
25.15 1.4097649399561802
25.15 1.4097649399561802
25.15 1.4097649399561802
25.15 1.4097649399561802
25.15 1.4097649399561802
25.155 1.403862224624852
25.155 1.403862224624852
25.155 1.403862224624852
25.155 1.403862224624852
25.16 1.408659507489373
25.16 1.408659507489373
25.16 1.408659507489373
25.16 1.408659507489373
25.16 1.408659507489373
25.16 1.408659507489373
25.16 1.408659507489373
25.165 1.4098629606593671
25.17 1.4074818027689124
25.17 1.4074818027689124
25.17 1.4074818027689124
25.175 1.4086505891852894
25.175 1.4086505891852894
25.175 1.4086505891852894
25.18 1.4133605129967697
25.185 1.4215763774714743
25.185 1.4215763774714743
25.185 1.4215763774714743
25.185 1.4215763774714743
25.195 1.4308078331056142
25.2 1.43186984613875
25.2 1.43186984613875
25.2 1.43186984613875
25.2 1.43186984613875
25.205 1.4294023068310302
25.205 1.4294023068310302
25.205 1.4294023068310302
25.205 1.4294023068310302
25.205 1.4294023068310302
25.205 1.4294023068310302
25.205 1.4294023068310302
25.205 1.4294023068310302
25.21 1.4269128922292522
25.21 1.4269128922292522
25.21 1.4269128922292522
25.21 1.4269128922292522
25.21 1.4269128922292522
25.21 1.4269128922292522
25.21 1.4269128922292522
25.21 1.4269128922292522
25.21 1.4269128922292522
25.21 1.4269128922292522
25.215 1.4208692222487136
25.215 1.4208692222487136
25.215 1.4208692222487136
25.22 1.4183294016050323
25.22 1.4183294016050323
25.22 1.4183294016050323
25.22 1.4183294016050323
25.22 1.4183294016050323
25.22 1.4183294016050323
25.22 1.4183294016050323
25.22 1.4183294016050323
25.22 1.4183294016050323
25.22 1.4183294016050323
25.22 1.4183294016050323
25.22 1.4183294016050323
25.22 1.4183294016050323
25.22 1.4183294016050323
25.22 1.4183294016050323
25.22 1.4183294016050323
25.22 1.4183294016050323
25.22 1.4183294016050323
25.22 1.4183294016050323
25.22 1.4183294016050323
25.22 1.4183294016050323
25.22 1.4183294016050323
25.22 1.4183294016050323
25.22 1.4183294016050323
25.22 1.4183294016050323
25.22 1.4183294016050323
25.22 1.4183294016050323
25.22 1.4183294016050323
25.225 1.4157672778125014
25.225 1.4157672778125014
25.225 1.4157672778125014
25.23 1.420276708831148
25.23 1.420276708831148
25.23 1.420276708831148
25.23 1.420276708831148
25.23 1.420276708831148
25.23 1.420276708831148
25.23 1.420276708831148
25.23 1.420276708831148
25.23 1.420276708831148
25.235 1.4212228438423349
25.235 1.4212228438423349
25.25 1.4133249580991378
25.25 1.4133249580991378
25.26 1.3971974821119957
25.26 1.3971974821119957
25.26 1.3971974821119957
25.26 1.3971974821119957
25.26 1.3971974821119957
25.285 1.3904827259104224
25.29 1.3876338271283797
25.295 1.3811272797298852
25.295 1.3811272797298852
25.295 1.3811272797298852
25.295 1.3811272797298852
25.295 1.3811272797298852
25.295 1.3811272797298852
25.295 1.3811272797298852
25.3 1.3745716555279706
25.3 1.3745716555279706
25.3 1.3745716555279706
25.3 1.3745716555279706
25.3 1.3745716555279706
25.3 1.3745716555279706
25.3 1.3745716555279706
25.3 1.3745716555279706
25.3 1.3745716555279706
25.305 1.3642878754262882
25.305 1.3642878754262882
25.305 1.3642878754262882
25.305 1.3642878754262882
25.305 1.3642878754262882
25.305 1.3642878754262882
25.305 1.3642878754262882
25.305 1.3642878754262882
25.305 1.3642878754262882
25.305 1.3642878754262882
25.305 1.3642878754262882
25.305 1.3642878754262882
25.305 1.3642878754262882
25.305 1.3642878754262882
25.305 1.3642878754262882
25.305 1.3642878754262882
25.305 1.3642878754262882
25.31 1.3686732011909517
25.31 1.3686732011909517
25.31 1.3686732011909517
25.31 1.3686732011909517
25.31 1.3686732011909517
25.31 1.3686732011909517
25.31 1.3686732011909517
25.31 1.3686732011909517
25.31 1.3686732011909517
25.31 1.3686732011909517
25.31 1.3686732011909517
25.31 1.3686732011909517
25.31 1.3686732011909517
25.315 1.369361440149694
25.32 1.366358179017067
25.32 1.366358179017067
25.325 1.3706818902360627
25.325 1.3706818902360627
25.325 1.3706818902360627
25.325 1.3706818902360627
25.325 1.3706818902360627
25.325 1.3706818902360627
25.325 1.3706818902360627
25.325 1.3706818902360627
25.33 1.3749737320469417
25.33 1.3749737320469417
25.33 1.3749737320469417
25.335 1.3719278150282697
25.335 1.3719278150282697
25.335 1.3719278150282697
25.335 1.3719278150282697
25.335 1.3719278150282697
25.335 1.3719278150282697
25.335 1.3719278150282697
25.335 1.3719278150282697
25.335 1.3719278150282697
25.335 1.3719278150282697
25.335 1.3719278150282697
25.335 1.3719278150282697
25.335 1.3719278150282697
25.335 1.3719278150282697
25.335 1.3719278150282697
25.335 1.3719278150282697
25.335 1.3719278150282697
25.335 1.3719278150282697
25.335 1.3719278150282697
25.335 1.3719278150282697
25.335 1.3719278150282697
25.335 1.3719278150282697
25.34 1.3651807913111096
25.34 1.3651807913111096
25.34 1.3651807913111096
25.345 1.3583817596777168
25.345 1.3583817596777168
25.345 1.3583817596777168
25.345 1.3583817596777168
25.35 1.358945793010783
25.35 1.358945793010783
25.35 1.358945793010783
25.35 1.358945793010783
25.35 1.358945793010783
25.35 1.358945793010783
25.35 1.358945793010783
25.35 1.358945793010783
25.35 1.358945793010783
25.35 1.358945793010783
25.35 1.358945793010783
25.35 1.358945793010783
25.35 1.358945793010783
25.355 1.3520782439967916
25.355 1.3520782439967916
25.355 1.3520782439967916
25.355 1.3520782439967916
25.36 1.348887499918799
25.36 1.348887499918799
25.36 1.348887499918799
25.36 1.348887499918799
25.36 1.348887499918799
25.36 1.348887499918799
25.36 1.348887499918799
25.36 1.348887499918799
25.36 1.348887499918799
25.36 1.348887499918799
25.36 1.348887499918799
25.36 1.348887499918799
25.36 1.348887499918799
25.36 1.348887499918799
25.36 1.348887499918799
25.36 1.348887499918799
25.36 1.348887499918799
25.36 1.348887499918799
25.365 1.3493996431691118
25.365 1.3493996431691118
25.365 1.3493996431691118
25.365 1.3493996431691118
25.365 1.3493996431691118
25.365 1.3493996431691118
25.365 1.3493996431691118
25.365 1.3493996431691118
25.365 1.3493996431691118
25.365 1.3493996431691118
25.365 1.3493996431691118
25.365 1.3493996431691118
25.365 1.3493996431691118
25.365 1.3493996431691118
25.365 1.3493996431691118
25.37 1.3386785654172335
25.37 1.3386785654172335
25.37 1.3386785654172335
25.37 1.3386785654172335
25.37 1.3386785654172335
25.37 1.3386785654172335
25.37 1.3386785654172335
25.37 1.3386785654172335
25.37 1.3386785654172335
25.37 1.3386785654172335
25.37 1.3386785654172335
25.37 1.3386785654172335
25.37 1.3386785654172335
25.375 1.3353993624704306
25.375 1.3353993624704306
25.375 1.3353993624704306
25.375 1.3353993624704306
25.375 1.3353993624704306
25.375 1.3353993624704306
25.375 1.3353993624704306
25.375 1.3353993624704306
25.375 1.3353993624704306
25.375 1.3353993624704306
25.375 1.3353993624704306
25.38 1.3396166855939091
25.38 1.3396166855939091
25.38 1.3396166855939091
25.38 1.3396166855939091
25.38 1.3396166855939091
25.38 1.3396166855939091
25.38 1.3396166855939091
25.38 1.3396166855939091
25.38 1.3396166855939091
25.39 1.3442227022955804
25.39 1.3442227022955804
25.39 1.3442227022955804
25.39 1.3442227022955804
25.395 1.3483565280122183
25.395 1.3483565280122183
25.395 1.3483565280122183
25.395 1.3483565280122183
25.395 1.3483565280122183
25.395 1.3483565280122183
25.395 1.3483565280122183
25.395 1.3483565280122183
25.395 1.3483565280122183
25.395 1.3483565280122183
25.395 1.3483565280122183
25.395 1.3483565280122183
25.395 1.3483565280122183
25.395 1.3483565280122183
25.395 1.3483565280122183
25.395 1.3483565280122183
25.395 1.3483565280122183
25.405 1.3491016925659893
25.41 1.3419778398368065
25.41 1.3419778398368065
25.41 1.3419778398368065
25.41 1.3419778398368065
25.41 1.3419778398368065
25.41 1.3419778398368065
25.41 1.3419778398368065
25.41 1.3419778398368065
25.41 1.3419778398368065
25.415 1.346043896332609
25.415 1.346043896332609
25.415 1.346043896332609
25.415 1.346043896332609
25.42 1.3500790968825493
25.42 1.3500790968825493
25.42 1.3500790968825493
25.42 1.3500790968825493
25.42 1.3500790968825493
25.42 1.3500790968825493
25.42 1.3500790968825493
25.42 1.3500790968825493
25.42 1.3500790968825493
25.42 1.3500790968825493
25.42 1.3500790968825493
25.42 1.3500790968825493
25.425 1.3429043003129424
25.425 1.3429043003129424
25.425 1.3429043003129424
25.425 1.3429043003129424
25.425 1.3429043003129424
25.425 1.3429043003129424
25.425 1.3429043003129424
25.425 1.3429043003129424
25.425 1.3429043003129424
25.425 1.3429043003129424
25.425 1.3429043003129424
25.425 1.3429043003129424
25.425 1.3429043003129424
25.425 1.3429043003129424
25.425 1.3429043003129424
25.425 1.3429043003129424
25.425 1.3429043003129424
25.425 1.3429043003129424
25.425 1.3429043003129424
25.425 1.3429043003129424
25.425 1.3429043003129424
25.425 1.3429043003129424
25.425 1.3429043003129424
25.43 1.3356721530759397
25.43 1.3356721530759397
25.435 1.3359260804634043
25.435 1.3359260804634043
25.435 1.3359260804634043
25.435 1.3359260804634043
25.44 1.3399167453323786
25.44 1.3399167453323786
25.44 1.3399167453323786
25.44 1.3399167453323786
25.445 1.328835588062157
25.445 1.328835588062157
25.445 1.328835588062157
25.445 1.328835588062157
25.445 1.328835588062157
25.445 1.328835588062157
25.445 1.328835588062157
25.445 1.328835588062157
25.445 1.328835588062157
25.445 1.328835588062157
25.445 1.328835588062157
25.445 1.328835588062157
25.445 1.328835588062157
25.445 1.328835588062157
25.445 1.328835588062157
25.445 1.328835588062157
25.445 1.328835588062157
25.445 1.328835588062157
25.445 1.328835588062157
25.445 1.328835588062157
25.45 1.325247677619234
25.45 1.325247677619234
25.455 1.321631016098505
25.455 1.321631016098505
25.455 1.321631016098505
25.455 1.321631016098505
25.46 1.3255888991871663
25.46 1.3255888991871663
25.46 1.3255888991871663
25.46 1.3255888991871663
25.46 1.3255888991871663
25.465 1.3295161019433468
25.47 1.3258542330272107
25.47 1.3258542330272107
25.47 1.3258542330272107
25.47 1.3258542330272107
25.47 1.3258542330272107
25.47 1.3258542330272107
25.475 1.3221632190805521
25.475 1.3221632190805521
25.475 1.3221632190805521
25.475 1.3221632190805521
25.475 1.3221632190805521
25.475 1.3221632190805521
25.475 1.3221632190805521
25.475 1.3221632190805521
25.475 1.3221632190805521
25.475 1.3221632190805521
25.475 1.3221632190805521
25.485 1.3185095133078917
25.485 1.3185095133078917
25.485 1.3185095133078917
25.49 1.326157406696764
25.49 1.326157406696764
25.49 1.326157406696764
25.49 1.326157406696764
25.49 1.326157406696764
25.49 1.326157406696764
25.49 1.326157406696764
25.49 1.326157406696764
25.49 1.326157406696764
25.49 1.326157406696764
25.49 1.326157406696764
25.495 1.318585735441021
25.495 1.318585735441021
25.495 1.318585735441021
25.495 1.318585735441021
25.495 1.318585735441021
25.495 1.318585735441021
25.495 1.318585735441021
25.495 1.318585735441021
25.495 1.318585735441021
25.495 1.318585735441021
25.495 1.318585735441021
25.495 1.318585735441021
25.495 1.318585735441021
25.495 1.318585735441021
25.5 1.3185952628978626
25.5 1.3185952628978626
25.5 1.3185952628978626
25.5 1.3185952628978626
25.5 1.3185952628978626
25.5 1.3185952628978626
25.5 1.3185952628978626
25.505 1.3147692156619206
25.505 1.3147692156619206
25.51 1.3070739118562797
25.51 1.3070739118562797
25.51 1.3070739118562797
25.51 1.3070739118562797
25.51 1.3070739118562797
25.515 1.3108649183538517
25.515 1.3108649183538517
25.515 1.3108649183538517
25.52 1.3107978313889093
25.52 1.3107978313889093
25.52 1.3107978313889093
25.52 1.3107978313889093
25.52 1.3107978313889093
25.52 1.3107978313889093
25.52 1.3107978313889093
25.52 1.3107978313889093
25.52 1.3107978313889093
25.52 1.3107978313889093
25.525 1.3068720568075218
25.525 1.3068720568075218
25.525 1.3068720568075218
25.525 1.3068720568075218
25.525 1.3068720568075218
25.525 1.3068720568075218
25.525 1.3068720568075218
25.53 1.302915169801352
25.535 1.298926886039543
25.54 1.3064971004050603
25.54 1.3064971004050603
25.54 1.3064971004050603
25.54 1.3064971004050603
25.545 1.3101747169537052
25.545 1.3101747169537052
25.55 1.3022979303897735
25.55 1.3022979303897735
25.55 1.3022979303897735
25.55 1.3022979303897735
25.55 1.3022979303897735
25.55 1.3022979303897735
25.55 1.3022979303897735
25.55 1.3022979303897735
25.55 1.3022979303897735
25.55 1.3022979303897735
25.55 1.3022979303897735
25.55 1.3022979303897735
25.555 1.3097911145747982
25.555 1.3097911145747982
25.555 1.3097911145747982
25.56 1.3095704923263423
25.56 1.3095704923263423
25.56 1.3095704923263423
25.565 1.3093306433702452
25.565 1.3093306433702452
25.565 1.3093306433702452
25.565 1.3093306433702452
25.565 1.3093306433702452
25.565 1.3093306433702452
25.57 1.30907155713832
25.57 1.30907155713832
25.575 1.3010915401999588
25.575 1.3010915401999588
25.575 1.3010915401999588
25.575 1.3010915401999588
25.575 1.3010915401999588
25.575 1.3010915401999588
25.575 1.3010915401999588
25.575 1.3010915401999588
25.575 1.3010915401999588
25.575 1.3010915401999588
25.575 1.3010915401999588
25.575 1.3010915401999588
25.575 1.3010915401999588
25.575 1.3010915401999588
25.58 1.2969233016070223
25.58 1.2969233016070223
25.585 1.3043317856416676
25.585 1.3043317856416676
25.585 1.3043317856416676
25.59 1.3078425980623694
25.59 1.3078425980623694
25.59 1.3078425980623694
25.59 1.3078425980623694
25.595 1.3074871368641923
25.595 1.3074871368641923
25.595 1.3074871368641923
25.595 1.3074871368641923
25.595 1.3074871368641923
25.6 1.307112356902742
25.605 1.3067182415555667
25.605 1.3067182415555667
25.61 1.2985883328797683
25.61 1.2985883328797683
25.61 1.2985883328797683
25.61 1.2985883328797683
25.61 1.2985883328797683
25.61 1.2985883328797683
25.61 1.2985883328797683
25.61 1.2985883328797683
25.61 1.2985883328797683
25.61 1.2985883328797683
25.61 1.2985883328797683
25.61 1.2985883328797683
25.61 1.2985883328797683
25.61 1.2985883328797683
25.61 1.2985883328797683
25.61 1.2985883328797683
25.615 1.2903877334013079
25.615 1.2903877334013079
25.615 1.2903877334013079
25.615 1.2903877334013079
25.615 1.2903877334013079
25.615 1.2903877334013079
25.615 1.2903877334013079
25.615 1.2903877334013079
25.615 1.2903877334013079
25.615 1.2903877334013079
25.615 1.2903877334013079
25.615 1.2903877334013079
25.615 1.2903877334013079
25.615 1.2903877334013079
25.615 1.2903877334013079
25.615 1.2903877334013079
25.615 1.2903877334013079
25.62 1.2938198673873562
25.62 1.2938198673873562
25.62 1.2938198673873562
25.62 1.2938198673873562
25.62 1.2938198673873562
25.62 1.2938198673873562
25.62 1.2938198673873562
25.62 1.2938198673873562
25.62 1.2938198673873562
25.625 1.2816348698824063
25.625 1.2816348698824063
25.63 1.2850512767666502
25.63 1.2850512767666502
25.63 1.2850512767666502
25.63 1.2850512767666502
25.63 1.2850512767666502
25.63 1.2850512767666502
25.63 1.2850512767666502
25.63 1.2850512767666502
25.63 1.2850512767666502
25.63 1.2850512767666502
25.63 1.2850512767666502
25.63 1.2850512767666502
25.63 1.2850512767666502
25.63 1.2850512767666502
25.63 1.2850512767666502
25.63 1.2850512767666502
25.635 1.2845330379667708
25.635 1.2845330379667708
25.64 1.2879027398591423
25.64 1.2879027398591423
25.64 1.2879027398591423
25.64 1.2879027398591423
25.64 1.2879027398591423
25.645 1.2834372034799308
25.645 1.2834372034799308
25.645 1.2834372034799308
25.645 1.2834372034799308
25.645 1.2834372034799308
25.645 1.2834372034799308
25.645 1.2834372034799308
25.645 1.2834372034799308
25.645 1.2834372034799308
25.645 1.2834372034799308
25.645 1.2834372034799308
25.645 1.2834372034799308
25.645 1.2834372034799308
25.645 1.2834372034799308
25.645 1.2834372034799308
25.645 1.2834372034799308
25.645 1.2834372034799308
25.645 1.2834372034799308
25.645 1.2834372034799308
25.645 1.2834372034799308
25.645 1.2834372034799308
25.645 1.2834372034799308
25.65 1.2867707233506513
25.65 1.2867707233506513
25.65 1.2867707233506513
25.65 1.2867707233506513
25.65 1.2867707233506513
25.65 1.2867707233506513
25.65 1.2867707233506513
25.65 1.2867707233506513
25.65 1.2867707233506513
25.65 1.2867707233506513
25.65 1.2867707233506513
25.655 1.2822620558604627
25.655 1.2822620558604627
25.66 1.2737788516120312
25.665 1.2770785599332586
25.67 1.2685210793058261
25.67 1.2685210793058261
25.675 1.2717949172558398
25.675 1.2717949172558398
25.675 1.2717949172558398
25.675 1.2717949172558398
25.675 1.2717949172558398
25.675 1.2717949172558398
25.675 1.2717949172558398
25.675 1.2717949172558398
25.675 1.2717949172558398
25.675 1.2717949172558398
25.675 1.2717949172558398
25.675 1.2717949172558398
25.675 1.2717949172558398
25.675 1.2717949172558398
25.675 1.2717949172558398
25.675 1.2717949172558398
25.675 1.2717949172558398
25.675 1.2717949172558398
25.675 1.2717949172558398
25.675 1.2717949172558398
25.675 1.2717949172558398
25.675 1.2717949172558398
25.675 1.2717949172558398
25.675 1.2717949172558398
25.675 1.2717949172558398
25.675 1.2717949172558398
25.675 1.2717949172558398
25.675 1.2717949172558398
25.675 1.2717949172558398
25.675 1.2717949172558398
25.675 1.2717949172558398
25.675 1.2717949172558398
25.675 1.2717949172558398
25.675 1.2717949172558398
25.675 1.2717949172558398
25.675 1.2717949172558398
25.675 1.2717949172558398
25.675 1.2717949172558398
25.675 1.2717949172558398
25.675 1.2717949172558398
25.675 1.2717949172558398
25.675 1.2717949172558398
25.675 1.2717949172558398
25.675 1.2717949172558398
25.675 1.2717949172558398
25.675 1.2717949172558398
25.675 1.2717949172558398
25.675 1.2717949172558398
25.675 1.2717949172558398
25.675 1.2717949172558398
25.675 1.2717949172558398
25.68 1.263161861935054
25.68 1.263161861935054
25.68 1.263161861935054
25.68 1.263161861935054
25.68 1.263161861935054
25.68 1.263161861935054
25.68 1.263161861935054
25.68 1.263161861935054
25.68 1.263161861935054
25.68 1.263161861935054
25.68 1.263161861935054
25.68 1.263161861935054
25.68 1.263161861935054
25.68 1.263161861935054
25.68 1.263161861935054
25.68 1.263161861935054
25.68 1.263161861935054
25.68 1.263161861935054
25.68 1.263161861935054
25.68 1.263161861935054
25.68 1.263161861935054
25.68 1.263161861935054
25.68 1.263161861935054
25.68 1.263161861935054
25.68 1.263161861935054
25.68 1.263161861935054
25.68 1.263161861935054
25.68 1.263161861935054
25.685 1.258448833817522
25.685 1.258448833817522
25.685 1.258448833817522
25.69 1.2656656540092601
25.69 1.2656656540092601
25.695 1.268867654890826
25.695 1.268867654890826
25.695 1.268867654890826
25.695 1.268867654890826
25.695 1.268867654890826
25.695 1.268867654890826
25.695 1.268867654890826
25.7 1.27204184375409
25.7 1.27204184375409
25.7 1.27204184375409
25.7 1.27204184375409
25.7 1.27204184375409
25.7 1.27204184375409
25.7 1.27204184375409
25.7 1.27204184375409
25.7 1.27204184375409
25.7 1.27204184375409
25.7 1.27204184375409
25.7 1.27204184375409
25.7 1.27204184375409
25.7 1.27204184375409
25.7 1.27204184375409
25.7 1.27204184375409
25.7 1.27204184375409
25.7 1.27204184375409
25.705 1.2751884282874406
25.705 1.2751884282874406
25.705 1.2751884282874406
25.705 1.2751884282874406
25.705 1.2751884282874406
25.705 1.2751884282874406
25.705 1.2751884282874406
25.705 1.2751884282874406
25.71 1.2743704722342375
25.71 1.2743704722342375
25.71 1.2743704722342375
25.715 1.2695803128807073
25.715 1.2695803128807073
25.715 1.2695803128807073
25.715 1.2695803128807073
25.715 1.2695803128807073
25.715 1.2695803128807073
25.715 1.2695803128807073
25.715 1.2695803128807073
25.715 1.2695803128807073
25.715 1.2695803128807073
25.715 1.2695803128807073
25.715 1.2695803128807073
25.715 1.2695803128807073
25.715 1.2695803128807073
25.725 1.2638677972973387
25.725 1.2638677972973387
25.725 1.2638677972973387
25.725 1.2638677972973387
25.725 1.2638677972973387
25.725 1.2638677972973387
25.725 1.2638677972973387
25.725 1.2638677972973387
25.725 1.2638677972973387
25.725 1.2638677972973387
25.725 1.2638677972973387
25.725 1.2638677972973387
25.73 1.2589778098235662
25.735 1.26203751666396
25.735 1.26203751666396
25.735 1.26203751666396
25.735 1.26203751666396
25.74 1.2610914950129402
25.74 1.2610914950129402
25.745 1.2561306944773063
25.745 1.2561306944773063
25.745 1.2561306944773063
25.745 1.2561306944773063
25.745 1.2561306944773063
25.745 1.2561306944773063
25.745 1.2561306944773063
25.75 1.2591374570230178
25.75 1.2591374570230178
25.75 1.2591374570230178
25.75 1.2591374570230178
25.75 1.2591374570230178
25.75 1.2591374570230178
25.75 1.2591374570230178
25.75 1.2591374570230178
25.75 1.2591374570230178
25.755 1.254128859399982
25.755 1.254128859399982
25.755 1.254128859399982
25.755 1.254128859399982
25.755 1.254128859399982
25.755 1.254128859399982
25.755 1.254128859399982
25.755 1.254128859399982
25.755 1.254128859399982
25.755 1.254128859399982
25.755 1.254128859399982
25.755 1.254128859399982
25.755 1.254128859399982
25.755 1.254128859399982
25.755 1.254128859399982
25.755 1.254128859399982
25.755 1.254128859399982
25.755 1.254128859399982
25.755 1.254128859399982
25.755 1.254128859399982
25.755 1.254128859399982
25.76 1.2450505024973262
25.76 1.2450505024973262
25.76 1.2450505024973262
25.76 1.2450505024973262
25.76 1.2450505024973262
25.76 1.2450505024973262
25.76 1.2450505024973262
25.76 1.2450505024973262
25.76 1.2450505024973262
25.76 1.2450505024973262
25.76 1.2450505024973262
25.76 1.2450505024973262
25.76 1.2450505024973262
25.76 1.2450505024973262
25.76 1.2450505024973262
25.76 1.2450505024973262
25.76 1.2450505024973262
25.76 1.2450505024973262
25.765 1.2520435556827216
25.765 1.2520435556827216
25.765 1.2520435556827216
25.765 1.2520435556827216
25.765 1.2520435556827216
25.765 1.2520435556827216
25.765 1.2520435556827216
25.765 1.2520435556827216
25.765 1.2520435556827216
25.765 1.2520435556827216
25.765 1.2520435556827216
25.77 1.2469460180213479
25.77 1.2469460180213479
25.77 1.2469460180213479
25.77 1.2469460180213479
25.77 1.2469460180213479
25.77 1.2469460180213479
25.77 1.2469460180213479
25.77 1.2469460180213479
25.77 1.2469460180213479
25.77 1.2469460180213479
25.77 1.2469460180213479
25.77 1.2469460180213479
25.77 1.2469460180213479
25.77 1.2469460180213479
25.77 1.2469460180213479
25.77 1.2469460180213479
25.77 1.2469460180213479
25.77 1.2469460180213479
25.77 1.2469460180213479
25.77 1.2469460180213479
25.775 1.2498743655456912
25.775 1.2498743655456912
25.775 1.2498743655456912
25.775 1.2498743655456912
25.775 1.2498743655456912
25.775 1.2498743655456912
25.775 1.2498743655456912
25.775 1.2498743655456912
25.775 1.2498743655456912
25.775 1.2498743655456912
25.775 1.2498743655456912
25.775 1.2498743655456912
25.785 1.2476208514387392
25.785 1.2476208514387392
25.785 1.2476208514387392
25.785 1.2476208514387392
25.785 1.2476208514387392
25.785 1.2476208514387392
25.785 1.2476208514387392
25.785 1.2476208514387392
25.785 1.2476208514387392
25.785 1.2476208514387392
25.785 1.2476208514387392
25.785 1.2476208514387392
25.785 1.2476208514387392
25.785 1.2476208514387392
25.785 1.2476208514387392
25.785 1.2476208514387392
25.785 1.2476208514387392
25.785 1.2476208514387392
25.785 1.2476208514387392
25.785 1.2476208514387392
25.785 1.2476208514387392
25.79 1.2544994397053786
25.79 1.2544994397053786
25.79 1.2544994397053786
25.79 1.2544994397053786
25.79 1.2544994397053786
25.795 1.2533272301073817
25.795 1.2533272301073817
25.795 1.2533272301073817
25.795 1.2533272301073817
25.795 1.2533272301073817
25.795 1.2533272301073817
25.795 1.2533272301073817
25.795 1.2533272301073817
25.795 1.2533272301073817
25.795 1.2533272301073817
25.8 1.248114155325393
25.8 1.248114155325393
25.8 1.248114155325393
25.8 1.248114155325393
25.8 1.248114155325393
25.8 1.248114155325393
25.8 1.248114155325393
25.8 1.248114155325393
25.8 1.248114155325393
25.8 1.248114155325393
25.8 1.248114155325393
25.8 1.248114155325393
25.805 1.2509192599743888
25.805 1.2509192599743888
25.805 1.2509192599743888
25.805 1.2509192599743888
25.805 1.2509192599743888
25.805 1.2509192599743888
25.805 1.2509192599743888
25.805 1.2509192599743888
25.805 1.2509192599743888
25.805 1.2509192599743888
25.81 1.2496833769853746
25.81 1.2496833769853746
25.81 1.2496833769853746
25.81 1.2496833769853746
25.81 1.2496833769853746
25.81 1.2496833769853746
25.815 1.2604438079362463
25.815 1.2604438079362463
25.815 1.2604438079362463
25.815 1.2604438079362463
25.82 1.2671338290423466
25.825 1.2658542312104368
25.825 1.2658542312104368
25.825 1.2658542312104368
25.825 1.2658542312104368
25.825 1.2658542312104368
25.825 1.2658542312104368
25.825 1.2658542312104368
25.825 1.2658542312104368
25.825 1.2658542312104368
25.825 1.2658542312104368
25.825 1.2658542312104368
25.825 1.2658542312104368
25.825 1.2658542312104368
25.825 1.2658542312104368
25.825 1.2658542312104368
25.825 1.2658542312104368
25.825 1.2658542312104368
25.825 1.2658542312104368
25.825 1.2658542312104368
25.825 1.2658542312104368
25.825 1.2658542312104368
25.825 1.2658542312104368
25.825 1.2658542312104368
25.825 1.2658542312104368
25.825 1.2658542312104368
25.825 1.2658542312104368
25.825 1.2658542312104368
25.825 1.2658542312104368
25.83 1.2645534695642309
25.83 1.2645534695642309
25.83 1.2645534695642309
25.83 1.2645534695642309
25.83 1.2645534695642309
25.83 1.2645534695642309
25.83 1.2645534695642309
25.83 1.2645534695642309
25.83 1.2645534695642309
25.83 1.2645534695642309
25.83 1.2645534695642309
25.83 1.2645534695642309
25.83 1.2645534695642309
