19.49 1.05882534495124
19.66 1.0751556147644838
19.83 1.0254833794928928
19.78 1.1940932065205736
19.84 1.1256423530903175
19.9 1.1055415967851343
20.17 1.0449977043133651
20.23 1.071720979819775
20.33 1.0449977043133654
20.46 0.9036402251812711
20.51 0.8703302519588457
20.54 0.8923920866769485
20.62 0.861992055085372
20.72 0.8418354166265933
20.82 0.8087900927567148
20.86 0.7916228058025266
20.91 0.7925792188682577
20.98 0.7651500150000291
21.03 0.7713951678941903
21.06 0.7630348761506394
21.11 0.7771353768420225
21.14 0.7250217690914973
21.18 0.7160497697278266
21.22 0.7327821620165832
21.24 0.7123726184201274
21.25 0.7159792333764037
21.29 0.7148497051899098
21.31 0.7204796382208936
21.35 0.74366007223079
21.38 0.7216703408122578
21.42 0.6989169110021936
21.46 0.687845413687781
21.48 0.6887259501016606
21.49 0.6889459083603475
21.51 0.7176701923937658
21.55 0.6871842709362773
21.59 0.6528105515091013
21.61 0.6800920912091621
21.62 0.6633249580710797
21.62 0.6633249580710797
21.63 0.661418738375886
21.67 0.6824643402827545
21.69 0.7204796382208936
21.69 0.7204796382208936
21.75 0.7703468981143128
21.79 0.782317200386264
21.8 0.791367567103066
21.82 0.7834139223535508
21.84 0.7877855422677285
21.87 0.7740096311357559
21.88 0.7821235015757889
21.91 0.7925792188682577
21.93 0.7818005635787943
21.95 0.7833494518006394
21.97 0.797154028688651
21.99 0.7976607212735426
22.01 0.8102250591438459
22.03 0.8097262288308109
22.04 0.8030245854570623
22.07 0.8072274534579216
22.09 0.829932454352689
22.1 0.8348471099367213
22.11 0.8274946977156247
22.12 0.8442317648177388
22.13 0.8487066809581687
22.15 0.8453676505795952
22.17 0.8652085636341447
22.22 0.8713161993168268
22.24 0.8775539926984608
22.26 0.8946530279410226
22.28 0.8998316340832716
22.28 0.8998316340832716
22.3 0.9265990819042825
22.31 0.917781690993687
22.33 0.9217352980091204
22.36 0.9158536339327789
22.38 0.940449065311059
22.4 0.9744203145947584
22.42 0.9865765724632493
22.44 0.9673456340716983
22.45 0.9679197729505717
22.47 0.9791255632894434
22.49 0.9897964284119087
22.49 0.9897964284119087
22.5 1.0
22.51 0.9999494936740514
22.52 1.0098504739801728
22.52 1.0098504739801728
22.54 1.019209438137168
22.54 1.019209438137168
22.55 1.0187633620614687
22.56 1.0280903155704253
22.56 1.0280903155704253
22.57 1.0372360318936984
22.6 1.0444659357341861
22.62 1.042336148497521
22.64 1.0494827971025245
22.64 1.0494827971025245
22.66 1.0465913889161969
22.66 1.0465913889161969
22.67 1.0546194679704266
22.67 1.0546194679704266
22.71 1.047314989326845
22.71 1.047314989326845
22.75 1.0187633620614691
22.78 1.0403961949297218
22.79 1.0473149893268436
22.81 1.0415121097459568
22.82 1.0384526173031858
22.87 1.0603506185896414
22.89 1.0626344240574555
22.91 1.0739806066379154
22.93 1.0941072648834345
22.95 1.122542208605543
22.95 1.122542208605543
22.97 1.1322187032191233
22.98 1.1457431093955024
23.0 1.145919418253881
23.02 1.1632417260102537
23.02 1.1632417260102537
23.02 1.1632417260102537
23.05 1.1492202011394819
23.07 1.1742609969205704
23.07 1.1742609969205704
23.07 1.1742609969205704
23.1 1.167748416242285
23.1 1.167748416242285
23.12 1.1830452060660908
23.12 1.1830452060660908
23.12 1.1830452060660908
23.13 1.1862426889855708
23.13 1.1862426889855708
23.13 1.1862426889855708
23.14 1.1978094484297044
23.15 1.2091820425896218
23.16 1.2120606045453786
23.16 1.2120606045453786
23.17 1.2065059327067427
23.19 1.1780398031381527
23.2 1.1720654306553775
23.21 1.1746050271035664
23.24 1.1986524420229894
23.26 1.2195379154715642
23.29 1.233333333333334
23.3 1.2431631210161223
23.3 1.2431631210161223
23.32 1.2543258481484523
23.32 1.2543258481484523
23.32 1.2543258481484523
23.33 1.247664484814195
23.33 1.247664484814195
23.34 1.2570608657507476
23.35 1.2742595393943
23.36 1.2754084313139329
23.4 1.2552918289216952
23.43 1.2733079483428713
23.46 1.2981727640235434
23.46 1.2981727640235434
23.47 1.2984450685183402
23.49 1.3142190522023791
23.49 1.3142190522023791
23.51 1.3370780746754392
23.54 1.3440478586957558
23.54 1.3440478586957558
23.56 1.350794752968216
23.56 1.350794752968216
23.56 1.350794752968216
23.58 1.3497474511249064
23.6 1.378038424351767
23.61 1.384583225043083
23.61 1.384583225043083
23.63 1.3973640408376995
23.64 1.410781000121221
23.64 1.410781000121221
23.65 1.4168894655461854
23.65 1.4168894655461854
23.67 1.4358680899432148
23.67 1.4358680899432148
23.67 1.4358680899432148
23.69 1.433333333333332
23.69 1.433333333333332
23.7 1.4459976109624422
23.7 1.4459976109624422
23.7 1.4459976109624422
23.71 1.4305116694258864
23.71 1.4305116694258864
23.71 1.4305116694258864
23.72 1.4360439485691996
23.75 1.4659433478105144
23.75 1.4659433478105144
23.78 1.467355210278448
23.81 1.4954138645413937
23.81 1.4954138645413937
23.83 1.491084616423002
23.84 1.4888135063081798
23.86 1.511036837152662
23.87 1.501884338308569
23.89 1.5168747775967182
23.91 1.518206012025211
23.92 1.5287150476690226
23.94 1.536229149573722
23.96 1.5564788024982108
23.96 1.5564788024982108
23.96 1.5564788024982108
23.97 1.5664087473058763
23.99 1.5858910760359626
23.99 1.5858910760359626
23.99 1.5858910760359626
24.0 1.5763402186230246
24.02 1.5889771819785474
24.04 1.575827504275872
24.04 1.575827504275872
24.04 1.575827504275872
24.05 1.5723301886761012
24.05 1.5723301886761012
24.05 1.5723301886761012
24.05 1.5723301886761012
24.05 1.5723301886761012
24.06 1.581585957643195
24.06 1.581585957643195
24.06 1.581585957643195
24.06 1.581585957643195
24.07 1.590724376001085
24.11 1.6136726415042788
24.12 1.6223190783317547
24.12 1.6223190783317547
24.13 1.6308577404841207
24.13 1.6308577404841207
24.13 1.6308577404841207
24.14 1.6454405937239867
24.14 1.6454405937239867
24.14 1.6454405937239867
24.14 1.6454405937239867
24.14 1.6454405937239867
24.15 1.6537377315791295
24.16 1.661932670724119
24.18 1.6780219235032592
24.18 1.6780219235032592
24.19 1.6738934231064981
24.19 1.6738934231064981
24.19 1.6738934231064981
24.21 1.6775101800109595
24.21 1.6775101800109595
24.21 1.6775101800109595
24.22 1.6731993185499314
24.22 1.6731993185499314
24.23 1.6808787985317488
24.22 1.6671514446486062
24.22 1.6671514446486062
24.22 1.6671514446486062
24.22 1.6671514446486062
24.22 1.6671514446486062
24.22 1.6671514446486062
24.22 1.6671514446486062
24.22 1.6671514446486062
24.23 1.6748586552755775
24.23 1.6748586552755775
24.23 1.6748586552755775
24.23 1.6748586552755775
24.23 1.6748586552755775
24.24 1.6884635296354757
24.25 1.6840007677725644
24.25 1.6840007677725644
24.26 1.6734407788756807
24.27 1.686877457183999
24.26 1.6734407788756804
24.27 1.6808787985317486
24.28 1.670178119092375
24.28 1.670178119092375
24.28 1.670178119092375
24.28 1.670178119092375
24.3 1.6907353011591897
24.31 1.679917025367982
24.31 1.679917025367982
24.31 1.6738934231064977
24.31 1.6738934231064977
24.33 1.6760644137955807
24.33 1.6760644137955807
24.33 1.6760644137955807
24.34 1.6649688321771101
24.34 1.6649688321771101
24.35 1.6476184220402679
24.36 1.6362065019953076
24.36 1.6362065019953076
24.37 1.6493341172433902
24.36 1.6362065019953076
24.37 1.6493341172433902
24.38 1.6622973029011165
24.38 1.6622973029011165
24.38 1.6622973029011165
24.38 1.6622973029011165
24.39 1.6750998764132223
24.4 1.6817499303650436
24.41 1.6702688345886056
24.43 1.6952399192557925
24.42 1.6828307080390446
24.42 1.6828307080390446
24.41 1.6702688345886056
24.42 1.6828307080390446
24.44 1.707499796648759
24.43 1.6952399192557925
24.43 1.6952399192557925
24.42 1.6828307080390446
24.42 1.6828307080390446
24.42 1.6828307080390446
24.43 1.6772693055178483
24.43 1.6772693055178483
24.43 1.6772693055178483
24.44 1.6896595796045701
24.43 1.6772693055178483
24.43 1.6772693055178483
24.43 1.6772693055178483
24.44 1.6896595796045704
24.43 1.6772693055178483
24.44 1.6896595796045704
24.44 1.6896595796045704
24.44 1.6896595796045704
24.44 1.6896595796045704
24.44 1.6896595796045704
24.45 1.701900304502189
24.46 1.690257287210943
24.46 1.690257287210943
24.44 1.6655754003170835
24.44 1.6655754003170835
24.44 1.6655754003170835
24.44 1.6655754003170835
24.45 1.6779918252651185
24.44 1.6655754003170835
24.44 1.6655754003170835
24.44 1.6655754003170835
24.44 1.6655754003170835
24.45 1.6779918252651185
24.44 1.6655754003170835
24.46 1.6601083085026698
24.46 1.6601083085026698
24.47 1.6724445303419502
24.45 1.6476184220402679
24.46 1.6601083085026698
24.46 1.6601083085026698
24.47 1.6724445303419502
24.48 1.6846304633301032
24.48 1.6846304633301032
24.48 1.6846304633301032
24.49 1.6966693457143824
24.5 1.6847503786566835
24.5 1.6847503786566835
24.5 1.6847503786566835
24.5 1.6847503786566835
24.5 1.6847503786566835
24.5 1.6847503786566835
24.49 1.6726860996250283
24.5 1.6605950010691222
24.5 1.6605950010691222
24.51 1.6726860996250283
24.51 1.6726860996250283
24.52 1.6665454501374202
24.52 1.6665454501374202
24.52 1.6665454501374202
24.52 1.6665454501374202
24.52 1.6665454501374202
24.52 1.6665454501374202
24.52 1.6665454501374202
24.52 1.6665454501374202
24.51 1.6544705277739853
24.51 1.6544705277739853
24.52 1.642122302560213
24.52 1.642122302560213
24.53 1.6542262984442746
24.53 1.6542262984442746
24.53 1.6542262984442746
24.53 1.6542262984442746
24.53 1.6542262984442746
24.53 1.6542262984442746
24.53 1.6542262984442746
24.54 1.6722331285929113
24.54 1.6722331285929113
24.55 1.684000767772564
24.54 1.6722331285929113
24.55 1.684000767772564
24.55 1.684000767772564
24.55 1.684000767772564
24.54 1.6722331285929113
24.54 1.6722331285929113
24.54 1.6722331285929113
24.54 1.6722331285929113
24.54 1.6722331285929113
24.54 1.6722331285929113
24.55 1.684000767772564
24.54 1.6722331285929113
24.55 1.6598344812210957
24.55 1.6598344812210957
24.55 1.6598344812210957
24.55 1.6598344812210957
24.55 1.6598344812210957
24.56 1.671628976281349
24.56 1.671628976281349
24.56 1.671628976281349
24.57 1.6832808272639312
24.57 1.6832808272639312
24.57 1.6832808272639312
24.56 1.6716289762813492
24.56 1.6716289762813492
24.56 1.6716289762813492
24.52 1.6846304633301028
24.52 1.6846304633301028
24.52 1.6846304633301028
24.53 1.6964311916133785
24.53 1.6964311916133785
24.53 1.6964311916133785
24.53 1.6964311916133785
24.54 1.708091261489197
24.54 1.708091261489197
24.54 1.708091261489197
24.54 1.708091261489197
24.54 1.708091261489197
24.54 1.708091261489197
24.53 1.6964311916133785
24.53 1.6964311916133785
24.53 1.6964311916133785
24.52 1.6846304633301028
24.52 1.6846304633301028
24.51 1.6726860996250283
24.51 1.6726860996250283
24.51 1.6726860996250283
24.51 1.6726860996250283
24.52 1.6846304633301028
24.52 1.6846304633301028
24.52 1.6846304633301028
24.53 1.6784733323090737
24.53 1.6784733323090737
24.49 1.6666363633608774
24.51 1.6666363633608774
24.51 1.6483539386523482
24.51 1.6483539386523482
24.53 1.6724445303419502
24.55 1.6537377315791293
24.55 1.6537377315791293
24.55 1.6537377315791293
24.54 1.6417531895365804
24.55 1.6537377315791293
24.56 1.6655754003170828
24.56 1.6655754003170828
24.56 1.6776607090068751
24.56 1.6776607090068751
24.56 1.6776607090068751
24.56 1.6776607090068751
24.56 1.6776607090068751
24.56 1.6776607090068751
24.56 1.6776607090068751
24.56 1.6776607090068751
24.56 1.6776607090068751
24.56 1.6776607090068751
24.57 1.6892709562519463
24.57 1.6892709562519463
24.57 1.6892709562519463
24.58 1.6828307080390448
24.58 1.6828307080390448
24.58 1.6828307080390448
24.58 1.6828307080390448
24.58 1.6828307080390448
24.58 1.6828307080390448
24.59 1.694286298299688
24.59 1.694286298299688
24.6 1.6817499303650434
24.6 1.6817499303650434
24.6 1.6817499303650434
24.6 1.6817499303650434
24.6 1.6817499303650434
24.59 1.6702688345886056
24.59 1.6702688345886056
24.59 1.6702688345886056
24.59 1.6702688345886056
24.59 1.6702688345886056
24.59 1.6702688345886056
24.6 1.6575508280214961
24.61 1.6690588892419502
24.6 1.6575508280214961
24.6 1.6575508280214961
24.6 1.6575508280214961
24.59 1.6520266097106058
24.59 1.6520266097106058
24.59 1.6520266097106058
24.6 1.6575508280214961
24.6 1.6575508280214961
24.61 1.6690588892419502
24.61 1.6690588892419502
24.61 1.6690588892419502
24.61 1.6690588892419502
24.62 1.6622973029011163
24.62 1.6622973029011163
24.63 1.64933411724339
24.63 1.64933411724339
24.65 1.6537377315791288
24.65 1.6537377315791288
24.65 1.6537377315791288
24.65 1.6537377315791288
24.65 1.6537377315791288
24.65 1.6537377315791288
24.65 1.6537377315791288
24.65 1.6537377315791288
24.65 1.6537377315791288
24.65 1.6537377315791288
24.65 1.6537377315791288
24.64 1.6423683318225972
24.64 1.6423683318225972
24.64 1.6423683318225972
24.64 1.6423683318225972
24.64 1.6423683318225972
24.64 1.6423683318225972
24.65 1.6353111093129717
24.65 1.6353111093129717
24.66 1.6281612607199225
24.66 1.6281612607199225
24.66 1.6281612607199225
24.66 1.6281612607199225
24.66 1.6281612607199225
24.66 1.6281612607199225
24.67 1.639505961556652
24.67 1.639505961556652
24.67 1.639505961556652
24.67 1.639505961556652
24.67 1.639505961556652
24.68 1.6322507234620616
24.68 1.6322507234620616
24.68 1.6322507234620616
24.68 1.6507115086678483
24.69 1.661780717036742
24.69 1.661780717036742
24.69 1.661780717036742
24.69 1.661780717036742
24.69 1.661780717036742
24.69 1.661780717036742
24.69 1.661780717036742
24.69 1.661780717036742
24.69 1.661780717036742
24.69 1.661780717036742
24.7 1.6727162933324335
24.7 1.6727162933324335
24.69 1.661780717036742
24.69 1.661780717036742
24.69 1.661780717036742
24.69 1.661780717036742
24.69 1.661780717036742
24.69 1.661780717036742
24.69 1.661780717036742
24.69 1.661780717036742
24.7 1.6727162933324335
24.71 1.6714779040832053
24.71 1.6714779040832053
24.71 1.6714779040832053
24.71 1.6714779040832053
24.71 1.6714779040832053
24.71 1.6714779040832053
24.71 1.6714779040832053
24.71 1.6714779040832053
24.71 1.6714779040832053
24.71 1.6714779040832053
24.73 1.674858655275577
24.73 1.674858655275577
24.73 1.674858655275577
24.73 1.674858655275577
24.73 1.674858655275577
24.72 1.6641192653451626
24.71 1.6532490203330907
24.71 1.6532490203330907
24.71 1.6532490203330907
24.71 1.6532490203330907
24.71 1.6532490203330907
24.72 1.6641192653451626
24.72 1.6641192653451626
24.74 1.6914520687888568
24.74 1.6914520687888568
24.74 1.6914520687888568
24.75 1.6840007677725644
24.75 1.6840007677725644
24.76 1.6764560985916241
24.76 1.6764560985916241
24.76 1.6764560985916241
24.76 1.6764560985916241
24.76 1.6764560985916241
24.76 1.6764560985916241
24.77 1.6868774571839993
24.77 1.6868774571839993
24.77 1.6868774571839993
24.77 1.6868774571839993
24.78 1.6792254106575377
24.79 1.671477904083205
24.79 1.671477904083205
24.79 1.671477904083205
24.79 1.671477904083205
24.79 1.671477904083205
24.79 1.671477904083205
24.79 1.671477904083205
24.79 1.671477904083205
24.8 1.6636336037952497
24.8 1.6636336037952497
24.8 1.6636336037952497
24.8 1.6636336037952497
24.8 1.6636336037952497
24.81 1.6978596151411556
24.81 1.6978596151411556
24.82 1.7078547001333804
24.7 2.0175993335414915
24.7 2.0175993335414915
24.8 1.7056057308448842
24.79 1.695478240687997
24.79 1.695478240687997
24.79 1.695478240687997
24.79 1.695478240687997
24.79 1.695478240687997
24.79 1.695478240687997
24.79 1.695478240687997
24.79 1.695478240687997
24.79 1.695478240687997
24.8 1.7056057308448842
24.8 1.7056057308448842
24.8 1.7056057308448842
24.8 1.7056057308448842
24.8 1.7056057308448842
24.81 1.715614564327703
24.81 1.715614564327703
24.81 1.6918998943570074
24.81 1.6918998943570074
24.82 1.7078547001333806
24.83 1.7177328257345672
24.83 1.7177328257345672
24.83 1.7177328257345672
24.83 1.7177328257345672
24.83 1.7177328257345672
24.83 1.7177328257345672
24.83 1.7177328257345672
24.83 1.7177328257345672
24.83 1.7177328257345672
24.83 1.7177328257345672
24.83 1.7177328257345672
24.83 1.7177328257345672
24.83 1.7177328257345672
24.83 1.7177328257345672
24.83 1.7177328257345672
24.83 1.7177328257345672
24.84 1.7274959983289178
24.85 1.7196135342194498
24.85 1.7196135342194498
24.85 1.7196135342194498
24.86 1.729249267833597
24.86 1.729249267833597
24.86 1.729249267833597
24.86 1.729249267833597
24.86 1.729249267833597
24.86 1.729249267833597
24.86 1.729249267833597
24.86 1.729249267833597
24.86 1.729249267833597
24.86 1.729249267833597
24.86 1.729249267833597
24.87 1.7445731149869748
24.87 1.7445731149869748
24.88 1.736593670309084
24.88 1.736593670309084
24.88 1.736593670309084
24.88 1.736593670309084
24.88 1.736593670309084
24.88 1.736593670309084
24.88 1.736593670309084
24.88 1.736593670309084
24.88 1.736593670309084
24.88 1.736593670309084
24.88 1.736593670309084
24.87 1.7271158886795337
24.87 1.7271158886795337
24.88 1.736593670309084
24.88 1.736593670309084
24.88 1.736593670309084
24.88 1.736593670309084
24.88 1.736593670309084
24.88 1.736593670309084
24.88 1.736593670309084
24.88 1.736593670309084
24.89 1.7746531884832986
24.89 1.7746531884832986
24.89 1.7746531884832986
24.89 1.7746531884832986
24.89 1.7746531884832986
24.9 1.795054935711502
24.9 1.795054935711502
24.91 1.7814702814350754
24.91 1.7814702814350754
24.91 1.7814702814350754
24.91 1.7814702814350754
24.91 1.7814702814350754
24.91 1.7814702814350754
24.91 1.7814702814350754
24.92 1.7791156582000307
24.92 1.7791156582000307
24.92 1.7791156582000307
24.92 1.7791156582000307
24.92 1.7791156582000307
24.92 1.7791156582000307
24.92 1.7791156582000307
24.92 1.7791156582000307
24.92 1.7791156582000307
24.92 1.7791156582000307
24.92 1.7791156582000307
24.92 1.7791156582000307
24.93 1.771006676007927
24.93 1.771006676007927
24.93 1.771006676007927
24.93 1.771006676007927
24.94 1.7685238951387594
24.94 1.7685238951387594
24.94 1.7685238951387594
24.94 1.7685238951387594
24.94 1.7685238951387594
24.94 1.7685238951387594
24.94 1.7685238951387594
24.94 1.7685238951387594
24.94 1.7685238951387594
24.94 1.7685238951387594
24.94 1.7685238951387594
24.94 1.7685238951387594
24.94 1.7685238951387594
24.94 1.7685238951387594
24.94 1.7685238951387594
24.94 1.7685238951387594
24.94 1.7685238951387594
24.94 1.7685238951387594
24.94 1.7685238951387594
24.94 1.7685238951387594
24.94 1.7685238951387594
24.94 1.7685238951387594
24.94 1.7685238951387594
24.94 1.7685238951387594
24.94 1.7685238951387594
24.94 1.7685238951387594
24.94 1.7685238951387594
24.94 1.7685238951387594
24.94 1.7685238951387594
24.94 1.7685238951387594
24.95 1.7659804270395723
24.95 1.7659804270395723
24.95 1.7659804270395723
24.95 1.7659804270395723
24.95 1.7659804270395723
24.95 1.7659804270395723
24.95 1.7659804270395723
24.95 1.7659804270395723
24.95 1.7659804270395723
24.95 1.7659804270395723
24.95 1.7659804270395723
24.95 1.7659804270395723
24.96 1.7861419401332677
24.96 1.7861419401332677
24.97 1.777837751513639
24.98 1.7751369274259134
24.98 1.7751369274259134
24.98 1.7751369274259134
24.98 1.7751369274259134
24.98 1.7751369274259134
24.98 1.7751369274259134
24.98 1.7751369274259134
24.98 1.7751369274259134
24.98 1.7751369274259134
24.98 1.7751369274259134
24.98 1.7751369274259134
24.99 1.7723749973730534
24.99 1.7723749973730534
24.99 1.7723749973730534
24.99 1.7723749973730534
24.99 1.7723749973730534
25.0 1.7978662999019788
25.0 1.7978662999019788
25.0 1.7978662999019788
25.0 1.7978662999019788
25.0 1.7978662999019788
25.01 1.7950267998336993
25.01 1.7950267998336993
25.01 1.7950267998336993
25.01 1.7950267998336993
25.02 1.8033638601572377
25.02 1.8033638601572377
25.02 1.8033638601572377
25.02 1.8033638601572377
25.02 1.8033638601572377
25.02 1.8033638601572377
25.02 1.8033638601572377
25.02 1.8033638601572377
25.01 1.7950267998336993
25.02 1.8033638601572377
25.02 1.8033638601572377
25.02 1.8033638601572377
25.02 1.8033638601572377
25.02 1.8033638601572377
25.02 1.8033638601572377
25.02 1.8033638601572377
25.02 1.8033638601572377
25.02 1.8033638601572377
25.02 1.8033638601572377
25.02 1.8033638601572377
25.02 1.8033638601572377
25.02 1.8033638601572377
25.02 1.8033638601572377
25.02 1.8033638601572377
25.03 1.7948016969328762
25.03 1.7948016969328762
25.03 1.7948016969328762
25.03 1.7948016969328762
25.03 1.7948016969328762
25.03 1.7948016969328762
25.04 1.836333633118235
25.04 1.836333633118235
25.04 1.836333633118235
25.04 1.836333633118235
25.04 1.836333633118235
25.04 1.836333633118235
25.05 1.8222807332315925
25.05 1.8222807332315925
25.05 1.8222807332315925
25.05 1.8222807332315925
25.05 1.8222807332315925
25.05 1.8222807332315925
25.06 1.8467552762900268
25.06 1.8467552762900268
25.06 1.8467552762900268
25.06 1.8467552762900268
25.06 1.8467552762900268
25.06 1.8467552762900268
25.06 1.8467552762900268
25.06 1.8467552762900268
25.06 1.8467552762900268
25.06 1.8467552762900268
25.06 1.8467552762900268
25.06 1.8467552762900268
25.06 1.8467552762900268
25.06 1.8467552762900268
25.06 1.8467552762900268
25.06 1.8467552762900268
25.06 1.8467552762900268
25.06 1.8467552762900268
25.06 1.8467552762900268
25.06 1.8467552762900268
25.07 1.8381754238616315
25.07 1.8381754238616315
25.07 1.8381754238616315
25.07 1.8381754238616315
25.07 1.8381754238616315
25.07 1.8381754238616315
25.07 1.8381754238616315
25.08 1.8677486041983409
25.08 1.8677486041983409
25.08 1.8677486041983409
25.08 1.8677486041983409
25.08 1.8677486041983409
25.08 1.8677486041983409
25.09 1.8591569719807555
25.09 1.8591569719807555
25.09 1.8591569719807555
25.09 1.8591569719807555
25.09 1.8591569719807555
25.09 1.8591569719807555
25.09 1.8591569719807555
25.09 1.8591569719807555
25.09 1.8591569719807555
25.09 1.8591569719807555
25.09 1.8591569719807555
25.1 1.8504708655481246
25.1 1.8504708655481246
25.1 1.8504708655481246
25.1 1.8504708655481246
25.1 1.8504708655481246
25.1 1.8504708655481246
25.1 1.8504708655481246
25.1 1.8504708655481246
25.1 1.8504708655481246
25.1 1.8504708655481246
25.11 1.8416889481718077
25.11 1.8416889481718077
25.11 1.8416889481718077
25.12 1.838312796940156
25.12 1.838312796940156
25.12 1.838312796940156
25.12 1.838312796940156
25.12 1.838312796940156
25.12 1.838312796940156
25.12 1.838312796940156
25.12 1.838312796940156
25.12 1.838312796940156
25.12 1.838312796940156
25.12 1.838312796940156
25.12 1.838312796940156
25.12 1.838312796940156
25.13 1.8293620900646368
25.14 1.864175827316597
25.14 1.864175827316597
25.15 1.8552410064245546
25.15 1.8552410064245546
25.15 1.8552410064245546
25.16 1.8462082354070593
25.17 1.8751700259610136
25.17 1.8751700259610136
25.18 1.871530459978214
25.18 1.871530459978214
25.19 1.8678297242489417
25.19 1.8678297242489417
25.19 1.8678297242489417
25.19 1.8678297242489417
25.19 1.8678297242489417
25.2 1.85864075456917
25.2 1.85864075456917
25.21 1.8493515106926017
25.21 1.8493515106926017
25.21 1.8493515106926017
25.21 1.8493515106926017
25.21 1.8493515106926017
25.21 1.8493515106926017
25.21 1.8493515106926017
25.21 1.8493515106926017
25.21 1.8493515106926017
25.22 1.894063026267804
25.22 1.894063026267804
25.22 1.894063026267804
25.22 1.894063026267804
25.23 1.895529029856916
25.23 1.895529029856916
25.23 1.895529029856916
25.23 1.895529029856916
25.23 1.895529029856916
25.23 1.895529029856916
25.23 1.895529029856916
25.23 1.895529029856916
25.23 1.895529029856916
25.23 1.895529029856916
25.23 1.895529029856916
25.23 1.895529029856916
25.23 1.895529029856916
25.23 1.895529029856916
25.23 1.895529029856916
25.23 1.895529029856916
25.23 1.895529029856916
25.23 1.895529029856916
25.23 1.895529029856916
25.23 1.895529029856916
25.23 1.895529029856916
25.23 1.895529029856916
25.23 1.895529029856916
25.23 1.895529029856916
25.23 1.895529029856916
25.23 1.895529029856916
25.23 1.895529029856916
25.23 1.895529029856916
25.23 1.895529029856916
25.23 1.895529029856916
25.23 1.895529029856916
25.23 1.895529029856916
25.23 1.895529029856916
25.23 1.895529029856916
25.23 1.895529029856916
25.23 1.895529029856916
25.23 1.895529029856916
25.23 1.895529029856916
25.23 1.895529029856916
25.23 1.895529029856916
25.23 1.895529029856916
25.23 1.895529029856916
25.23 1.895529029856916
25.23 1.895529029856916
25.23 1.895529029856916
25.23 1.895529029856916
25.23 1.895529029856916
25.23 1.895529029856916
25.23 1.895529029856916
25.23 1.895529029856916
25.23 1.895529029856916
25.23 1.895529029856916
25.23 1.895529029856916
25.23 1.895529029856916
25.23 1.895529029856916
25.23 1.895529029856916
25.23 1.895529029856916
25.23 1.895529029856916
25.26 1.92600491938493
25.26 1.92600491938493
25.26 1.92600491938493
25.26 1.92600491938493
25.26 1.92600491938493
25.26 1.92600491938493
25.26 1.92600491938493
25.26 1.92600491938493
25.26 1.92600491938493
25.26 1.92600491938493
25.26 1.92600491938493
25.26 1.92600491938493
25.26 1.92600491938493
25.26 1.92600491938493
25.26 1.92600491938493
25.26 1.92600491938493
25.27 1.9584316545273026
25.27 1.9584316545273026
25.27 1.9584316545273026
25.27 1.9584316545273026
25.27 1.9584316545273026
25.27 1.9584316545273026
25.27 1.9584316545273026
25.27 1.9584316545273026
25.27 1.9584316545273026
25.27 1.9584316545273026
25.27 1.9584316545273026
25.27 1.9584316545273026
25.27 1.9584316545273026
25.27 1.9584316545273026
25.27 1.9584316545273026
25.27 1.9584316545273026
25.27 1.9584316545273026
25.27 1.9584316545273026
25.28 1.954430346622251
25.29 2.0014893444531743
25.29 2.0014893444531743
25.29 2.0014893444531743
25.29 2.0014893444531743
25.29 2.0014893444531743
25.29 2.0014893444531743
25.29 2.0014893444531743
25.29 2.0014893444531743
25.29 2.0014893444531743
25.3 1.9974731512335755
25.3 1.9974731512335755
25.3 1.9974731512335755
25.3 1.9974731512335755
25.3 1.9974731512335755
25.3 1.9974731512335755
25.3 1.9974731512335755
25.3 1.9974731512335755
25.3 1.9974731512335755
25.3 1.9974731512335755
25.3 1.9974731512335755
25.3 1.9974731512335755
25.3 1.9974731512335755
25.3 1.9974731512335755
25.3 1.9974731512335755
25.3 1.9974731512335755
25.3 1.9974731512335755
25.3 1.9974731512335755
25.3 1.9974731512335755
25.3 1.9974731512335755
25.3 1.9974731512335755
25.3 1.9974731512335755
25.3 1.9974731512335755
25.3 1.9974731512335755
25.3 1.9974731512335755
25.3 1.9974731512335755
25.3 1.9974731512335755
25.3 1.9974731512335755
25.3 1.9974731512335755
25.3 1.9974731512335755
25.3 1.9974731512335755
25.3 1.9974731512335755
25.3 1.9974731512335755
25.3 1.9974731512335755
25.3 1.9974731512335755
25.3 1.9974731512335755
25.3 1.9974731512335755
25.3 1.9974731512335755
25.3 1.9974731512335755
25.3 1.9974731512335755
25.3 1.9974731512335755
25.3 1.9974731512335755
25.3 1.9974731512335755
25.3 1.9974731512335755
25.3 1.9974731512335755
25.3 1.9974731512335755
25.3 1.9974731512335755
25.3 1.9974731512335755
25.31 1.9984590022911097
25.31 1.9984590022911097
25.31 1.9984590022911097
25.31 1.9984590022911097
25.31 1.9984590022911097
25.32 2.0044395171163876
25.32 2.0044395171163876
25.32 2.0044395171163876
25.32 2.0044395171163876
25.32 2.0044395171163876
25.32 2.0044395171163876
25.32 2.0044395171163876
25.33 2.000277758490333
25.33 2.000277758490333
25.33 2.000277758490333
25.34 2.006152153912176
25.34 2.006152153912176
25.35 1.9968409394275077
25.35 1.9968409394275077
25.35 1.9968409394275077
25.35 1.9968409394275077
25.35 1.9968409394275077
25.35 1.9968409394275077
25.35 1.9968409394275077
25.35 1.9968409394275077
25.35 1.9968409394275077
25.35 1.9968409394275077
25.35 1.9968409394275077
25.35 1.9968409394275077
25.36 1.9925112321141405
25.36 1.9925112321141405
25.37 1.9931954953863114
25.37 1.9931954953863114
25.37 1.9931954953863114
25.37 1.9931954953863114
25.37 1.9931954953863114
25.37 1.9931954953863114
25.37 1.9931954953863114
25.37 1.9931954953863114
25.37 1.9931954953863114
25.37 1.9931954953863114
25.37 1.9931954953863114
25.37 1.9931954953863114
25.37 1.9931954953863114
25.37 1.9931954953863114
25.37 1.9931954953863114
25.37 1.9931954953863114
25.37 1.9931954953863114
25.37 1.9931954953863114
25.37 1.9931954953863114
25.37 1.9931954953863114
25.37 1.9931954953863114
25.37 1.9931954953863114
25.38 2.033954202279319
25.38 2.033954202279319
25.38 2.033954202279319
25.38 2.033954202279319
25.38 2.033954202279319
25.38 2.033954202279319
25.38 2.033954202279319
25.38 2.033954202279319
25.38 2.033954202279319
25.38 2.033954202279319
25.38 2.033954202279319
25.38 2.033954202279319
25.38 2.033954202279319
25.38 2.033954202279319
25.38 2.033954202279319
25.38 2.033954202279319
25.39 2.0689869672637067
25.39 2.0689869672637067
25.39 2.0689869672637067
25.39 2.0689869672637067
25.39 2.0689869672637067
25.39 2.0689869672637067
25.39 2.0689869672637067
25.39 2.0689869672637067
25.39 2.0689869672637067
25.39 2.0689869672637067
25.39 2.0689869672637067
25.39 2.0689869672637067
25.39 2.0689869672637067
25.39 2.0689869672637067
25.39 2.0689869672637067
25.39 2.0689869672637067
25.39 2.0689869672637067
25.39 2.0689869672637067
25.39 2.0689869672637067
25.39 2.0689869672637067
25.39 2.0689869672637067
25.39 2.0689869672637067
25.39 2.0689869672637067
25.39 2.0689869672637067
25.39 2.0689869672637067
25.39 2.0689869672637067
25.39 2.0689869672637067
25.39 2.0689869672637067
25.39 2.0689869672637067
25.39 2.0689869672637067
25.4 2.059714602177749
25.4 2.059714602177749
25.4 2.059714602177749
25.4 2.059714602177749
25.4 2.059714602177749
25.4 2.059714602177749
25.4 2.059714602177749
25.4 2.059714602177749
25.4 2.059714602177749
25.4 2.059714602177749
25.4 2.059714602177749
25.4 2.059714602177749
25.4 2.059714602177749
25.4 2.059714602177749
25.4 2.059714602177749
25.4 2.059714602177749
25.4 2.059714602177749
25.4 2.059714602177749
25.4 2.059714602177749
25.4 2.059714602177749
25.4 2.059714602177749
25.4 2.059714602177749
25.4 2.059714602177749
25.4 2.059714602177749
25.4 2.059714602177749
25.4 2.059714602177749
25.4 2.059714602177749
25.4 2.059714602177749
25.4 2.059714602177749
25.4 2.059714602177749
25.4 2.059714602177749
25.4 2.059714602177749
25.4 2.059714602177749
25.4 2.059714602177749
25.41 2.1086402339810437
25.41 2.1086402339810437
25.41 2.1086402339810437
25.41 2.1086402339810437
25.41 2.1086402339810437
25.41 2.1086402339810437
25.41 2.1086402339810437
25.41 2.1086402339810437
25.41 2.1086402339810437
25.41 2.1086402339810437
25.41 2.1086402339810437
25.41 2.1086402339810437
25.42 2.0994467765763374
25.42 2.0994467765763374
25.42 2.0994467765763374
25.43 2.137944826418138
25.43 2.137944826418138
25.43 2.137944826418138
25.43 2.137944826418138
25.43 2.137944826418138
25.43 2.137944826418138
25.43 2.137944826418138
25.43 2.137944826418138
25.43 2.137944826418138
25.43 2.137944826418138
25.43 2.137944826418138
25.43 2.137944826418138
25.43 2.137944826418138
25.43 2.137944826418138
25.43 2.137944826418138
25.43 2.137944826418138
25.43 2.137944826418138
25.43 2.137944826418138
25.43 2.137944826418138
25.43 2.137944826418138
25.43 2.137944826418138
25.43 2.137944826418138
25.43 2.137944826418138
25.43 2.137944826418138
25.43 2.137944826418138
25.43 2.137944826418138
25.43 2.137944826418138
25.43 2.137944826418138
25.43 2.137944826418138
25.43 2.137944826418138
25.43 2.137944826418138
25.43 2.137944826418138
25.43 2.137944826418138
25.43 2.137944826418138
25.43 2.137944826418138
25.43 2.137944826418138
25.43 2.137944826418138
25.43 2.137944826418138
25.43 2.137944826418138
25.43 2.137944826418138
25.43 2.137944826418138
25.43 2.137944826418138
25.43 2.137944826418138
25.43 2.137944826418138
25.43 2.137944826418138
25.43 2.137944826418138
25.43 2.137944826418138
25.43 2.137944826418138
25.43 2.137944826418138
25.43 2.137944826418138
25.43 2.137944826418138
25.44 2.1335227188664274
25.44 2.1335227188664274
25.44 2.1335227188664274
25.44 2.1335227188664274
25.45 2.1759706994462227
25.45 2.1759706994462227
25.45 2.1759706994462227
25.45 2.1759706994462227
25.45 2.1759706994462227
25.45 2.1759706994462227
25.45 2.1759706994462227
25.45 2.1759706994462227
25.45 2.1759706994462227
25.45 2.1759706994462227
25.45 2.1759706994462227
25.45 2.1759706994462227
25.45 2.1759706994462227
25.46 2.171532996653644
25.46 2.171532996653644
25.46 2.171532996653644
25.46 2.171532996653644
25.46 2.171532996653644
25.46 2.171532996653644
25.46 2.171532996653644
25.46 2.171532996653644
25.46 2.171532996653644
25.46 2.171532996653644
25.46 2.171532996653644
25.46 2.171532996653644
25.46 2.171532996653644
25.46 2.171532996653644
25.46 2.171532996653644
25.46 2.171532996653644
25.46 2.171532996653644
25.46 2.171532996653644
25.46 2.171532996653644
25.46 2.171532996653644
25.46 2.171532996653644
25.46 2.171532996653644
25.46 2.171532996653644
25.46 2.171532996653644
25.46 2.171532996653644
25.46 2.171532996653644
25.47 2.162373368745225
25.47 2.162373368745225
25.47 2.162373368745225
25.47 2.162373368745225
25.47 2.162373368745225
25.47 2.162373368745225
25.47 2.162373368745225
25.47 2.162373368745225
25.47 2.162373368745225
25.47 2.162373368745225
25.47 2.162373368745225
25.47 2.162373368745225
25.47 2.162373368745225
25.47 2.162373368745225
25.47 2.162373368745225
25.47 2.162373368745225
25.47 2.162373368745225
25.47 2.162373368745225
25.47 2.162373368745225
25.47 2.162373368745225
25.47 2.162373368745225
25.47 2.162373368745225
25.47 2.162373368745225
25.47 2.162373368745225
25.47 2.162373368745225
25.47 2.162373368745225
25.47 2.162373368745225
25.47 2.162373368745225
25.47 2.162373368745225
25.47 2.162373368745225
25.48 2.2041283579187985
25.48 2.2041283579187985
25.48 2.2041283579187985
25.48 2.2041283579187985
25.49 2.199609699079096
25.49 2.199609699079096
25.49 2.199609699079096
25.49 2.199609699079096
25.49 2.199609699079096
25.49 2.199609699079096
25.5 2.195035721390843
25.5 2.195035721390843
25.5 2.195035721390843
25.5 2.195035721390843
25.5 2.195035721390843
25.5 2.195035721390843
25.5 2.195035721390843
25.5 2.195035721390843
25.5 2.195035721390843
25.5 2.195035721390843
25.5 2.195035721390843
25.5 2.195035721390843
25.5 2.195035721390843
25.5 2.195035721390843
25.5 2.195035721390843
25.5 2.195035721390843
25.5 2.195035721390843
25.5 2.195035721390843
25.5 2.195035721390843
25.5 2.195035721390843
25.51 2.190406078305753
25.51 2.190406078305753
25.51 2.190406078305753
25.51 2.190406078305753
25.51 2.190406078305753
25.51 2.190406078305753
25.51 2.190406078305753
25.51 2.190406078305753
25.51 2.190406078305753
25.51 2.190406078305753
25.51 2.190406078305753
25.51 2.190406078305753
25.51 2.190406078305753
25.51 2.190406078305753
25.51 2.190406078305753
25.51 2.190406078305753
25.51 2.190406078305753
25.51 2.190406078305753
25.51 2.190406078305753
25.51 2.190406078305753
25.51 2.190406078305753
25.52 2.2359776294936307
25.52 2.2359776294936307
25.52 2.2359776294936307
25.52 2.2359776294936307
25.52 2.2359776294936307
25.52 2.2359776294936307
25.52 2.2359776294936307
25.52 2.2359776294936307
25.52 2.2359776294936307
25.52 2.2359776294936307
25.52 2.2359776294936307
25.52 2.2359776294936307
25.52 2.2359776294936307
25.52 2.2359776294936307
25.52 2.2359776294936307
25.52 2.2359776294936307
25.52 2.2359776294936307
25.52 2.2359776294936307
25.52 2.2359776294936307
25.52 2.2359776294936307
25.52 2.2359776294936307
25.52 2.2359776294936307
25.52 2.2359776294936307
25.52 2.2359776294936307
25.52 2.2359776294936307
25.52 2.2359776294936307
25.52 2.2359776294936307
25.52 2.2359776294936307
25.52 2.2359776294936307
25.52 2.2359776294936307
25.52 2.2359776294936307
25.52 2.2359776294936307
25.52 2.2359776294936307
25.52 2.2359776294936307
25.52 2.2359776294936307
25.52 2.2359776294936307
25.52 2.2359776294936307
25.52 2.2359776294936307
25.52 2.2359776294936307
25.52 2.2359776294936307
25.52 2.2359776294936307
25.52 2.2359776294936307
25.52 2.2359776294936307
25.52 2.2359776294936307
25.52 2.2359776294936307
25.52 2.2359776294936307
25.52 2.2359776294936307
25.52 2.2359776294936307
25.52 2.2359776294936307
25.53 2.231342396157271
25.53 2.231342396157271
25.53 2.231342396157271
25.53 2.231342396157271
25.53 2.231342396157271
25.53 2.231342396157271
25.53 2.231342396157271
25.54 2.276005716205918
25.54 2.276005716205918
25.54 2.276005716205918
25.54 2.276005716205918
25.54 2.276005716205918
25.54 2.276005716205918
25.54 2.276005716205918
25.54 2.276005716205918
25.54 2.276005716205918
25.54 2.276005716205918
25.54 2.276005716205918
25.54 2.276005716205918
25.54 2.276005716205918
25.54 2.276005716205918
25.55 2.2669117514559067
25.55 2.2669117514559067
25.55 2.2669117514559067
25.55 2.2669117514559067
25.55 2.2669117514559067
25.55 2.2669117514559067
25.55 2.2669117514559067
25.55 2.2669117514559067
25.55 2.2669117514559067
25.55 2.2669117514559067
25.55 2.2669117514559067
25.55 2.2669117514559067
25.55 2.2669117514559067
25.55 2.2669117514559067
25.56 2.2577364189324096
25.56 2.2577364189324096
25.56 2.2577364189324096
25.56 2.2577364189324096
25.56 2.2577364189324096
25.56 2.2577364189324096
25.56 2.2577364189324096
25.56 2.2577364189324096
25.56 2.2577364189324096
25.56 2.2577364189324096
25.56 2.2577364189324096
25.56 2.2577364189324096
25.56 2.2577364189324096
25.56 2.2577364189324096
25.56 2.2577364189324096
25.56 2.2577364189324096
25.56 2.2577364189324096
25.56 2.2577364189324096
25.56 2.2577364189324096
25.56 2.2577364189324096
25.56 2.2577364189324096
25.56 2.2577364189324096
25.56 2.2577364189324096
25.56 2.2577364189324096
25.56 2.2577364189324096
25.56 2.2577364189324096
25.56 2.2577364189324096
25.56 2.2577364189324096
25.56 2.2577364189324096
25.56 2.2577364189324096
25.56 2.2577364189324096
25.56 2.2577364189324096
25.56 2.2577364189324096
25.56 2.2577364189324096
25.56 2.2577364189324096
25.56 2.2577364189324096
25.56 2.2577364189324096
25.56 2.2577364189324096
25.56 2.2577364189324096
25.56 2.2577364189324096
25.56 2.2577364189324096
25.56 2.2577364189324096
25.56 2.2577364189324096
25.56 2.2577364189324096
25.56 2.2577364189324096
25.56 2.2577364189324096
25.56 2.2577364189324096
25.56 2.2577364189324096
25.56 2.2577364189324096
25.56 2.2577364189324096
25.56 2.2577364189324096
25.56 2.2577364189324096
25.56 2.2577364189324096
25.56 2.2577364189324096
25.56 2.2577364189324096
25.56 2.2577364189324096
25.56 2.2577364189324096
25.56 2.2577364189324096
25.56 2.2577364189324096
25.56 2.2577364189324096
25.56 2.2577364189324096
25.56 2.2577364189324096
25.56 2.2577364189324096
25.56 2.2577364189324096
25.56 2.2577364189324096
25.56 2.2577364189324096
25.56 2.2577364189324096
25.56 2.2577364189324096
25.58 2.3058117175449695
25.58 2.3058117175449695
25.58 2.3058117175449695
25.58 2.3058117175449695
25.58 2.3058117175449695
25.58 2.3058117175449695
25.58 2.3058117175449695
25.58 2.3058117175449695
25.58 2.3058117175449695
25.58 2.3058117175449695
25.58 2.3058117175449695
25.58 2.3058117175449695
25.58 2.3058117175449695
25.58 2.3058117175449695
25.58 2.3058117175449695
25.58 2.3058117175449695
25.58 2.3058117175449695
25.58 2.3058117175449695
25.58 2.3058117175449695
25.58 2.3058117175449695
25.58 2.3058117175449695
25.58 2.3058117175449695
25.58 2.3058117175449695
25.58 2.3058117175449695
25.58 2.3058117175449695
25.58 2.3058117175449695
25.58 2.3058117175449695
25.58 2.3058117175449695
25.58 2.3058117175449695
25.58 2.3058117175449695
25.58 2.3058117175449695
25.58 2.3058117175449695
25.58 2.3058117175449695
25.58 2.3058117175449695
25.58 2.3058117175449695
25.58 2.3058117175449695
25.58 2.3058117175449695
25.58 2.3058117175449695
25.58 2.3058117175449695
25.58 2.3058117175449695
25.58 2.3058117175449695
25.58 2.3058117175449695
25.59 2.3531410342928285
25.59 2.3531410342928285
25.59 2.3531410342928285
25.59 2.3531410342928285
25.59 2.3531410342928285
25.59 2.3531410342928285
25.59 2.3531410342928285
25.6 2.3484359721209183
25.6 2.3484359721209183
25.6 2.3484359721209183
25.6 2.3484359721209183
25.6 2.3484359721209183
25.6 2.3484359721209183
25.6 2.3484359721209183
25.6 2.3484359721209183
25.61 2.3436783659086595
25.61 2.3436783659086595
25.61 2.3436783659086595
25.61 2.3436783659086595
25.61 2.3436783659086595
25.61 2.3436783659086595
25.61 2.3436783659086595
25.61 2.3436783659086595
25.62 2.3388678950088306
25.62 2.3388678950088306
25.62 2.3388678950088306
25.62 2.3388678950088306
25.62 2.3388678950088306
25.62 2.3388678950088306
25.62 2.3388678950088306
25.63 2.3340042325530934
25.63 2.3340042325530934
25.63 2.3340042325530934
25.63 2.3340042325530934
25.63 2.3340042325530934
25.63 2.3340042325530934
25.63 2.3340042325530934
25.63 2.3340042325530934
25.63 2.3340042325530934
25.63 2.3340042325530934
25.63 2.3340042325530934
25.63 2.3340042325530934
25.63 2.3340042325530934
25.63 2.3340042325530934
25.63 2.3340042325530934
25.63 2.3340042325530934
25.63 2.3340042325530934
25.63 2.3340042325530934
25.63 2.3340042325530934
25.63 2.3340042325530934
25.63 2.3340042325530934
25.64 2.3290870453133485
25.64 2.3290870453133485
25.64 2.3290870453133485
25.64 2.3290870453133485
25.64 2.3290870453133485
25.64 2.3290870453133485
25.64 2.3290870453133485
25.64 2.3290870453133485
25.64 2.3290870453133485
25.64 2.3290870453133485
25.64 2.3290870453133485
25.64 2.3290870453133485
25.64 2.3290870453133485
25.64 2.3290870453133485
25.64 2.3290870453133485
25.64 2.3290870453133485
25.64 2.3290870453133485
25.64 2.3290870453133485
25.64 2.3290870453133485
25.64 2.3290870453133485
25.64 2.3290870453133485
25.64 2.3290870453133485
25.64 2.3290870453133485
25.64 2.3290870453133485
25.64 2.3290870453133485
25.64 2.3290870453133485
25.64 2.3290870453133485
25.64 2.3290870453133485
25.64 2.3290870453133485
25.64 2.3290870453133485
25.64 2.3290870453133485
25.64 2.3290870453133485
25.64 2.3290870453133485
25.64 2.3290870453133485
25.64 2.3290870453133485
25.64 2.3290870453133485
25.64 2.3290870453133485
25.64 2.3290870453133485
25.64 2.3290870453133485
25.64 2.3290870453133485
25.64 2.3290870453133485
25.64 2.3290870453133485
25.64 2.3290870453133485
25.64 2.3290870453133485
25.64 2.3290870453133485
25.64 2.3290870453133485
25.65 2.3284581103634148
25.65 2.3284581103634148
25.65 2.3284581103634148
25.65 2.3284581103634148
25.65 2.3284581103634148
25.65 2.3284581103634148
25.65 2.3284581103634148
25.65 2.3284581103634148
25.65 2.3284581103634148
25.66 2.3750385430152656
25.66 2.3750385430152656
25.66 2.3750385430152656
25.66 2.3750385430152656
25.66 2.3750385430152656
25.66 2.3750385430152656
25.66 2.3750385430152656
25.66 2.3750385430152656
25.66 2.3750385430152656
25.66 2.3750385430152656
25.66 2.3750385430152656
25.66 2.3750385430152656
25.66 2.3750385430152656
25.66 2.3750385430152656
25.66 2.3750385430152656
25.66 2.3750385430152656
25.66 2.3750385430152656
25.66 2.3750385430152656
25.66 2.3750385430152656
25.66 2.3750385430152656
25.66 2.3750385430152656
25.66 2.3750385430152656
25.67 2.3658129061848285
25.67 2.3658129061848285
25.67 2.3658129061848285
25.67 2.3658129061848285
25.67 2.3658129061848285
25.67 2.3658129061848285
25.67 2.3658129061848285
25.67 2.3658129061848285
25.67 2.3658129061848285
25.67 2.3658129061848285
25.67 2.3658129061848285
25.67 2.3658129061848285
25.67 2.3658129061848285
25.67 2.3658129061848285
25.67 2.3658129061848285
25.67 2.3658129061848285
25.67 2.3658129061848285
25.67 2.3658129061848285
25.67 2.3658129061848285
25.67 2.3658129061848285
25.67 2.3658129061848285
25.67 2.3658129061848285
25.67 2.3658129061848285
25.67 2.3658129061848285
25.67 2.3658129061848285
25.67 2.3658129061848285
25.67 2.3658129061848285
25.67 2.3658129061848285
25.67 2.3658129061848285
25.67 2.3658129061848285
25.67 2.3658129061848285
25.67 2.3658129061848285
25.67 2.3658129061848285
25.67 2.3658129061848285
25.67 2.3658129061848285
25.67 2.3658129061848285
25.67 2.3658129061848285
25.67 2.3658129061848285
25.67 2.3658129061848285
25.67 2.3658129061848285
25.67 2.3658129061848285
25.68 2.4157730845341394
25.68 2.4157730845341394
25.68 2.4157730845341394
25.69 2.4066196587367457
25.69 2.4066196587367457
25.69 2.4066196587367457
25.69 2.4066196587367457
25.69 2.4066196587367457
25.69 2.4066196587367457
25.69 2.4066196587367457
25.69 2.4066196587367457
25.69 2.4066196587367457
25.69 2.4066196587367457
25.69 2.4066196587367457
25.69 2.4066196587367457
25.69 2.4066196587367457
25.69 2.4066196587367457
25.69 2.4066196587367457
25.69 2.4066196587367457
25.69 2.4066196587367457
25.69 2.4066196587367457
25.69 2.4066196587367457
25.69 2.4066196587367457
25.69 2.4066196587367457
25.7 2.401598794069645
25.7 2.401598794069645
25.7 2.401598794069645
25.7 2.401598794069645
25.7 2.401598794069645
25.7 2.401598794069645
25.7 2.401598794069645
25.7 2.401598794069645
25.7 2.401598794069645
25.7 2.401598794069645
25.7 2.401598794069645
25.7 2.401598794069645
25.7 2.401598794069645
25.7 2.401598794069645
25.7 2.401598794069645
25.7 2.401598794069645
25.7 2.401598794069645
25.7 2.401598794069645
25.7 2.401598794069645
25.7 2.401598794069645
25.7 2.401598794069645
25.7 2.401598794069645
25.7 2.401598794069645
25.7 2.401598794069645
25.7 2.401598794069645
25.7 2.401598794069645
25.7 2.401598794069645
25.7 2.401598794069645
25.7 2.401598794069645
25.7 2.401598794069645
25.7 2.401598794069645
25.7 2.401598794069645
25.71 2.450705938287903
25.71 2.450705938287903
25.71 2.450705938287903
25.72 2.4456929777496894
25.72 2.4456929777496894
25.72 2.4456929777496894
25.72 2.4456929777496894
25.72 2.4456929777496894
25.72 2.4456929777496894
25.72 2.4456929777496894
25.72 2.4456929777496894
25.72 2.4456929777496894
25.72 2.4456929777496894
25.72 2.4456929777496894
25.72 2.4456929777496894
25.72 2.4456929777496894
25.72 2.4456929777496894
25.72 2.4456929777496894
25.72 2.4456929777496894
25.72 2.4456929777496894
25.72 2.4456929777496894
25.72 2.4456929777496894
25.72 2.4456929777496894
25.72 2.4456929777496894
25.72 2.4456929777496894
25.72 2.4456929777496894
25.72 2.4456929777496894
25.72 2.4456929777496894
25.72 2.4456929777496894
25.72 2.4456929777496894
25.72 2.4456929777496894
25.72 2.4456929777496894
25.72 2.4456929777496894
25.72 2.4456929777496894
25.72 2.4456929777496894
25.72 2.4456929777496894
25.72 2.4456929777496894
25.72 2.4456929777496894
25.72 2.4456929777496894
25.72 2.4456929777496894
25.72 2.4456929777496894
25.72 2.4456929777496894
25.72 2.4456929777496894
25.72 2.4456929777496894
25.72 2.4456929777496894
25.72 2.4456929777496894
25.72 2.4456929777496894
25.72 2.4456929777496894
25.72 2.4456929777496894
25.72 2.4456929777496894
25.72 2.4456929777496894
25.72 2.4456929777496894
25.72 2.4456929777496894
25.72 2.4456929777496894
25.72 2.4456929777496894
25.72 2.4456929777496894
25.72 2.4456929777496894
25.72 2.4456929777496894
25.72 2.4456929777496894
25.72 2.4456929777496894
25.72 2.4456929777496894
25.72 2.4456929777496894
25.72 2.4456929777496894
25.72 2.4456929777496894
25.72 2.4456929777496894
25.72 2.4456929777496894
25.72 2.4456929777496894
25.72 2.4456929777496894
25.72 2.4456929777496894
25.72 2.4456929777496894
25.72 2.4456929777496894
25.72 2.4456929777496894
25.72 2.4456929777496894
25.72 2.4456929777496894
25.72 2.4456929777496894
25.72 2.4456929777496894
25.72 2.4456929777496894
25.72 2.4456929777496894
25.72 2.4456929777496894
25.72 2.4456929777496894
25.72 2.4456929777496894
25.72 2.4456929777496894
25.72 2.4456929777496894
25.72 2.4456929777496894
25.72 2.4456929777496894
25.72 2.4456929777496894
25.72 2.4456929777496894
25.72 2.4456929777496894
25.72 2.4456929777496894
25.72 2.4456929777496894
25.72 2.4456929777496894
25.72 2.4456929777496894
25.72 2.4456929777496894
25.72 2.4456929777496894
25.72 2.4456929777496894
25.73 2.493851023877114
25.73 2.493851023877114
25.73 2.493851023877114
25.73 2.493851023877114
25.73 2.493851023877114
25.73 2.493851023877114
25.73 2.493851023877114
25.73 2.493851023877114
25.73 2.493851023877114
25.73 2.493851023877114
25.73 2.493851023877114
25.73 2.493851023877114
25.73 2.493851023877114
25.73 2.493851023877114
25.73 2.493851023877114
25.73 2.493851023877114
25.74 2.496947631558874
25.74 2.496947631558874
25.74 2.496947631558874
25.74 2.496947631558874
25.74 2.496947631558874
25.74 2.496947631558874
25.74 2.496947631558874
25.74 2.496947631558874
25.74 2.496947631558874
25.74 2.496947631558874
25.74 2.496947631558874
25.74 2.496947631558874
25.74 2.496947631558874
25.74 2.496947631558874
25.74 2.496947631558874
25.74 2.496947631558874
25.74 2.496947631558874
25.74 2.496947631558874
25.74 2.496947631558874
25.74 2.496947631558874
25.74 2.496947631558874
25.74 2.496947631558874
25.74 2.496947631558874
25.74 2.496947631558874
25.74 2.496947631558874
25.74 2.496947631558874
25.74 2.496947631558874
25.74 2.496947631558874
25.74 2.496947631558874
25.74 2.496947631558874
25.74 2.496947631558874
25.74 2.496947631558874
25.74 2.496947631558874
25.74 2.496947631558874
25.74 2.496947631558874
25.74 2.496947631558874
25.74 2.496947631558874
25.74 2.496947631558874
25.74 2.496947631558874
25.74 2.496947631558874
25.74 2.496947631558874
25.74 2.496947631558874
25.74 2.496947631558874
25.74 2.496947631558874
25.74 2.496947631558874
25.74 2.496947631558874
25.74 2.496947631558874
25.74 2.496947631558874
25.74 2.496947631558874
25.74 2.496947631558874
25.74 2.496947631558874
25.74 2.496947631558874
25.74 2.496947631558874
25.74 2.496947631558874
25.74 2.496947631558874
25.74 2.496947631558874
25.74 2.496947631558874
25.74 2.496947631558874
25.74 2.496947631558874
25.74 2.496947631558874
25.74 2.496947631558874
25.74 2.496947631558874
25.74 2.496947631558874
25.74 2.496947631558874
25.74 2.496947631558874
25.74 2.496947631558874
25.75 2.491906089642216
25.75 2.491906089642216
25.75 2.491906089642216
25.75 2.491906089642216
25.75 2.491906089642216
25.75 2.491906089642216
25.75 2.491906089642216
25.75 2.491906089642216
25.75 2.491906089642216
25.75 2.491906089642216
25.75 2.491906089642216
25.75 2.491906089642216
25.75 2.491906089642216
25.75 2.491906089642216
25.75 2.491906089642216
25.75 2.491906089642216
25.75 2.491906089642216
25.75 2.491906089642216
25.75 2.491906089642216
25.75 2.491906089642216
25.75 2.491906089642216
25.75 2.491906089642216
25.75 2.491906089642216
25.75 2.491906089642216
25.75 2.491906089642216
25.75 2.491906089642216
25.75 2.491906089642216
25.75 2.491906089642216
25.75 2.491906089642216
25.75 2.491906089642216
25.75 2.491906089642216
25.75 2.491906089642216
25.75 2.491906089642216
25.75 2.491906089642216
25.75 2.491906089642216
25.75 2.491906089642216
25.75 2.491906089642216
25.75 2.491906089642216
25.75 2.491906089642216
25.75 2.491906089642216
25.75 2.491906089642216
25.75 2.491906089642216
25.75 2.491906089642216
25.76 2.4908722256359197
25.76 2.4908722256359197
25.76 2.4908722256359197
25.76 2.4908722256359197
25.76 2.4908722256359197
25.76 2.4908722256359197
25.76 2.4908722256359197
25.76 2.4908722256359197
25.76 2.4908722256359197
25.76 2.4908722256359197
25.76 2.4908722256359197
25.76 2.4908722256359197
25.76 2.4908722256359197
25.76 2.4908722256359197
25.76 2.4908722256359197
25.76 2.4908722256359197
25.76 2.4908722256359197
25.76 2.4908722256359197
25.76 2.4908722256359197
25.76 2.4908722256359197
25.76 2.4908722256359197
25.76 2.4908722256359197
25.76 2.4908722256359197
25.76 2.4908722256359197
25.76 2.4908722256359197
25.76 2.4908722256359197
25.76 2.4908722256359197
25.76 2.4908722256359197
25.76 2.4908722256359197
25.76 2.4908722256359197
25.76 2.4908722256359197
25.76 2.4908722256359197
25.76 2.4908722256359197
25.76 2.4908722256359197
25.76 2.4908722256359197
25.76 2.4908722256359197
25.76 2.4908722256359197
25.76 2.4908722256359197
25.76 2.4908722256359197
25.76 2.4908722256359197
25.76 2.4908722256359197
25.76 2.4908722256359197
25.76 2.4908722256359197
25.77 2.481670177257014
25.77 2.481670177257014
25.77 2.481670177257014
25.77 2.481670177257014
25.77 2.481670177257014
25.77 2.481670177257014
25.77 2.481670177257014
25.77 2.481670177257014
25.77 2.481670177257014
25.77 2.481670177257014
25.77 2.481670177257014
25.77 2.481670177257014
25.77 2.481670177257014
25.77 2.481670177257014
25.77 2.481670177257014
25.77 2.481670177257014
25.77 2.481670177257014
25.77 2.481670177257014
25.77 2.481670177257014
25.77 2.481670177257014
25.77 2.481670177257014
25.77 2.481670177257014
25.77 2.481670177257014
25.77 2.481670177257014
25.77 2.481670177257014
25.77 2.481670177257014
25.77 2.481670177257014
25.77 2.481670177257014
25.77 2.481670177257014
25.77 2.481670177257014
25.77 2.481670177257014
25.77 2.481670177257014
25.77 2.481670177257014
25.77 2.481670177257014
25.77 2.481670177257014
25.77 2.481670177257014
25.78 2.4764751751086234
25.78 2.4764751751086234
25.78 2.4764751751086234
25.78 2.4764751751086234
25.78 2.4764751751086234
25.78 2.4764751751086234
25.78 2.4764751751086234
25.78 2.4764751751086234
25.78 2.4764751751086234
25.78 2.4764751751086234
25.78 2.4764751751086234
25.78 2.4764751751086234
25.78 2.4764751751086234
25.78 2.4764751751086234
25.79 2.4671375471926327
25.79 2.4671375471926327
25.79 2.4671375471926327
25.79 2.4671375471926327
25.79 2.4671375471926327
25.79 2.4671375471926327
25.79 2.4671375471926327
25.79 2.4671375471926327
25.79 2.4671375471926327
25.79 2.4671375471926327
25.79 2.4671375471926327
25.79 2.4671375471926327
25.79 2.4671375471926327
25.79 2.4671375471926327
25.8 2.4659294557647193
25.8 2.4659294557647193
25.8 2.4659294557647193
25.8 2.4659294557647193
25.8 2.4659294557647193
25.8 2.4659294557647193
25.8 2.4659294557647193
25.8 2.4659294557647193
25.8 2.4659294557647193
25.8 2.4659294557647193
25.81 2.460578071194747
25.81 2.460578071194747
25.81 2.460578071194747
25.81 2.460578071194747
25.81 2.460578071194747
25.81 2.460578071194747
25.81 2.460578071194747
25.81 2.460578071194747
25.81 2.460578071194747
25.81 2.460578071194747
25.81 2.460578071194747
25.81 2.460578071194747
25.81 2.460578071194747
25.81 2.460578071194747
25.81 2.460578071194747
25.81 2.460578071194747
25.81 2.460578071194747
25.81 2.460578071194747
25.81 2.460578071194747
25.81 2.460578071194747
25.81 2.460578071194747
25.81 2.460578071194747
25.81 2.460578071194747
25.82 2.4551738813939017
25.82 2.4551738813939017
25.82 2.4551738813939017
25.82 2.4551738813939017
25.82 2.4551738813939017
25.82 2.4551738813939017
25.82 2.4551738813939017
25.82 2.4551738813939017
25.82 2.4551738813939017
25.82 2.4551738813939017
25.82 2.4551738813939017
25.82 2.4551738813939017
25.82 2.4551738813939017
25.83 2.449716536889751
25.83 2.449716536889751
25.83 2.449716536889751
25.83 2.449716536889751
25.83 2.449716536889751
25.83 2.449716536889751
25.83 2.449716536889751
25.83 2.449716536889751
25.83 2.449716536889751
25.83 2.449716536889751
25.84 2.4483348288874702
25.84 2.4483348288874702
25.84 2.4483348288874702
25.84 2.4483348288874702
25.84 2.4483348288874702
25.84 2.4483348288874702
25.84 2.4483348288874702
25.84 2.4483348288874702
25.84 2.4483348288874702
25.84 2.4483348288874702
25.84 2.4483348288874702
25.84 2.4483348288874702
25.84 2.4483348288874702
25.84 2.4483348288874702
25.84 2.4483348288874702
25.84 2.4483348288874702
25.84 2.4483348288874702
25.84 2.4483348288874702
25.84 2.4483348288874702
25.84 2.4483348288874702
25.84 2.4483348288874702
25.84 2.4483348288874702
25.84 2.4483348288874702
25.84 2.4483348288874702
25.84 2.4483348288874702
25.84 2.4483348288874702
25.84 2.4483348288874702
25.84 2.4483348288874702
25.84 2.4483348288874702
25.84 2.4483348288874702
25.84 2.4483348288874702
25.84 2.4483348288874702
25.84 2.4483348288874702
25.84 2.4483348288874702
25.84 2.4483348288874702
25.84 2.4483348288874702
25.84 2.4483348288874702
25.84 2.4483348288874702
25.84 2.4483348288874702
25.84 2.4483348288874702
25.84 2.4483348288874702
25.84 2.4483348288874702
25.84 2.4483348288874702
25.84 2.4483348288874702
25.84 2.4483348288874702
25.84 2.4483348288874702
25.84 2.4483348288874702
25.84 2.4483348288874702
25.84 2.4483348288874702
25.84 2.4483348288874702
25.84 2.4483348288874702
25.84 2.4483348288874702
25.84 2.4483348288874702
25.84 2.4483348288874702
25.84 2.4483348288874702
25.84 2.4483348288874702
25.84 2.4483348288874702
25.84 2.4483348288874702
25.85 2.446911060372595
25.85 2.446911060372595
25.85 2.446911060372595
25.85 2.446911060372595
25.85 2.446911060372595
25.85 2.446911060372595
25.85 2.446911060372595
25.85 2.446911060372595
25.85 2.446911060372595
25.85 2.446911060372595
25.85 2.446911060372595
25.85 2.446911060372595
25.85 2.446911060372595
25.85 2.446911060372595
25.85 2.446911060372595
25.85 2.446911060372595
25.85 2.446911060372595
25.85 2.446911060372595
25.85 2.446911060372595
25.85 2.446911060372595
25.86 2.4413111231467415
25.86 2.4413111231467415
25.86 2.4413111231467415
25.86 2.4413111231467415
25.86 2.4413111231467415
25.86 2.4413111231467415
25.86 2.4413111231467415
25.86 2.4413111231467415
25.86 2.4413111231467415
25.86 2.4413111231467415
25.86 2.4413111231467415
25.86 2.4413111231467415
25.86 2.4413111231467415
25.86 2.4413111231467415
25.86 2.4413111231467415
25.87 2.4930408190104933
25.87 2.4930408190104933
25.87 2.4930408190104933
25.87 2.4930408190104933
25.87 2.4930408190104933
25.87 2.4930408190104933
25.87 2.4930408190104933
25.87 2.4930408190104933
25.87 2.4930408190104933
25.87 2.4930408190104933
25.87 2.4930408190104933
25.87 2.4930408190104933
25.87 2.4930408190104933
25.87 2.4930408190104933
25.87 2.4930408190104933
25.87 2.4930408190104933
25.87 2.4930408190104933
25.87 2.4930408190104933
25.87 2.4930408190104933
25.87 2.4930408190104933
25.87 2.4930408190104933
25.87 2.4930408190104933
25.87 2.4930408190104933
25.87 2.4930408190104933
25.87 2.4930408190104933
25.87 2.4930408190104933
25.87 2.4930408190104933
25.87 2.4930408190104933
25.87 2.4930408190104933
25.87 2.4930408190104933
25.87 2.4930408190104933
25.87 2.4930408190104933
25.87 2.4930408190104933
25.87 2.4930408190104933
25.87 2.4930408190104933
25.87 2.4930408190104933
25.87 2.4930408190104933
25.87 2.4930408190104933
25.87 2.4930408190104933
25.87 2.4930408190104933
25.87 2.4930408190104933
25.87 2.4930408190104933
25.87 2.4930408190104933
25.87 2.4930408190104933
25.87 2.4930408190104933
25.87 2.4930408190104933
25.87 2.4930408190104933
25.87 2.4930408190104933
25.87 2.4930408190104933
25.87 2.4930408190104933
25.87 2.4930408190104933
25.87 2.4930408190104933
25.87 2.4930408190104933
25.87 2.4930408190104933
25.87 2.4930408190104933
25.87 2.4930408190104933
25.87 2.4930408190104933
25.88 2.483399429667474
25.88 2.483399429667474
25.88 2.483399429667474
25.88 2.483399429667474
25.88 2.483399429667474
25.88 2.483399429667474
25.88 2.483399429667474
25.88 2.483399429667474
25.88 2.483399429667474
25.88 2.483399429667474
25.88 2.483399429667474
25.88 2.483399429667474
25.88 2.483399429667474
25.88 2.483399429667474
25.88 2.483399429667474
25.89 2.534190445116785
25.89 2.534190445116785
25.89 2.534190445116785
25.89 2.534190445116785
25.89 2.534190445116785
25.89 2.534190445116785
25.89 2.534190445116785
25.89 2.534190445116785
25.89 2.534190445116785
25.89 2.534190445116785
25.89 2.534190445116785
25.89 2.534190445116785
25.89 2.534190445116785
25.89 2.534190445116785
25.89 2.534190445116785
25.89 2.534190445116785
25.89 2.534190445116785
25.89 2.534190445116785
25.89 2.534190445116785
25.89 2.534190445116785
25.89 2.534190445116785
25.89 2.534190445116785
25.89 2.534190445116785
25.89 2.534190445116785
25.89 2.534190445116785
25.89 2.534190445116785
25.89 2.534190445116785
25.89 2.534190445116785
25.89 2.534190445116785
25.89 2.534190445116785
25.89 2.534190445116785
25.89 2.534190445116785
25.89 2.534190445116785
25.89 2.534190445116785
25.89 2.534190445116785
25.89 2.534190445116785
25.89 2.534190445116785
25.89 2.534190445116785
25.89 2.534190445116785
25.89 2.534190445116785
25.89 2.534190445116785
25.89 2.534190445116785
25.89 2.534190445116785
25.89 2.534190445116785
25.89 2.534190445116785
25.89 2.534190445116785
25.89 2.534190445116785
25.89 2.534190445116785
25.89 2.534190445116785
25.89 2.534190445116785
25.89 2.534190445116785
25.89 2.534190445116785
25.89 2.534190445116785
25.89 2.534190445116785
25.89 2.534190445116785
25.89 2.534190445116785
25.89 2.534190445116785
25.89 2.534190445116785
25.89 2.534190445116785
25.89 2.534190445116785
25.9 2.528624011975562
25.9 2.528624011975562
25.9 2.528624011975562
25.9 2.528624011975562
25.9 2.528624011975562
25.9 2.528624011975562
25.9 2.528624011975562
25.91 2.5784460123073805
25.91 2.5784460123073805
25.91 2.5784460123073805
25.91 2.5784460123073805
25.91 2.5784460123073805
25.91 2.5784460123073805
25.91 2.5784460123073805
25.92 2.5728968070635836
25.92 2.5728968070635836
25.92 2.5728968070635836
25.92 2.5728968070635836
25.92 2.5728968070635836
25.93 2.575153226783632
25.94 2.569518289957136
25.94 2.569518289957136
25.94 2.569518289957136
25.94 2.569518289957136
25.94 2.569518289957136
25.94 2.569518289957136
25.94 2.569518289957136
25.95 2.5638315707612955
25.95 2.5638315707612955
25.95 2.5638315707612955
25.95 2.5638315707612955
25.95 2.5638315707612955
25.95 2.5638315707612955
25.95 2.5638315707612955
25.95 2.5638315707612955
25.95 2.5638315707612955
25.95 2.5638315707612955
25.95 2.5638315707612955
25.95 2.5638315707612955
25.95 2.5638315707612955
25.95 2.5638315707612955
25.95 2.5638315707612955
25.95 2.5638315707612955
25.95 2.5638315707612955
25.95 2.5638315707612955
25.95 2.5638315707612955
25.95 2.5638315707612955
25.95 2.5638315707612955
25.95 2.5638315707612955
25.95 2.5638315707612955
25.95 2.5638315707612955
25.95 2.5638315707612955
25.95 2.5638315707612955
25.95 2.5638315707612955
25.95 2.5638315707612955
25.95 2.5638315707612955
25.95 2.5638315707612955
25.95 2.5638315707612955
25.95 2.5638315707612955
25.95 2.5638315707612955
25.95 2.5638315707612955
25.95 2.5638315707612955
25.95 2.5638315707612955
25.95 2.5638315707612955
25.95 2.5638315707612955
25.95 2.5638315707612955
25.95 2.5638315707612955
25.95 2.5638315707612955
25.95 2.5638315707612955
25.95 2.5638315707612955
25.95 2.5638315707612955
25.95 2.5638315707612955
25.95 2.5638315707612955
25.95 2.5638315707612955
25.95 2.5638315707612955
25.95 2.5638315707612955
25.95 2.5638315707612955
25.95 2.5638315707612955
25.95 2.5638315707612955
25.96 2.5580927238547058
