19.44 1.0182178925788317
19.51 1.0100005000498817
19.65 1.0480862791225012
19.74 1.0600171525198845
19.77 1.0035794523463084
19.85 1.008799666770745
19.91 1.0550025132815104
19.93 1.056533305799031
19.98 1.0247443632931148
20.05 0.9574271077563381
20.08 1.001816531924066
20.16 0.961060020829273
20.26 0.9494283234737316
20.3 0.9481507786158804
20.36 0.926817079573902
20.4 0.9639984073082941
20.46 0.9787644241490393
20.55 0.9574271077563379
20.6 0.9320337272260415
20.68 0.9627401969735598
20.74 0.9494283234737317
20.78 0.9490026662797433
20.79 0.9352253550061956
20.86 0.9642079494056078
20.93 0.9347932305266148
21.02 0.9532506851226853
21.1 0.9374368665610924
21.15 0.9142530206997324
21.19 0.87264835501773
21.21 0.8680059581790572
21.23 0.8744984132332516
21.28 0.8418354166265932
21.34 0.8314524227597941
21.36 0.8350890595461874
21.39 0.8515582864088134
21.41 0.8539273500666903
21.45 0.8211226608993475
21.49 0.8225975119502045
21.57 0.8072274534579216
21.63 0.7996842811353433
21.7 0.7977240352174664
21.74 0.8117819282232752
21.76 0.8179797730328726
21.84 0.774857432308705
21.86 0.7787584005740452
21.9 0.7719841941125448
21.94 0.749680066441813
22.0 0.7654139963827327
22.02 0.7782394012491046
22.06 0.7890667035341573
22.08 0.7872724939930135
22.13 0.7869516689688949
22.17 0.7920692756152943
22.23 0.8391313449880264
22.23 0.8391313449880264
22.26 0.7992420652016998
22.28 0.7923880286064329
22.28 0.7923880286064329
22.35 0.8453676505795958
22.36 0.8470984344075697
22.41 0.8299324543526898
22.41 0.8299324543526898
22.44 0.8682968351545424
22.47 0.8698658900466599
22.5 0.8932971498777985
22.54 0.8810003496943791
22.54 0.8810003496943791
22.55 0.8689364217539196
22.55 0.8689364217539196
22.57 0.8791065253018443
22.61 0.8864296789692767
22.62 0.8736316862570422
22.64 0.8589399151150071
22.7 0.8819171036881976
22.73 0.8744984132332511
22.75 0.8572330399888264
22.76 0.8659670836117217
22.8 0.8645662192537641
22.82 0.8572919543244852
22.83 0.8652085636341443
22.85 0.8689364217539193
22.86 0.8647998542314784
22.89 0.8749603165604455
22.9 0.8932971498777985
22.94 0.8969082698049141
22.96 0.8980337668844344
22.99 0.8932406102942193
23.02 0.887397739164771
23.04 0.8980337668844345
23.06 0.896908269804914
23.06 0.896908269804914
23.08 0.8839763240122107
23.12 0.867831385196061
23.14 0.8764021953879427
23.16 0.895781358605012
23.19 0.8954994092232507
23.2 0.8989331499509897
23.2 0.8989331499509897
23.25 0.8918825850158447
23.28 0.8885352832020519
23.28 0.8885352832020519
23.32 0.908767619283713
23.33 0.8995509541943246
23.37 0.8950481054731706
23.39 0.9089343299499781
23.43 0.9129262530097065
23.47 0.9040313751594733
23.48 0.904310664416703
23.48 0.904310664416703
23.48 0.904310664416703
23.49 0.9265445744727282
23.5 0.9265990819042822
23.51 0.9265445744727284
23.53 0.9369518599580178
23.57 0.9239244361073924
23.58 0.9339824582524191
23.61 0.952349566582406
23.62 0.9404490653110588
23.64 0.9376523445243002
23.66 0.9235417115264978
23.7 0.9156330260447356
23.7 0.9156330260447356
23.73 0.919540948275581
23.74 0.9058730929915407
23.75 0.8918825850158447
23.76 0.9002805398902339
23.79 0.902241876682968
23.8 0.8989331499509895
23.82 0.9252900173251716
23.83 0.9217352980091198
23.85 0.9468181696950295
23.9 0.96922336919512
23.92 0.9500664516897027
23.93 0.9561602502940735
23.93 0.9561602502940735
23.96 0.9839109756887601
23.98 0.9845267539751927
24.01 1.0100005000498817
24.02 1.0048367875913828
24.03 1.0096003809888991
24.04 1.0042334631373562
24.04 1.0042334631373562
24.05 0.9987365756167874
24.07 1.0075974023649161
24.08 1.0018165319240662
24.1 1.0100505037878162
24.11 1.0139930069688936
24.14 1.0349449797506671
24.14 1.0349449797506671
24.16 1.0417545417479708
24.17 1.0352865216055813
24.17 1.0352865216055813
24.19 1.0511657790041942
24.2 1.0540925533894603
24.23 1.0527021507443675
24.24 1.0552418459933024
24.27 1.0996326291957326
24.28 1.1108282468227908
24.27 1.0904081341359755
24.28 1.0832051206181286
24.29 1.085208167899952
24.3 1.077782984471439
24.3 1.077782984471439
24.3 1.077782984471439
24.31 1.0889249633273974
24.31 1.0889249633273974
24.32 1.0906396973771637
24.32 1.0906396973771637
24.32 1.0906396973771637
24.33 1.1014682579322594
24.34 1.1029803518493226
24.34 1.1029803518493226
24.34 1.1029803518493226
24.34 1.1029803518493226
24.36 1.0965510669477458
24.37 1.0885538548686946
24.38 1.089713149170344
24.39 1.0907786117255789
24.4 1.10096376512636
24.44 1.1310136688793464
24.44 1.1310136688793464
24.44 1.1310136688793464
24.46 1.1229470606444916
24.48 1.1234866364235148
24.48 1.1234866364235148
24.48 1.1234866364235148
24.49 1.1414592822038352
24.49 1.1414592822038352
24.5 1.1146408580454255
24.5 1.1146408580454255
24.52 1.1501427228080359
24.54 1.140795398576863
24.55 1.1403968828899216
24.54 1.1229470606444916
24.54 1.1229470606444916
24.54 1.1229470606444916
24.55 1.1315047637120352
24.55 1.1315047637120352
24.57 1.1033008326257743
24.59 1.1200198410940965
24.6 1.119162746219356
24.61 1.1272116307979003
24.62 1.1171753703339542
24.64 1.0965510669477458
24.64 1.0965510669477458
24.64 1.0965510669477458
24.64 1.0965510669477458
24.65 1.1135075167680688
24.65 1.1043989178267835
24.66 1.1211465992320964
24.67 1.119659039009808
24.68 1.1270772068953538
24.68 1.1270772068953538
24.71 1.0944764903271287
24.72 1.1016974964741342
24.72 1.1016974964741342
24.73 1.117853281784313
24.74 1.1336897835177515
24.73 1.117853281784313
24.72 1.1016974964741342
24.73 1.117853281784313
24.74 1.106637458541173
24.74 1.106637458541173
24.74 1.106637458541173
24.74 1.1066374585411727
24.74 1.1066374585411727
24.74 1.1066374585411727
24.75 1.122542208605543
24.76 1.1202452833864087
24.77 1.1357816691600546
24.79 1.1127815725841386
24.8 1.1009637651263608
24.8 1.1009637651263608
24.8 1.0824588545146518
24.8 1.0824588545146518
24.82 1.1135528725660038
24.79 1.0664298979645719
24.8 1.05409255338946
24.8 1.05409255338946
24.78 1.0403961949297218
24.79 1.0278446606684526
24.79 1.0278446606684526
24.81 1.0415121097459568
24.81 1.0415121097459568
24.81 1.0415121097459568
24.82 1.0577276959538677
24.82 1.0577276959538677
24.82 1.0577276959538677
24.81 1.041512109745957
24.82 1.0577276959538677
24.82 1.0577276959538677
24.83 1.0736043324364266
24.82 1.0577276959538677
24.83 1.0736043324364268
24.82 1.0577276959538675
24.81 1.0415121097459568
24.82 1.0384526173031858
24.82 1.0384526173031858
24.83 1.0546194679704262
24.84 1.0704478435956541
24.84 1.0514059850764335
24.87 1.0603506185896414
24.87 1.0411241011231056
24.88 1.0471703092456628
24.89 1.0434499886376345
24.88 1.0276972395416932
24.89 1.0434499886376345
24.89 1.0434499886376345
24.9 1.0298573010888752
24.9 1.0298573010888752
24.89 1.0239061667867029
24.88 1.0078479923865384
24.89 1.0139930069688938
24.89 1.0139930069688938
24.89 1.0139930069688938
24.89 1.0139930069688938
24.89 1.0139930069688938
24.89 1.0139930069688938
24.89 1.0139930069688938
24.89 1.0139930069688938
24.89 1.0139930069688938
24.89 1.0139930069688938
24.89 1.0139930069688938
24.9 1.0100505037878165
24.91 0.995900688732658
24.91 0.995900688732658
24.93 0.9873441572463406
24.93 0.9873441572463406
24.93 0.9873441572463406
24.93 0.9873441572463406
24.94 0.9828838212426768
24.94 0.9828838212426768
24.94 0.9828838212426768
24.95 0.9782999065065411
24.95 0.9782999065065411
24.96 0.9631597830457661
24.96 0.9631597830457661
24.97 0.9791255632894433
24.97 0.9791255632894433
24.98 0.9742129690631868
24.99 0.9897964284119085
24.99 0.9897964284119085
25.0 1.005037815259212
25.0 0.9847319278346619
24.99 0.969171259010981
25.0 0.9744203145947592
25.01 0.9691712590109811
25.03 0.9995453511926862
25.01 0.9691712590109811
25.01 0.9691712590109811
25.01 0.9691712590109811
25.0 0.9639984073082949
24.98 0.9425947424449431
24.99 0.958692291139816
24.99 0.958692291139816
24.99 0.958692291139816
24.99 0.958692291139816
25.0 0.9639984073082949
25.0 0.9639984073082949
25.01 0.9795381306998469
25.01 0.9795381306998469
25.01 0.9795381306998469
25.01 0.9795381306998469
25.01 0.9795381306998469
25.0 0.9639984073082949
25.0 0.9639984073082949
25.0 0.9639984073082949
25.0 0.9639984073082949
25.0 0.9639984073082949
25.0 0.9639984073082949
25.01 0.9586922911398162
25.03 0.9687542766279019
25.04 0.9839109756887601
25.04 0.9839109756887601
25.04 0.9839109756887601
25.05 0.9782999065065409
25.05 0.9782999065065409
25.05 0.9782999065065409
25.05 0.978299906506541
25.04 0.9631597830457662
25.03 0.9476712552783317
25.03 0.9476712552783317
25.03 0.9476712552783317
25.03 0.9476712552783317
25.02 0.9425947424449431
25.02 0.9425947424449431
25.03 0.9369518599580177
25.02 0.9318169499868675
25.02 0.9318169499868675
25.02 0.9318169499868675
25.03 0.9369518599580177
25.03 0.9369518599580177
25.03 0.9369518599580177
25.03 0.9369518599580177
25.03 0.9369518599580177
25.03 0.9369518599580177
25.03 0.9369518599580177
25.03 0.9369518599580177
25.03 0.9369518599580177
25.04 0.952614689932266
25.04 0.952614689932266
25.04 0.952614689932266
25.04 0.952614689932266
25.04 0.952614689932266
25.04 0.952614689932266
25.05 0.967919772950572
25.05 0.967919772950572
25.04 0.952614689932266
25.04 0.952614689932266
25.04 0.952614689932266
25.04 0.952614689932266
25.04 0.952614689932266
25.06 0.951553753318511
25.06 0.951553753318511
25.06 0.951553753318511
25.06 0.951553753318511
25.06 0.951553753318511
25.06 0.951553753318511
25.08 0.9606395176278574
25.08 0.9606395176278574
25.08 0.9606395176278574
25.09 0.9754046039537346
25.09 0.9754046039537346
25.09 0.9754046039537346
25.09 0.9754046039537346
25.09 0.9754046039537346
25.09 0.9754046039537346
25.09 0.9754046039537346
25.09 0.9754046039537346
25.09 0.9754046039537346
25.09 0.9754046039537346
25.1 0.9692233691951203
25.1 0.9692233691951203
25.1 0.9692233691951203
25.11 0.9836542876314616
25.11 0.9836542876314616
25.1 0.9692233691951203
25.1 0.9692233691951203
25.1 0.9692233691951203
25.1 0.9692233691951203
25.1 0.9692233691951203
25.1 0.9692233691951203
25.11 0.9733312577810999
25.11 0.9733312577810999
25.11 0.9733312577810999
25.12 0.9773185331055148
25.12 0.9773185331055148
25.12 0.9773185331055148
25.12 0.9773185331055148
25.12 0.9773185331055148
25.12 0.9773185331055148
25.12 0.9773185331055148
25.12 0.9773185331055148
25.12 0.9773185331055148
25.12 0.9773185331055148
25.12 0.9773185331055148
25.13 0.9708373975724531
25.13 0.9708373975724531
25.13 0.9708373975724531
25.13 0.9708373975724531
25.13 0.9708373975724531
25.13 0.9708373975724531
25.13 0.9708373975724531
25.13 0.9708373975724531
25.13 0.9708373975724531
25.13 0.9708373975724531
25.13 0.9708373975724531
25.13 0.9708373975724531
25.13 0.9708373975724531
25.13 0.9708373975724531
25.13 0.9708373975724531
25.13 0.9708373975724531
25.13 0.9708373975724531
25.14 0.9746276160149517
25.14 0.9746276160149517
25.14 0.9746276160149517
25.14 0.9746276160149517
25.15 0.9782999065065404
25.15 0.9782999065065404
25.15 0.9782999065065404
25.16 0.9610600208292733
25.16 0.9610600208292733
25.16 0.9610600208292733
25.16 0.9610600208292733
25.16 0.9610600208292733
25.16 0.9610600208292733
25.17 0.9540450828980891
25.17 0.9540450828980891
25.17 0.9540450828980891
25.17 0.9540450828980891
25.18 0.9468715100612416
25.18 0.9468715100612416
25.18 0.9468715100612416
25.18 0.9468715100612416
25.18 0.9468715100612416
25.18 0.9468715100612416
25.19 0.9395356686828191
25.19 0.9395356686828191
25.2 0.9320337272260425
25.2 0.9320337272260425
25.2 0.9320337272260425
25.2 0.9320337272260425
25.21 0.9243616415908031
25.21 0.9243616415908031
25.21 0.9243616415908031
25.21 0.9243616415908031
25.21 0.9243616415908031
25.21 0.9243616415908031
25.21 0.9243616415908031
25.21 0.9243616415908031
25.21 0.9243616415908031
25.21 0.9243616415908031
25.22 0.9054269599465109
25.22 0.9054269599465109
25.22 0.9054269599465109
25.22 0.9054269599465109
25.23 0.897302354366417
25.24 0.8889898932513409
25.24 0.8889898932513409
25.24 0.8889898932513409
25.24 0.8889898932513409
25.24 0.8889898932513409
25.24 0.8889898932513409
25.24 0.8889898932513409
25.24 0.8889898932513409
25.24 0.8889898932513409
25.25 0.9031370691409835
25.25 0.9031370691409835
25.25 0.9031370691409835
25.25 0.9031370691409835
25.25 0.9031370691409835
25.25 0.9031370691409835
25.25 0.9031370691409835
25.25 0.9031370691409835
25.25 0.9031370691409835
25.24 0.8889898932513409
25.24 0.8889898932513409
25.24 0.8889898932513409
25.24 0.8889898932513409
25.25 0.8918825850158447
25.26 0.9058730929915407
25.26 0.9058730929915407
25.26 0.9058730929915407
25.27 0.9084897001912212
25.27 0.9084897001912212
25.27 0.9084897001912212
25.27 0.9084897001912212
25.28 0.8998316340832715
25.28 0.8998316340832715
25.28 0.8998316340832715
25.28 0.8998316340832715
25.28 0.8998316340832715
25.28 0.8998316340832715
25.29 0.9022418766829686
25.29 0.9022418766829686
25.29 0.9022418766829686
25.29 0.9022418766829686
25.29 0.9022418766829686
25.29 0.9022418766829686
25.29 0.9022418766829686
25.3 0.9045340337332912
25.3 0.9045340337332912
25.3 0.9045340337332912
25.3 0.9045340337332912
25.3 0.9045340337332912
25.3 0.9045340337332912
25.3 0.9045340337332912
25.3 0.9045340337332912
25.3 0.9045340337332912
25.3 0.9045340337332912
25.3 0.9045340337332912
25.31 0.9067090007941974
25.31 0.9067090007941974
25.31 0.9067090007941974
25.31 0.9067090007941974
25.31 0.9067090007941974
25.31 0.9067090007941974
25.31 0.9067090007941974
25.33 0.8882510337679885
25.33 0.8882510337679885
25.33 0.8882510337679885
25.33 0.8882510337679885
25.33 0.8882510337679885
25.33 0.8882510337679885
25.33 0.8882510337679885
25.33 0.8882510337679885
25.33 0.8882510337679885
25.34 0.8787042802451868
25.34 0.8787042802451868
25.34 0.8787042802451868
25.34 0.8787042802451868
25.34 0.8787042802451868
25.35 0.88048425610713
25.35 0.88048425610713
25.36 0.882146143324232
25.36 0.882146143324232
25.36 0.882146143324232
25.36 0.882146143324232
25.37 0.8721852272923862
25.37 0.8721852272923862
25.37 0.8721852272923862
25.37 0.8721852272923862
25.37 0.8721852272923862
25.37 0.8721852272923862
25.38 0.861992055085372
25.38 0.861992055085372
25.38 0.861992055085372
25.38 0.861992055085372
25.38 0.861992055085372
25.38 0.861992055085372
25.38 0.861992055085372
25.38 0.861992055085372
25.38 0.861992055085372
25.39 0.8633385983225441
25.39 0.8633385983225441
25.39 0.8633385983225441
25.39 0.8633385983225441
25.39 0.8633385983225441
25.39 0.8633385983225441
25.4 0.8528028654224412
25.4 0.8528028654224412
25.4 0.8528028654224412
25.42 0.8430344421831591
25.42 0.8430344421831591
25.42 0.8430344421831591
25.42 0.8430344421831591
25.42 0.8430344421831591
25.42 0.8430344421831591
25.42 0.8430344421831591
25.42 0.8430344421831591
25.42 0.8430344421831591
25.42 0.8430344421831591
25.42 0.8430344421831591
25.42 0.8430344421831591
25.42 0.8430344421831591
25.42 0.8430344421831591
25.42 0.8430344421831591
25.42 0.8430344421831591
25.42 0.8430344421831591
25.42 0.8430344421831591
25.42 0.8430344421831591
25.42 0.8430344421831591
25.42 0.8430344421831591
25.42 0.8430344421831591
25.42 0.8430344421831591
25.42 0.8430344421831591
25.42 0.8430344421831591
25.42 0.8430344421831591
25.42 0.8430344421831591
25.42 0.8430344421831591
25.42 0.8430344421831591
25.42 0.8430344421831591
25.42 0.8430344421831591
25.42 0.8430344421831591
25.42 0.8430344421831591
25.42 0.8430344421831591
25.42 0.8430344421831591
25.42 0.8430344421831591
25.42 0.8430344421831591
25.42 0.8430344421831591
25.42 0.8430344421831591
25.42 0.8430344421831591
25.43 0.8318775162367362
25.43 0.8318775162367362
25.43 0.8318775162367362
25.43 0.8318775162367362
25.43 0.8318775162367362
25.43 0.8318775162367362
25.43 0.8318775162367362
25.44 0.8326663997864535
25.44 0.8326663997864535
25.44 0.8326663997864535
25.44 0.8326663997864535
25.44 0.8326663997864535
25.44 0.8326663997864535
25.44 0.8326663997864535
25.44 0.8326663997864535
25.45 0.8211226608993475
25.45 0.8211226608993475
25.45 0.8211226608993475
25.46 0.8216760402686188
25.46 0.8216760402686188
25.47 0.8097262288308108
25.47 0.8097262288308108
25.47 0.8097262288308108
25.47 0.8097262288308108
25.47 0.8097262288308108
25.47 0.8097262288308108
25.47 0.8097262288308108
25.47 0.8097262288308108
25.47 0.8097262288308108
25.47 0.8097262288308108
25.47 0.8097262288308108
25.47 0.8097262288308108
25.47 0.8097262288308108
25.47 0.8097262288308108
25.47 0.8097262288308108
25.48 0.8100380337747217
25.48 0.8100380337747217
25.48 0.8100380337747217
25.48 0.8100380337747217
25.49 0.8102250591438446
25.49 0.8102250591438446
25.49 0.8102250591438446
25.49 0.8102250591438446
25.49 0.8102250591438446
25.49 0.8102250591438446
25.5 0.8102873913406629
25.5 0.8102873913406629
25.5 0.8102873913406629
25.5 0.8102873913406629
25.5 0.8102873913406629
25.5 0.8102873913406629
25.5 0.8102873913406629
25.5 0.8102873913406629
25.5 0.8102873913406629
25.51 0.8102250591438446
25.51 0.8102250591438446
25.52 0.8224133002108108
25.52 0.8224133002108108
25.52 0.8224133002108108
25.53 0.8221061889187958
25.53 0.8221061889187958
25.54 0.8092895000860302
25.54 0.8092895000860302
25.54 0.8092895000860302
25.54 0.8092895000860302
25.54 0.8092895000860302
25.54 0.8092895000860302
25.54 0.8092895000860302
25.54 0.8092895000860302
25.54 0.8092895000860302
25.55 0.8087276451565166
25.55 0.8087276451565166
25.55 0.8087276451565166
25.55 0.8087276451565166
25.55 0.8087276451565166
25.55 0.8087276451565166
25.55 0.8087276451565166
25.55 0.8087276451565166
25.55 0.8087276451565166
25.55 0.8087276451565166
25.56 0.8204458014587642
25.56 0.8204458014587642
25.56 0.8204458014587642
25.56 0.8204458014587642
25.56 0.8204458014587642
25.56 0.8204458014587642
25.56 0.8204458014587642
25.57 0.8196451560389906
25.57 0.8196451560389906
25.57 0.8196451560389906
25.57 0.8196451560389906
25.57 0.8196451560389906
25.57 0.8196451560389906
25.57 0.8196451560389906
25.57 0.8196451560389906
25.57 0.8196451560389906
25.57 0.8196451560389906
25.57 0.8196451560389906
25.57 0.8196451560389906
25.57 0.8196451560389906
25.57 0.8196451560389906
25.57 0.8196451560389906
25.57 0.8196451560389906
25.57 0.8196451560389906
25.57 0.8196451560389906
25.57 0.8196451560389906
25.58 0.8309663353620592
25.58 0.8309663353620592
25.58 0.8309663353620592
25.58 0.8309663353620592
25.58 0.8309663353620592
25.59 0.8420153793072306
25.59 0.8420153793072306
25.59 0.8420153793072306
25.59 0.8420153793072306
25.59 0.8420153793072306
25.59 0.8420153793072306
25.59 0.8420153793072306
25.59 0.8420153793072306
25.6 0.8287754140107475
25.6 0.8287754140107475
25.6 0.8287754140107475
25.6 0.8287754140107475
25.6 0.8287754140107475
25.6 0.8287754140107475
25.6 0.8287754140107475
25.6 0.8287754140107475
25.6 0.8287754140107475
25.6 0.8287754140107475
25.6 0.8287754140107475
25.6 0.8287754140107475
25.6 0.8287754140107475
25.6 0.8287754140107475
25.6 0.8287754140107475
25.6 0.8287754140107475
25.6 0.8287754140107475
25.6 0.8287754140107475
25.6 0.8287754140107475
25.61 0.827494697715625
25.61 0.827494697715625
25.61 0.827494697715625
25.62 0.8260897302498332
25.62 0.8260897302498332
25.62 0.8260897302498332
25.62 0.8260897302498332
25.63 0.8487066809581688
25.63 0.8487066809581688
25.63 0.8487066809581688
25.63 0.8487066809581688
25.63 0.8487066809581688
25.63 0.8487066809581688
25.63 0.8487066809581688
25.63 0.8487066809581688
25.63 0.8487066809581688
25.63 0.8487066809581688
25.63 0.8487066809581688
25.63 0.8487066809581688
25.63 0.8487066809581688
25.64 0.8350890595461876
25.64 0.8350890595461876
25.64 0.8350890595461876
25.64 0.8350890595461876
25.64 0.8350890595461876
25.64 0.8350890595461876
25.64 0.8350890595461876
25.65 0.8333333333333338
25.65 0.8333333333333338
25.65 0.8333333333333338
25.65 0.8333333333333338
25.65 0.8333333333333338
25.65 0.8333333333333338
25.65 0.8333333333333338
25.65 0.8333333333333338
25.65 0.8333333333333338
25.65 0.8333333333333338
25.66 0.8192137151629675
25.66 0.8192137151629675
25.66 0.8192137151629675
25.66 0.8192137151629675
25.66 0.8192137151629675
25.66 0.8192137151629675
25.66 0.8192137151629675
25.66 0.8192137151629675
25.66 0.8192137151629675
25.66 0.8192137151629675
25.66 0.8192137151629675
25.66 0.8192137151629675
25.66 0.8192137151629675
25.66 0.8192137151629675
25.66 0.8192137151629675
25.66 0.8192137151629675
25.66 0.8192137151629675
25.66 0.8192137151629675
25.66 0.8192137151629675
25.66 0.8192137151629675
25.66 0.8192137151629675
25.66 0.8192137151629675
25.66 0.8192137151629675
25.66 0.8192137151629675
25.66 0.8192137151629675
25.67 0.8171767114754174
25.67 0.8171767114754174
25.67 0.8171767114754174
25.67 0.8171767114754174
25.67 0.8171767114754174
25.67 0.8171767114754174
25.67 0.8171767114754174
25.67 0.8171767114754174
25.68 0.8150106896491758
25.69 0.8127146181194544
25.69 0.8127146181194544
25.69 0.8127146181194544
25.69 0.8127146181194544
25.69 0.8127146181194544
25.69 0.8127146181194544
25.69 0.8127146181194544
25.69 0.8127146181194544
25.69 0.8127146181194544
25.69 0.8127146181194544
25.69 0.8127146181194544
25.69 0.8127146181194544
25.69 0.8127146181194544
25.69 0.8127146181194544
25.69 0.8127146181194544
25.69 0.8127146181194544
25.69 0.8127146181194544
25.69 0.8127146181194544
25.69 0.8127146181194544
25.7 0.8226589066968629
25.7 0.8226589066968629
25.7 0.8226589066968629
25.7 0.8226589066968629
25.7 0.8226589066968629
25.7 0.8226589066968629
25.71 0.820137953411658
25.71 0.820137953411658
25.71 0.820137953411658
25.71 0.820137953411658
25.71 0.820137953411658
25.71 0.820137953411658
25.71 0.820137953411658
25.71 0.820137953411658
25.71 0.820137953411658
25.71 0.820137953411658
25.71 0.820137953411658
25.71 0.820137953411658
25.71 0.820137953411658
25.71 0.820137953411658
25.71 0.820137953411658
25.71 0.820137953411658
25.72 0.8174856746652073
25.73 0.8022065529122488
25.73 0.8022065529122488
25.73 0.8022065529122488
25.73 0.8022065529122488
25.74 0.7992420652016998
25.74 0.7992420652016998
25.74 0.7992420652016998
25.75 0.8087276451565163
25.75 0.8087276451565163
25.75 0.8087276451565163
25.76 0.8179797730328726
25.76 0.8179797730328726
25.76 0.8179797730328726
25.76 0.8179797730328726
25.76 0.8179797730328726
25.77 0.8270062840990957
25.78 0.8478135872866627
25.78 0.8478135872866627
25.78 0.8478135872866627
25.78 0.8478135872866627
25.78 0.8478135872866627
25.78 0.8478135872866627
25.78 0.8478135872866627
25.78 0.8478135872866627
25.78 0.8478135872866627
25.78 0.8478135872866627
25.78 0.8478135872866627
25.79 0.8444112167838032
25.79 0.8444112167838032
25.79 0.8444112167838032
25.79 0.8444112167838032
25.79 0.8444112167838032
25.79 0.8444112167838032
25.79 0.8444112167838032
25.79 0.8444112167838032
25.79 0.8444112167838032
25.79 0.8444112167838032
25.79 0.8444112167838032
25.79 0.8444112167838032
25.79 0.8444112167838032
25.79 0.8444112167838032
25.79 0.8444112167838032
25.8 0.852802865422442
25.8 0.852802865422442
25.81 0.8491826135237996
25.81 0.8491826135237996
25.81 0.8491826135237996
25.81 0.8491826135237996
25.81 0.8491826135237996
25.81 0.8491826135237996
25.81 0.8491826135237996
25.81 0.8491826135237996
25.81 0.8491826135237996
25.81 0.8491826135237996
25.81 0.8491826135237996
25.81 0.8491826135237996
25.81 0.8491826135237996
25.81 0.8491826135237996
25.81 0.8491826135237996
25.82 0.8454273917655346
25.82 0.8454273917655346
25.82 0.8454273917655346
25.82 0.8454273917655346
25.82 0.8454273917655346
25.82 0.8454273917655346
25.82 0.8454273917655346
25.82 0.8454273917655346
25.82 0.8454273917655346
25.82 0.8454273917655346
25.82 0.8454273917655346
25.82 0.8454273917655346
25.82 0.8454273917655346
25.82 0.8454273917655346
25.82 0.8454273917655346
25.82 0.8454273917655346
25.82 0.8454273917655346
25.83 0.8294454761946675
25.84 0.8253557543339238
25.84 0.8253557543339238
25.84 0.8253557543339238
25.84 0.8253557543339238
25.84 0.8253557543339238
25.84 0.8253557543339238
25.84 0.8253557543339238
25.84 0.8253557543339238
25.85 0.8211226608993473
25.85 0.8211226608993473
25.85 0.8211226608993473
25.85 0.8211226608993473
25.85 0.8211226608993473
25.85 0.8211226608993473
25.85 0.8211226608993473
25.85 0.8211226608993473
25.85 0.8211226608993473
25.85 0.8211226608993473
25.85 0.8211226608993473
25.85 0.8211226608993473
25.86 0.8167439666570582
25.86 0.8167439666570582
25.86 0.8167439666570582
25.86 0.8167439666570582
25.86 0.8167439666570582
25.86 0.8167439666570582
25.86 0.8167439666570582
25.86 0.8167439666570582
25.86 0.8167439666570582
25.86 0.8167439666570582
25.86 0.8167439666570582
25.86 0.8167439666570582
25.86 0.8167439666570582
25.86 0.8167439666570582
25.86 0.8167439666570582
25.86 0.8167439666570582
25.86 0.8167439666570582
25.87 0.7996842811353425
25.88 0.7949334512518598
25.88 0.7949334512518598
25.88 0.7949334512518598
25.88 0.7949334512518598
25.88 0.7949334512518598
25.88 0.7949334512518598
25.88 0.7949334512518598
25.88 0.7949334512518598
25.88 0.7949334512518598
25.88 0.7949334512518598
25.88 0.7949334512518598
25.88 0.7949334512518598
25.89 0.7771353768420227
25.89 0.7771353768420227
25.89 0.7771353768420227
25.89 0.7771353768420227
25.89 0.7771353768420227
25.9 0.7719841941125447
25.9 0.7719841941125447
25.9 0.7719841941125447
25.9 0.7719841941125447
25.9 0.7719841941125447
25.9 0.7719841941125447
25.9 0.7719841941125447
25.9 0.7719841941125447
25.9 0.7719841941125447
25.9 0.7719841941125447
25.9 0.7719841941125447
25.9 0.7719841941125447
25.9 0.7719841941125447
25.9 0.7719841941125447
25.9 0.7719841941125447
25.9 0.7719841941125447
25.9 0.7719841941125447
25.9 0.7719841941125447
25.9 0.7719841941125447
25.9 0.7719841941125447
25.9 0.7719841941125447
25.9 0.7719841941125447
25.9 0.7719841941125447
25.9 0.7719841941125447
25.9 0.7719841941125447
25.9 0.7719841941125447
25.9 0.7719841941125447
25.91 0.7666666666666664
25.91 0.7666666666666664
25.91 0.7666666666666664
25.91 0.7666666666666664
25.91 0.7666666666666664
25.91 0.7666666666666664
25.91 0.7666666666666664
25.91 0.7666666666666664
25.91 0.7666666666666664
25.91 0.7666666666666664
25.91 0.7666666666666664
25.91 0.7666666666666664
25.91 0.7666666666666664
25.91 0.7666666666666664
25.91 0.7666666666666664
25.91 0.7666666666666664
25.91 0.7666666666666664
25.92 0.7743358183604574
25.92 0.7743358183604574
25.92 0.7743358183604574
25.92 0.7743358183604574
25.92 0.7743358183604574
25.92 0.7743358183604574
25.93 0.7687718133556279
25.93 0.7687718133556279
25.94 0.7630348761506395
25.94 0.7630348761506395
25.95 0.7703468981143122
25.95 0.7703468981143122
25.95 0.7703468981143122
25.95 0.7703468981143122
25.95 0.7703468981143122
25.95 0.7703468981143122
25.95 0.7703468981143122
25.95 0.7703468981143122
25.95 0.7703468981143122
25.95 0.7703468981143122
25.96 0.7774602526460408
25.96 0.7774602526460408
25.96 0.7774602526460408
25.96 0.7774602526460408
25.96 0.7774602526460408
25.96 0.7774602526460408
25.96 0.7774602526460408
25.96 0.7774602526460408
25.96 0.7774602526460408
25.96 0.7774602526460408
25.96 0.7774602526460408
25.96 0.7774602526460408
25.96 0.7774602526460408
25.96 0.7774602526460408
25.96 0.7774602526460408
25.96 0.7774602526460408
25.96 0.7774602526460408
25.96 0.7774602526460408
25.96 0.7774602526460408
25.96 0.7774602526460408
25.96 0.7774602526460408
25.96 0.7774602526460408
25.96 0.7774602526460408
25.96 0.7774602526460408
25.97 0.7713951678941902
25.97 0.7713951678941902
25.97 0.7713951678941902
25.97 0.7713951678941902
25.97 0.7713951678941902
25.97 0.7713951678941902
25.97 0.7713951678941902
25.97 0.7713951678941902
25.97 0.7713951678941902
25.97 0.7713951678941902
25.97 0.7713951678941902
25.97 0.7713951678941902
25.97 0.7713951678941902
25.98 0.7782394012491047
25.98 0.7782394012491047
25.98 0.7782394012491047
25.98 0.7782394012491047
25.99 0.7848952835000396
25.99 0.7848952835000396
25.99 0.7848952835000396
25.99 0.7848952835000396
25.99 0.7848952835000396
25.99 0.7848952835000396
26.01 0.7587203474644443
26.01 0.7587203474644443
26.01 0.7587203474644443
26.01 0.7587203474644443
26.01 0.7587203474644443
26.01 0.7587203474644443
26.01 0.7587203474644443
26.01 0.7587203474644443
26.02 0.7518327774528887
26.02 0.7518327774528887
26.02 0.7518327774528887
26.02 0.7518327774528887
26.02 0.7518327774528887
26.02 0.7518327774528887
26.02 0.7518327774528887
26.02 0.7518327774528887
26.02 0.7518327774528887
26.02 0.7518327774528887
26.02 0.7518327774528887
26.02 0.7518327774528887
26.03 0.7447459060958076
26.03 0.7447459060958076
26.03 0.7447459060958076
26.03 0.7447459060958076
26.03 0.7447459060958076
26.03 0.7447459060958076
26.03 0.7447459060958076
26.03 0.7447459060958076
26.03 0.7447459060958076
26.03 0.7447459060958076
26.04 0.7374539876076235
26.04 0.7374539876076235
26.04 0.7374539876076235
26.04 0.7374539876076235
26.04 0.7374539876076235
26.04 0.7374539876076235
26.04 0.7374539876076235
26.04 0.7374539876076235
26.04 0.7374539876076235
26.04 0.7374539876076235
26.04 0.7374539876076235
26.04 0.7374539876076235
26.04 0.7374539876076235
26.04 0.7374539876076235
26.04 0.7374539876076235
26.04 0.7374539876076235
26.04 0.7374539876076235
26.04 0.7374539876076235
26.04 0.7374539876076235
26.04 0.7374539876076235
26.05 0.7299508769967208
26.05 0.7299508769967208
26.05 0.7299508769967208
26.05 0.7299508769967208
26.05 0.7299508769967208
26.05 0.7299508769967208
26.06 0.7360829992726236
26.06 0.7360829992726236
26.07 0.728288432150367
26.08 0.7202693099028158
26.08 0.7202693099028158
26.08 0.7202693099028158
26.08 0.7202693099028158
26.08 0.7202693099028158
26.08 0.7202693099028158
26.08 0.7202693099028158
26.09 0.7120180453961096
26.09 0.7120180453961096
26.09 0.7120180453961096
26.09 0.7120180453961096
26.09 0.7120180453961096
26.1 0.703526470681448
26.1 0.703526470681448
26.1 0.703526470681448
26.1 0.703526470681448
26.1 0.703526470681448
26.11 0.7091750791795295
26.11 0.7091750791795295
26.11 0.7091750791795295
26.11 0.7091750791795295
26.11 0.7091750791795295
26.11 0.7091750791795295
26.11 0.7091750791795295
26.11 0.7091750791795295
26.11 0.7091750791795295
26.11 0.7091750791795295
26.11 0.7091750791795295
26.11 0.7091750791795295
26.11 0.7091750791795295
26.11 0.7091750791795295
26.12 0.7146377199022395
26.12 0.7146377199022395
26.13 0.7199186261535593
26.13 0.7199186261535593
26.13 0.7199186261535593
26.13 0.7199186261535593
26.13 0.7199186261535593
26.13 0.7199186261535593
26.13 0.7199186261535593
26.13 0.7199186261535593
26.13 0.7199186261535593
26.13 0.7199186261535593
26.13 0.7199186261535593
26.13 0.7199186261535593
26.13 0.7199186261535593
26.13 0.7199186261535593
26.14 0.7109532653097139
26.14 0.7109532653097139
26.14 0.7109532653097139
26.14 0.7109532653097139
26.14 0.7109532653097139
26.14 0.7109532653097139
26.14 0.7109532653097139
26.14 0.7109532653097139
26.15 0.7159792333764041
26.15 0.7159792333764041
26.15 0.7159792333764041
26.15 0.7159792333764041
26.15 0.7159792333764041
26.15 0.7159792333764041
26.15 0.7159792333764041
26.15 0.7159792333764041
26.15 0.7159792333764041
26.15 0.7159792333764041
26.15 0.7159792333764041
26.15 0.7159792333764041
26.15 0.7159792333764041
26.15 0.7159792333764041
26.15 0.7159792333764041
26.15 0.7159792333764041
26.15 0.7159792333764041
26.15 0.7159792333764041
26.15 0.7159792333764041
26.15 0.7159792333764041
26.15 0.7159792333764041
26.15 0.7159792333764041
26.15 0.7159792333764041
26.15 0.7159792333764041
26.15 0.7159792333764041
26.15 0.7159792333764041
26.15 0.7159792333764041
26.15 0.7159792333764041
26.15 0.7159792333764041
26.15 0.7159792333764041
26.15 0.7159792333764041
26.15 0.7159792333764041
26.15 0.7159792333764041
26.15 0.7159792333764041
26.15 0.7159792333764041
26.15 0.7159792333764041
26.15 0.7159792333764041
26.15 0.7159792333764041
26.16 0.7347094526395987
26.16 0.7347094526395987
26.16 0.7347094526395987
26.16 0.7347094526395987
26.16 0.7347094526395987
26.16 0.7347094526395987
26.16 0.7347094526395987
26.16 0.7347094526395987
26.16 0.7347094526395987
26.16 0.7347094526395987
26.16 0.7347094526395987
26.16 0.7347094526395987
26.17 0.7528397417562893
26.17 0.7528397417562893
26.18 0.7437279832918176
26.18 0.7437279832918176
26.19 0.7479939501726925
26.19 0.7479939501726925
26.2 0.7521014330903546
26.2 0.7521014330903546
26.2 0.7521014330903546
26.2 0.7521014330903546
26.2 0.7521014330903546
26.2 0.7521014330903546
26.21 0.7692971999287282
26.21 0.7692971999287282
26.21 0.7692971999287282
26.21 0.7692971999287282
26.21 0.7692971999287282
26.21 0.7692971999287282
26.21 0.7692971999287282
26.21 0.7692971999287282
26.21 0.7692971999287282
26.21 0.7692971999287282
26.21 0.7692971999287282
26.21 0.7692971999287282
26.22 0.7598511284282851
26.22 0.7598511284282851
26.22 0.7598511284282851
26.22 0.7598511284282851
26.22 0.7598511284282851
26.23 0.7501514998500459
26.23 0.7501514998500459
26.23 0.7501514998500459
26.23 0.7501514998500459
26.23 0.7501514998500459
26.23 0.7501514998500459
26.23 0.7501514998500459
26.23 0.7501514998500459
26.24 0.7537113559452379
26.24 0.7537113559452379
26.24 0.7537113559452379
26.24 0.7537113559452379
26.24 0.7537113559452379
26.24 0.7537113559452379
26.24 0.7537113559452379
26.24 0.7537113559452379
26.24 0.7537113559452379
26.24 0.7537113559452379
26.24 0.7537113559452379
26.24 0.7537113559452379
26.24 0.7537113559452379
26.24 0.7537113559452379
26.24 0.7537113559452379
26.24 0.7537113559452379
26.24 0.7537113559452379
26.26 0.7194273817250473
26.26 0.7194273817250473
26.26 0.7194273817250473
26.26 0.7194273817250473
26.26 0.7194273817250473
26.26 0.7194273817250473
26.26 0.7194273817250473
26.26 0.7194273817250473
26.26 0.7194273817250473
26.26 0.7194273817250473
26.26 0.7194273817250473
26.26 0.7194273817250473
26.26 0.7194273817250473
26.26 0.7194273817250473
26.26 0.7194273817250473
26.26 0.7194273817250473
26.26 0.7194273817250473
26.26 0.7194273817250473
26.26 0.7194273817250473
26.26 0.7194273817250473
26.26 0.7194273817250473
26.26 0.7194273817250473
26.26 0.7194273817250473
26.26 0.7194273817250473
26.26 0.7194273817250473
26.26 0.7194273817250473
26.26 0.7194273817250473
26.26 0.7194273817250473
26.26 0.7194273817250473
26.26 0.7194273817250473
26.27 0.7227193316379682
26.27 0.7227193316379682
26.27 0.7227193316379682
26.27 0.7227193316379682
26.27 0.7227193316379682
26.27 0.7227193316379682
26.27 0.7227193316379682
26.27 0.7227193316379682
26.27 0.7227193316379682
26.27 0.7227193316379682
26.27 0.7227193316379682
26.27 0.7227193316379682
26.27 0.7227193316379682
26.27 0.7227193316379682
26.27 0.7227193316379682
26.27 0.7227193316379682
26.27 0.7227193316379682
26.27 0.7227193316379682
26.27 0.7227193316379682
26.27 0.7227193316379682
26.27 0.7227193316379682
26.27 0.7227193316379682
26.27 0.7227193316379682
26.27 0.7227193316379682
26.27 0.7227193316379682
26.27 0.7227193316379682
26.27 0.7227193316379682
26.27 0.7227193316379682
26.27 0.7227193316379682
26.27 0.7227193316379682
26.27 0.7227193316379682
26.27 0.7227193316379682
26.27 0.7227193316379682
26.27 0.7227193316379682
26.27 0.7227193316379682
26.27 0.7227193316379682
26.27 0.7227193316379682
26.28 0.7118052168020879
26.28 0.7118052168020879
26.28 0.7118052168020879
26.29 0.7288430017583493
26.29 0.7288430017583493
26.29 0.7288430017583493
26.29 0.7288430017583493
26.29 0.7288430017583493
26.29 0.7288430017583493
26.3 0.7453559924999306
26.3 0.7453559924999306
26.3 0.7453559924999306
26.3 0.7453559924999306
26.3 0.7453559924999306
26.3 0.7453559924999306
26.3 0.7453559924999306
26.3 0.7453559924999306
26.3 0.7453559924999306
26.3 0.7453559924999306
26.3 0.7453559924999306
26.3 0.7453559924999306
26.31 0.7343656645656371
26.31 0.7343656645656371
26.31 0.7343656645656371
26.31 0.7343656645656371
26.31 0.7343656645656371
26.31 0.7343656645656371
26.31 0.7343656645656371
26.31 0.7343656645656371
26.31 0.7343656645656371
26.31 0.7343656645656371
26.31 0.7343656645656371
26.32 0.7369058983549419
26.32 0.7369058983549419
26.33 0.7393007889659365
26.33 0.7393007889659365
26.33 0.7393007889659365
26.33 0.7393007889659365
26.33 0.7393007889659365
26.33 0.7393007889659365
26.33 0.7393007889659365
26.33 0.7393007889659365
26.33 0.7393007889659365
26.33 0.7393007889659365
26.33 0.7393007889659365
26.33 0.7393007889659365
26.33 0.7393007889659365
26.33 0.7393007889659365
26.33 0.7393007889659365
26.33 0.7393007889659365
26.34 0.7415517445863036
26.34 0.7415517445863036
26.34 0.7415517445863036
26.34 0.7415517445863036
26.34 0.7415517445863036
26.34 0.7415517445863036
26.34 0.7415517445863036
26.35 0.74366007223079
26.35 0.74366007223079
26.35 0.74366007223079
26.35 0.74366007223079
26.35 0.74366007223079
26.35 0.74366007223079
26.35 0.74366007223079
26.35 0.74366007223079
26.35 0.74366007223079
26.35 0.74366007223079
26.35 0.74366007223079
26.35 0.74366007223079
26.35 0.74366007223079
26.35 0.74366007223079
26.36 0.745626981780833
26.36 0.745626981780833
26.36 0.745626981780833
26.36 0.745626981780833
26.36 0.745626981780833
26.36 0.745626981780833
26.36 0.745626981780833
26.36 0.745626981780833
26.36 0.745626981780833
26.36 0.745626981780833
26.36 0.745626981780833
26.36 0.745626981780833
26.36 0.745626981780833
26.36 0.745626981780833
26.36 0.745626981780833
26.36 0.745626981780833
26.36 0.745626981780833
26.36 0.745626981780833
26.37 0.747453589654147
26.37 0.747453589654147
26.37 0.747453589654147
26.37 0.747453589654147
26.37 0.747453589654147
26.37 0.747453589654147
26.37 0.747453589654147
26.38 0.7355338884171827
26.38 0.7355338884171827
26.38 0.7355338884171827
26.38 0.7355338884171827
26.38 0.7355338884171827
26.38 0.7355338884171827
26.38 0.7355338884171827
26.38 0.7355338884171827
26.38 0.7355338884171827
26.38 0.7355338884171827
26.38 0.7355338884171827
26.38 0.7355338884171827
26.38 0.7355338884171827
26.38 0.7355338884171827
26.38 0.7355338884171827
26.38 0.7355338884171827
26.38 0.7355338884171827
26.39 0.7371114795831986
26.39 0.7371114795831986
26.39 0.7371114795831986
26.39 0.7371114795831986
26.39 0.7371114795831986
26.39 0.7371114795831986
26.39 0.7371114795831986
26.39 0.7371114795831986
26.39 0.7371114795831986
26.39 0.7371114795831986
26.39 0.7371114795831986
26.39 0.7371114795831986
26.39 0.7371114795831986
26.39 0.7371114795831986
26.39 0.7371114795831986
26.39 0.7371114795831986
26.39 0.7371114795831986
26.39 0.7371114795831986
26.39 0.7371114795831986
26.39 0.7371114795831986
26.39 0.7371114795831986
26.39 0.7371114795831986
26.39 0.7371114795831986
26.4 0.7247430753394782
26.4 0.7247430753394782
26.41 0.7260659179246178
26.41 0.7260659179246178
26.41 0.7260659179246178
26.41 0.7260659179246178
26.41 0.7260659179246178
26.41 0.7260659179246178
26.42 0.7132228744837537
26.42 0.7132228744837537
26.42 0.7132228744837537
26.42 0.7132228744837537
26.42 0.7132228744837537
26.42 0.7132228744837537
26.42 0.7132228744837537
26.42 0.7132228744837537
26.42 0.7132228744837537
26.42 0.7132228744837537
26.42 0.7132228744837537
26.42 0.7132228744837537
26.42 0.7132228744837537
26.42 0.7132228744837537
26.42 0.7132228744837537
26.42 0.7132228744837537
26.42 0.7132228744837537
26.42 0.7132228744837537
26.42 0.7132228744837537
26.42 0.7132228744837537
26.42 0.7132228744837537
26.42 0.7132228744837537
26.42 0.7132228744837537
26.42 0.7132228744837537
26.42 0.7132228744837537
26.42 0.7132228744837537
26.42 0.7132228744837537
26.42 0.7132228744837537
26.42 0.7132228744837537
26.42 0.7132228744837537
26.42 0.7132228744837537
26.42 0.7132228744837537
26.42 0.7132228744837537
26.42 0.7132228744837537
26.42 0.7132228744837537
26.42 0.7132228744837537
26.42 0.7132228744837537
26.42 0.7132228744837537
26.42 0.7132228744837537
26.42 0.7132228744837537
26.42 0.7132228744837537
26.42 0.7132228744837537
26.42 0.7132228744837537
26.42 0.7132228744837537
26.43 0.6999999999999995
26.43 0.6999999999999995
26.43 0.6999999999999995
26.43 0.6999999999999995
26.43 0.6999999999999995
26.43 0.6999999999999995
26.43 0.6999999999999995
26.43 0.6999999999999995
26.43 0.6999999999999995
26.43 0.6999999999999995
26.43 0.6999999999999995
26.43 0.6999999999999995
26.43 0.6999999999999995
26.43 0.6999999999999995
26.43 0.6999999999999995
26.43 0.6999999999999995
26.43 0.6999999999999995
26.43 0.6999999999999995
26.43 0.6999999999999995
26.43 0.6999999999999995
26.43 0.6999999999999995
26.43 0.6999999999999995
26.43 0.6999999999999995
26.43 0.6999999999999995
26.43 0.6999999999999995
26.43 0.6999999999999995
26.43 0.6999999999999995
26.43 0.6999999999999995
26.43 0.6999999999999995
26.43 0.6999999999999995
26.43 0.6999999999999995
26.44 0.7009373233842895
26.44 0.7009373233842895
26.44 0.7009373233842895
26.44 0.7009373233842895
26.44 0.7009373233842895
26.44 0.7009373233842895
26.44 0.7009373233842895
26.44 0.7009373233842895
26.44 0.7009373233842895
26.44 0.7009373233842895
26.44 0.7009373233842895
26.44 0.7009373233842895
26.44 0.7009373233842895
26.44 0.7009373233842895
26.44 0.7009373233842895
26.44 0.7009373233842895
26.44 0.7009373233842895
26.44 0.7009373233842895
26.44 0.7009373233842895
26.44 0.7009373233842895
26.44 0.7009373233842895
26.44 0.7009373233842895
26.44 0.7009373233842895
26.44 0.7009373233842895
26.44 0.7009373233842895
26.44 0.7009373233842895
26.44 0.7009373233842895
26.44 0.7009373233842895
26.44 0.7009373233842895
26.45 0.715979233376404
26.45 0.715979233376404
26.45 0.715979233376404
26.45 0.715979233376404
26.45 0.715979233376404
26.45 0.715979233376404
26.45 0.715979233376404
26.45 0.715979233376404
26.45 0.715979233376404
26.45 0.715979233376404
26.45 0.715979233376404
26.45 0.715979233376404
26.45 0.715979233376404
26.45 0.715979233376404
26.45 0.715979233376404
26.45 0.715979233376404
26.45 0.715979233376404
26.45 0.715979233376404
26.45 0.715979233376404
26.45 0.715979233376404
26.45 0.715979233376404
26.45 0.715979233376404
26.45 0.715979233376404
26.45 0.715979233376404
26.45 0.715979233376404
26.45 0.715979233376404
26.45 0.715979233376404
26.45 0.715979233376404
26.45 0.715979233376404
26.45 0.715979233376404
26.45 0.715979233376404
26.46 0.7305733185227715
26.46 0.7305733185227715
26.46 0.7305733185227715
26.46 0.7305733185227715
26.46 0.7305733185227715
26.46 0.7305733185227715
26.46 0.7305733185227715
26.46 0.7305733185227715
26.46 0.7305733185227715
26.46 0.7305733185227715
26.46 0.7305733185227715
26.46 0.7305733185227715
26.46 0.7305733185227715
26.46 0.7305733185227715
26.46 0.7305733185227715
26.46 0.7305733185227715
26.46 0.7305733185227715
26.46 0.7305733185227715
26.46 0.7305733185227715
26.46 0.7305733185227715
26.46 0.7305733185227715
26.46 0.7305733185227715
26.46 0.7305733185227715
26.46 0.7305733185227715
26.46 0.7305733185227715
26.46 0.7305733185227715
26.46 0.7305733185227715
26.46 0.7305733185227715
26.46 0.7305733185227715
26.46 0.7305733185227715
26.46 0.7305733185227715
26.46 0.7305733185227715
26.46 0.7305733185227715
26.46 0.7305733185227715
26.46 0.7305733185227715
26.46 0.7305733185227715
26.46 0.7305733185227715
26.46 0.7305733185227715
26.46 0.7305733185227715
26.46 0.7305733185227715
26.46 0.7305733185227715
26.46 0.7305733185227715
26.46 0.7305733185227715
26.46 0.7305733185227715
26.46 0.7305733185227715
26.46 0.7305733185227715
26.46 0.7305733185227715
26.46 0.7305733185227715
26.46 0.7305733185227715
26.46 0.7305733185227715
26.46 0.7305733185227715
26.46 0.7305733185227715
26.46 0.7305733185227715
26.46 0.7305733185227715
26.46 0.7305733185227715
26.46 0.7305733185227715
26.46 0.7305733185227715
26.46 0.7305733185227715
26.46 0.7305733185227715
26.46 0.7305733185227715
26.46 0.7305733185227715
26.46 0.7305733185227715
26.46 0.7305733185227715
26.46 0.7305733185227715
26.46 0.7305733185227715
26.46 0.7305733185227715
26.46 0.7305733185227715
26.47 0.7310570733153775
26.47 0.7310570733153775
26.47 0.7310570733153775
26.47 0.7310570733153775
26.47 0.7310570733153775
26.47 0.7310570733153775
26.47 0.7310570733153775
26.47 0.7310570733153775
26.48 0.7314024165597868
26.49 0.7316095442601368
26.49 0.7316095442601368
26.49 0.7316095442601368
26.49 0.7316095442601368
26.49 0.7316095442601368
26.49 0.7316095442601368
26.49 0.7316095442601368
26.49 0.7316095442601368
26.49 0.7316095442601368
26.49 0.7316095442601368
26.49 0.7316095442601368
26.49 0.7316095442601368
26.49 0.7316095442601368
26.49 0.7316095442601368
26.49 0.7316095442601368
26.49 0.7316095442601368
26.49 0.7316095442601368
26.49 0.7316095442601368
26.49 0.7316095442601368
26.49 0.7316095442601368
26.49 0.7316095442601368
26.49 0.7316095442601368
26.49 0.7316095442601368
26.49 0.7316095442601368
26.49 0.7316095442601368
26.49 0.7316095442601368
26.49 0.7316095442601368
26.49 0.7316095442601368
26.49 0.7316095442601368
26.49 0.7316095442601368
26.49 0.7316095442601368
26.49 0.7316095442601368
26.49 0.7316095442601368
26.49 0.7316095442601368
26.49 0.7316095442601368
26.49 0.7316095442601368
26.49 0.7316095442601368
26.49 0.7316095442601368
26.49 0.7316095442601368
26.5 0.7177405625652734
26.5 0.7177405625652734
26.5 0.7177405625652734
26.5 0.7177405625652734
26.5 0.7177405625652734
26.5 0.7177405625652734
26.5 0.7177405625652734
26.5 0.7177405625652734
26.5 0.7177405625652734
26.5 0.7177405625652734
26.5 0.7177405625652734
26.5 0.7177405625652734
26.5 0.7177405625652734
26.51 0.7316095442601368
26.51 0.7316095442601368
26.51 0.7316095442601368
26.51 0.7316095442601368
26.52 0.7314024165597867
26.52 0.7314024165597867
26.52 0.7314024165597867
26.52 0.7314024165597867
26.52 0.7314024165597867
26.52 0.7314024165597867
26.52 0.7314024165597867
26.52 0.7314024165597867
26.53 0.7310570733153775
26.53 0.7310570733153775
26.53 0.7310570733153775
26.53 0.7310570733153775
26.53 0.7310570733153775
26.53 0.7310570733153775
26.53 0.7310570733153775
26.53 0.7310570733153775
26.54 0.7442710487042977
26.54 0.7442710487042977
26.54 0.7442710487042977
26.54 0.7442710487042977
26.54 0.7442710487042977
26.54 0.7442710487042977
26.54 0.7442710487042977
26.54 0.7442710487042977
26.54 0.7442710487042977
26.54 0.7442710487042977
26.54 0.7442710487042977
26.54 0.7442710487042977
26.54 0.7442710487042977
26.54 0.7442710487042977
26.54 0.7442710487042977
26.54 0.7442710487042977
26.54 0.7442710487042977
26.54 0.7442710487042977
26.54 0.7442710487042977
26.54 0.7442710487042977
26.54 0.7442710487042977
26.54 0.7442710487042977
26.54 0.7442710487042977
26.54 0.7442710487042977
26.54 0.7442710487042977
26.54 0.7442710487042977
26.54 0.7442710487042977
26.54 0.7442710487042977
26.54 0.7442710487042977
26.54 0.7442710487042977
26.54 0.7442710487042977
26.54 0.7442710487042977
26.54 0.7442710487042977
26.54 0.7442710487042977
26.54 0.7442710487042977
26.54 0.7442710487042977
26.54 0.7442710487042977
26.54 0.7442710487042977
26.54 0.7442710487042977
26.54 0.7442710487042977
26.54 0.7442710487042977
26.54 0.7442710487042977
26.54 0.7442710487042977
26.54 0.7442710487042977
26.54 0.7442710487042977
26.54 0.7442710487042977
26.54 0.7442710487042977
26.54 0.7442710487042977
26.54 0.7442710487042977
26.54 0.7442710487042977
26.54 0.7442710487042977
26.54 0.7442710487042977
26.54 0.7442710487042977
26.54 0.7442710487042977
26.54 0.7442710487042977
26.54 0.7442710487042977
26.54 0.7442710487042977
26.54 0.7442710487042977
26.54 0.7442710487042977
26.54 0.7442710487042977
26.55 0.7436600722307899
26.55 0.7436600722307899
26.55 0.7436600722307899
26.55 0.7436600722307899
26.55 0.7436600722307899
26.55 0.7436600722307899
26.55 0.7436600722307899
26.55 0.7436600722307899
26.55 0.7436600722307899
26.55 0.7436600722307899
26.55 0.7436600722307899
26.56 0.742912640839549
26.56 0.742912640839549
26.57 0.7420283421851621
26.57 0.7420283421851621
26.57 0.7420283421851621
26.57 0.7420283421851621
26.57 0.7420283421851621
26.57 0.7420283421851621
26.57 0.7420283421851621
26.57 0.7420283421851621
26.57 0.7420283421851621
26.57 0.7420283421851621
26.57 0.7420283421851621
26.57 0.7420283421851621
26.57 0.7420283421851621
26.57 0.7420283421851621
26.57 0.7420283421851621
26.57 0.7420283421851621
26.57 0.7420283421851621
26.57 0.7420283421851621
26.57 0.7420283421851621
26.57 0.7420283421851621
26.57 0.7420283421851621
26.57 0.7420283421851621
26.57 0.7420283421851621
26.57 0.7420283421851621
26.57 0.7420283421851621
26.57 0.7420283421851621
26.57 0.7420283421851621
26.57 0.7420283421851621
26.57 0.7420283421851621
26.57 0.7420283421851621
26.57 0.7420283421851621
26.57 0.7420283421851621
26.57 0.7420283421851621
26.57 0.7420283421851621
26.57 0.7420283421851621
26.57 0.7420283421851621
26.57 0.7420283421851621
26.57 0.7420283421851621
26.57 0.7420283421851621
26.58 0.7272474743090473
26.58 0.7272474743090473
26.58 0.7272474743090473
26.58 0.7272474743090473
26.58 0.7272474743090473
26.58 0.7272474743090473
26.59 0.7260659179246178
26.59 0.7260659179246178
26.59 0.7260659179246178
26.59 0.7260659179246178
26.6 0.738548945875996
26.6 0.738548945875996
26.6 0.738548945875996
26.6 0.738548945875996
26.6 0.738548945875996
26.6 0.738548945875996
26.6 0.738548945875996
26.6 0.738548945875996
26.6 0.738548945875996
26.6 0.738548945875996
26.6 0.738548945875996
26.6 0.738548945875996
26.6 0.738548945875996
26.6 0.738548945875996
26.6 0.738548945875996
26.6 0.738548945875996
26.6 0.738548945875996
26.61 0.7371114795831986
26.61 0.7371114795831986
26.62 0.7355338884171828
26.62 0.7355338884171828
26.62 0.7355338884171828
26.62 0.7355338884171828
26.62 0.7355338884171828
26.63 0.7338152686370389
26.63 0.7338152686370389
26.63 0.7338152686370389
26.63 0.7338152686370389
26.63 0.7338152686370389
26.63 0.7338152686370389
26.63 0.7338152686370389
26.64 0.7456269817808331
26.64 0.7456269817808331
26.64 0.7456269817808331
26.64 0.7456269817808331
26.64 0.7456269817808331
26.64 0.7456269817808331
26.64 0.7456269817808331
26.64 0.7456269817808331
26.64 0.7456269817808331
26.64 0.7456269817808331
26.64 0.7456269817808331
26.64 0.7456269817808331
26.64 0.7456269817808331
26.64 0.7456269817808331
26.64 0.7456269817808331
26.64 0.7456269817808331
26.64 0.7456269817808331
26.64 0.7456269817808331
26.64 0.7456269817808331
26.64 0.7456269817808331
26.64 0.7456269817808331
26.64 0.7456269817808331
26.64 0.7456269817808331
26.64 0.7456269817808331
26.64 0.7456269817808331
26.64 0.7456269817808331
26.64 0.7456269817808331
26.65 0.74366007223079
26.65 0.74366007223079
26.65 0.74366007223079
26.65 0.74366007223079
26.65 0.74366007223079
26.65 0.74366007223079
26.65 0.74366007223079
26.65 0.74366007223079
26.65 0.74366007223079
26.65 0.74366007223079
26.65 0.74366007223079
26.66 0.7415517445863036
26.66 0.7415517445863036
26.66 0.7415517445863036
26.66 0.7415517445863036
26.66 0.7415517445863036
26.66 0.7415517445863036
26.66 0.7415517445863036
26.66 0.7415517445863036
26.66 0.7415517445863036
26.66 0.7415517445863036
26.66 0.7415517445863036
26.66 0.7415517445863036
26.68 0.7504880566886617
26.68 0.7504880566886617
26.68 0.7504880566886617
26.68 0.7504880566886617
26.68 0.7504880566886617
26.68 0.7504880566886617
26.68 0.7504880566886617
26.68 0.7504880566886617
26.68 0.7504880566886617
26.68 0.7504880566886617
26.68 0.7504880566886617
26.68 0.7504880566886617
26.68 0.7504880566886617
26.68 0.7504880566886617
26.68 0.7504880566886617
26.68 0.7504880566886617
26.68 0.7504880566886617
26.68 0.7504880566886617
26.68 0.7504880566886617
26.68 0.7504880566886617
26.68 0.7504880566886617
26.68 0.7504880566886617
26.68 0.7504880566886617
26.68 0.7504880566886617
26.68 0.7504880566886617
26.68 0.7504880566886617
26.68 0.7504880566886617
26.68 0.7504880566886617
26.68 0.7504880566886617
26.68 0.7504880566886617
26.68 0.7504880566886617
26.68 0.7504880566886617
26.68 0.7504880566886617
26.68 0.7504880566886617
26.68 0.7504880566886617
26.68 0.7504880566886617
26.68 0.7504880566886617
26.68 0.7504880566886617
26.68 0.7504880566886617
26.68 0.7504880566886617
26.68 0.7504880566886617
26.68 0.7504880566886617
26.68 0.7504880566886617
26.68 0.7504880566886617
26.68 0.7504880566886617
26.68 0.7504880566886617
26.68 0.7504880566886617
26.68 0.7504880566886617
26.68 0.7504880566886617
26.68 0.7504880566886617
26.68 0.7504880566886617
26.68 0.7504880566886617
26.68 0.7504880566886617
26.68 0.7504880566886617
26.68 0.7504880566886617
26.68 0.7504880566886617
26.68 0.7504880566886617
26.68 0.7504880566886617
26.68 0.7504880566886617
26.68 0.7504880566886617
26.68 0.7504880566886617
26.68 0.7504880566886617
26.69 0.7479939501726937
26.69 0.7479939501726937
26.69 0.7479939501726937
26.7 0.7453559924999306
26.7 0.7453559924999306
26.71 0.7560530150830439
26.71 0.7560530150830439
26.71 0.7560530150830439
26.71 0.7560530150830439
26.71 0.7560530150830439
26.71 0.7560530150830439
26.71 0.7560530150830439
26.71 0.7560530150830439
26.71 0.7560530150830439
26.71 0.7560530150830439
26.71 0.7560530150830439
26.71 0.7560530150830439
26.71 0.7560530150830439
26.71 0.7560530150830439
26.71 0.7560530150830439
26.71 0.7560530150830439
26.71 0.7560530150830439
26.71 0.7560530150830439
26.71 0.7560530150830439
26.71 0.7560530150830439
26.71 0.7560530150830439
26.71 0.7560530150830439
26.71 0.7560530150830439
26.71 0.7560530150830439
26.71 0.7560530150830439
26.71 0.7560530150830439
26.71 0.7560530150830439
26.71 0.7560530150830439
26.71 0.7560530150830439
26.71 0.7560530150830439
26.71 0.7560530150830439
26.71 0.7560530150830439
26.71 0.7560530150830439
26.71 0.7560530150830439
26.71 0.7560530150830439
26.71 0.7560530150830439
26.71 0.7560530150830439
26.71 0.7560530150830439
26.71 0.7560530150830439
26.71 0.7560530150830439
26.71 0.7560530150830439
26.71 0.7560530150830439
26.71 0.7560530150830439
26.72 0.753175097353018
26.72 0.753175097353018
26.72 0.753175097353018
26.72 0.753175097353018
26.72 0.753175097353018
26.72 0.753175097353018
26.72 0.753175097353018
26.72 0.753175097353018
26.72 0.753175097353018
26.72 0.753175097353018
26.72 0.753175097353018
26.72 0.753175097353018
26.72 0.753175097353018
26.72 0.753175097353018
26.72 0.753175097353018
26.72 0.753175097353018
26.72 0.753175097353018
26.72 0.753175097353018
26.72 0.753175097353018
26.72 0.753175097353018
26.73 0.7634980634744873
26.73 0.7634980634744873
26.73 0.7634980634744873
26.73 0.7634980634744873
26.73 0.7634980634744873
26.73 0.7634980634744873
26.73 0.7634980634744873
26.73 0.7634980634744873
26.73 0.7634980634744873
26.73 0.7634980634744873
26.73 0.7634980634744873
26.73 0.7634980634744873
26.73 0.7634980634744873
26.73 0.7634980634744873
26.73 0.7634980634744873
26.73 0.7634980634744873
26.73 0.7634980634744873
26.73 0.7634980634744873
26.73 0.7634980634744873
26.73 0.7634980634744873
26.73 0.7634980634744873
26.73 0.7634980634744873
26.73 0.7634980634744873
26.73 0.7634980634744873
26.73 0.7634980634744873
26.73 0.7634980634744873
26.73 0.7634980634744873
26.73 0.7634980634744873
26.73 0.7634980634744873
26.73 0.7634980634744873
26.73 0.7634980634744873
26.73 0.7634980634744873
26.73 0.7634980634744873
26.73 0.7634980634744873
26.73 0.7634980634744873
26.73 0.7634980634744873
26.73 0.7634980634744873
26.73 0.7634980634744873
26.73 0.7634980634744873
26.73 0.7634980634744873
26.73 0.7634980634744873
26.73 0.7634980634744873
26.73 0.7634980634744873
26.73 0.7634980634744873
26.73 0.7634980634744873
26.73 0.7634980634744873
26.73 0.7634980634744873
26.73 0.7634980634744873
26.73 0.7634980634744873
26.73 0.7634980634744873
26.73 0.7634980634744873
26.73 0.7634980634744873
26.73 0.7634980634744873
26.73 0.7634980634744873
26.73 0.7634980634744873
26.73 0.7634980634744873
26.74 0.773552737946055
26.74 0.773552737946055
26.74 0.773552737946055
26.74 0.773552737946055
26.74 0.773552737946055
26.74 0.773552737946055
26.74 0.773552737946055
26.74 0.773552737946055
26.74 0.773552737946055
26.74 0.773552737946055
26.74 0.773552737946055
26.74 0.773552737946055
26.74 0.773552737946055
26.74 0.773552737946055
26.74 0.773552737946055
26.74 0.773552737946055
26.74 0.773552737946055
26.74 0.773552737946055
26.74 0.773552737946055
26.74 0.773552737946055
26.74 0.773552737946055
26.74 0.773552737946055
26.74 0.773552737946055
26.74 0.773552737946055
26.74 0.773552737946055
26.74 0.773552737946055
26.74 0.773552737946055
26.75 0.7703468981143128
26.75 0.7703468981143128
26.75 0.7703468981143128
26.75 0.7703468981143128
26.75 0.7703468981143128
26.75 0.7703468981143128
26.75 0.7703468981143128
26.75 0.7703468981143128
26.75 0.7703468981143128
26.75 0.7703468981143128
26.75 0.7703468981143128
26.75 0.7703468981143128
26.75 0.7703468981143128
26.75 0.7703468981143128
26.75 0.7703468981143128
26.75 0.7703468981143128
26.75 0.7703468981143128
26.75 0.7703468981143128
26.76 0.7537113559452379
26.76 0.7537113559452379
26.76 0.7537113559452379
26.76 0.7537113559452379
26.76 0.7537113559452379
26.76 0.7537113559452379
26.76 0.7537113559452379
26.76 0.7537113559452379
26.76 0.7537113559452379
26.76 0.7537113559452379
26.76 0.7537113559452379
26.76 0.7537113559452379
26.76 0.7537113559452379
26.76 0.7537113559452379
26.76 0.7537113559452379
26.76 0.7537113559452379
26.76 0.7537113559452379
26.76 0.7537113559452379
26.76 0.7537113559452379
26.76 0.7537113559452379
26.76 0.7537113559452379
26.76 0.7537113559452379
26.76 0.7537113559452379
26.76 0.7537113559452379
26.76 0.7537113559452379
26.76 0.7537113559452379
26.76 0.7537113559452379
26.76 0.7537113559452379
26.76 0.7537113559452379
26.76 0.7537113559452379
26.76 0.7537113559452379
26.76 0.7537113559452379
26.76 0.7537113559452379
26.76 0.7537113559452379
26.76 0.7537113559452379
26.76 0.7537113559452379
26.76 0.7537113559452379
26.76 0.7537113559452379
26.77 0.7501514998500459
26.77 0.7501514998500459
26.77 0.7501514998500459
26.77 0.7501514998500459
26.77 0.7501514998500459
26.77 0.7501514998500459
26.77 0.7501514998500459
26.77 0.7501514998500459
26.77 0.7501514998500459
26.78 0.7464393593398716
26.78 0.7464393593398716
26.78 0.7464393593398716
26.78 0.7464393593398716
26.78 0.7464393593398716
26.78 0.7464393593398716
26.78 0.7464393593398716
26.78 0.7464393593398716
26.78 0.7464393593398716
26.78 0.7464393593398716
26.78 0.7464393593398716
26.78 0.7464393593398716
26.78 0.7464393593398716
26.78 0.7464393593398716
26.78 0.7464393593398716
26.78 0.7464393593398716
26.78 0.7464393593398716
26.78 0.7464393593398716
26.78 0.7464393593398716
26.78 0.7464393593398716
26.78 0.7464393593398716
26.78 0.7464393593398716
26.78 0.7464393593398716
26.79 0.7425726505966547
26.79 0.7425726505966547
26.79 0.7425726505966547
26.79 0.7425726505966547
26.79 0.7425726505966547
26.79 0.7425726505966547
26.79 0.7425726505966547
26.79 0.7425726505966547
26.79 0.7425726505966547
26.79 0.7425726505966547
26.79 0.7425726505966547
26.79 0.7425726505966547
26.79 0.7425726505966547
26.79 0.7425726505966547
26.79 0.7425726505966547
26.79 0.7425726505966547
26.79 0.7425726505966547
26.79 0.7425726505966547
26.79 0.7425726505966547
26.79 0.7425726505966547
26.79 0.7425726505966547
26.79 0.7425726505966547
26.79 0.7425726505966547
26.79 0.7425726505966547
26.8 0.7385489458759961
26.8 0.7385489458759961
26.8 0.7385489458759961
26.8 0.7385489458759961
26.8 0.7385489458759961
26.8 0.7385489458759961
26.8 0.7385489458759961
26.8 0.7385489458759961
26.8 0.7385489458759961
26.8 0.7385489458759961
26.8 0.7385489458759961
26.8 0.7385489458759961
26.8 0.7385489458759961
26.8 0.7385489458759961
26.8 0.7385489458759961
26.8 0.7385489458759961
26.8 0.7385489458759961
26.8 0.7385489458759961
26.8 0.7385489458759961
26.81 0.7343656645656362
26.81 0.7343656645656362
26.81 0.7343656645656362
26.81 0.7343656645656362
26.81 0.7343656645656362
26.81 0.7343656645656362
26.82 0.7437279832918174
26.82 0.7437279832918174
26.82 0.7437279832918174
26.82 0.7437279832918174
26.82 0.7437279832918174
26.82 0.7437279832918174
26.82 0.7437279832918174
26.82 0.7437279832918174
26.82 0.7437279832918174
26.82 0.7437279832918174
26.82 0.7437279832918174
26.82 0.7437279832918174
26.82 0.7437279832918174
26.82 0.7437279832918174
26.82 0.7437279832918174
26.82 0.7437279832918174
26.82 0.7437279832918174
26.82 0.7437279832918174
26.82 0.7437279832918174
26.82 0.7437279832918174
26.82 0.7437279832918174
26.82 0.7437279832918174
26.82 0.7437279832918174
26.82 0.7437279832918174
26.82 0.7437279832918174
26.82 0.7437279832918174
26.82 0.7437279832918174
26.82 0.7437279832918174
26.82 0.7437279832918174
26.82 0.7437279832918174
26.82 0.7437279832918174
26.82 0.7437279832918174
26.82 0.7437279832918174
26.82 0.7437279832918174
26.82 0.7437279832918174
26.82 0.7437279832918174
26.82 0.7437279832918174
26.82 0.7437279832918174
26.82 0.7437279832918174
26.82 0.7437279832918174
26.82 0.7437279832918174
26.83 0.7528397417562893
26.83 0.7528397417562893
26.83 0.7528397417562893
26.83 0.7528397417562893
26.83 0.7528397417562893
26.83 0.7528397417562893
26.83 0.7528397417562893
26.84 0.7483314773547877
26.84 0.7483314773547877
26.84 0.7483314773547877
26.84 0.7483314773547877
26.84 0.7483314773547877
26.84 0.7483314773547877
26.84 0.7483314773547877
26.84 0.7483314773547877
26.84 0.7483314773547877
26.84 0.7483314773547877
26.84 0.7483314773547877
26.84 0.7483314773547877
26.84 0.7483314773547877
26.84 0.7483314773547877
26.84 0.7483314773547877
26.84 0.7483314773547877
26.84 0.7483314773547877
26.84 0.7483314773547877
26.84 0.7483314773547877
26.84 0.7483314773547877
26.84 0.7483314773547877
26.84 0.7483314773547877
26.84 0.7483314773547877
26.84 0.7483314773547877
26.84 0.7483314773547877
26.84 0.7483314773547877
26.84 0.7483314773547877
26.84 0.7483314773547877
26.84 0.7483314773547877
26.84 0.7483314773547877
26.84 0.7483314773547877
26.84 0.7483314773547877
26.84 0.7483314773547877
26.84 0.7483314773547877
26.84 0.7483314773547877
26.84 0.7483314773547877
26.84 0.7483314773547877
26.84 0.7483314773547877
26.84 0.7483314773547877
26.84 0.7483314773547877
26.84 0.7483314773547877
26.84 0.7483314773547877
26.84 0.7483314773547877
26.84 0.7483314773547877
26.84 0.7483314773547877
26.84 0.7483314773547877
26.85 0.7571210756756966
26.85 0.7571210756756966
26.85 0.7571210756756966
26.85 0.7571210756756966
26.85 0.7571210756756966
26.85 0.7571210756756966
26.85 0.7571210756756966
26.85 0.7571210756756966
26.85 0.7571210756756966
26.85 0.7571210756756966
26.86 0.7523699927964996
26.86 0.7523699927964996
26.86 0.7523699927964996
26.86 0.7523699927964996
26.86 0.7523699927964996
26.86 0.7523699927964996
26.86 0.7523699927964996
26.86 0.7523699927964996
26.86 0.7523699927964996
26.86 0.7523699927964996
26.86 0.7523699927964996
26.86 0.7523699927964996
26.86 0.7523699927964996
26.86 0.7523699927964996
26.86 0.7523699927964996
26.86 0.7523699927964996
