19.56 1.0666666666666664
19.55 1.0766108438479096
19.57 1.0565333057990296
19.61 1.0814785987692779
19.62 1.061540713712238
19.64 1.0779704086941346
19.63 1.0603506185896412
19.67 1.0254833794928928
19.69 1.0415121097459568
19.69 1.0317681205316696
19.74 1.0407844749189545
19.78 1.0207939077111516
19.77 1.043062700886096
19.77 1.0527021507443677
19.78 1.0878576852853248
19.79 1.0664298979645719
19.82 1.0766577539738047
19.82 1.085999051285929
19.83 1.0736043324364264
19.83 1.0736043324364266
19.83 1.064154238080291
19.81 1.0702119114238708
19.83 1.1106008929558566
19.85 1.104398917826782
19.86 1.0919355440332685
19.89 1.0907786117255789
19.9 1.0871146130092189
19.89 1.081478598769278
19.9 1.0871146130092189
19.91 1.0926291154085108
19.91 1.0926291154085108
19.89 1.0907786117255789
19.94 1.0900838629586391
19.95 1.0952145677879517
19.99 1.087068154127041
20.0 1.0824588545146516
20.0 1.0917505172516255
20.02 1.0728984626287392
20.03 1.0866964115653883
20.05 1.0952145677879517
20.09 1.0926291154085108
20.12 1.0662878115076138
20.2 1.0444659357341877
20.21 1.1127815725841386
20.23 1.0811049342167844
20.25 1.122542208605543
20.24 1.1202452833864083
20.24 1.1381359915904314
20.27 1.1178532817843132
20.28 1.1108282468227908
20.33 1.1014682579322594
20.34 1.0845098506521804
20.35 1.0859525446781413
20.37 1.0885538548686946
20.39 1.11821466651267
20.39 1.1272116307979003
20.4 1.1370704872299218
20.42 1.129762646029526
20.44 1.1038957643663003
20.45 1.1043989178267828
20.48 1.1053588475324119
20.48 1.1053588475324119
20.48 1.1144596008919307
20.51 1.141459282203835
20.53 1.1586739198433929
20.56 1.15749642755301
20.57 1.156929059400294
20.62 1.1701679064531423
20.65 1.2007993970348219
20.65 1.2007993970348219
20.67 1.231366162545743
20.67 1.2395421116140626
20.7 1.226804998787707
20.71 1.233333333333334
20.72 1.2397458195007942
20.74 1.2359922199094813
20.76 1.248190609634521
20.78 1.2438129710976267
20.82 1.2340292876703869
20.83 1.2395421116140617
20.84 1.2610721748984193
20.84 1.2610721748984193
20.85 1.250252499750075
20.87 1.2444218973426413
20.89 1.2463684621468667
20.91 1.2316942425255983
20.93 1.2492826224305986
20.94 1.2538425786841083
20.95 1.2583057392117913
20.97 1.2669457427812432
21.0 1.247219128924647
21.03 1.2748935388311984
21.05 1.2583057392117918
21.06 1.2618729065651715
21.08 1.268738337758015
21.11 1.2862520921049834
21.12 1.2814133611056975
21.13 1.2843659757234154
21.13 1.2843659757234154
21.13 1.2843659757234154
21.15 1.2978225742925846
21.17 1.2875079680051573
21.19 1.2925192689496203
21.21 1.3049633301090469
21.24 1.3266499161421594
21.28 1.3638922318871152
21.3 1.381698559415515
21.3 1.381698559415515
21.31 1.3831233867700676
21.31 1.412033421643547
21.33 1.4146063449281978
21.36 1.4391355429948611
21.4 1.4142135623730951
21.4 1.4142135623730951
21.42 1.422616738211098
21.43 1.4302291968616625
21.45 1.4097424365371625
21.45 1.4168894655461859
21.48 1.4247452368402531
21.5 1.42488702369803
21.51 1.4319231964054642
21.53 1.4456832294800965
21.55 1.4451241601965688
21.57 1.4160337266998684
21.58 1.4154986272110486
21.58 1.4154986272110486
21.61 1.4134634016764585
21.62 1.419773776260703
21.63 1.4259853938362563
21.65 1.4520970554979635
21.68 1.4486496673060256
21.71 1.4722689148303572
21.75 1.5
21.79 1.5195360801869433
21.8 1.5242153139344603
21.84 1.5421354733556383
21.85 1.5398740601789875
21.85 1.5398740601789875
21.87 1.554758092846835
21.87 1.554758092846835
21.9 1.5731330124142315
21.92 1.5997474548165171
21.94 1.6132031001781033
21.96 1.6012621284600486
21.97 1.5919938581679407
21.98 1.5826074891287687
21.98 1.5826074891287687
22.0 1.5954480704349312
22.01 1.5985789143656766
22.04 1.613829124921361
22.06 1.619452457661621
22.11 1.6136726415042788
22.12 1.6408916029175271
22.13 1.6493341172433895
22.14 1.6515679724663972
22.14 1.6515679724663972
22.15 1.6719612870681384
22.18 1.678021923503259
22.19 1.6799170253679827
22.22 1.661081551035925
22.22 1.661081551035925
22.22 1.661081551035925
22.24 1.6582819392066561
22.25 1.6719612870681382
22.26 1.6734407788756795
22.28 1.6882242179583267
22.29 1.6895101196632252
22.31 1.7097167347637765
22.32 1.7167034417949725
22.32 1.7167034417949725
22.33 1.7059314230654241
22.39 1.7401671811012336
22.41 1.7700938741299348
22.42 1.7819521697715501
22.44 1.7940417661208052
22.45 1.7943514064131831
22.45 1.7943514064131831
22.46 1.805826708466264
22.49 1.8449768003797218
22.51 1.8613289485057325
22.51 1.8613289485057325
22.54 1.8554859963977848
22.56 1.8712066004089825
22.56 1.8712066004089825
22.56 1.8712066004089825
22.57 1.8600260669401851
22.58 1.8758432447269897
22.58 1.8758432447269897
22.62 1.9057594790317047
22.65 1.908910525388602
22.66 1.9133766228869051
22.68 1.9326017424574293
22.69 1.936856768430267
22.72 1.9388635638414353
22.72 1.9388635638414353
22.72 1.9388635638414353
22.73 1.9480889366377778
22.74 1.936465592232145
22.76 1.9338557287962252
22.78 1.925795126353494
22.79 1.9295417365611227
22.79 1.9295417365611227
22.79 1.9295417365611227
22.79 1.9295417365611227
22.81 1.926398219738095
22.82 1.9352132970426048
22.83 1.9439364415764444
22.85 1.9611118264799685
22.89 1.9893402794581787
22.89 1.9893402794581787
22.89 1.9893402794581787
22.91 2.0055226780371287
22.92 1.9983831848610403
22.93 2.0113566455394114
22.95 1.986698189703131
22.96 1.9945379961740066
22.96 1.9945379961740066
23.0 2.0150945537631877
23.02 2.0299773596786945
23.02 2.0299773596786945
23.05 2.066446713613013
23.06 2.0783637697948745
23.07 2.090164557825024
23.09 2.0942200399570194
23.09 2.0942200399570194
23.1 2.105788079162629
23.1 2.105788079162629
23.1 2.105788079162629
23.1 2.105788079162629
23.11 2.1124689944529953
23.13 2.1160999002596235
23.14 2.1273590589405846
23.15 2.1147629234082537
23.15 2.1147629234082537
23.17 2.1132339141130534
23.19 2.1305616464427706
23.21 2.15225979431439
23.23 2.168903274501058
23.25 2.157322508119823
23.27 2.173555482232611
23.28 2.17924090203238
23.29 2.1894835883921093
23.29 2.1894835883921093
23.32 2.201376979542714
23.33 2.206761876550793
23.33 2.206761876550793
23.37 2.218630936483856
23.37 2.218630936483856
23.38 2.2328131461128904
23.39 2.2242692591891244
23.4 2.2338081810887407
23.4 2.2338081810887407
23.41 2.234237718287421
23.42 2.2210198767524107
23.42 2.2210198767524107
23.43 2.2168090635511266
23.44 2.226198462841891
23.44 2.226198462841891
23.44 2.226198462841891
23.44 2.226198462841891
23.45 2.235503242555185
23.45 2.235503242555185
23.47 2.235864689351951
23.48 2.2449944320643644
23.48 2.2449944320643644
23.48 2.2449944320643644
23.5 2.23606797749979
23.5 2.23606797749979
23.5 2.23606797749979
23.5 2.23606797749979
23.51 2.2315234638463854
23.52 2.2404905667728165
23.53 2.2493770181312325
23.54 2.235706563568627
23.55 2.2445219508569716
23.56 2.2397691078693036
23.57 2.2484787225269813
23.58 2.2571099783895017
23.58 2.2571099783895017
23.6 2.260776661041756
23.6 2.260776661041756
23.61 2.2692276085474417
23.61 2.2692276085474417
23.61 2.2692276085474417
23.62 2.2553191894861904
23.66 2.2751179345611106
23.67 2.278822130625886
23.69 2.2772258508451846
23.7 2.2896340848319507
23.69 2.250454499550136
23.7 2.24058073280166
23.71 2.248658410355973
23.72 2.25666241439105
23.71 2.244161898407205
23.71 2.244161898407205
23.71 2.244161898407205
23.72 2.2521818826025624
23.73 2.24218057644199
23.74 2.254602475655591
23.76 2.274673913804222
23.76 2.2702289298525375
23.78 2.2899869877447796
23.78 2.2899869877447796
23.78 2.2899869877447796
23.77 2.282365421923473
23.77 2.282365421923473
23.77 2.282365421923473
23.78 2.2899869877447796
23.79 2.297539307321392
23.8 2.2830070547681647
23.81 2.272785857830772
23.81 2.2772258508451855
23.8 2.2652401928522123
23.82 2.2624738404648768
23.85 2.2802401078603443
23.84 2.268448497510707
23.84 2.268448497510707
23.85 2.2802401078603443
23.84 2.268448497510707
23.85 2.2802401078603443
23.85 2.2802401078603443
23.85 2.2802401078603443
23.87 2.2814801150024326
23.87 2.2814801150024326
23.88 2.293072571503531
23.88 2.293072571503531
23.88 2.293072571503531
23.88 2.293072571503531
23.89 2.3045628871892587
23.89 2.300175663032733
23.89 2.300175663032733
23.88 2.288663321237922
23.89 2.300175663032733
23.88 2.288663321237922
23.89 2.300175663032733
23.9 2.311586975096189
23.89 2.300175663032733
23.89 2.300175663032733
23.9 2.3115869750961884
23.9 2.2852182001336825
23.89 2.2736745500611892
23.9 2.258541587177466
23.9 2.258541587177466
23.91 2.256729554649447
23.92 2.2682703774132618
23.92 2.2682703774132618
23.93 2.2574455931562563
23.93 2.2349609627576275
23.94 2.2465236893628986
23.93 2.2349609627576275
23.93 2.2349609627576275
23.95 2.2579824730242803
23.94 2.2465236893628986
23.94 2.2465236893628986
23.94 2.2465236893628986
23.94 2.2465236893628986
23.96 2.269338888288613
23.95 2.2579824730242803
23.95 2.2579824730242803
23.96 2.2469732728470313
23.98 2.251733339075263
23.97 2.2403778541337465
23.99 2.2629872096658232
23.99 2.2629872096658232
23.98 2.251733339075263
23.98 2.251733339075263
23.98 2.251733339075263
23.99 2.231523463846385
23.98 2.2246552337589107
23.97 2.217720187102699
23.98 2.2291910930409116
23.98 2.2246552337589107
23.98 2.2246552337589107
23.98 2.2246552337589107
23.98 2.2246552337589107
23.98 2.2246552337589107
23.98 2.2246552337589107
23.98 2.2246552337589107
23.99 2.2133433734712034
23.99 2.2133433734712034
24.0 2.2247460415730487
24.0 2.2247460415730487
24.0 2.2247460415730487
23.98 2.2064185523791338
23.99 2.21790236689781
24.0 2.2247460415730487
24.0 2.2247460415730487
24.01 2.2360453908404887
24.01 2.2360453908404887
24.01 2.2360453908404887
24.0 2.2247460415730487
24.0 2.2247460415730487
24.0 2.2247460415730487
24.0 2.2247460415730487
24.01 2.2133433734712047
24.01 2.2133433734712047
24.01 2.2133433734712047
24.01 2.2133433734712047
24.01 2.2133433734712047
24.02 2.20183578136082
24.03 2.194828632780411
24.03 2.194828632780411
24.03 2.194828632780411
24.03 2.194828632780411
24.04 2.1877528713871306
24.04 2.1877528713871306
24.05 2.1990585680828487
24.05 2.1990585680828487
24.04 2.1877528713871306
24.05 2.1990585680828487
24.06 2.2148260756670144
24.05 2.2082261266144436
24.06 2.2011016525477616
24.06 2.2011016525477616
24.06 2.2011016525477616
24.06 2.2011016525477616
24.07 2.2122478170495277
24.09 2.2387541629263823
24.08 2.227831304931395
24.08 2.227831304931395
24.08 2.227831304931395
24.07 2.216809063551126
24.07 2.216809063551126
24.07 2.216809063551126
24.07 2.216809063551126
24.08 2.2096208368007937
24.09 2.2206332703109997
24.09 2.2206332703109997
24.1 2.2315460962745055
24.09 2.2206332703109997
24.09 2.2206332703109997
24.08 2.2096208368007937
24.08 2.2096208368007937
24.09 2.2206332703109997
24.09 2.2206332703109997
24.1 2.2315460962745055
24.11 2.242360768962437
24.12 2.2530787017686786
24.11 2.242360768962437
24.11 2.242360768962437
24.12 2.2530787017686786
24.12 2.2530787017686786
24.13 2.2637012687948537
24.12 2.2530787017686786
24.12 2.2530787017686786
24.12 2.2530787017686786
24.12 2.2530787017686786
24.11 2.242360768962437
24.11 2.242360768962437
24.13 2.2637012687948537
24.14 2.274229806356697
24.13 2.2637012687948537
24.13 2.2637012687948537
24.14 2.274229806356697
24.15 2.284665614416467
24.15 2.284665614416467
24.15 2.284665614416467
24.16 2.2950099579458705
24.15 2.284665614416467
24.15 2.284665614416467
24.16 2.272896963362089
24.16 2.272896963362089
24.17 2.25655050952116
24.18 2.2400396821881947
24.18 2.2400396821881947
24.19 2.2549384636276613
24.19 2.2549384636276613
24.19 2.2549384636276613
24.19 2.2549384636276613
24.19 2.2549384636276613
24.2 2.242833705450101
24.22 2.254423261595801
24.22 2.254423261595801
24.23 2.2466810538159963
24.23 2.2466810538159963
24.23 2.2466810538159963
24.23 2.2466810538159963
24.23 2.2466810538159963
24.23 2.2466810538159963
24.23 2.2466810538159963
24.24 2.243374082209044
24.23 2.237671047578646
24.24 2.2298253770466445
24.24 2.2298253770466445
24.24 2.2298253770466445
24.24 2.2298253770466445
24.24 2.2298253770466445
24.24 2.2298253770466445
24.24 2.2298253770466445
24.24 2.2298253770466445
24.24 2.2298253770466445
24.24 2.2298253770466445
24.24 2.2298253770466445
24.24 2.2298253770466445
24.24 2.2298253770466445
24.24 2.2298253770466445
24.24 2.2298253770466445
24.25 2.244521950856972
24.25 2.244521950856972
24.25 2.244521950856972
24.25 2.244521950856972
24.25 2.244521950856972
24.25 2.244521950856972
24.25 2.244521950856972
24.25 2.244521950856972
24.26 2.2411216527949267
24.26 2.2411216527949267
24.26 2.2411216527949267
24.26 2.2411216527949267
24.27 2.2511725339870736
24.28 2.274496281230929
24.28 2.274496281230929
24.28 2.270050949457149
24.28 2.270050949457149
24.29 2.2620943187830855
24.29 2.2620943187830855
24.3 2.2763607319179844
24.31 2.286079967140611
24.3 2.2763607319179844
24.3 2.2763607319179844
24.3 2.2763607319179844
24.31 2.286079967140611
24.31 2.286079967140611
24.3 2.2763607319179844
24.31 2.2948999229956972
24.31 2.2948999229956972
24.31 2.2948999229956972
24.31 2.2948999229956972
24.31 2.2948999229956972
24.32 2.3132468763863296
24.32 2.3132468763863296
24.32 2.3132468763863296
24.33 2.3227248018330764
24.33 2.3227248018330764
24.33 2.3227248018330764
24.33 2.3227248018330764
24.33 2.3227248018330764
24.34 2.3364481374492136
24.34 2.3364481374492136
24.34 2.3364481374492136
24.35 2.3327921450311813
24.36 2.3203970402158385
24.36 2.3203970402158385
24.37 2.3122641839905866
24.37 2.3122641839905866
24.37 2.3122641839905866
24.37 2.3122641839905866
24.37 2.3122641839905866
24.37 2.3122641839905866
24.37 2.3122641839905866
24.38 2.3084386257574376
24.38 2.3084386257574376
24.38 2.3084386257574376
24.38 2.3084386257574376
24.39 2.317674731625679
24.4 2.3354968324845693
24.4 2.3354968324845693
24.41 2.3574296908868244
24.41 2.3574296908868244
24.41 2.3574296908868244
24.41 2.3574296908868244
24.4 2.3527332053068695
24.4 2.3527332053068695
24.4 2.3527332053068695
24.41 2.3702491025377075
24.41 2.3702491025377075
24.41 2.3702491025377075
24.42 2.3620740757634886
24.42 2.3620740757634886
24.43 2.3666666666666667
24.43 2.3666666666666667
24.45 2.367178775153104
24.45 2.367178775153104
24.46 2.3545357045155173
24.45 2.3457462037750902
24.45 2.3457462037750902
24.45 2.3457462037750902
24.45 2.3457462037750902
24.47 2.3460906662235796
24.47 2.3460906662235796
24.47 2.3460906662235796
24.47 2.3460906662235796
24.47 2.3460906662235796
24.47 2.3460906662235796
24.47 2.3460906662235796
24.48 2.359078745030043
24.48 2.359078745030043
24.48 2.359078745030043
24.49 2.367690772875461
24.49 2.38045492638816
24.5 2.376229081226102
24.5 2.376229081226102
24.5 2.376229081226102
24.5 2.376229081226102
24.5 2.376229081226102
24.5 2.376229081226102
24.5 2.376229081226102
24.5 2.376229081226102
24.5 2.376229081226102
24.5 2.376229081226102
24.5 2.376229081226102
24.5 2.376229081226102
24.5 2.376229081226102
24.5 2.376229081226102
24.5 2.376229081226102
24.52 2.3547930917705915
24.52 2.3547930917705915
24.52 2.3547930917705915
24.52 2.3547930917705915
24.52 2.3547930917705915
24.52 2.3547930917705915
24.52 2.3547930917705915
24.52 2.3547930917705915
24.52 2.3547930917705915
24.52 2.3547930917705915
24.52 2.3547930917705915
24.52 2.3547930917705915
24.52 2.3547930917705915
24.53 2.3760377849595624
24.53 2.3760377849595624
24.54 2.3631001722826777
24.54 2.3631001722826777
24.54 2.3631001722826777
24.55 2.379945674619783
24.56 2.388186413041148
24.56 2.388186413041148
24.55 2.3841861157098103
24.55 2.3841861157098103
24.56 2.388186413041148
24.56 2.388186413041148
24.55 2.379945674619783
24.55 2.379945674619783
24.55 2.379945674619783
24.57 2.3963566622114607
24.57 2.3963566622114607
24.58 2.3875941993157177
24.58 2.3875941993157177
24.59 2.4041000332134614
24.59 2.4041000332134614
24.61 2.420013356670711
24.62 2.4444536271636528
24.62 2.4444536271636528
24.62 2.4444536271636528
24.62 2.4444536271636528
24.62 2.4444536271636528
24.62 2.4444536271636528
24.62 2.4444536271636528
24.62 2.4444536271636528
24.62 2.4444536271636528
24.62 2.4444536271636528
24.62 2.4444536271636528
24.62 2.4444536271636528
24.62 2.4444536271636528
24.62 2.4444536271636528
24.62 2.4444536271636528
24.62 2.4444536271636528
24.62 2.4444536271636528
24.63 2.4398004554934927
24.63 2.4398004554934927
24.63 2.4398004554934927
24.63 2.4398004554934927
24.63 2.4398004554934927
24.63 2.4398004554934927
24.63 2.4398004554934927
24.63 2.4398004554934927
24.63 2.4398004554934927
24.63 2.4398004554934927
24.63 2.4398004554934927
24.63 2.4398004554934927
24.63 2.4398004554934927
24.63 2.4398004554934927
24.64 2.4267865438255862
24.64 2.4267865438255862
24.64 2.4267865438255862
24.64 2.4267865438255862
24.64 2.4267865438255862
24.66 2.4709218007566616
24.66 2.4709218007566616
24.66 2.4709218007566616
24.66 2.4709218007566616
24.66 2.4709218007566616
24.66 2.4709218007566616
24.66 2.4709218007566616
24.66 2.4709218007566616
24.66 2.4709218007566616
24.66 2.4709218007566616
24.66 2.4709218007566616
24.66 2.4709218007566616
24.66 2.4709218007566616
24.67 2.457949379363854
24.68 2.457230106843841
24.68 2.457230106843841
24.69 2.452354053565757
24.69 2.452354053565757
24.69 2.452354053565757
24.7 2.476148850798985
24.7 2.476148850798985
24.7 2.476148850798985
24.71 2.4712283781491537
24.71 2.4712283781491537
24.71 2.4712283781491537
24.71 2.4712283781491537
24.72 2.490710011951685
24.72 2.490710011951685
24.72 2.490710011951685
24.72 2.490710011951685
24.72 2.490710011951685
24.72 2.490710011951685
24.72 2.490710011951685
24.72 2.490710011951685
24.72 2.490710011951685
24.72 2.490710011951685
24.72 2.490710011951685
24.72 2.490710011951685
24.72 2.490710011951685
24.72 2.490710011951685
24.72 2.490710011951685
24.73 2.497898106307571
24.73 2.497898106307571
24.73 2.497898106307571
24.73 2.497898106307571
24.73 2.497898106307571
24.73 2.497898106307571
24.73 2.497898106307571
24.74 2.525106258390251
24.75 2.551984769277878
24.76 2.5509752541870636
24.76 2.5509752541870636
24.77 2.5499257267852333
24.77 2.5499257267852333
24.77 2.5499257267852333
24.77 2.5499257267852333
24.77 2.5499257267852333
24.77 2.5499257267852333
24.77 2.5499257267852333
24.77 2.5499257267852333
24.77 2.5499257267852333
24.77 2.5499257267852333
24.77 2.5499257267852333
24.77 2.5499257267852333
24.77 2.5499257267852333
24.77 2.5499257267852333
24.77 2.5499257267852333
24.77 2.5499257267852333
24.77 2.5499257267852333
24.77 2.5499257267852333
24.77 2.5499257267852333
24.77 2.5499257267852333
24.77 2.5499257267852333
24.77 2.5499257267852333
24.77 2.5499257267852333
24.77 2.5499257267852333
24.78 2.540897797268047
24.78 2.540897797268047
24.78 2.540897797268047
24.78 2.540897797268047
24.78 2.540897797268047
24.79 2.5635163665590595
24.79 2.5635163665590595
24.8 2.570225788926066
24.8 2.570225788926066
24.81 2.5650920002403397
24.82 2.552004559699546
24.83 2.5427853971103387
24.83 2.5427853971103387
24.84 2.533492817946374
24.84 2.533492817946374
24.84 2.533492817946374
24.84 2.533492817946374
24.84 2.533492817946374
24.84 2.533492817946374
24.84 2.533492817946374
24.85 2.5400827155862866
24.85 2.5400827155862866
24.85 2.5400827155862866
24.85 2.5400827155862866
24.86 2.562432556392582
24.86 2.562432556392582
24.86 2.562432556392582
24.87 2.553092796645436
24.87 2.553092796645436
24.88 2.5595138427269966
24.88 2.5595138427269966
24.88 2.5595138427269966
24.89 2.550084173694915
24.89 2.550084173694915
24.89 2.550084173694915
24.89 2.550084173694915
24.89 2.550084173694915
24.89 2.550084173694915
24.9 2.5800321037858533
24.9 2.5800321037858533
24.9 2.5800321037858533
24.9 2.5800321037858533
24.9 2.5800321037858533
24.9 2.5800321037858533
24.91 2.6057240797517265
24.91 2.6057240797517265
24.91 2.6057240797517265
24.91 2.6057240797517265
24.92 2.5924521366474793
24.92 2.5924521366474793
24.92 2.5924521366474793
24.92 2.5924521366474793
24.92 2.5924521366474793
24.92 2.5924521366474793
24.92 2.5924521366474793
24.92 2.5924521366474793
24.92 2.5924521366474793
24.92 2.5924521366474793
24.93 2.5868939294103663
24.93 2.5868939294103663
24.93 2.5868939294103663
24.93 2.5868939294103663
24.93 2.5868939294103663
24.93 2.5868939294103663
24.93 2.5868939294103663
24.93 2.5868939294103663
24.93 2.5868939294103663
24.93 2.5868939294103663
24.93 2.5868939294103663
24.93 2.5868939294103663
24.93 2.5868939294103663
24.93 2.5868939294103663
24.93 2.5868939294103663
24.93 2.5868939294103663
24.93 2.5868939294103663
24.93 2.5868939294103663
24.93 2.5868939294103663
24.93 2.5868939294103663
24.93 2.5868939294103663
24.94 2.616266134178342
24.94 2.616266134178342
24.94 2.616266134178342
24.94 2.616266134178342
24.94 2.616266134178342
24.94 2.616266134178342
24.94 2.616266134178342
24.95 2.645274040146832
24.96 2.635882923780718
24.96 2.635882923780718
24.96 2.635882923780718
24.97 2.6302628819726013
24.98 2.651395668303581
24.98 2.651395668303581
24.98 2.651395668303581
24.98 2.651395668303581
24.98 2.651395668303581
24.99 2.6495473217327166
24.99 2.6495473217327166
24.99 2.6495473217327166
24.99 2.6495473217327166
24.99 2.6495473217327166
24.99 2.6495473217327166
24.99 2.6495473217327166
24.99 2.6495473217327166
25.0 2.643841710446938
25.0 2.643841710446938
25.0 2.643841710446938
25.01 2.668541007950059
25.01 2.668541007950059
25.01 2.668541007950059
25.01 2.668541007950059
25.01 2.668541007950059
25.01 2.668541007950059
25.01 2.668541007950059
25.01 2.668541007950059
25.01 2.668541007950059
25.01 2.668541007950059
25.01 2.668541007950059
25.01 2.668541007950059
25.01 2.668541007950059
25.02 2.659004142588545
25.02 2.659004142588545
25.02 2.659004142588545
25.02 2.659004142588545
25.02 2.659004142588545
25.02 2.659004142588545
25.02 2.659004142588545
25.02 2.659004142588545
25.02 2.659004142588545
25.02 2.659004142588545
25.02 2.659004142588545
25.02 2.659004142588545
25.02 2.659004142588545
25.02 2.659004142588545
25.02 2.659004142588545
25.02 2.659004142588545
25.02 2.659004142588545
25.02 2.659004142588545
25.03 2.6834886083438283
25.03 2.6834886083438283
25.03 2.6834886083438283
25.03 2.6834886083438283
25.03 2.6834886083438283
25.03 2.6834886083438283
25.03 2.6834886083438283
25.03 2.6834886083438283
25.03 2.6834886083438283
25.03 2.6834886083438283
25.03 2.6834886083438283
25.03 2.6834886083438283
25.03 2.6834886083438283
25.03 2.6834886083438283
25.03 2.6834886083438283
25.04 2.7077143814880427
25.04 2.7077143814880427
25.05 2.701944679393909
25.05 2.701944679393909
25.06 2.696125165694448
25.06 2.696125165694448
25.06 2.696125165694448
25.06 2.696125165694448
25.06 2.696125165694448
25.06 2.696125165694448
25.06 2.696125165694448
25.06 2.696125165694448
25.06 2.696125165694448
25.06 2.696125165694448
25.06 2.696125165694448
25.07 2.7052324906157024
25.07 2.7052324906157024
25.07 2.7052324906157024
25.07 2.7052324906157024
25.07 2.7052324906157024
25.08 2.7365096105230213
25.09 2.723244499867869
25.09 2.723244499867869
25.09 2.723244499867869
25.09 2.723244499867869
25.09 2.723244499867869
25.09 2.723244499867869
25.09 2.723244499867869
25.09 2.723244499867869
25.09 2.723244499867869
25.09 2.723244499867869
25.09 2.723244499867869
25.1 2.713602101199871
25.1 2.713602101199871
25.1 2.713602101199871
25.1 2.713602101199871
25.1 2.713602101199871
25.1 2.713602101199871
25.1 2.713602101199871
25.1 2.713602101199871
25.1 2.713602101199871
25.1 2.713602101199871
25.1 2.713602101199871
25.1 2.713602101199871
25.1 2.713602101199871
25.1 2.713602101199871
25.1 2.713602101199871
25.1 2.713602101199871
25.1 2.713602101199871
25.1 2.713602101199871
25.11 2.703887960143706
25.11 2.703887960143706
25.11 2.703887960143706
25.11 2.703887960143706
25.11 2.703887960143706
25.11 2.703887960143706
25.11 2.703887960143706
25.12 2.731337038924716
25.12 2.731337038924716
25.12 2.731337038924716
25.12 2.731337038924716
25.12 2.731337038924716
25.12 2.731337038924716
25.12 2.731337038924716
25.12 2.731337038924716
25.13 2.762135756872555
25.13 2.762135756872555
25.13 2.762135756872555
25.13 2.762135756872555
25.13 2.762135756872555
25.13 2.762135756872555
25.14 2.7524828094216365
25.14 2.7524828094216365
25.14 2.7524828094216365
25.14 2.7524828094216365
25.14 2.7524828094216365
25.14 2.7524828094216365
25.15 2.779342993361465
25.16 2.773321678297188
25.16 2.773321678297188
25.16 2.773321678297188
25.16 2.773321678297188
25.16 2.773321678297188
25.16 2.773321678297188
25.16 2.773321678297188
25.16 2.773321678297188
25.16 2.773321678297188
25.16 2.773321678297188
25.16 2.773321678297188
25.16 2.773321678297188
25.16 2.773321678297188
25.17 2.767250759811399
25.17 2.767250759811399
25.17 2.767250759811399
25.17 2.767250759811399
25.17 2.767250759811399
25.17 2.767250759811399
25.17 2.767250759811399
25.17 2.767250759811399
25.18 2.76843681962266
25.2 2.7888667551135864
25.2 2.7888667551135864
25.2 2.7888667551135864
25.2 2.7888667551135864
25.2 2.7888667551135864
25.2 2.7888667551135864
25.2 2.7888667551135864
25.21 2.782684555125381
25.21 2.782684555125381
25.21 2.782684555125381
25.21 2.782684555125381
25.21 2.782684555125381
25.21 2.782684555125381
25.22 2.7764522089686436
25.22 2.7764522089686436
25.22 2.7764522089686436
25.22 2.7764522089686436
25.22 2.7764522089686436
25.22 2.7764522089686436
25.23 2.8027944208693847
25.23 2.8027944208693847
25.23 2.8027944208693847
25.23 2.8027944208693847
25.23 2.8027944208693847
25.23 2.8027944208693847
25.23 2.8027944208693847
25.23 2.8027944208693847
25.23 2.8027944208693847
25.23 2.8027944208693847
25.23 2.8027944208693847
25.23 2.8027944208693847
25.23 2.8027944208693847
25.23 2.8027944208693847
25.23 2.8027944208693847
25.23 2.8027944208693847
25.23 2.8027944208693847
25.23 2.8027944208693847
25.23 2.8027944208693847
25.23 2.8027944208693847
25.23 2.8027944208693847
25.23 2.8027944208693847
25.23 2.8027944208693847
25.23 2.8027944208693847
25.23 2.8027944208693847
25.23 2.8027944208693847
25.23 2.8027944208693847
25.24 2.8324240965339684
25.24 2.8324240965339684
25.25 2.8190370158920754
25.25 2.8190370158920754
25.25 2.8190370158920754
25.26 2.8519707876725127
25.26 2.8519707876725127
25.26 2.8519707876725127
25.26 2.8519707876725127
25.26 2.8519707876725127
25.26 2.8519707876725127
25.26 2.8519707876725127
25.26 2.8519707876725127
25.26 2.8519707876725127
25.26 2.8519707876725127
25.26 2.8519707876725127
25.26 2.8519707876725127
25.28 2.8712437033523326
25.28 2.8712437033523326
25.28 2.8712437033523326
25.28 2.8712437033523326
25.28 2.8712437033523326
25.28 2.8712437033523326
25.29 2.861429324267467
25.3 2.865679886540228
25.3 2.865679886540228
25.3 2.865679886540228
25.3 2.865679886540228
25.31 2.897909382275225
25.31 2.897909382275225
25.32 2.926300108196751
25.32 2.926300108196751
25.32 2.926300108196751
25.32 2.926300108196751
25.32 2.926300108196751
25.32 2.926300108196751
25.33 2.9199937733432986
25.33 2.9199937733432986
25.33 2.9199937733432986
25.33 2.9199937733432986
25.33 2.9199937733432986
25.33 2.9199937733432986
25.33 2.9199937733432986
25.33 2.9199937733432986
25.33 2.9199937733432986
25.34 2.9171038633368798
25.34 2.9171038633368798
25.34 2.9171038633368798
25.34 2.9171038633368798
25.34 2.9171038633368798
25.34 2.9171038633368798
25.34 2.9171038633368798
25.34 2.9171038633368798
25.34 2.9171038633368798
25.34 2.9171038633368798
25.34 2.9171038633368798
25.35 2.9037593188517152
25.35 2.9037593188517152
25.35 2.9037593188517152
25.35 2.9037593188517152
25.35 2.9037593188517152
25.35 2.9037593188517152
25.35 2.9037593188517152
25.35 2.9037593188517152
25.36 2.931955599316544
25.36 2.931955599316544
25.36 2.931955599316544
25.36 2.931955599316544
25.36 2.931955599316544
25.36 2.931955599316544
25.36 2.931955599316544
25.36 2.931955599316544
25.36 2.931955599316544
25.36 2.931955599316544
25.36 2.931955599316544
25.36 2.931955599316544
25.37 2.9255233495371127
25.37 2.9255233495371127
25.37 2.9255233495371127
25.37 2.9255233495371127
25.38 2.9534434619319017
25.38 2.9534434619319017
25.38 2.9534434619319017
25.39 2.943559996763351
25.39 2.943559996763351
25.39 2.943559996763351
25.39 2.943559996763351
25.39 2.943559996763351
25.39 2.943559996763351
25.4 2.937049987021439
25.4 2.937049987021439
25.4 2.937049987021439
25.4 2.937049987021439
25.4 2.937049987021439
25.4 2.937049987021439
25.4 2.937049987021439
25.4 2.937049987021439
25.4 2.937049987021439
25.4 2.937049987021439
25.41 2.9270421516568166
25.41 2.9270421516568166
25.41 2.9270421516568166
25.41 2.9270421516568166
25.41 2.9270421516568166
25.41 2.9270421516568166
25.41 2.9270421516568166
25.41 2.9270421516568166
25.41 2.9270421516568166
25.41 2.9270421516568166
25.41 2.9270421516568166
25.41 2.9270421516568166
25.41 2.9270421516568166
25.41 2.9270421516568166
25.41 2.9270421516568166
25.41 2.9270421516568166
25.41 2.9270421516568166
25.41 2.9270421516568166
25.42 2.9342285135443995
25.42 2.9342285135443995
25.42 2.9342285135443995
25.43 2.9653044199593235
25.43 2.9653044199593235
25.43 2.9653044199593235
25.43 2.9653044199593235
25.43 2.9653044199593235
25.43 2.9653044199593235
25.43 2.9653044199593235
25.43 2.9653044199593235
25.43 2.9653044199593235
25.43 2.9653044199593235
25.43 2.9653044199593235
25.43 2.9653044199593235
25.43 2.9653044199593235
25.44 2.9587056957290283
25.44 2.9587056957290283
25.44 2.9587056957290283
25.44 2.9587056957290283
25.44 2.9587056957290283
25.45 2.962305272123811
25.45 2.962305272123811
25.45 2.962305272123811
25.45 2.962305272123811
25.45 2.962305272123811
25.45 2.962305272123811
25.46 2.9929884393328012
25.46 2.9929884393328012
25.46 2.9929884393328012
25.46 2.9929884393328012
25.46 2.9929884393328012
25.46 2.9929884393328012
25.46 2.9929884393328012
25.46 2.9929884393328012
25.46 2.9929884393328012
25.46 2.9929884393328012
25.46 2.9929884393328012
25.46 2.9929884393328012
25.46 2.9929884393328012
25.46 2.9929884393328012
25.46 2.9929884393328012
25.47 3.0233268183418485
25.47 3.0233268183418485
25.47 3.0233268183418485
25.48 3.05333068677932
25.48 3.05333068677932
25.48 3.05333068677932
25.49 3.086284419030677
25.49 3.086284419030677
25.49 3.086284419030677
25.49 3.086284419030677
25.49 3.086284419030677
25.49 3.086284419030677
25.49 3.086284419030677
25.49 3.086284419030677
25.49 3.086284419030677
25.49 3.086284419030677
25.49 3.086284419030677
25.49 3.086284419030677
25.49 3.086284419030677
25.49 3.086284419030677
25.49 3.086284419030677
25.49 3.086284419030677
25.49 3.086284419030677
25.49 3.086284419030677
25.5 3.0830261927285836
25.5 3.0830261927285836
25.5 3.0830261927285836
25.5 3.0830261927285836
25.5 3.0830261927285836
25.51 3.073165051594763
25.51 3.073165051594763
25.51 3.073165051594763
25.51 3.073165051594763
25.51 3.073165051594763
25.51 3.073165051594763
25.51 3.073165051594763
25.51 3.073165051594763
25.52 3.0665349115306615
25.52 3.0665349115306615
25.52 3.0665349115306615
25.52 3.0665349115306615
25.52 3.0665349115306615
25.52 3.0665349115306615
25.52 3.0665349115306615
25.52 3.0665349115306615
25.52 3.0665349115306615
25.52 3.0665349115306615
25.52 3.0665349115306615
25.52 3.0665349115306615
25.52 3.0665349115306615
25.52 3.0665349115306615
25.53 3.056554473999319
25.53 3.056554473999319
25.53 3.056554473999319
25.53 3.056554473999319
25.53 3.056554473999319
25.53 3.056554473999319
25.53 3.056554473999319
25.53 3.056554473999319
25.54 3.049821985200798
25.54 3.049821985200798
25.54 3.049821985200798
25.54 3.049821985200798
25.54 3.049821985200798
25.54 3.049821985200798
25.54 3.049821985200798
25.55 3.043041407884718
25.56 3.0461766066976335
25.56 3.0461766066976335
25.56 3.0461766066976335
25.56 3.0461766066976335
25.56 3.0461766066976335
25.56 3.0461766066976335
25.56 3.0461766066976335
25.56 3.0461766066976335
25.56 3.0461766066976335
25.56 3.0461766066976335
25.56 3.0461766066976335
25.56 3.0461766066976335
25.56 3.0461766066976335
25.56 3.0461766066976335
25.56 3.0461766066976335
25.56 3.0461766066976335
25.56 3.0461766066976335
25.56 3.0461766066976335
25.56 3.0461766066976335
25.56 3.0461766066976335
25.56 3.0461766066976335
25.56 3.0461766066976335
25.56 3.0461766066976335
25.56 3.0461766066976335
25.56 3.0461766066976335
25.56 3.0461766066976335
25.56 3.0461766066976335
25.57 3.0756620376265293
25.57 3.0756620376265293
25.57 3.0756620376265293
25.57 3.0756620376265293
25.57 3.0756620376265293
25.57 3.0756620376265293
25.57 3.0756620376265293
25.57 3.0756620376265293
25.57 3.0756620376265293
25.57 3.0756620376265293
25.57 3.0756620376265293
25.57 3.0756620376265293
25.57 3.0756620376265293
25.57 3.0756620376265293
25.57 3.0756620376265293
25.57 3.0756620376265293
25.57 3.0756620376265293
25.58 3.1080865528813737
25.59 3.098044348920587
25.59 3.098044348920587
25.59 3.098044348920587
25.59 3.098044348920587
25.59 3.098044348920587
25.59 3.098044348920587
25.6 3.0879367764501824
25.6 3.0879367764501824
25.6 3.0879367764501824
25.6 3.0879367764501824
25.6 3.0879367764501824
25.6 3.0879367764501824
25.61 3.0810433756810824
25.61 3.0810433756810824
25.61 3.0810433756810824
25.62 3.1132820708257816
25.62 3.1132820708257816
25.62 3.1132820708257816
25.62 3.1132820708257816
25.62 3.1132820708257816
25.62 3.1132820708257816
25.62 3.1132820708257816
25.62 3.1132820708257816
25.62 3.1132820708257816
25.63 3.1031264781497256
25.64 3.0929048815087428
25.64 3.0929048815087428
25.64 3.0929048815087428
25.64 3.0929048815087428
25.64 3.0929048815087428
25.64 3.0929048815087428
25.64 3.0929048815087428
25.64 3.0929048815087428
25.64 3.0929048815087428
25.65 3.082616624318574
25.65 3.082616624318574
25.65 3.082616624318574
25.66 3.0755470893793664
25.66 3.0755470893793664
25.66 3.0755470893793664
25.66 3.0755470893793664
25.66 3.0755470893793664
25.66 3.0755470893793664
25.66 3.0755470893793664
25.66 3.0755470893793664
25.66 3.0755470893793664
25.66 3.0755470893793664
25.67 3.0717185003601073
25.67 3.0717185003601073
25.67 3.0717185003601073
25.67 3.0717185003601073
25.67 3.0717185003601073
25.67 3.0717185003601073
25.68 3.10385879091485
25.69 3.0999999999999974
25.69 3.0999999999999974
25.69 3.0999999999999974
25.69 3.0999999999999974
25.69 3.0999999999999974
25.69 3.0999999999999974
25.69 3.0999999999999974
25.69 3.0999999999999974
25.7 3.1317855622760655
25.7 3.1317855622760655
25.7 3.1317855622760655
25.7 3.1317855622760655
25.7 3.1317855622760655
25.7 3.1317855622760655
25.7 3.1317855622760655
25.7 3.1317855622760655
25.7 3.1317855622760655
25.7 3.1317855622760655
25.7 3.1317855622760655
25.71 3.12789663731674
25.71 3.12789663731674
25.71 3.12789663731674
25.71 3.12789663731674
25.71 3.12789663731674
25.71 3.12789663731674
25.71 3.12789663731674
25.71 3.12789663731674
25.71 3.12789663731674
25.71 3.12789663731674
25.71 3.12789663731674
25.71 3.12789663731674
25.71 3.12789663731674
25.71 3.12789663731674
25.71 3.12789663731674
25.71 3.12789663731674
25.71 3.12789663731674
25.71 3.12789663731674
25.71 3.12789663731674
25.71 3.12789663731674
25.72 3.1272022543151805
25.72 3.1272022543151805
25.72 3.1272022543151805
25.72 3.1272022543151805
25.72 3.1272022543151805
25.72 3.1272022543151805
25.72 3.1272022543151805
25.72 3.1272022543151805
25.72 3.1272022543151805
25.72 3.1272022543151805
25.72 3.1272022543151805
25.72 3.1272022543151805
25.72 3.1272022543151805
25.72 3.1272022543151805
25.72 3.1272022543151805
25.72 3.1272022543151805
25.73 3.1232429403820734
25.73 3.1232429403820734
25.73 3.1232429403820734
25.73 3.1232429403820734
25.73 3.1232429403820734
25.73 3.1232429403820734
25.73 3.1232429403820734
25.73 3.1232429403820734
25.73 3.1232429403820734
25.73 3.1232429403820734
25.74 3.1546662568200756
25.74 3.1546662568200756
25.74 3.1546662568200756
25.74 3.1546662568200756
25.74 3.1546662568200756
25.74 3.1546662568200756
25.74 3.1546662568200756
25.74 3.1546662568200756
25.74 3.1546662568200756
25.74 3.1546662568200756
25.74 3.1546662568200756
25.74 3.1546662568200756
25.74 3.1546662568200756
25.74 3.1546662568200756
25.74 3.1546662568200756
25.76 3.1849393061467257
25.76 3.1849393061467257
25.76 3.1849393061467257
25.76 3.1849393061467257
25.76 3.1849393061467257
25.76 3.1849393061467257
25.76 3.1849393061467257
25.76 3.1849393061467257
25.76 3.1849393061467257
25.76 3.1849393061467257
25.76 3.1849393061467257
25.76 3.1849393061467257
25.76 3.1849393061467257
25.76 3.1849393061467257
25.76 3.1849393061467257
25.76 3.1849393061467257
25.76 3.1849393061467257
25.76 3.1849393061467257
25.76 3.1849393061467257
25.76 3.1849393061467257
25.76 3.1849393061467257
25.76 3.1849393061467257
25.78 3.1768735027579
25.78 3.1768735027579
25.78 3.1768735027579
25.78 3.1768735027579
25.78 3.1768735027579
25.78 3.1768735027579
25.78 3.1768735027579
25.78 3.1768735027579
25.78 3.1768735027579
25.78 3.1768735027579
25.78 3.1768735027579
25.79 3.1664114729708794
25.79 3.1664114729708794
25.79 3.1664114729708794
25.79 3.1664114729708794
25.79 3.1664114729708794
25.79 3.1664114729708794
25.79 3.1664114729708794
25.79 3.1664114729708794
25.79 3.1664114729708794
25.79 3.1664114729708794
25.79 3.1664114729708794
25.79 3.1664114729708794
25.79 3.1664114729708794
25.79 3.1664114729708794
25.79 3.1664114729708794
25.79 3.1664114729708794
25.79 3.1664114729708794
25.79 3.1664114729708794
25.79 3.1664114729708794
25.79 3.1664114729708794
25.79 3.1664114729708794
25.79 3.1664114729708794
25.79 3.1664114729708794
25.79 3.1664114729708794
25.79 3.1664114729708794
25.79 3.1664114729708794
25.79 3.1664114729708794
25.79 3.1664114729708794
25.79 3.1664114729708794
25.79 3.1664114729708794
25.79 3.1664114729708794
25.79 3.1664114729708794
25.8 3.200378765462652
25.8 3.200378765462652
25.8 3.200378765462652
25.8 3.200378765462652
25.81 3.2339580777253234
25.81 3.2339580777253234
25.81 3.2339580777253234
25.81 3.2339580777253234
25.81 3.2339580777253234
25.81 3.2339580777253234
25.81 3.2339580777253234
25.81 3.2339580777253234
25.81 3.2339580777253234
25.81 3.2339580777253234
25.81 3.2339580777253234
25.81 3.2339580777253234
25.81 3.2339580777253234
25.81 3.2339580777253234
25.81 3.2339580777253234
25.81 3.2339580777253234
25.81 3.2339580777253234
25.83 3.2225687727261163
25.83 3.2225687727261163
25.83 3.2225687727261163
25.83 3.2225687727261163
25.83 3.2225687727261163
25.83 3.2225687727261163
25.84 3.215241480476666
25.84 3.215241480476666
25.84 3.215241480476666
25.84 3.215241480476666
25.84 3.215241480476666
25.84 3.215241480476666
25.84 3.215241480476666
25.84 3.215241480476666
25.85 3.248542796859895
25.85 3.248542796859895
25.85 3.248542796859895
25.85 3.248542796859895
25.85 3.248542796859895
25.85 3.248542796859895
25.85 3.248542796859895
25.85 3.248542796859895
25.85 3.248542796859895
25.85 3.248542796859895
25.85 3.248542796859895
25.85 3.248542796859895
25.85 3.248542796859895
25.85 3.248542796859895
25.85 3.248542796859895
25.85 3.248542796859895
25.85 3.248542796859895
25.85 3.248542796859895
25.85 3.248542796859895
25.85 3.248542796859895
25.85 3.248542796859895
25.85 3.248542796859895
25.85 3.248542796859895
25.85 3.248542796859895
25.85 3.248542796859895
25.85 3.248542796859895
25.85 3.248542796859895
25.85 3.248542796859895
25.85 3.248542796859895
25.85 3.248542796859895
25.85 3.248542796859895
25.85 3.248542796859895
25.85 3.248542796859895
25.85 3.248542796859895
25.85 3.248542796859895
25.85 3.248542796859895
25.86 3.281475401108596
25.86 3.281475401108596
25.86 3.281475401108596
25.86 3.281475401108596
25.87 3.274187384726632
25.87 3.274187384726632
25.87 3.274187384726632
25.87 3.274187384726632
25.87 3.274187384726632
25.87 3.274187384726632
25.87 3.274187384726632
25.87 3.274187384726632
25.87 3.274187384726632
25.87 3.274187384726632
25.87 3.274187384726632
25.87 3.274187384726632
25.87 3.274187384726632
25.87 3.274187384726632
25.88 3.3068035162297607
25.88 3.3068035162297607
25.89 3.3056272804373608
25.9 3.2983007562664564
25.9 3.2983007562664564
25.9 3.2983007562664564
25.9 3.2983007562664564
25.9 3.2983007562664564
25.9 3.2983007562664564
25.9 3.2983007562664564
25.9 3.2983007562664564
25.9 3.2983007562664564
25.9 3.2983007562664564
25.91 3.2939951488130705
25.93 3.288347962614712
25.93 3.288347962614712
25.93 3.288347962614712
25.93 3.288347962614712
25.93 3.288347962614712
25.93 3.288347962614712
25.93 3.288347962614712
25.93 3.288347962614712
25.93 3.288347962614712
25.93 3.288347962614712
25.94 3.280859705022512
25.94 3.280859705022512
25.94 3.280859705022512
25.95 3.313196753480351
25.95 3.313196753480351
25.95 3.313196753480351
25.96 3.345191030464932
25.96 3.345191030464932
25.96 3.345191030464932
25.96 3.345191030464932
25.96 3.345191030464932
25.96 3.345191030464932
25.96 3.345191030464932
25.96 3.345191030464932
25.96 3.345191030464932
25.96 3.345191030464932
25.96 3.345191030464932
25.96 3.345191030464932
25.96 3.345191030464932
25.96 3.345191030464932
25.96 3.345191030464932
25.96 3.345191030464932
25.96 3.345191030464932
25.96 3.345191030464932
25.96 3.345191030464932
25.96 3.345191030464932
25.96 3.345191030464932
25.96 3.345191030464932
25.96 3.345191030464932
25.96 3.345191030464932
25.96 3.345191030464932
25.96 3.345191030464932
25.96 3.345191030464932
25.96 3.345191030464932
25.96 3.345191030464932
25.96 3.345191030464932
25.96 3.345191030464932
25.96 3.345191030464932
25.96 3.345191030464932
25.96 3.345191030464932
25.96 3.345191030464932
25.96 3.345191030464932
25.98 3.333272726721752
25.98 3.333272726721752
25.98 3.333272726721752
25.98 3.333272726721752
25.98 3.333272726721752
25.98 3.333272726721752
25.98 3.333272726721752
25.98 3.333272726721752
25.98 3.333272726721752
25.98 3.333272726721752
25.98 3.333272726721752
25.98 3.333272726721752
25.98 3.333272726721752
25.98 3.333272726721752
25.98 3.333272726721752
25.98 3.333272726721752
25.98 3.333272726721752
25.98 3.333272726721752
25.98 3.333272726721752
25.98 3.333272726721752
25.98 3.333272726721752
25.98 3.333272726721752
25.98 3.333272726721752
25.98 3.333272726721752
25.98 3.333272726721752
25.98 3.333272726721752
25.98 3.333272726721752
25.98 3.333272726721752
25.98 3.333272726721752
25.98 3.333272726721752
25.99 3.3257337612179727
25.99 3.3257337612179727
25.99 3.3257337612179727
25.99 3.3257337612179727
25.99 3.3257337612179727
26.0 3.318147225501155
26.0 3.318147225501155
26.0 3.318147225501155
26.0 3.318147225501155
26.01 3.3135625797164234
26.01 3.3135625797164234
26.01 3.3135625797164234
26.01 3.3135625797164234
26.02 3.348390235877112
26.02 3.348390235877112
26.02 3.348390235877112
26.02 3.348390235877112
26.02 3.348390235877112
26.02 3.348390235877112
26.02 3.348390235877112
26.02 3.348390235877112
26.02 3.348390235877112
26.02 3.348390235877112
26.02 3.348390235877112
26.02 3.348390235877112
26.02 3.348390235877112
26.02 3.348390235877112
26.02 3.348390235877112
26.02 3.348390235877112
26.02 3.348390235877112
26.02 3.348390235877112
26.02 3.348390235877112
26.02 3.348390235877112
26.02 3.348390235877112
26.02 3.348390235877112
26.02 3.348390235877112
26.02 3.348390235877112
26.02 3.348390235877112
26.02 3.348390235877112
26.02 3.348390235877112
26.02 3.348390235877112
26.02 3.348390235877112
26.02 3.348390235877112
26.02 3.348390235877112
26.02 3.348390235877112
26.02 3.348390235877112
26.03 3.349822850736008
26.03 3.349822850736008
26.03 3.349822850736008
26.03 3.349822850736008
26.03 3.349822850736008
26.03 3.349822850736008
26.03 3.349822850736008
26.03 3.349822850736008
26.03 3.349822850736008
26.03 3.349822850736008
26.03 3.349822850736008
26.03 3.349822850736008
26.03 3.349822850736008
26.03 3.349822850736008
26.03 3.349822850736008
26.03 3.349822850736008
26.03 3.349822850736008
26.03 3.349822850736008
26.03 3.349822850736008
26.03 3.349822850736008
26.03 3.349822850736008
26.03 3.349822850736008
26.03 3.349822850736008
26.03 3.349822850736008
26.03 3.349822850736008
26.03 3.349822850736008
26.03 3.349822850736008
26.03 3.349822850736008
26.03 3.349822850736008
26.03 3.349822850736008
26.03 3.349822850736008
26.03 3.349822850736008
26.03 3.349822850736008
26.03 3.349822850736008
26.03 3.349822850736008
26.03 3.349822850736008
26.03 3.349822850736008
26.03 3.349822850736008
26.03 3.349822850736008
26.03 3.349822850736008
26.03 3.349822850736008
26.03 3.349822850736008
26.03 3.349822850736008
26.03 3.349822850736008
26.03 3.349822850736008
26.04 3.342170104902055
26.04 3.342170104902055
26.04 3.342170104902055
26.04 3.342170104902055
26.04 3.342170104902055
26.04 3.342170104902055
26.04 3.342170104902055
26.04 3.342170104902055
26.04 3.342170104902055
26.04 3.342170104902055
26.04 3.342170104902055
26.04 3.342170104902055
26.04 3.342170104902055
26.04 3.342170104902055
26.04 3.342170104902055
26.04 3.342170104902055
26.04 3.342170104902055
26.04 3.342170104902055
26.04 3.342170104902055
26.04 3.342170104902055
26.04 3.342170104902055
26.04 3.342170104902055
26.04 3.342170104902055
26.04 3.342170104902055
26.05 3.343544964449101
26.05 3.343544964449101
26.05 3.343544964449101
26.05 3.343544964449101
26.05 3.343544964449101
26.05 3.343544964449101
26.05 3.343544964449101
26.05 3.343544964449101
26.05 3.343544964449101
26.05 3.343544964449101
26.05 3.343544964449101
26.05 3.343544964449101
26.05 3.343544964449101
26.05 3.343544964449101
26.06 3.33581725633716
26.06 3.33581725633716
26.06 3.33581725633716
26.06 3.33581725633716
26.06 3.33581725633716
26.06 3.33581725633716
26.06 3.33581725633716
26.06 3.33581725633716
26.06 3.33581725633716
26.06 3.33581725633716
26.06 3.33581725633716
26.06 3.33581725633716
26.06 3.33581725633716
26.06 3.33581725633716
26.06 3.33581725633716
26.06 3.33581725633716
26.06 3.33581725633716
26.06 3.33581725633716
26.07 3.370265103621209
26.09 3.3667866765289
26.09 3.3667866765289
26.09 3.3667866765289
26.09 3.3667866765289
26.09 3.3667866765289
26.09 3.3667866765289
26.09 3.3667866765289
26.09 3.3667866765289
26.09 3.3667866765289
26.09 3.3667866765289
26.09 3.3667866765289
26.09 3.3667866765289
26.09 3.3667866765289
26.09 3.3667866765289
26.09 3.3667866765289
26.09 3.3667866765289
26.09 3.3667866765289
26.1 3.400831746155131
26.1 3.400831746155131
26.1 3.400831746155131
26.1 3.400831746155131
26.1 3.400831746155131
26.1 3.400831746155131
26.1 3.400831746155131
26.11 3.3930856610215843
26.11 3.3930856610215843
26.11 3.3930856610215843
26.11 3.3930856610215843
26.11 3.3930856610215843
26.11 3.3930856610215843
26.11 3.3930856610215843
26.11 3.3930856610215843
26.11 3.3930856610215843
26.11 3.3930856610215843
26.11 3.3930856610215843
26.11 3.3930856610215843
26.12 3.3852920140221343
26.12 3.3852920140221343
26.12 3.3852920140221343
26.12 3.3852920140221343
26.12 3.3852920140221343
26.12 3.3852920140221343
26.12 3.3852920140221343
26.13 3.3774504759021613
26.13 3.3774504759021613
26.14 3.3725571031698545
26.14 3.3725571031698545
26.14 3.3725571031698545
26.14 3.3725571031698545
26.14 3.3725571031698545
26.14 3.3725571031698545
26.14 3.3725571031698545
26.14 3.3725571031698545
26.14 3.3725571031698545
26.14 3.3725571031698545
26.14 3.3725571031698545
26.14 3.3725571031698545
26.15 3.3676266258166287
26.15 3.3676266258166287
26.16 3.359653661803957
26.16 3.359653661803957
26.16 3.359653661803957
26.16 3.359653661803957
26.16 3.359653661803957
26.16 3.359653661803957
26.16 3.359653661803957
26.16 3.359653661803957
26.16 3.359653661803957
26.16 3.359653661803957
26.16 3.359653661803957
26.16 3.359653661803957
26.16 3.359653661803957
26.16 3.359653661803957
26.16 3.359653661803957
26.16 3.359653661803957
26.16 3.359653661803957
26.16 3.359653661803957
26.17 3.354643999538011
26.17 3.354643999538011
26.17 3.354643999538011
26.17 3.354643999538011
26.17 3.354643999538011
26.18 3.349596689125123
26.18 3.349596689125123
26.18 3.349596689125123
26.18 3.349596689125123
26.18 3.349596689125123
26.18 3.349596689125123
26.18 3.349596689125123
26.18 3.349596689125123
26.18 3.349596689125123
26.18 3.349596689125123
26.18 3.349596689125123
26.18 3.349596689125123
26.18 3.349596689125123
26.18 3.349596689125123
26.18 3.349596689125123
26.19 3.3835460449628645
26.19 3.3835460449628645
26.19 3.3835460449628645
26.19 3.3835460449628645
26.19 3.3835460449628645
26.19 3.3835460449628645
26.19 3.3835460449628645
26.19 3.3835460449628645
26.19 3.3835460449628645
26.19 3.3835460449628645
26.19 3.3835460449628645
26.19 3.3835460449628645
26.19 3.3835460449628645
26.19 3.3835460449628645
26.19 3.3835460449628645
26.19 3.3835460449628645
26.19 3.3835460449628645
26.19 3.3835460449628645
26.2 3.37848211688939
26.2 3.37848211688939
26.2 3.37848211688939
26.2 3.37848211688939
26.2 3.37848211688939
26.2 3.37848211688939
26.2 3.37848211688939
26.2 3.37848211688939
26.2 3.37848211688939
26.2 3.37848211688939
26.2 3.37848211688939
26.2 3.37848211688939
26.2 3.37848211688939
26.2 3.37848211688939
26.2 3.37848211688939
26.2 3.37848211688939
26.2 3.37848211688939
26.2 3.37848211688939
26.21 3.373380644056785
26.21 3.373380644056785
26.21 3.373380644056785
26.21 3.373380644056785
26.21 3.373380644056785
26.21 3.373380644056785
26.21 3.373380644056785
26.21 3.373380644056785
26.21 3.373380644056785
26.21 3.373380644056785
26.21 3.373380644056785
26.21 3.373380644056785
26.21 3.373380644056785
26.21 3.373380644056785
26.21 3.373380644056785
26.22 3.368241455871371
26.22 3.368241455871371
26.22 3.368241455871371
26.22 3.368241455871371
26.22 3.368241455871371
26.22 3.368241455871371
26.23 3.401885989099028
26.23 3.401885989099028
26.23 3.401885989099028
26.23 3.401885989099028
26.23 3.401885989099028
26.23 3.401885989099028
26.23 3.401885989099028
26.23 3.401885989099028
26.23 3.401885989099028
26.23 3.401885989099028
26.23 3.401885989099028
26.23 3.401885989099028
26.23 3.401885989099028
26.23 3.401885989099028
26.23 3.401885989099028
26.23 3.401885989099028
26.23 3.401885989099028
26.23 3.401885989099028
26.23 3.401885989099028
26.23 3.401885989099028
26.23 3.401885989099028
26.23 3.401885989099028
26.23 3.401885989099028
26.23 3.401885989099028
26.23 3.401885989099028
26.23 3.401885989099028
26.23 3.401885989099028
26.23 3.401885989099028
26.23 3.401885989099028
26.23 3.401885989099028
26.23 3.401885989099028
26.23 3.401885989099028
26.23 3.401885989099028
26.23 3.401885989099028
26.23 3.401885989099028
26.23 3.401885989099028
26.23 3.401885989099028
26.23 3.401885989099028
26.24 3.3967304540951986
26.24 3.3967304540951986
26.24 3.3967304540951986
26.24 3.3967304540951986
26.24 3.3967304540951986
26.24 3.3967304540951986
26.24 3.3967304540951986
26.24 3.3967304540951986
26.24 3.3967304540951986
26.24 3.3967304540951986
26.24 3.3967304540951986
26.24 3.3967304540951986
26.24 3.3967304540951986
26.26 3.383322137613962
26.27 3.372062882095777
26.27 3.372062882095777
26.27 3.372062882095777
26.27 3.372062882095777
26.27 3.372062882095777
26.27 3.372062882095777
26.27 3.372062882095777
26.27 3.372062882095777
26.27 3.372062882095777
26.27 3.372062882095777
26.27 3.372062882095777
26.27 3.372062882095777
26.27 3.372062882095777
26.27 3.372062882095777
26.27 3.372062882095777
26.27 3.372062882095777
26.27 3.372062882095777
26.27 3.372062882095777
26.27 3.372062882095777
26.27 3.372062882095777
26.28 3.3667416733318745
26.28 3.3667416733318745
26.28 3.3667416733318745
26.28 3.3667416733318745
26.28 3.3667416733318745
26.28 3.3667416733318745
26.28 3.3667416733318745
26.28 3.3667416733318745
26.28 3.3667416733318745
26.28 3.3667416733318745
26.28 3.3667416733318745
26.28 3.3667416733318745
26.28 3.3667416733318745
26.28 3.3667416733318745
26.29 3.3643856659263824
26.3 3.397860289278319
26.3 3.397860289278319
26.3 3.397860289278319
26.3 3.397860289278319
26.3 3.397860289278319
26.3 3.397860289278319
26.3 3.397860289278319
26.3 3.397860289278319
26.3 3.397860289278319
26.3 3.397860289278319
26.3 3.397860289278319
26.3 3.397860289278319
26.3 3.397860289278319
26.31 3.3895114513433784
26.31 3.3895114513433784
26.31 3.3895114513433784
26.31 3.3895114513433784
26.31 3.3895114513433784
26.32 3.384098286415629
26.32 3.384098286415629
26.32 3.384098286415629
26.33 3.381634892393698
26.33 3.381634892393698
26.33 3.381634892393698
26.33 3.381634892393698
26.33 3.381634892393698
26.33 3.381634892393698
26.33 3.381634892393698
26.33 3.381634892393698
26.33 3.381634892393698
26.33 3.381634892393698
26.33 3.381634892393698
26.33 3.381634892393698
26.33 3.381634892393698
26.34 3.3791398104526342
26.34 3.3791398104526342
26.34 3.3791398104526342
26.34 3.3791398104526342
26.34 3.3791398104526342
26.34 3.3791398104526342
26.34 3.3791398104526342
26.34 3.3791398104526342
26.35 3.373620181839253
26.35 3.373620181839253
26.35 3.373620181839253
26.35 3.373620181839253
26.35 3.373620181839253
26.35 3.373620181839253
26.35 3.373620181839253
26.35 3.373620181839253
26.35 3.373620181839253
26.35 3.373620181839253
26.35 3.373620181839253
26.35 3.373620181839253
26.35 3.373620181839253
26.35 3.373620181839253
26.35 3.373620181839253
26.35 3.373620181839253
26.35 3.373620181839253
26.35 3.373620181839253
26.35 3.373620181839253
26.35 3.373620181839253
26.35 3.373620181839253
26.35 3.373620181839253
26.35 3.373620181839253
26.35 3.373620181839253
26.35 3.373620181839253
26.35 3.373620181839253
26.35 3.373620181839253
26.35 3.373620181839253
26.35 3.373620181839253
26.35 3.373620181839253
26.35 3.373620181839253
26.35 3.373620181839253
26.35 3.373620181839253
26.35 3.373620181839253
26.35 3.373620181839253
26.35 3.373620181839253
26.35 3.373620181839253
26.35 3.373620181839253
26.35 3.373620181839253
26.35 3.373620181839253
26.35 3.373620181839253
26.35 3.373620181839253
26.35 3.373620181839253
26.35 3.373620181839253
26.35 3.373620181839253
26.35 3.373620181839253
26.35 3.373620181839253
26.35 3.373620181839253
26.35 3.373620181839253
26.35 3.373620181839253
26.35 3.373620181839253
26.35 3.373620181839253
26.35 3.373620181839253
26.35 3.373620181839253
26.35 3.373620181839253
26.35 3.373620181839253
26.35 3.373620181839253
26.36 3.3680615172289206
26.36 3.3680615172289206
26.36 3.3680615172289206
26.36 3.3680615172289206
26.36 3.3680615172289206
26.36 3.3680615172289206
26.36 3.3680615172289206
26.36 3.3680615172289206
26.36 3.3680615172289206
26.36 3.3680615172289206
26.36 3.3680615172289206
26.36 3.3680615172289206
26.36 3.3680615172289206
26.36 3.3680615172289206
26.36 3.3680615172289206
26.36 3.3680615172289206
26.36 3.3680615172289206
26.36 3.3680615172289206
26.36 3.3680615172289206
26.36 3.3680615172289206
26.36 3.3680615172289206
26.36 3.3680615172289206
26.36 3.3680615172289206
26.36 3.3680615172289206
26.36 3.3680615172289206
26.36 3.3680615172289206
26.36 3.3680615172289206
26.36 3.3680615172289206
26.36 3.3680615172289206
26.36 3.3680615172289206
26.36 3.3680615172289206
26.36 3.3680615172289206
26.36 3.3680615172289206
26.36 3.3680615172289206
26.36 3.3680615172289206
26.36 3.3680615172289206
26.36 3.3680615172289206
26.36 3.3680615172289206
26.36 3.3680615172289206
26.36 3.3680615172289206
26.36 3.3680615172289206
26.36 3.3680615172289206
26.36 3.3680615172289206
26.36 3.3680615172289206
26.36 3.3680615172289206
26.36 3.3680615172289206
26.36 3.3680615172289206
26.36 3.3680615172289206
26.37 3.3684663656574685
26.37 3.3684663656574685
26.37 3.3684663656574685
26.37 3.3684663656574685
26.37 3.3684663656574685
26.37 3.3684663656574685
26.37 3.3684663656574685
26.37 3.3684663656574685
26.37 3.3684663656574685
26.37 3.3684663656574685
26.37 3.3684663656574685
26.37 3.3684663656574685
26.37 3.3684663656574685
26.37 3.3684663656574685
26.38 3.362839108355739
26.38 3.362839108355739
26.38 3.362839108355739
26.38 3.362839108355739
26.38 3.362839108355739
26.38 3.362839108355739
26.38 3.362839108355739
26.38 3.362839108355739
26.38 3.362839108355739
26.38 3.362839108355739
26.38 3.362839108355739
26.39 3.3571723310855024
26.39 3.3571723310855024
26.39 3.3571723310855024
26.39 3.3571723310855024
26.39 3.3571723310855024
26.39 3.3571723310855024
26.39 3.3571723310855024
26.39 3.3571723310855024
26.4 3.3933982252531933
26.4 3.3933982252531933
26.4 3.3933982252531933
26.4 3.3933982252531933
26.4 3.3933982252531933
26.4 3.3933982252531933
26.4 3.3933982252531933
26.4 3.3933982252531933
26.4 3.3933982252531933
26.4 3.3933982252531933
26.4 3.3933982252531933
26.4 3.3933982252531933
26.4 3.3933982252531933
26.4 3.3933982252531933
26.4 3.3933982252531933
26.4 3.3933982252531933
26.4 3.3933982252531933
26.4 3.3933982252531933
26.4 3.3933982252531933
26.4 3.3933982252531933
26.4 3.3933982252531933
26.4 3.3933982252531933
26.4 3.3933982252531933
26.4 3.3933982252531933
26.4 3.3933982252531933
26.4 3.3933982252531933
26.4 3.3933982252531933
26.4 3.3933982252531933
26.4 3.3933982252531933
26.4 3.3933982252531933
26.4 3.3933982252531933
26.4 3.3933982252531933
26.4 3.3933982252531933
26.4 3.3933982252531933
26.41 3.429212001246782
26.41 3.429212001246782
26.41 3.429212001246782
26.41 3.429212001246782
26.41 3.429212001246782
26.41 3.429212001246782
26.41 3.429212001246782
26.41 3.429212001246782
26.41 3.429212001246782
26.42 3.4294623662043753
26.42 3.4294623662043753
26.42 3.4294623662043753
26.42 3.4294623662043753
26.42 3.4294623662043753
26.42 3.4294623662043753
26.42 3.4294623662043753
26.42 3.4294623662043753
26.42 3.4294623662043753
26.42 3.4294623662043753
26.42 3.4294623662043753
26.42 3.4294623662043753
26.43 3.426736822769625
26.43 3.426736822769625
26.43 3.426736822769625
26.43 3.426736822769625
26.43 3.426736822769625
26.43 3.426736822769625
26.43 3.426736822769625
26.43 3.426736822769625
26.43 3.426736822769625
26.43 3.426736822769625
26.43 3.426736822769625
26.43 3.426736822769625
26.43 3.426736822769625
26.43 3.426736822769625
26.43 3.426736822769625
26.43 3.426736822769625
26.43 3.426736822769625
26.43 3.426736822769625
26.43 3.426736822769625
26.43 3.426736822769625
26.43 3.426736822769625
26.44 3.4210282582045917
26.44 3.4210282582045917
26.44 3.4210282582045917
26.44 3.4210282582045917
26.44 3.4210282582045917
26.44 3.4210282582045917
26.44 3.4210282582045917
26.45 3.4152805761959626
26.45 3.4152805761959626
26.45 3.4152805761959626
26.45 3.4152805761959626
26.45 3.4152805761959626
26.45 3.4152805761959626
26.45 3.4152805761959626
26.45 3.4152805761959626
26.46 3.4154136652901235
26.46 3.4154136652901235
26.46 3.4154136652901235
26.46 3.4154136652901235
26.47 3.4066334577044706
26.47 3.4066334577044706
26.47 3.4066334577044706
26.47 3.4066334577044706
26.47 3.4066334577044706
26.47 3.4066334577044706
26.47 3.4066334577044706
26.47 3.4066334577044706
26.47 3.4066334577044706
26.47 3.4066334577044706
26.47 3.4066334577044706
26.47 3.4066334577044706
26.47 3.4066334577044706
26.47 3.4066334577044706
26.47 3.4066334577044706
26.47 3.4066334577044706
26.47 3.4066334577044706
26.47 3.4066334577044706
26.47 3.4066334577044706
26.47 3.4066334577044706
26.47 3.4066334577044706
26.47 3.4066334577044706
26.47 3.4066334577044706
26.47 3.4066334577044706
26.47 3.4066334577044706
26.47 3.4066334577044706
26.47 3.4066334577044706
26.47 3.4066334577044706
26.47 3.4066334577044706
26.47 3.4066334577044706
26.47 3.4066334577044706
26.47 3.4066334577044706
26.47 3.4066334577044706
26.47 3.4066334577044706
26.47 3.4066334577044706
26.47 3.4066334577044706
26.47 3.4066334577044706
26.47 3.4066334577044706
26.47 3.4066334577044706
26.47 3.4066334577044706
26.47 3.4066334577044706
26.47 3.4066334577044706
26.47 3.4066334577044706
26.47 3.4066334577044706
26.47 3.4066334577044706
26.47 3.4066334577044706
26.47 3.4066334577044706
26.47 3.4066334577044706
26.47 3.4066334577044706
26.47 3.4066334577044706
26.47 3.4066334577044706
26.47 3.4066334577044706
26.47 3.4066334577044706
26.47 3.4066334577044706
26.47 3.4066334577044706
26.47 3.4066334577044706
26.47 3.4066334577044706
26.47 3.4066334577044706
26.47 3.4066334577044706
26.47 3.4066334577044706
26.47 3.4066334577044706
26.47 3.4066334577044706
26.47 3.4066334577044706
26.47 3.4066334577044706
26.47 3.4066334577044706
26.47 3.4066334577044706
26.47 3.4066334577044706
26.47 3.4066334577044706
26.47 3.4066334577044706
26.47 3.4066334577044706
26.47 3.4066334577044706
26.47 3.4066334577044706
26.47 3.4066334577044706
26.47 3.4066334577044706
26.47 3.4066334577044706
26.47 3.4066334577044706
26.47 3.4066334577044706
26.48 3.442104125107316
26.48 3.442104125107316
26.48 3.442104125107316
26.48 3.442104125107316
26.48 3.442104125107316
26.48 3.442104125107316
26.48 3.442104125107316
26.48 3.442104125107316
26.48 3.442104125107316
26.48 3.442104125107316
26.49 3.4362741156636196
26.49 3.4362741156636196
26.49 3.4362741156636196
26.49 3.4362741156636196
26.5 3.4304047527481023
26.5 3.4304047527481023
26.5 3.4304047527481023
26.5 3.4304047527481023
26.5 3.4304047527481023
26.5 3.4304047527481023
26.5 3.4304047527481023
26.5 3.4304047527481023
26.5 3.4304047527481023
26.5 3.4304047527481023
26.5 3.4304047527481023
26.5 3.4304047527481023
26.5 3.4304047527481023
26.5 3.4304047527481023
26.5 3.4304047527481023
26.5 3.4304047527481023
26.5 3.4304047527481023
26.5 3.4304047527481023
26.5 3.4304047527481023
26.5 3.4304047527481023
26.5 3.4304047527481023
26.5 3.4304047527481023
26.5 3.4304047527481023
26.5 3.4304047527481023
26.5 3.4304047527481023
26.5 3.4304047527481023
26.5 3.4304047527481023
26.5 3.4304047527481023
26.5 3.4304047527481023
26.5 3.4304047527481023
26.5 3.4304047527481023
26.5 3.4304047527481023
26.51 3.4244958340128986
26.51 3.4244958340128986
26.51 3.4244958340128986
26.51 3.4244958340128986
26.51 3.4244958340128986
26.51 3.4244958340128986
26.51 3.4244958340128986
26.51 3.4244958340128986
