19.51 1.0199524647271712
19.56 0.9981801622771497
19.56 0.9981801622771497
19.57 0.9975221827360554
19.61 1.0139930069688936
19.61 1.0139930069688936
19.62 1.0128467731392474
19.62 1.0128467731392474
19.66 1.0072464715974208
19.66 1.0072464715974208
19.69 0.9918353561642036
19.71 0.9877532918986236
19.74 1.0012113874823052
19.75 0.9987365756167877
19.75 0.9987365756167877
19.78 1.0207939077111516
19.8 0.9949366763261825
19.8 0.9949366763261825
19.81 1.0019677609281616
19.82 0.9987871432771632
19.84 0.9920899274977161
19.85 0.998736575616787
19.85 0.998736575616787
19.86 1.0052388027255257
19.87 1.0215357818184123
19.88 1.027697239541693
19.9 1.0000000000000004
19.9 1.0000000000000004
19.9 1.0000000000000004
19.91 0.9959006887326577
19.91 0.9959006887326577
19.92 0.9916825819960453
19.94 1.0231660113924268
19.96 1.0241527663824805
19.96 1.0241527663824805
19.97 1.019556251265692
19.99 1.0199524647271712
20.0 1.0249414863810766
20.0 1.0249414863810766
20.02 1.004836787591383
20.03 1.019556251265692
20.03 1.019556251265692
20.04 1.0241527663824805
20.05 1.0187633620614691
20.06 1.0231660113924268
20.06 1.0231660113924268
20.07 1.0175728698498934
20.08 1.03162126007679
20.09 1.0159833769418785
20.09 1.0159833769418785
20.09 1.0159833769418785
20.1 1.0100505037878167
20.1 1.0100505037878167
20.12 1.0178210038899747
20.13 1.0215357818184123
20.13 1.0215357818184123
20.13 1.0215357818184123
20.13 1.0215357818184123
20.13 1.0215357818184123
20.15 1.0187633620614678
20.16 1.032012841514341
20.16 1.032012841514341
20.18 1.028679647986591
20.18 1.028679647986591
20.21 1.0278446606684526
20.21 1.0278446606684526
20.21 1.0278446606684526
20.25 1.0384039812533599
20.25 1.0384039812533599
20.25 1.0384039812533599
20.26 1.0407844749189543
20.28 1.0355304111049726
20.28 1.0355304111049726
20.3 1.0298573010888747
20.32 1.0335776837194341
20.33 1.0254833794928928
20.33 1.0254833794928928
20.34 1.0271073434405449
20.35 1.0087996667707464
20.38 1.0028242945085473
20.39 1.0039819709436015
20.39 1.0039819709436015
20.39 1.0039819709436015
20.39 1.0039819709436015
20.39 1.0039819709436015
20.41 1.0059921480907306
20.41 1.0059921480907306
20.41 1.0059921480907306
20.43 0.9975221827360554
20.43 0.9975221827360554
20.44 1.0082488068753948
20.44 1.0082488068753948
20.44 1.0082488068753948
20.44 1.0082488068753948
20.44 1.0082488068753948
20.47 1.019556251265692
20.48 1.0098504739801732
20.48 1.0098504739801732
20.48 1.0098504739801732
20.49 1.010000500049882
20.5 1.0
20.5 1.0
20.52 0.9997979593877756
20.53 0.9893881386437227
20.54 0.9991915924305215
20.54 0.9991915924305215
20.55 0.988571053224161
20.56 0.9673456340716984
20.56 0.9673456340716984
20.56 0.9673456340716984
20.57 0.9561602502940726
20.58 0.9553676113032472
20.6 0.9847319278346609
20.6 0.9847319278346609
20.61 1.0039819709436015
20.61 1.0039819709436015
20.63 1.0015644328406008
20.64 1.000201999800059
20.65 0.9885710532241617
20.65 0.9885710532241617
20.66 0.9766982102673234
20.67 0.9540450828980896
20.67 0.9540450828980896
20.67 0.9540450828980896
20.68 0.9521904571390478
20.7 0.9265990819042826
20.71 0.9243616415908045
20.72 0.9329003324594924
20.72 0.9329003324594924
20.74 0.9387289924211999
20.74 0.9387289924211999
20.74 0.9387289924211999
20.74 0.9387289924211999
20.75 0.9360890055238478
20.75 0.9360890055238478
20.76 0.9224473377429688
20.77 0.9412542674323422
20.77 0.9412542674323422
20.78 0.9595874534444904
20.8 0.9534625892455928
20.8 0.9534625892455928
20.81 0.9502259167846836
20.81 0.9502259167846836
20.82 0.9574798571080625
20.82 0.9574798571080625
20.83 0.9433981132056617
20.83 0.9433981132056617
20.85 0.957427107756337
20.85 0.957427107756337
20.86 0.953674446283923
20.86 0.953674446283923
20.86 0.953674446283923
20.86 0.953674446283923
20.86 0.953674446283923
20.87 0.9498006170356037
20.87 0.9498006170356037
20.88 0.9564243173129147
20.91 0.9754046039537349
20.91 0.9754046039537349
20.91 0.9754046039537349
20.91 0.9754046039537349
20.91 0.9754046039537349
20.91 0.9754046039537349
20.91 0.9754046039537349
20.92 0.9814439990301651
20.92 0.9814439990301651
20.93 0.9873441572463412
20.93 0.9873441572463412
20.95 0.9885710532241614
20.95 0.9885710532241614
20.96 0.9941241513426917
20.96 0.9941241513426917
20.97 0.9995453511926862
20.99 0.9999494936740505
20.99 0.9999494936740505
21.01 0.9897964284119084
21.01 0.9897964284119084
21.02 0.9947336073014477
21.03 0.9893881386437227
21.04 1.0142420168218564
21.04 1.0142420168218564
21.04 1.0142420168218564
21.04 1.0142420168218564
21.04 1.0142420168218564
21.04 1.0142420168218564
21.04 1.0142420168218564
21.04 1.0142420168218564
21.05 0.998736575616788
21.06 1.0132456102380445
21.07 0.9975221827360572
21.08 1.0118489926062997
21.09 0.9959006887326581
21.1 1.0000000000000009
21.11 0.9938701010583721
21.11 0.9938701010583721
21.12 0.9977753031397179
21.14 1.0052388027255257
21.16 1.002219758558194
21.16 1.002219758558194
21.16 1.002219758558194
21.16 1.002219758558194
21.18 1.0088497300281032
21.18 1.0088497300281032
21.18 1.0088497300281032
21.18 1.0088497300281032
21.18 1.0088497300281032
21.18 1.0088497300281032
21.18 1.0088497300281032
21.19 1.0119987224010774
21.19 1.0119987224010774
21.2 1.0050378152592123
21.2 1.0050378152592123
21.22 1.0306416555826878
21.23 1.043062700886096
21.23 1.043062700886096
21.23 1.043062700886096
21.24 1.0552418459933028
21.26 1.0600171525198847
21.26 1.0600171525198847
21.26 1.0600171525198847
21.26 1.0600171525198847
21.26 1.0600171525198847
21.27 1.0622541307916096
21.28 1.0643915129919508
21.28 1.0643915129919508
21.29 1.0569156575009706
21.29 1.0569156575009706
21.29 1.0569156575009706
21.3 1.049290284435199
21.31 1.0702119114238704
21.33 1.0641542380802917
21.33 1.0641542380802917
21.34 1.0465913889161966
21.35 1.0480862791225014
21.35 1.0480862791225014
21.36 1.0398135030918376
21.38 1.0325999352424087
21.38 1.0325999352424087
21.38 1.0325999352424087
21.38 1.0325999352424087
21.39 1.0337242662266666
21.39 1.0337242662266666
21.4 1.0347497623614461
21.41 1.045384275196582
21.41 1.045384275196582
21.41 1.045384275196582
21.41 1.045384275196582
21.42 1.0462052640593307
21.43 1.0660509586622235
21.44 1.0760946974963668
21.44 1.0760946974963668
21.46 1.0485198803045854
21.46 1.0485198803045854
21.47 1.0391818848974375
21.47 1.0391818848974375
21.47 1.0391818848974375
21.47 1.0391818848974375
21.48 1.0296611191076508
21.48 1.0296611191076508
21.5 1.039619199903542
21.51 1.0588253449512401
21.52 1.0681807436057351
21.52 1.0681807436057351
21.52 1.0681807436057351
21.52 1.0681807436057351
21.52 1.0681807436057351
21.52 1.0681807436057351
21.52 1.0681807436057351
21.52 1.0681807436057351
21.53 1.0773611607567222
21.54 1.0676132163840903
21.55 1.0766108438479098
21.55 1.0766108438479098
21.56 1.0760946974963672
21.57 1.0660509586622235
21.59 1.064533852553465
21.59 1.064533852553465
21.59 1.064533852553465
21.61 1.0626344240574557
21.61 1.0626344240574557
21.62 1.0519822558706338
21.62 1.0519822558706338
21.62 1.0519822558706338
21.63 1.0411241011231056
21.63 1.0411241011231056
21.64 1.0398135030918376
21.65 1.0286305498481023
21.65 1.0286305498481023
21.65 1.0286305498481023
21.67 1.0254833794928928
21.67 1.0254833794928928
21.67 1.0254833794928928
21.67 1.0254833794928928
21.67 1.0254833794928928
21.67 1.0254833794928928
21.67 1.0254833794928928
21.67 1.0254833794928928
21.68 1.013843571700679
21.68 1.013843571700679
21.68 1.013843571700679
21.68 1.013843571700679
21.69 1.0019677609281614
21.69 1.0019677609281614
21.69 1.0019677609281614
21.69 1.0019677609281614
21.69 1.0019677609281614
21.71 1.0079983164969117
21.71 1.0079983164969117
21.71 1.0079983164969117
21.72 0.9957485382942587
21.72 0.9957485382942587
21.72 0.9957485382942587
21.72 0.9957485382942587
21.72 0.9957485382942587
21.72 0.9957485382942587
21.73 1.013594463961666
21.73 1.013594463961666
21.74 1.0112498517311452
21.74 1.0112498517311452
21.74 1.0112498517311452
21.75 0.9885710532241612
21.75 0.9885710532241612
21.75 0.9885710532241612
21.75 0.9885710532241612
21.75 0.9885710532241612
21.78 0.970056751437823
21.78 0.970056751437823
21.78 0.970056751437823
21.79 0.9877532918986226
21.79 0.9877532918986226
21.8 0.9847319278346622
21.8 0.9847319278346622
21.8 0.9847319278346622
21.8 0.9847319278346622
21.81 0.9815983667138778
21.81 0.9815983667138778
21.81 0.9815983667138778
21.81 0.9815983667138778
21.81 0.9815983667138778
21.81 0.9815983667138778
21.81 0.9815983667138778
21.81 0.9815983667138778
21.82 0.9886221408474203
21.82 0.9886221408474203
21.82 0.9886221408474203
21.82 0.9886221408474203
21.84 1.0022197585581938
21.84 1.0022197585581938
21.84 1.0022197585581938
21.84 1.0022197585581938
21.84 1.0022197585581938
21.84 1.0022197585581938
21.85 0.9987365756167867
21.85 0.9987365756167867
21.85 0.9987365756167867
21.86 1.0052388027255257
21.87 1.0015644328406008
21.89 1.0039819709436013
21.89 1.0039819709436013
21.89 1.0039819709436013
21.89 1.0039819709436013
21.89 1.0039819709436013
21.89 1.0039819709436013
21.89 1.0039819709436013
21.89 1.0039819709436013
21.89 1.0039819709436013
21.9 1.0000000000000007
21.92 1.021782953488853
21.93 1.0274514906585945
21.93 1.0274514906585945
21.94 1.0231660113924266
21.94 1.0231660113924266
21.94 1.0231660113924266
21.94 1.0231660113924266
21.94 1.0231660113924266
21.94 1.0231660113924266
21.94 1.0231660113924266
21.94 1.0231660113924266
21.94 1.0231660113924266
21.97 1.019556251265692
21.97 1.019556251265692
21.98 1.0247443632931148
21.99 1.019952464727171
21.99 1.019952464727171
21.99 1.019952464727171
22.0 1.0249414863810766
22.0 1.0249414863810766
22.0 1.0249414863810766
22.0 1.0249414863810766
22.0 1.0249414863810766
22.01 1.029808259097319
22.01 1.029808259097319
22.01 1.029808259097319
22.01 1.029808259097319
22.01 1.029808259097319
22.01 1.029808259097319
22.01 1.029808259097319
22.02 1.03455450813528
22.03 1.0294158390548354
22.04 1.0241527663824805
22.04 1.0241527663824805
22.04 1.0241527663824805
22.04 1.0241527663824805
22.04 1.0241527663824805
22.05 1.0087996667707457
22.06 1.0032271160931838
22.07 0.9975221827360568
22.07 0.9975221827360568
22.07 0.9975221827360568
22.08 1.0118489926062997
22.08 1.0118489926062997
22.09 0.9959006887326579
22.1 0.9898474527915807
22.11 0.9836542876314613
22.11 0.9836542876314613
22.11 0.9836542876314613
22.11 0.9836542876314613
22.11 0.9836542876314613
22.12 0.997775303139718
22.12 0.997775303139718
22.12 0.997775303139718
22.12 0.997775303139718
22.12 0.997775303139718
22.12 0.997775303139718
22.12 0.997775303139718
22.12 0.997775303139718
22.13 0.9914279060674526
22.13 0.9914279060674526
22.14 0.9849370589540267
22.15 0.9885710532241605
22.15 0.9885710532241605
22.15 0.9885710532241605
22.15 0.9885710532241605
22.15 0.9885710532241605
22.15 0.9885710532241605
22.16 0.9818555922539746
22.17 0.9749902874419121
22.17 0.9749902874419121
22.17 0.9749902874419121
22.17 0.9749902874419121
22.17 0.9749902874419121
22.17 0.9749902874419121
22.17 0.9749902874419121
22.17 0.9749902874419121
22.18 0.9783515304693486
22.18 0.9783515304693486
22.18 0.9783515304693486
22.18 0.9783515304693486
22.18 0.9783515304693486
22.19 0.9815983667138779
22.19 0.9815983667138779
22.19 0.9815983667138779
22.19 0.9815983667138779
22.2 0.9744203145947594
22.2 0.9744203145947594
22.2 0.9744203145947594
22.2 0.9744203145947594
22.2 0.9744203145947594
22.2 0.9744203145947594
22.2 0.9744203145947594
22.2 0.9744203145947594
22.2 0.9744203145947594
22.2 0.9744203145947594
22.21 0.9670845491747477
22.22 0.9804142600003951
22.22 0.9804142600003951
22.23 0.9832434473555757
22.23 0.9832434473555757
22.23 0.9832434473555757
22.23 0.9832434473555757
22.23 0.9832434473555757
22.23 0.9832434473555757
22.24 0.9961542211541506
22.24 0.9961542211541506
22.24 0.9961542211541506
22.24 0.9961542211541506
22.24 0.9961542211541506
22.24 0.9961542211541506
22.26 0.9910712498212337
22.26 0.9910712498212337
22.27 0.9832434473555757
22.27 0.9832434473555757
22.27 0.9832434473555757
22.28 0.985552196138354
22.28 0.985552196138354
22.28 0.985552196138354
22.28 0.985552196138354
22.29 0.9877532918986235
22.29 0.9877532918986235
22.29 0.9877532918986235
22.29 0.9877532918986235
22.29 0.9877532918986235
22.29 0.9877532918986235
22.29 0.9877532918986235
22.29 0.9877532918986235
22.29 0.9877532918986235
22.29 0.9877532918986235
22.3 0.9795896894087648
22.3 0.9795896894087648
22.3 0.9795896894087648
22.3 0.9795896894087648
22.32 0.973175578747591
22.32 0.973175578747591
22.32 0.973175578747591
22.32 0.973175578747591
22.33 0.9852959356498346
22.33 0.9852959356498346
22.34 0.9869860253019865
22.34 0.9869860253019865
22.34 0.9869860253019865
22.35 0.9885710532241617
22.36 0.9900515240137848
22.38 0.9927006323431782
22.38 0.9927006323431782
22.39 0.9733312577810996
22.39 0.9733312577810996
22.39 0.9733312577810996
22.39 0.9733312577810996
22.39 0.9733312577810996
22.39 0.9733312577810996
22.39 0.9733312577810996
22.39 0.9733312577810996
22.39 0.9733312577810996
22.39 0.9733312577810996
22.4 0.9744203145947584
22.43 0.9561602502940726
22.44 0.9462312272132726
22.44 0.9462312272132726
22.45 0.9360890055238478
22.45 0.9360890055238478
22.45 0.9360890055238478
22.46 0.9147500624584178
22.46 0.9147500624584178
22.46 0.9147500624584178
22.46 0.9147500624584178
22.47 0.9151364638537515
22.48 0.9154123649917555
22.48 0.9154123649917555
22.48 0.9154123649917555
22.48 0.9154123649917555
22.48 0.9154123649917555
22.48 0.9154123649917555
22.48 0.9154123649917555
22.48 0.9154123649917555
22.5 0.9265990819042822
22.51 0.94809751022186
22.51 0.94809751022186
22.51 0.94809751022186
22.51 0.94809751022186
22.51 0.94809751022186
22.51 0.94809751022186
22.53 0.9476712552783318
22.53 0.9476712552783318
22.53 0.9476712552783318
22.53 0.9476712552783318
22.53 0.9476712552783318
22.54 0.9257265778671905
22.54 0.9257265778671905
22.54 0.9257265778671905
22.55 0.9252354327740623
22.55 0.9252354327740623
22.55 0.9252354327740623
22.55 0.9252354327740623
22.55 0.9252354327740623
22.56 0.9246347900384757
22.56 0.9246347900384757
22.57 0.9239244361073924
22.57 0.9239244361073924
22.57 0.9239244361073924
22.57 0.9239244361073924
22.57 0.9239244361073924
22.57 0.9239244361073924
22.57 0.9239244361073924
22.58 0.9231041177035296
22.58 0.9231041177035296
22.58 0.9231041177035296
22.58 0.9231041177035296
22.59 0.9111542241585785
22.59 0.9111542241585785
22.59 0.9111542241585785
22.59 0.9111542241585785
22.6 0.9211323729436758
22.6 0.9211323729436758
22.6 0.9211323729436758
22.6 0.9211323729436758
22.6 0.9211323729436758
22.6 0.9211323729436758
22.61 0.9089343299499778
22.61 0.9089343299499778
22.63 0.9062632792478866
22.63 0.9062632792478866
22.63 0.9062632792478866
22.63 0.9062632792478866
22.63 0.9062632792478866
22.63 0.9062632792478866
22.63 0.9062632792478866
22.63 0.9062632792478866
22.63 0.9062632792478866
22.63 0.9062632792478866
22.63 0.9062632792478866
22.64 0.9158536339327789
22.65 0.9252354327740627
22.65 0.9252354327740627
22.67 0.9217352980091198
22.69 0.9067090007941974
22.69 0.9067090007941974
22.69 0.9067090007941974
22.69 0.9067090007941974
22.69 0.9067090007941974
22.7 0.9045340337332917
22.7 0.9045340337332917
22.7 0.9045340337332917
22.7 0.9045340337332917
22.7 0.9045340337332917
22.7 0.9045340337332917
22.71 0.9022418766829684
22.71 0.9022418766829684
22.71 0.9022418766829684
22.71 0.9022418766829684
22.71 0.9022418766829684
22.71 0.9022418766829684
22.71 0.9022418766829684
22.72 0.9109879197327432
22.72 0.9109879197327432
22.73 0.9084897001912209
22.73 0.9084897001912209
22.73 0.9084897001912209
22.73 0.9084897001912209
22.73 0.9084897001912209
22.74 0.8946530279410224
22.74 0.8946530279410224
22.75 0.9031370691409835
22.75 0.9031370691409835
22.75 0.9031370691409835
22.75 0.9031370691409835
22.75 0.9031370691409835
22.75 0.9031370691409835
22.75 0.9031370691409835
22.77 0.9084897001912215
22.77 0.9084897001912215
22.77 0.9084897001912215
22.77 0.9084897001912215
22.78 0.9165151389911685
22.78 0.9165151389911685
22.78 0.9165151389911685
22.79 0.9352253550061956
22.79 0.9352253550061956
22.79 0.9352253550061956
22.79 0.9352253550061956
22.79 0.9352253550061956
22.79 0.9352253550061956
22.79 0.9352253550061956
22.79 0.9352253550061956
22.79 0.9352253550061956
22.79 0.9352253550061956
22.79 0.9352253550061956
22.79 0.9352253550061956
22.79 0.9352253550061956
22.79 0.9352253550061956
22.8 0.9428090415820635
22.8 0.9428090415820635
22.8 0.9428090415820635
22.8 0.9428090415820635
22.8 0.9428090415820635
22.8 0.9428090415820635
22.8 0.9428090415820635
22.81 0.9287223764534003
22.81 0.9287223764534003
22.82 0.9031929892097129
22.83 0.8995509541943245
22.83 0.8995509541943245
22.83 0.8995509541943245
22.83 0.8995509541943245
22.83 0.8995509541943245
22.84 0.9069874655287476
22.84 0.9069874655287476
22.84 0.9069874655287476
22.84 0.9069874655287476
22.85 0.9031370691409835
22.85 0.9031370691409835
22.86 0.8991578551538358
22.86 0.8991578551538358
22.86 0.8991578551538358
22.86 0.8991578551538358
22.86 0.8991578551538358
22.86 0.8991578551538358
22.86 0.8991578551538358
22.86 0.8991578551538358
22.86 0.8991578551538358
22.86 0.8991578551538358
22.87 0.8950481054731704
22.87 0.8950481054731704
22.87 0.8950481054731704
22.87 0.8950481054731704
22.87 0.8950481054731704
22.87 0.8950481054731704
22.87 0.8950481054731704
22.87 0.8950481054731704
22.87 0.8950481054731704
22.87 0.8950481054731704
22.87 0.8950481054731704
22.87 0.8950481054731704
22.87 0.8950481054731704
22.87 0.8950481054731704
22.88 0.9020739291972552
22.88 0.9020739291972552
22.88 0.9020739291972552
22.88 0.9020739291972552
22.88 0.9020739291972552
22.88 0.9020739291972552
22.88 0.9020739291972552
22.88 0.9020739291972552
22.89 0.8977525248973655
22.89 0.8977525248973655
22.89 0.8977525248973655
22.89 0.8977525248973655
22.89 0.8977525248973655
22.89 0.8977525248973655
22.89 0.8977525248973655
22.89 0.8977525248973655
22.89 0.8977525248973655
22.89 0.8977525248973655
22.89 0.8977525248973655
22.89 0.8977525248973655
22.89 0.8977525248973655
22.9 0.8932971498777983
22.9 0.8932971498777983
22.9 0.8932971498777983
22.9 0.8932971498777983
22.9 0.8932971498777983
22.9 0.8932971498777983
22.9 0.8932971498777983
22.9 0.8932971498777983
22.9 0.8932971498777983
22.9 0.8932971498777983
22.91 0.8772661851433459
22.92 0.8953301969754853
22.92 0.8953301969754853
22.92 0.8953301969754853
22.93 0.9017939472142865
22.93 0.9017939472142865
22.93 0.9017939472142865
22.93 0.9017939472142865
22.93 0.9017939472142865
22.94 0.9081004705683532
22.94 0.9081004705683532
22.95 0.9031370691409831
22.95 0.9031370691409831
22.96 0.9202546858716271
22.96 0.9202546858716271
22.96 0.9202546858716271
22.96 0.9202546858716271
22.96 0.9202546858716271
22.96 0.9202546858716271
22.96 0.9202546858716271
22.96 0.9202546858716271
22.96 0.9202546858716271
22.96 0.9202546858716271
22.96 0.9202546858716271
22.96 0.9202546858716271
22.96 0.9202546858716271
22.96 0.9202546858716271
22.96 0.9202546858716271
22.96 0.9202546858716271
22.96 0.9202546858716271
22.97 0.9151364638537515
22.97 0.9151364638537515
22.97 0.9151364638537515
22.97 0.9151364638537515
22.97 0.9151364638537515
22.97 0.9151364638537515
22.98 0.9098784467602185
22.98 0.9098784467602185
22.98 0.9098784467602185
22.99 0.8932406102942191
23.0 0.8876253645985945
23.0 0.8876253645985945
23.0 0.8876253645985945
23.0 0.8876253645985945
23.01 0.8932406102942191
23.01 0.8932406102942191
23.02 0.887397739164771
23.02 0.887397739164771
23.02 0.887397739164771
23.02 0.887397739164771
23.02 0.887397739164771
23.02 0.887397739164771
23.02 0.887397739164771
23.03 0.8927881647236975
23.03 0.8927881647236975
23.03 0.8927881647236975
23.04 0.8980337668844345
23.05 0.8918825850158443
23.05 0.8918825850158443
23.05 0.8918825850158443
23.05 0.8918825850158443
23.05 0.8918825850158443
23.05 0.8918825850158443
23.06 0.8969082698049139
23.06 0.8969082698049139
23.06 0.8969082698049139
23.06 0.8969082698049139
23.06 0.8969082698049139
23.07 0.8905224887841426
23.07 0.8905224887841426
23.07 0.8905224887841426
23.07 0.8905224887841426
23.07 0.8905224887841426
23.07 0.8905224887841426
23.07 0.8905224887841426
23.07 0.8905224887841426
23.07 0.8905224887841426
23.07 0.8905224887841426
23.08 0.9065418808958479
23.08 0.9065418808958479
23.08 0.9065418808958479
23.08 0.9065418808958479
23.08 0.9065418808958479
23.08 0.9065418808958479
23.08 0.9065418808958479
23.09 0.9111542241585778
23.09 0.9111542241585778
23.1 0.9156330260447351
23.1 0.9156330260447351
23.1 0.9156330260447351
23.1 0.9156330260447351
23.1 0.9156330260447351
23.11 0.908934329949978
23.12 0.9132028219072666
23.12 0.9132028219072666
23.13 0.9173413495069062
23.13 0.9173413495069062
23.13 0.9173413495069062
23.13 0.9173413495069062
23.14 0.9103223982122307
23.14 0.9103223982122307
23.14 0.9103223982122307
23.14 0.9103223982122307
23.14 0.9103223982122307
23.14 0.9103223982122307
23.14 0.9103223982122307
23.14 0.9103223982122307
23.14 0.9103223982122307
23.14 0.9103223982122307
23.14 0.9103223982122307
23.14 0.9103223982122307
23.14 0.9103223982122307
23.14 0.9103223982122307
23.14 0.9103223982122307
23.14 0.9103223982122307
23.14 0.9103223982122307
23.14 0.9103223982122307
23.15 0.9031370691409835
23.15 0.9031370691409835
23.15 0.9031370691409835
23.15 0.9031370691409835
23.15 0.9031370691409835
23.16 0.9069874655287481
23.16 0.9069874655287481
23.17 0.888251033767988
23.17 0.888251033767988
23.17 0.888251033767988
23.17 0.888251033767988
23.17 0.888251033767988
23.17 0.888251033767988
23.17 0.888251033767988
23.17 0.888251033767988
23.17 0.888251033767988
23.17 0.888251033767988
23.17 0.888251033767988
23.17 0.888251033767988
23.18 0.891939210683977
23.18 0.891939210683977
23.18 0.891939210683977
23.18 0.891939210683977
23.19 0.8954994092232507
23.19 0.8954994092232507
23.19 0.8954994092232507
23.19 0.8954994092232507
23.19 0.8954994092232507
23.19 0.8954994092232507
23.19 0.8954994092232507
23.2 0.8876253645985944
23.2 0.8876253645985944
23.2 0.8876253645985944
23.2 0.8876253645985944
23.2 0.8876253645985944
23.2 0.8876253645985944
23.21 0.890976084885775
23.21 0.890976084885775
23.21 0.890976084885775
23.22 0.8942012970220746
23.22 0.8942012970220746
23.22 0.8942012970220746
23.22 0.8942012970220746
23.22 0.8942012970220746
23.22 0.8942012970220746
23.22 0.8942012970220746
23.22 0.8942012970220746
23.22 0.8942012970220746
23.22 0.8942012970220746
23.23 0.8744984132332518
23.23 0.8744984132332518
23.23 0.8744984132332518
23.23 0.8744984132332518
23.23 0.8744984132332518
23.23 0.8744984132332518
23.23 0.8744984132332518
23.24 0.8659670836117218
23.24 0.8659670836117218
23.24 0.8659670836117218
23.24 0.8659670836117218
23.24 0.8659670836117218
23.24 0.8659670836117218
23.24 0.8659670836117218
23.24 0.8659670836117218
23.24 0.8659670836117218
23.24 0.8659670836117218
23.24 0.8659670836117218
23.25 0.8918825850158447
23.25 0.8918825850158447
23.25 0.8918825850158447
23.26 0.9058730929915407
23.26 0.9058730929915407
23.27 0.919540948275581
23.27 0.919540948275581
23.28 0.9220092245205636
23.28 0.9220092245205636
23.28 0.9220092245205636
23.28 0.9220092245205636
23.28 0.9220092245205636
23.28 0.9220092245205636
23.28 0.9220092245205636
23.28 0.9220092245205636
23.29 0.9133687230480497
23.29 0.9133687230480497
23.29 0.9133687230480497
23.29 0.9133687230480497
23.29 0.9133687230480497
23.3 0.9156330260447354
23.3 0.9156330260447354
23.3 0.9156330260447354
23.3 0.9156330260447354
23.3 0.9156330260447354
23.3 0.9156330260447354
23.3 0.9156330260447354
23.3 0.9156330260447354
23.3 0.9156330260447354
23.31 0.9067090007941976
23.31 0.9067090007941976
23.31 0.9067090007941976
23.31 0.9067090007941976
23.31 0.9067090007941976
23.31 0.9067090007941976
23.31 0.9067090007941976
23.31 0.9067090007941976
23.31 0.9067090007941976
23.31 0.9067090007941976
23.31 0.9067090007941976
23.31 0.9067090007941976
23.31 0.9067090007941976
23.31 0.9067090007941976
23.31 0.9067090007941976
23.31 0.9067090007941976
23.31 0.9067090007941976
23.31 0.9067090007941976
23.31 0.9067090007941976
23.31 0.9067090007941976
23.31 0.9067090007941976
23.31 0.9067090007941976
23.32 0.89758373740647
23.32 0.89758373740647
23.32 0.89758373740647
23.32 0.89758373740647
23.32 0.89758373740647
23.32 0.89758373740647
23.32 0.89758373740647
23.33 0.8882510337679881
23.33 0.8882510337679881
23.33 0.8882510337679881
23.34 0.8787042802451869
23.34 0.8787042802451869
23.34 0.8787042802451869
23.35 0.88048425610713
23.35 0.88048425610713
23.35 0.88048425610713
23.35 0.88048425610713
23.35 0.88048425610713
23.35 0.88048425610713
23.35 0.88048425610713
23.35 0.88048425610713
23.35 0.88048425610713
23.35 0.88048425610713
23.35 0.88048425610713
23.36 0.8821461433242322
23.37 0.8950481054731708
23.37 0.8950481054731708
23.38 0.8964576753178944
23.38 0.8964576753178944
23.38 0.8964576753178944
23.38 0.8964576753178944
23.38 0.8964576753178944
23.38 0.8964576753178944
23.39 0.9089343299499784
23.39 0.9089343299499784
23.39 0.9089343299499784
23.39 0.9089343299499784
23.39 0.9089343299499784
23.39 0.9089343299499784
23.39 0.9089343299499784
23.39 0.9089343299499784
23.39 0.9089343299499784
23.39 0.9089343299499784
23.39 0.9089343299499784
23.39 0.9089343299499784
23.4 0.9211323729436761
23.4 0.9211323729436761
23.4 0.9211323729436761
23.4 0.9211323729436761
23.42 0.9231041177035295
23.43 0.9239244361073924
23.43 0.9239244361073924
23.43 0.9239244361073924
23.43 0.9239244361073924
23.44 0.9136451580058174
23.44 0.9136451580058174
23.45 0.9142530206997327
23.45 0.9142530206997327
23.45 0.9142530206997327
23.45 0.9142530206997327
23.45 0.9142530206997327
23.45 0.9142530206997327
23.45 0.9142530206997327
23.45 0.9142530206997327
23.45 0.9142530206997327
23.46 0.92572657786719
23.46 0.92572657786719
23.46 0.92572657786719
23.46 0.92572657786719
23.46 0.92572657786719
23.46 0.92572657786719
23.46 0.92572657786719
23.46 0.92572657786719
23.46 0.92572657786719
23.47 0.9040313751594733
23.47 0.9040313751594733
23.48 0.9154123649917553
23.48 0.9154123649917553
23.48 0.9154123649917553
23.48 0.9154123649917553
23.48 0.9154123649917553
23.48 0.9154123649917553
23.48 0.9154123649917553
23.48 0.9154123649917553
23.48 0.9154123649917553
23.48 0.9154123649917553
23.48 0.9154123649917553
23.48 0.9154123649917553
23.48 0.9154123649917553
23.48 0.9154123649917553
23.48 0.9154123649917553
23.48 0.9154123649917553
23.48 0.9154123649917553
23.48 0.9154123649917553
23.48 0.9154123649917553
23.48 0.9154123649917553
23.48 0.9154123649917553
23.48 0.9154123649917553
23.48 0.9154123649917553
23.48 0.9154123649917553
23.48 0.9154123649917553
23.48 0.9154123649917553
23.48 0.9154123649917553
23.48 0.9154123649917553
23.48 0.9154123649917553
23.48 0.9154123649917553
23.48 0.9154123649917553
23.48 0.9154123649917553
23.48 0.9154123649917553
23.48 0.9154123649917553
23.48 0.9154123649917553
23.48 0.9154123649917553
23.48 0.9154123649917553
23.48 0.9154123649917553
23.48 0.9154123649917553
23.48 0.9154123649917553
23.48 0.9154123649917553
23.48 0.9154123649917553
23.48 0.9154123649917553
23.48 0.9154123649917553
23.48 0.9154123649917553
23.49 0.9155778657672045
23.49 0.9155778657672045
23.49 0.9155778657672045
23.49 0.9155778657672045
23.49 0.9155778657672045
23.49 0.9155778657672045
23.49 0.9155778657672045
23.49 0.9155778657672045
23.49 0.9155778657672045
23.49 0.9155778657672045
23.49 0.9155778657672045
23.49 0.9155778657672045
23.49 0.9155778657672045
23.49 0.9155778657672045
23.49 0.9155778657672045
23.49 0.9155778657672045
23.49 0.9155778657672045
23.49 0.9155778657672045
23.49 0.9155778657672045
23.49 0.9155778657672045
23.49 0.9155778657672045
23.49 0.9155778657672045
23.49 0.9155778657672045
23.49 0.9155778657672045
23.49 0.9155778657672045
23.49 0.9155778657672045
23.49 0.9155778657672045
23.5 0.9045340337332909
23.5 0.9045340337332909
23.5 0.9045340337332909
23.5 0.9045340337332909
23.5 0.9045340337332909
23.5 0.9045340337332909
23.51 0.9044781965756876
23.51 0.9044781965756876
23.51 0.9044781965756876
23.51 0.9044781965756876
23.51 0.9044781965756876
23.52 0.9154123649917555
23.52 0.9154123649917555
23.52 0.9154123649917555
23.52 0.9154123649917555
23.53 0.9151364638537515
23.53 0.9151364638537515
23.53 0.9151364638537515
23.53 0.9151364638537515
23.53 0.9151364638537515
23.53 0.9151364638537515
23.53 0.9151364638537515
23.53 0.9151364638537515
23.54 0.9036402251812712
23.54 0.9036402251812712
23.55 0.891882585015845
23.56 0.9025217197084263
23.56 0.9025217197084263
23.56 0.9025217197084263
23.56 0.9025217197084263
23.56 0.9025217197084263
23.56 0.9025217197084263
23.56 0.9025217197084263
23.56 0.9025217197084263
23.56 0.9025217197084263
23.56 0.9025217197084263
23.56 0.9025217197084263
23.56 0.9025217197084263
23.56 0.9025217197084263
23.56 0.9025217197084263
23.56 0.9025217197084263
23.56 0.9025217197084263
23.56 0.9025217197084263
23.57 0.9017939472142861
23.57 0.9017939472142861
23.57 0.9017939472142861
23.57 0.9017939472142861
23.57 0.9017939472142861
23.57 0.9017939472142861
23.57 0.9017939472142861
23.58 0.9120960431441371
23.58 0.9120960431441371
23.58 0.9120960431441371
23.58 0.9120960431441371
23.59 0.9330627313348556
23.59 0.9330627313348556
23.6 0.9320337272260418
23.6 0.9320337272260418
23.6 0.9320337272260418
23.6 0.9320337272260418
23.6 0.9320337272260418
23.6 0.9320337272260418
23.6 0.9320337272260418
23.6 0.9320337272260418
23.6 0.9320337272260418
23.6 0.9320337272260418
23.6 0.9320337272260418
23.6 0.9320337272260418
23.61 0.9199802369418791
23.61 0.9199802369418791
23.61 0.9199802369418791
23.61 0.9199802369418791
23.61 0.9199802369418791
23.62 0.9296463974234636
23.62 0.9296463974234636
23.62 0.9296463974234636
23.62 0.9296463974234636
23.62 0.9296463974234636
23.62 0.9296463974234636
23.62 0.9296463974234636
23.63 0.9282872247947681
23.63 0.9282872247947681
23.63 0.9282872247947681
23.63 0.9282872247947681
23.63 0.9282872247947681
23.63 0.9282872247947681
23.63 0.9282872247947681
23.63 0.9282872247947681
23.64 0.9268170795739024
23.64 0.9268170795739024
23.64 0.9268170795739024
23.64 0.9268170795739024
23.64 0.9268170795739024
23.64 0.9268170795739024
23.64 0.9268170795739024
23.64 0.9268170795739024
23.64 0.9268170795739024
23.64 0.9268170795739024
23.65 0.9142530206997331
23.66 0.9125389157330621
23.66 0.9125389157330621
23.67 0.9107106782035337
23.67 0.9107106782035337
23.67 0.9107106782035337
23.67 0.9107106782035337
23.67 0.9107106782035337
23.67 0.9107106782035337
23.67 0.9107106782035337
23.67 0.9107106782035337
23.67 0.9107106782035337
23.67 0.9107106782035337
23.67 0.9107106782035337
23.67 0.9107106782035337
23.67 0.9107106782035337
23.67 0.9107106782035337
23.67 0.9107106782035337
23.67 0.9107106782035337
23.67 0.9107106782035337
23.67 0.9107106782035337
23.67 0.9107106782035337
23.67 0.9107106782035337
23.68 0.9087676192837129
23.68 0.9087676192837129
23.69 0.9177816909936872
23.7 0.9156330260447355
23.7 0.9156330260447355
23.7 0.9156330260447355
23.7 0.9156330260447355
23.7 0.9156330260447355
23.7 0.9156330260447355
23.7 0.9156330260447355
23.7 0.9156330260447355
23.71 0.91336872304805
23.71 0.91336872304805
23.71 0.91336872304805
23.71 0.91336872304805
23.72 0.9220092245205636
23.72 0.9220092245205636
23.72 0.9220092245205636
23.72 0.9220092245205636
23.73 0.9304609480024272
23.73 0.9304609480024272
23.73 0.9304609480024272
23.73 0.9304609480024272
23.73 0.9304609480024272
23.74 0.9169558772416917
23.74 0.9169558772416917
23.74 0.9169558772416917
23.74 0.9169558772416917
23.74 0.9169558772416917
23.74 0.9169558772416917
23.75 0.9142530206997327
23.76 0.9114313307688467
23.76 0.9114313307688467
23.76 0.9114313307688467
23.76 0.9114313307688467
23.76 0.9114313307688467
23.76 0.9114313307688467
23.76 0.9114313307688467
23.76 0.9114313307688467
23.76 0.9114313307688467
23.76 0.9114313307688467
23.76 0.9114313307688467
23.76 0.9114313307688467
23.76 0.9114313307688467
23.76 0.9114313307688467
23.76 0.9114313307688467
23.77 0.9195409482755814
23.77 0.9195409482755814
23.77 0.9195409482755814
23.78 0.9165151389911685
23.78 0.9165151389911685
23.78 0.9165151389911685
23.78 0.9165151389911685
23.78 0.9165151389911685
23.78 0.9165151389911685
23.78 0.9165151389911685
23.78 0.9165151389911685
23.78 0.9165151389911685
23.78 0.9165151389911685
23.78 0.9165151389911685
23.78 0.9165151389911685
23.78 0.9165151389911685
23.79 0.9243616415908031
23.79 0.9243616415908031
23.79 0.9243616415908031
23.79 0.9243616415908031
23.79 0.9243616415908031
23.79 0.9243616415908031
23.79 0.9243616415908031
23.79 0.9243616415908031
23.79 0.9243616415908031
23.79 0.9243616415908031
23.79 0.9243616415908031
23.79 0.9243616415908031
23.79 0.9243616415908031
23.79 0.9243616415908031
23.79 0.9243616415908031
23.79 0.9243616415908031
23.8 0.9428090415820636
23.8 0.9428090415820636
23.8 0.9428090415820636
23.8 0.9428090415820636
23.8 0.9428090415820636
23.8 0.9428090415820636
23.8 0.9428090415820636
23.8 0.9428090415820636
23.8 0.9428090415820636
23.8 0.9428090415820636
23.8 0.9428090415820636
23.8 0.9428090415820636
23.8 0.9428090415820636
23.8 0.9428090415820636
23.8 0.9428090415820636
23.8 0.9428090415820636
23.8 0.9428090415820636
23.8 0.9428090415820636
23.81 0.9607972278953102
23.81 0.9607972278953102
23.81 0.9607972278953102
23.81 0.9607972278953102
23.81 0.9607972278953102
23.81 0.9607972278953102
23.81 0.9607972278953102
23.81 0.9607972278953102
23.81 0.9607972278953102
23.81 0.9607972278953102
23.81 0.9607972278953102
23.81 0.9607972278953102
23.81 0.9607972278953102
23.82 0.9679719505077076
23.83 0.9749902874419122
23.83 0.9749902874419122
23.83 0.9749902874419122
23.84 0.9715134501582484
23.84 0.9715134501582484
23.84 0.9715134501582484
23.84 0.9715134501582484
23.84 0.9715134501582484
23.84 0.9715134501582484
23.84 0.9715134501582484
23.84 0.9715134501582484
23.84 0.9715134501582484
23.84 0.9715134501582484
23.84 0.9715134501582484
23.84 0.9715134501582484
23.84 0.9715134501582484
23.84 0.9715134501582484
23.84 0.9715134501582484
23.85 0.9782999065065403
23.86 0.9536744462839233
23.87 0.9498006170356034
23.88 0.9350633317286239
23.89 0.9416834270431212
23.89 0.9416834270431212
23.9 0.9481507786158803
23.9 0.9481507786158803
23.9 0.9481507786158803
23.9 0.9481507786158803
23.91 0.9754046039537347
23.91 0.9754046039537347
23.91 0.9754046039537347
23.91 0.9754046039537347
23.91 0.9754046039537347
23.91 0.9754046039537347
23.91 0.9754046039537347
23.91 0.9754046039537347
23.91 0.9754046039537347
23.91 0.9754046039537347
23.91 0.9754046039537347
23.91 0.9754046039537347
23.91 0.9754046039537347
23.91 0.9754046039537347
23.92 0.9710974734959938
23.92 0.9710974734959938
23.92 0.9710974734959938
23.93 0.9770601131181575
23.93 0.9770601131181575
23.93 0.9770601131181575
23.93 0.9770601131181575
23.93 0.9770601131181575
23.93 0.9770601131181575
23.93 0.9770601131181575
23.93 0.9770601131181575
23.93 0.9770601131181575
23.93 0.9770601131181575
23.93 0.9770601131181575
23.93 0.9770601131181575
23.93 0.9770601131181575
23.93 0.9770601131181575
23.93 0.9770601131181575
23.93 0.9770601131181575
23.93 0.9770601131181575
23.93 0.9770601131181575
23.93 0.9770601131181575
23.93 0.9770601131181575
23.93 0.9770601131181575
23.93 0.9770601131181575
23.93 0.9770601131181575
23.94 0.9725526134140953
23.94 0.9725526134140953
23.94 0.9725526134140953
23.94 0.9725526134140953
23.94 0.9725526134140953
23.95 0.9782999065065412
23.95 0.9782999065065412
23.95 0.9782999065065412
23.95 0.9782999065065412
23.95 0.9782999065065412
23.95 0.9782999065065412
23.95 0.9782999065065412
23.95 0.9782999065065412
23.95 0.9782999065065412
23.95 0.9782999065065412
23.95 0.9782999065065412
23.95 0.9782999065065412
23.95 0.9782999065065412
23.95 0.9782999065065412
23.95 0.9782999065065412
23.95 0.9782999065065412
23.95 0.9782999065065412
23.95 0.9782999065065412
23.95 0.9782999065065412
23.95 0.9782999065065412
23.95 0.9782999065065412
23.95 0.9782999065065412
23.95 0.9782999065065412
23.95 0.9782999065065412
23.95 0.9782999065065412
23.95 0.9782999065065412
23.95 0.9782999065065412
23.95 0.9782999065065412
23.95 0.9782999065065412
23.95 0.9782999065065412
23.95 0.9782999065065412
23.95 0.9782999065065412
23.95 0.9782999065065412
23.95 0.9782999065065412
23.95 0.9782999065065412
23.95 0.9782999065065412
23.95 0.9782999065065412
23.95 0.9782999065065412
23.95 0.9782999065065412
23.95 0.9782999065065412
23.95 0.9782999065065412
23.95 0.9782999065065412
23.95 0.9782999065065412
23.95 0.9782999065065412
23.95 0.9782999065065412
23.95 0.9782999065065412
23.97 0.9791255632894433
23.97 0.9791255632894433
23.97 0.9791255632894433
23.97 0.9791255632894433
23.97 0.9791255632894433
23.97 0.9791255632894433
23.97 0.9791255632894433
23.97 0.9791255632894433
23.97 0.9791255632894433
23.97 0.9791255632894433
23.97 0.9791255632894433
23.97 0.9791255632894433
23.97 0.9791255632894433
23.97 0.9791255632894433
23.98 0.9947336073014474
23.99 0.9999494936740507
23.99 0.9999494936740507
23.99 0.9999494936740507
23.99 0.9999494936740507
24.01 0.9795381306998467
24.01 0.9795381306998467
24.01 0.9795381306998467
24.01 0.9795381306998467
24.01 0.9795381306998467
24.01 0.9795381306998467
24.01 0.9795381306998467
24.02 0.9845267539751928
24.02 0.9845267539751928
24.02 0.9845267539751928
24.03 0.9893881386437224
24.03 0.9893881386437224
24.04 0.9839109756887596
24.04 0.9839109756887596
24.04 0.9839109756887596
24.04 0.9839109756887596
24.04 0.9839109756887596
24.04 0.9839109756887596
24.04 0.9839109756887596
24.05 0.9782999065065412
24.05 0.9782999065065412
24.05 0.9782999065065412
24.05 0.9782999065065412
24.05 0.9782999065065412
24.05 0.9782999065065412
24.05 0.9782999065065412
24.05 0.9782999065065412
24.05 0.9782999065065412
24.05 0.9782999065065412
24.05 0.9782999065065412
24.06 0.9931075602685878
24.07 0.9975221827360568
24.07 0.9975221827360568
24.07 0.9975221827360568
24.07 0.9975221827360568
24.07 0.9975221827360568
24.07 0.9975221827360568
24.07 0.9975221827360568
24.07 0.9975221827360568
24.07 0.9975221827360568
24.07 0.9975221827360568
24.07 0.9975221827360568
24.07 0.9975221827360568
24.07 0.9975221827360568
24.07 0.9975221827360568
24.07 0.9975221827360568
24.07 0.9975221827360568
24.08 1.001816531924066
24.08 1.001816531924066
24.08 1.001816531924066
24.08 1.001816531924066
24.08 1.001816531924066
24.08 1.001816531924066
24.08 1.001816531924066
24.08 1.001816531924066
24.09 1.0059921480907308
24.09 1.0059921480907308
24.09 1.0059921480907308
24.09 1.0059921480907308
24.09 1.0059921480907308
24.09 1.0059921480907308
24.09 1.0059921480907308
24.09 1.0059921480907308
24.09 1.0059921480907308
24.09 1.0059921480907308
24.1 1.0000000000000007
24.1 1.0000000000000007
24.1 1.0000000000000007
24.11 1.0039819709436015
24.11 1.0039819709436015
24.11 1.0039819709436015
24.11 1.0039819709436015
24.11 1.0039819709436015
24.11 1.0039819709436015
24.11 1.0039819709436015
24.11 1.0039819709436015
24.11 1.0039819709436015
24.11 1.0039819709436015
24.11 1.0039819709436015
24.11 1.0039819709436015
24.11 1.0039819709436015
24.11 1.0039819709436015
24.11 1.0039819709436015
24.11 1.0039819709436015
24.11 1.0039819709436015
24.11 1.0039819709436015
24.11 1.0039819709436015
24.11 1.0039819709436015
24.11 1.0039819709436015
24.11 1.0039819709436015
24.11 1.0039819709436015
24.11 1.0039819709436015
24.11 1.0039819709436015
24.11 1.0039819709436015
24.11 1.0039819709436015
24.11 1.0039819709436015
24.12 1.0078479923865384
24.12 1.0078479923865384
24.12 1.0078479923865384
24.12 1.0078479923865384
24.12 1.0078479923865384
24.12 1.0078479923865384
24.12 1.0078479923865384
24.12 1.0078479923865384
24.12 1.0078479923865384
24.12 1.0078479923865384
24.12 1.0078479923865384
24.12 1.0078479923865384
24.12 1.0078479923865384
24.12 1.0078479923865384
24.14 1.005238802725526
24.14 1.005238802725526
24.16 0.981855592253975
24.16 0.981855592253975
24.16 0.981855592253975
24.16 0.981855592253975
24.16 0.981855592253975
24.2 0.9949366763261824
24.21 0.9979271445644645
24.22 0.990663485455148
24.22 0.990663485455148
24.22 0.990663485455148
24.22 0.990663485455148
24.22 0.990663485455148
24.22 0.990663485455148
24.22 0.990663485455148
24.23 0.9832434473555755
24.23 0.9832434473555755
24.23 0.9832434473555755
24.23 0.9832434473555755
24.23 0.9832434473555755
24.23 0.9832434473555755
24.23 0.9832434473555755
24.23 0.9832434473555755
24.23 0.9832434473555755
24.24 0.9652549775666385
24.24 0.9652549775666385
24.24 0.9652549775666385
24.24 0.9652549775666385
24.24 0.9652549775666385
24.24 0.9652549775666385
24.24 0.9652549775666385
24.24 0.9652549775666385
24.24 0.9652549775666385
24.24 0.9652549775666385
24.24 0.9652549775666385
24.24 0.9652549775666385
24.24 0.9652549775666385
24.24 0.9652549775666385
24.24 0.9652549775666385
24.24 0.9652549775666385
24.24 0.9652549775666385
24.24 0.9652549775666385
24.24 0.9652549775666385
24.24 0.9652549775666385
24.24 0.9652549775666385
24.24 0.9652549775666385
24.24 0.9652549775666385
24.24 0.9652549775666385
24.24 0.9652549775666385
24.24 0.9652549775666385
24.24 0.9652549775666385
24.24 0.9652549775666385
24.24 0.9652549775666385
24.24 0.9652549775666385
24.24 0.9652549775666385
24.25 0.967919772950572
24.25 0.967919772950572
24.25 0.967919772950572
24.25 0.967919772950572
24.25 0.967919772950572
24.25 0.967919772950572
24.25 0.967919772950572
24.25 0.967919772950572
24.25 0.967919772950572
24.25 0.967919772950572
24.25 0.967919772950572
24.25 0.967919772950572
24.25 0.967919772950572
24.26 0.9704731741878195
24.26 0.9704731741878195
24.26 0.9704731741878195
24.26 0.9704731741878195
24.26 0.9704731741878195
24.26 0.9704731741878195
24.26 0.9704731741878195
24.26 0.9704731741878195
24.26 0.9704731741878195
24.26 0.9704731741878195
24.26 0.9704731741878195
24.26 0.9704731741878195
24.26 0.9704731741878195
24.26 0.9704731741878195
24.26 0.9704731741878195
24.26 0.9704731741878195
24.26 0.9704731741878195
24.26 0.9704731741878195
24.26 0.9704731741878195
24.26 0.9704731741878195
24.26 0.9704731741878195
24.26 0.9704731741878195
24.27 0.9624778627914702
24.27 0.9624778627914702
24.27 0.9624778627914702
24.28 0.954309735205018
24.28 0.954309735205018
24.28 0.954309735205018
24.28 0.954309735205018
24.28 0.954309735205018
24.28 0.954309735205018
24.28 0.954309735205018
24.28 0.954309735205018
24.28 0.954309735205018
24.28 0.954309735205018
24.28 0.954309735205018
24.28 0.954309735205018
24.28 0.954309735205018
24.28 0.954309735205018
24.28 0.954309735205018
24.28 0.954309735205018
24.28 0.954309735205018
24.29 0.945964314785968
24.29 0.945964314785968
24.29 0.945964314785968
24.29 0.945964314785968
24.3 0.9481507786158802
24.3 0.9481507786158802
24.3 0.9481507786158802
24.3 0.9481507786158802
24.3 0.9481507786158802
24.3 0.9481507786158802
24.3 0.9481507786158802
24.3 0.9481507786158802
24.3 0.9481507786158802
24.3 0.9481507786158802
24.3 0.9481507786158802
24.3 0.9481507786158802
24.3 0.9481507786158802
24.3 0.9481507786158802
24.3 0.9481507786158802
24.3 0.9481507786158802
24.3 0.9481507786158802
24.3 0.9481507786158802
24.31 0.9607972278953103
24.31 0.9607972278953103
24.31 0.9607972278953103
24.31 0.9607972278953103
24.31 0.9607972278953103
24.31 0.9607972278953103
24.31 0.9607972278953103
24.31 0.9607972278953103
24.31 0.9607972278953103
24.31 0.9607972278953103
24.31 0.9607972278953103
24.31 0.9607972278953103
24.31 0.9607972278953103
24.31 0.9607972278953103
24.31 0.9607972278953103
24.32 0.9415225151129673
24.32 0.9415225151129673
24.32 0.9415225151129673
24.32 0.9415225151129673
24.32 0.9415225151129673
24.32 0.9415225151129673
24.32 0.9415225151129673
24.32 0.9415225151129673
24.32 0.9415225151129673
24.32 0.9415225151129673
24.32 0.9415225151129673
24.32 0.9415225151129673
24.32 0.9415225151129673
24.33 0.943398113205661
24.33 0.943398113205661
24.33 0.943398113205661
24.33 0.943398113205661
24.33 0.943398113205661
24.33 0.943398113205661
24.33 0.943398113205661
24.33 0.943398113205661
24.33 0.943398113205661
24.33 0.943398113205661
24.33 0.943398113205661
24.33 0.943398113205661
24.33 0.943398113205661
24.33 0.943398113205661
24.33 0.943398113205661
24.33 0.943398113205661
24.33 0.943398113205661
24.33 0.943398113205661
24.33 0.943398113205661
24.33 0.943398113205661
24.33 0.943398113205661
24.33 0.943398113205661
24.33 0.943398113205661
24.33 0.943398113205661
24.33 0.943398113205661
24.33 0.943398113205661
24.33 0.943398113205661
24.33 0.943398113205661
24.33 0.943398113205661
24.33 0.943398113205661
24.33 0.943398113205661
24.33 0.943398113205661
24.33 0.943398113205661
24.33 0.943398113205661
24.33 0.943398113205661
24.33 0.943398113205661
24.33 0.943398113205661
24.33 0.943398113205661
24.33 0.943398113205661
24.33 0.943398113205661
24.33 0.943398113205661
24.34 0.9451631252505215
24.35 0.9360890055238482
24.35 0.9360890055238482
24.35 0.9360890055238482
24.35 0.9360890055238482
24.35 0.9360890055238482
24.35 0.9360890055238482
24.35 0.9360890055238482
24.35 0.9360890055238482
24.35 0.9360890055238482
24.35 0.9360890055238482
24.35 0.9360890055238482
24.35 0.9360890055238482
24.35 0.9360890055238482
24.35 0.9360890055238482
24.35 0.9360890055238482
24.35 0.9360890055238482
24.35 0.9360890055238482
24.35 0.9360890055238482
24.35 0.9360890055238482
24.35 0.9360890055238482
24.35 0.9360890055238482
24.35 0.9360890055238482
24.35 0.9360890055238482
24.35 0.9360890055238482
24.35 0.9360890055238482
24.36 0.9268170795739025
24.36 0.9268170795739025
24.36 0.9268170795739025
24.36 0.9268170795739025
24.36 0.9268170795739025
24.36 0.9268170795739025
24.36 0.9268170795739025
24.36 0.9268170795739025
24.36 0.9268170795739025
24.36 0.9268170795739025
24.36 0.9268170795739025
24.36 0.9268170795739025
24.36 0.9268170795739025
24.36 0.9268170795739025
24.36 0.9268170795739025
24.36 0.9268170795739025
24.36 0.9268170795739025
24.36 0.9268170795739025
24.36 0.9268170795739025
24.36 0.9268170795739025
24.36 0.9268170795739025
24.36 0.9268170795739025
24.36 0.9268170795739025
24.37 0.9173413495069065
24.37 0.9173413495069065
24.38 0.9296463974234634
24.38 0.9296463974234634
24.38 0.9296463974234634
24.38 0.9296463974234634
24.38 0.9296463974234634
24.38 0.9296463974234634
24.38 0.9296463974234634
24.38 0.9296463974234634
24.39 0.9089343299499782
24.39 0.9089343299499782
24.39 0.9089343299499782
24.39 0.9089343299499782
24.39 0.9089343299499782
24.39 0.9089343299499782
24.39 0.9089343299499782
24.39 0.9089343299499782
24.39 0.9089343299499782
24.39 0.9089343299499782
24.39 0.9089343299499782
24.39 0.9089343299499782
24.39 0.9089343299499782
24.39 0.9089343299499782
24.39 0.9089343299499782
24.39 0.9089343299499782
24.39 0.9089343299499782
24.39 0.9089343299499782
24.39 0.9089343299499782
24.39 0.9089343299499782
24.4 0.9101004495564361
24.4 0.9101004495564361
24.41 0.9111542241585784
24.41 0.9111542241585784
24.41 0.9111542241585784
24.41 0.9111542241585784
24.41 0.9111542241585784
24.41 0.9111542241585784
24.41 0.9111542241585784
24.41 0.9111542241585784
24.41 0.9111542241585784
24.41 0.9111542241585784
24.42 0.9120960431441371
24.42 0.9120960431441371
24.42 0.9120960431441371
24.42 0.9120960431441371
24.42 0.9120960431441371
24.42 0.9120960431441371
24.43 0.9129262530097065
24.43 0.9129262530097065
24.43 0.9129262530097065
24.43 0.9129262530097065
24.43 0.9129262530097065
24.43 0.9129262530097065
24.43 0.9129262530097065
24.43 0.9129262530097065
24.43 0.9129262530097065
24.43 0.9129262530097065
24.43 0.9129262530097065
24.44 0.902521719708426
24.44 0.902521719708426
24.44 0.902521719708426
24.44 0.902521719708426
24.44 0.902521719708426
24.44 0.902521719708426
24.44 0.902521719708426
24.44 0.902521719708426
24.44 0.902521719708426
24.44 0.902521719708426
24.44 0.902521719708426
24.44 0.902521719708426
24.44 0.902521719708426
24.44 0.902521719708426
24.45 0.8918825850158446
24.45 0.8918825850158446
24.45 0.8918825850158446
24.45 0.8918825850158446
24.45 0.8918825850158446
24.45 0.8918825850158446
24.45 0.8918825850158446
24.45 0.8918825850158446
24.45 0.8918825850158446
24.45 0.8918825850158446
24.45 0.8918825850158446
24.45 0.8918825850158446
24.45 0.8918825850158446
24.45 0.8918825850158446
24.46 0.9036402251812711
24.46 0.9036402251812711
24.46 0.9036402251812711
24.46 0.9036402251812711
24.46 0.9036402251812711
24.46 0.9036402251812711
24.46 0.9036402251812711
24.47 0.9040313751594733
24.47 0.9040313751594733
24.48 0.8930709700666336
24.48 0.8930709700666336
24.48 0.8930709700666336
24.48 0.8930709700666336
24.48 0.8930709700666336
24.48 0.8930709700666336
24.48 0.8930709700666336
24.48 0.8930709700666336
24.49 0.904478196575688
24.49 0.904478196575688
24.49 0.904478196575688
24.49 0.904478196575688
24.49 0.904478196575688
24.49 0.904478196575688
24.49 0.904478196575688
24.49 0.904478196575688
24.49 0.904478196575688
24.49 0.904478196575688
24.5 0.9045340337332909
24.5 0.9045340337332909
24.5 0.9045340337332909
24.5 0.9045340337332909
24.5 0.9045340337332909
24.5 0.9045340337332909
24.5 0.9045340337332909
24.51 0.9044781965756877
24.52 0.9043106644167027
24.52 0.9043106644167027
24.52 0.9043106644167027
24.52 0.9043106644167027
24.52 0.9043106644167027
24.52 0.9043106644167027
24.52 0.9043106644167027
24.53 0.8927881647236975
24.53 0.8927881647236975
24.53 0.8927881647236975
24.53 0.8927881647236975
24.53 0.8927881647236975
24.53 0.8927881647236975
24.53 0.8927881647236975
24.53 0.8927881647236975
24.53 0.8927881647236975
24.53 0.8927881647236975
24.53 0.8927881647236975
24.53 0.8927881647236975
24.53 0.8927881647236975
24.53 0.8927881647236975
24.53 0.8927881647236975
24.54 0.9036402251812711
24.54 0.9036402251812711
24.54 0.9036402251812711
24.55 0.9142530206997326
24.55 0.9142530206997326
24.55 0.9142530206997326
24.55 0.9142530206997326
24.55 0.9142530206997326
24.55 0.9142530206997326
24.55 0.9142530206997326
24.55 0.9142530206997326
24.56 0.9025217197084261
24.56 0.9025217197084261
24.56 0.9025217197084261
24.56 0.9025217197084261
24.56 0.9025217197084261
24.56 0.9025217197084261
24.56 0.9025217197084261
24.56 0.9025217197084261
24.56 0.9025217197084261
24.56 0.9025217197084261
24.56 0.9025217197084261
24.56 0.9025217197084261
24.56 0.9025217197084261
24.56 0.9025217197084261
24.57 0.9017939472142861
24.57 0.9017939472142861
24.57 0.9017939472142861
24.57 0.9017939472142861
24.57 0.9017939472142861
24.57 0.9017939472142861
24.57 0.9017939472142861
24.57 0.9017939472142861
24.57 0.9017939472142861
24.58 0.9120960431441371
24.58 0.9120960431441371
24.58 0.9120960431441371
24.58 0.9120960431441371
24.58 0.9120960431441371
24.59 0.9221735413706256
24.6 0.9320337272260418
24.6 0.9320337272260418
24.61 0.9199802369418794
24.61 0.9199802369418794
24.61 0.9199802369418794
24.61 0.9199802369418794
24.61 0.9199802369418794
24.61 0.9199802369418794
24.61 0.9199802369418794
24.61 0.9199802369418794
24.61 0.9199802369418794
24.61 0.9199802369418794
24.61 0.9199802369418794
24.61 0.9199802369418794
24.61 0.9199802369418794
24.61 0.9199802369418794
24.61 0.9199802369418794
24.61 0.9199802369418794
24.62 0.9076554323301237
24.62 0.9076554323301237
24.62 0.9076554323301237
24.62 0.9076554323301237
24.62 0.9076554323301237
24.62 0.9076554323301237
24.62 0.9076554323301237
24.62 0.9076554323301237
24.62 0.9076554323301237
24.62 0.9076554323301237
24.62 0.9076554323301237
24.62 0.9076554323301237
24.62 0.9076554323301237
24.62 0.9076554323301237
24.62 0.9076554323301237
24.62 0.9076554323301237
24.62 0.9076554323301237
24.62 0.9076554323301237
24.62 0.9076554323301237
24.62 0.9076554323301237
24.62 0.9076554323301237
24.62 0.9076554323301237
24.62 0.9076554323301237
24.62 0.9076554323301237
24.62 0.9076554323301237
24.62 0.9076554323301237
24.63 0.8836906081367456
24.63 0.8836906081367456
24.63 0.8836906081367456
24.63 0.8836906081367456
24.63 0.8836906081367456
24.63 0.8836906081367456
24.63 0.8836906081367456
24.63 0.8836906081367456
24.63 0.8836906081367456
24.63 0.8836906081367456
24.63 0.8836906081367456
24.63 0.8836906081367456
24.63 0.8836906081367456
24.63 0.8836906081367456
24.63 0.8836906081367456
24.63 0.8836906081367456
24.63 0.8836906081367456
24.63 0.8836906081367456
24.64 0.8935232724354956
24.64 0.8935232724354956
24.64 0.8935232724354956
24.64 0.8935232724354956
24.64 0.8935232724354956
24.64 0.8935232724354956
24.64 0.8935232724354956
24.65 0.8918825850158452
24.65 0.8918825850158452
24.65 0.8918825850158452
24.65 0.8918825850158452
24.65 0.8918825850158452
24.65 0.8918825850158452
24.65 0.8918825850158452
24.65 0.8918825850158452
24.65 0.8918825850158452
24.65 0.8918825850158452
24.65 0.8918825850158452
24.65 0.8918825850158452
24.65 0.8918825850158452
24.65 0.8918825850158452
24.65 0.8918825850158452
24.65 0.8918825850158452
24.65 0.8918825850158452
24.65 0.8918825850158452
24.65 0.8918825850158452
24.65 0.8918825850158452
24.65 0.8918825850158452
24.65 0.8918825850158452
24.65 0.8918825850158452
24.65 0.8918825850158452
24.65 0.8918825850158452
24.65 0.8918825850158452
24.65 0.8918825850158452
24.65 0.8918825850158452
24.65 0.8918825850158452
24.65 0.8918825850158452
24.65 0.8918825850158452
24.65 0.8918825850158452
24.65 0.8918825850158452
24.66 0.8901254025828228
24.66 0.8901254025828228
24.67 0.8768054965543269
24.67 0.8768054965543269
24.68 0.8631630813759971
24.68 0.8631630813759971
24.68 0.8631630813759971
24.68 0.8631630813759971
24.68 0.8631630813759971
24.68 0.8631630813759971
24.68 0.8631630813759971
24.68 0.8631630813759971
24.68 0.8631630813759971
24.68 0.8631630813759971
24.68 0.8631630813759971
24.68 0.8631630813759971
24.68 0.8631630813759971
24.68 0.8631630813759971
24.68 0.8631630813759971
24.68 0.8631630813759971
24.68 0.8631630813759971
24.68 0.8631630813759971
24.68 0.8631630813759971
24.68 0.8631630813759971
24.68 0.8631630813759971
24.68 0.8631630813759971
24.68 0.8631630813759971
24.68 0.8631630813759971
24.68 0.8631630813759971
24.68 0.8631630813759971
24.68 0.8631630813759971
24.68 0.8631630813759971
24.68 0.8631630813759971
24.68 0.8631630813759971
24.68 0.8631630813759971
24.68 0.8631630813759971
24.68 0.8631630813759971
24.68 0.8631630813759971
24.68 0.8631630813759971
24.68 0.8631630813759971
24.68 0.8631630813759971
24.68 0.8631630813759971
24.68 0.8631630813759971
24.68 0.8631630813759971
24.68 0.8631630813759971
24.68 0.8631630813759971
24.68 0.8631630813759971
24.68 0.8631630813759971
24.68 0.8631630813759971
24.68 0.8631630813759971
24.68 0.8631630813759971
24.68 0.8631630813759971
24.68 0.8631630813759971
24.68 0.8631630813759971
24.68 0.8631630813759971
24.68 0.8631630813759971
24.68 0.8631630813759971
24.69 0.8491826135237998
24.69 0.8491826135237998
24.69 0.8491826135237998
24.69 0.8491826135237998
24.69 0.8491826135237998
24.69 0.8491826135237998
24.69 0.8491826135237998
24.69 0.8491826135237998
24.69 0.8491826135237998
24.69 0.8491826135237998
24.69 0.8491826135237998
24.69 0.8491826135237998
24.69 0.8491826135237998
24.69 0.8491826135237998
24.69 0.8491826135237998
24.69 0.8491826135237998
24.69 0.8491826135237998
24.69 0.8491826135237998
24.69 0.8491826135237998
24.69 0.8491826135237998
24.69 0.8491826135237998
24.69 0.8491826135237998
24.69 0.8491826135237998
24.69 0.8491826135237998
24.69 0.8491826135237998
24.69 0.8491826135237998
24.69 0.8491826135237998
24.69 0.8491826135237998
24.7 0.8468599159080078
24.7 0.8468599159080078
24.7 0.8468599159080078
24.7 0.8468599159080078
24.7 0.8468599159080078
24.7 0.8468599159080078
24.7 0.8468599159080078
24.7 0.8468599159080078
24.7 0.8468599159080078
24.7 0.8468599159080078
24.7 0.8468599159080078
24.7 0.8468599159080078
24.7 0.8468599159080078
24.7 0.8468599159080078
24.7 0.8468599159080078
24.7 0.8468599159080078
24.7 0.8468599159080078
24.7 0.8468599159080078
24.7 0.8468599159080078
24.7 0.8468599159080078
24.7 0.8468599159080078
24.7 0.8468599159080078
24.7 0.8468599159080078
24.7 0.8468599159080078
24.7 0.8468599159080078
24.7 0.8468599159080078
24.7 0.8468599159080078
24.7 0.8468599159080078
24.7 0.8468599159080078
24.7 0.8468599159080078
24.7 0.8468599159080078
24.7 0.8468599159080078
24.7 0.8468599159080078
24.7 0.8468599159080078
24.7 0.8468599159080078
24.7 0.8468599159080078
24.7 0.8468599159080078
24.7 0.8468599159080078
24.71 0.8562898593539012
24.71 0.8562898593539012
24.71 0.8562898593539012
24.72 0.8537498983243803
24.72 0.8537498983243803
24.72 0.8537498983243803
24.72 0.8537498983243803
24.72 0.8537498983243803
24.72 0.8537498983243803
24.72 0.8537498983243803
24.72 0.8537498983243803
24.72 0.8537498983243803
24.72 0.8537498983243803
24.72 0.8537498983243803
24.72 0.8537498983243803
24.72 0.8537498983243803
24.72 0.8537498983243803
24.73 0.8391313449880262
24.73 0.8391313449880262
24.73 0.8391313449880262
24.73 0.8391313449880262
24.73 0.8391313449880262
24.73 0.8391313449880262
24.73 0.8391313449880262
24.73 0.8391313449880262
24.73 0.8391313449880262
24.73 0.8391313449880262
24.73 0.8391313449880262
24.73 0.8391313449880262
24.74 0.8362977576162326
24.74 0.8362977576162326
24.74 0.8362977576162326
24.74 0.8362977576162326
24.74 0.8362977576162326
24.75 0.8453676505795953
24.75 0.8453676505795953
24.76 0.8423152316650517
24.76 0.8423152316650517
24.76 0.8423152316650517
24.76 0.8423152316650517
24.76 0.8423152316650517
24.76 0.8423152316650517
24.76 0.8423152316650517
24.76 0.8423152316650517
24.76 0.8423152316650517
24.76 0.8423152316650517
24.76 0.8423152316650517
24.76 0.8423152316650517
24.76 0.8423152316650517
24.76 0.8423152316650517
24.76 0.8423152316650517
24.76 0.8423152316650517
24.77 0.8391313449880264
24.77 0.8391313449880264
24.77 0.8391313449880264
24.77 0.8391313449880264
24.77 0.8391313449880264
24.77 0.8391313449880264
24.77 0.8391313449880264
24.77 0.8391313449880264
24.77 0.8391313449880264
24.77 0.8391313449880264
24.77 0.8391313449880264
24.77 0.8391313449880264
24.77 0.8391313449880264
24.77 0.8391313449880264
24.77 0.8391313449880264
24.77 0.8391313449880264
24.77 0.8391313449880264
24.77 0.8391313449880264
24.77 0.8391313449880264
24.77 0.8391313449880264
24.77 0.8391313449880264
24.78 0.8236406002522212
24.78 0.8236406002522212
24.78 0.8236406002522212
24.78 0.8236406002522212
24.78 0.8236406002522212
24.78 0.8236406002522212
24.78 0.8236406002522212
24.78 0.8236406002522212
24.78 0.8236406002522212
24.78 0.8236406002522212
24.78 0.8236406002522212
24.78 0.8236406002522212
24.78 0.8236406002522212
24.78 0.8236406002522212
24.78 0.8236406002522212
24.78 0.8236406002522212
24.78 0.8236406002522212
24.78 0.8236406002522212
24.78 0.8236406002522212
24.78 0.8236406002522212
24.78 0.8236406002522212
24.78 0.8236406002522212
24.78 0.8236406002522212
24.78 0.8236406002522212
24.78 0.8236406002522212
24.78 0.8236406002522212
24.78 0.8236406002522212
24.78 0.8236406002522212
24.78 0.8236406002522212
24.79 0.8201379534116578
24.79 0.8201379534116578
24.79 0.8201379534116578
24.79 0.8201379534116578
24.79 0.8201379534116578
24.79 0.8201379534116578
24.79 0.8201379534116578
24.79 0.8201379534116578
24.79 0.8201379534116578
24.79 0.8201379534116578
24.79 0.8201379534116578
24.79 0.8201379534116578
24.79 0.8201379534116578
24.79 0.8201379534116578
24.79 0.8201379534116578
24.79 0.8201379534116578
24.79 0.8201379534116578
24.79 0.8201379534116578
24.79 0.8201379534116578
24.79 0.8201379534116578
24.79 0.8201379534116578
24.79 0.8201379534116578
24.79 0.8201379534116578
24.79 0.8201379534116578
24.79 0.8201379534116578
24.79 0.8201379534116578
24.79 0.8201379534116578
24.79 0.8201379534116578
24.79 0.8201379534116578
24.79 0.8201379534116578
24.79 0.8201379534116578
24.79 0.8201379534116578
24.8 0.816496580927726
24.8 0.816496580927726
24.8 0.816496580927726
24.8 0.816496580927726
24.8 0.816496580927726
24.8 0.816496580927726
24.8 0.816496580927726
24.8 0.816496580927726
24.8 0.816496580927726
24.8 0.816496580927726
24.8 0.816496580927726
24.8 0.816496580927726
24.8 0.816496580927726
24.8 0.816496580927726
24.8 0.816496580927726
24.8 0.816496580927726
24.8 0.816496580927726
24.8 0.816496580927726
24.8 0.816496580927726
24.8 0.816496580927726
24.8 0.816496580927726
24.8 0.816496580927726
24.8 0.816496580927726
24.8 0.816496580927726
24.8 0.816496580927726
24.8 0.816496580927726
24.8 0.816496580927726
24.8 0.816496580927726
24.8 0.816496580927726
24.8 0.816496580927726
24.8 0.816496580927726
24.8 0.816496580927726
24.8 0.816496580927726
24.8 0.816496580927726
24.8 0.816496580927726
24.8 0.816496580927726
24.81 0.8127146181194537
24.81 0.8127146181194537
24.81 0.8127146181194537
24.81 0.8127146181194537
24.81 0.8127146181194537
24.81 0.8127146181194537
24.81 0.8127146181194537
24.81 0.8127146181194537
24.81 0.8127146181194537
24.81 0.8127146181194537
24.81 0.8127146181194537
24.81 0.8127146181194537
24.81 0.8127146181194537
24.81 0.8127146181194537
24.81 0.8127146181194537
24.81 0.8127146181194537
24.81 0.8127146181194537
24.81 0.8127146181194537
24.81 0.8127146181194537
24.81 0.8127146181194537
24.81 0.8127146181194537
24.81 0.8127146181194537
24.81 0.8127146181194537
24.81 0.8127146181194537
24.81 0.8127146181194537
24.81 0.8127146181194537
24.81 0.8127146181194537
24.81 0.8127146181194537
24.81 0.8127146181194537
24.81 0.8127146181194537
24.81 0.8127146181194537
24.81 0.8127146181194537
24.81 0.8127146181194537
24.82 0.8211841659112983
24.82 0.8211841659112983
24.82 0.8211841659112983
24.82 0.8211841659112983
24.82 0.8211841659112983
24.82 0.8211841659112983
24.82 0.8211841659112983
24.82 0.8211841659112983
24.82 0.8211841659112983
24.82 0.8211841659112983
24.82 0.8211841659112983
24.82 0.8211841659112983
24.82 0.8211841659112983
24.82 0.8211841659112983
24.82 0.8211841659112983
24.82 0.8211841659112983
24.82 0.8211841659112983
24.82 0.8211841659112983
24.82 0.8211841659112983
24.82 0.8211841659112983
24.82 0.8211841659112983
24.82 0.8211841659112983
24.82 0.8211841659112983
24.82 0.8211841659112983
24.82 0.8211841659112983
24.82 0.8211841659112983
24.82 0.8211841659112983
24.82 0.8211841659112983
24.83 0.8294454761946675
24.83 0.8294454761946675
24.83 0.8294454761946675
24.83 0.8294454761946675
24.83 0.8294454761946675
24.83 0.8294454761946675
24.83 0.8294454761946675
24.83 0.8294454761946675
24.83 0.8294454761946675
24.83 0.8294454761946675
24.83 0.8294454761946675
24.83 0.8294454761946675
24.83 0.8294454761946675
