104.18 9.67271956377308
106.835 9.738061902866512
108.79 10.558152606690507
110.33 10.800125312556196
111.7 11.046041716107396
112.87 10.972880673537345
114.055 10.889602085657671
115.3 11.001480875483715
116.515 11.071187967310413
117.67 11.303562549735785
118.77 11.242021955329495
119.72 11.290717459571807
120.57 11.398241081385034
121.5 11.503949414454404
122.415 11.487719279107965
123.385 11.550120701557676
124.29 11.48676474952924
125.24 11.554920617476801
126.035 11.665718901710871
126.905 11.627078195678449
127.8 11.796095526664123
128.62 11.883123392184599
129.605 12.227335947004248
130.25 12.305937194117476
131.11 12.337277700231583
131.925 12.462449865159092
132.8 12.420372947717835
133.45 12.555141534342347
134.135 12.542929790096828
134.89 12.498737780883639
135.55 12.664852791904115
136.245 13.00973127199111
136.735 12.975001026168462
137.355 13.014508002470397
138.415 13.62283851931411
139.27 13.853769064526558
139.79 13.86999791295093
140.34 13.873918481636247
140.94 14.24231402448105
141.455 14.273131425925923
142.0 14.476322384308665
142.52 14.672689581289182
143.155 14.867028834502023
143.945 15.044361303077771
144.405 15.163799888803242
144.985 15.304422182685132
145.46 15.30339454865421
146.05 15.338372278713305
146.64 15.472844674001113
147.03 15.570008442748778
147.48 15.917380673929895
147.955 16.14930261458194
148.58 16.499824560470802
148.965 16.61049506685201
149.615 17.08013766797249
150.08 17.26263585004411
150.505 17.485403149720934
150.915 17.929205672312985
151.33 17.95318613033844
151.855 18.064461989426047
152.265 18.11574523898782
152.67 18.06396598667966
153.17 18.291186916025772
153.605 18.34927012950963
154.05 18.52715949890172
154.36 18.620881910043074
154.77 18.734046847336415
155.24 19.10588881650555
155.485 19.259077214078676
155.915 19.36906494107883
156.265 19.66128659259588
156.73 19.754561669824955
157.005 19.949308566481733
157.26 19.99279068059273
157.665 20.20937460821432
158.0 20.276781541314328
158.37 20.374023955280062
158.69 20.44330506069191
158.965 20.512696111296187
159.255 20.744899424444693
159.505 20.81461254114751
159.81 20.896784177773174
159.95 20.94407160363872
160.215 21.178884244563296
160.53 21.308077939214957
160.87 21.463802950379776
161.21 21.805609634422556
161.515 21.95586310788146
161.82 22.18598984412029
162.12 22.378059430157236
162.45 22.460603214113707
162.79 22.52741910492239
162.995 22.567081288787364
163.265 22.649774960568838
163.535 22.80908615064552
163.695 22.86972969540418
163.945 22.85284679238652
164.125 22.855202376903666
164.32 23.08527506468204
164.575 23.265265018713574
164.855 23.466479586005253
165.16 23.5814463409016
165.37 23.77047936460385
165.575 23.90476876953241
165.725 23.971879411224013
165.885 23.987398007243193
166.265 24.23278449975423
166.59 24.819587623982816
166.775 24.90139702777411
167.035 24.981572657282374
167.54 25.66544735573345
167.72 25.776397278161348
167.92 25.79451477506804
168.12 25.960169992994324
168.335 26.20562175428818
168.55 26.409110222741162
168.74 26.610198357802677
168.89 26.679719236648015
169.17 27.11732792301281
169.475 27.26854063331363
169.605 27.320688590565517
169.94 27.852752819048217
170.1 27.86811043015598
170.22 28.039921415411563
170.26 28.06316541541299
170.42 28.208383190206316
170.57 28.218891981466147
170.66 28.241074620831068
170.845 28.232049101884694
171.095 28.34889989599743
171.51 28.969258617751258
171.62 29.014482599234004
171.745 29.092626683032513
171.885 29.115563967797495
172.045 29.31649052225305
172.385 29.954046257860476
172.645 30.056821293437935
172.765 30.0863381680274
172.92 30.112131295008314
173.06 30.288775558150743
173.3 30.50797997418484
173.515 30.72612914981854
173.765 30.92159662508731
173.86 30.982578984023473
174.105 31.091085764815094
174.315 31.25785354948903
174.55 31.422060159411167
174.735 31.694180502013854
174.96 31.83507625560996
175.07 31.88379747384844
175.41 32.46886922379156
175.59 32.5906009176024
175.815 32.756040212853335
176.18 33.1278014373151
176.39 33.20065675589199
176.545 33.28095596696688
176.705 33.40242926347954
176.8 33.52027778161141
177.01 33.6024211444193
177.32 33.880781697314085
177.47 33.98745308814043
177.7 34.10950962146103
177.71 34.12663869577078
177.925 34.15935492397443
178.22 34.43597233237637
178.36 34.50459124584156
178.455 34.48530216139779
178.675 34.7114763655869
178.73 34.82181063989353
178.77 34.815188400443795
178.885 34.97205149780195
178.96 34.98310942243636
178.985 34.996022330364475
179.165 35.05459794510176
179.365 35.23848965097974
179.49 35.359661539109815
179.76 35.708684874111455
180.085 36.177268579935145
180.175 36.24145392304427
180.345 36.45371253925636
180.625 36.69175776273601
180.79 36.817995763350226
180.91 36.95329165867404
180.985 36.95231330575417
181.045 37.02654977811433
181.3 37.4287627460721
181.355 37.46683044318862
181.44 37.55412334819078
181.565 37.75346454582721
181.735 37.97875378877473
181.785 38.000445519087314
181.99 38.1491585194136
182.085 38.22139404058956
182.26 38.364985080154824
182.375 38.50240854361124
182.615 38.94436330952094
182.69 39.069168147650316
183.03 39.55769366153123
183.205 39.720047588731916
183.33 39.737876731372985
183.595 39.94866348560005
183.695 40.040042301035
183.77 40.10271398762099
183.91 40.22582743689004
183.96 40.21419343196453
184.06 40.21217411889614
184.235 40.47827815639229
184.515 40.716696802371395
184.705 41.02145627213541
184.755 41.10235374901629
184.85 41.093786003729335
185.0 41.25135374098236
185.025 41.274669846375744
185.185 41.48431203917221
185.28 41.555007479442715
185.37 41.62541035194031
185.51 41.7869030098893
185.61 41.80115118751521
185.855 42.173873001062816
186.125 42.53418940300175
186.205 42.661434222548266
186.37 42.82930039623667
186.415 42.80652721174452
186.535 43.00333699239168
186.79 43.32167840179871
186.845 43.30362554062196
186.955 43.35524383416381
187.0 43.40657007659712
187.18 43.55629089110408
187.22 43.62510141746618
187.36 43.65495145991367
187.405 43.6848588441187
187.52 43.8641054778669
187.57 43.886788736063956
187.76 44.26036431870008
188.01 44.65473113267313
188.085 44.79485710500308
188.23 44.93366985587525
188.33 45.020865115403424
188.41 45.14428997440578
188.53 45.382021988883416
188.545 45.38769748188123
188.77 45.597861929385786
188.795 45.62435676066636
188.815 45.64750828392858
188.885 45.68571698947174
188.925 45.70751927523238
188.975 45.778144033784784
189.05 45.77527651308755
189.25 46.18256785774084
189.29 46.201215143129666
189.37 46.28757337149522
189.52 46.493588099175994
189.56 46.51769706628732
189.57 46.52554853697769
189.57 46.52554853697769
189.625 46.574158668075775
189.665 46.603298634420966
189.845 46.82592918576497
190.055 47.07852955288807
190.075 47.081057123323205
190.155 47.16106859452449
190.215 47.23687204081683
190.215 47.23687204081683
190.335 47.345345381814546
190.35 47.34491898169707
190.635 47.74626728970811
190.75 47.9441770215705
190.795 47.95505388363626
190.94 47.91258121408708
191.09 48.177323881063096
191.135 48.24209805825878
191.255 48.31055525838462
191.27 48.34159051410683
191.37 48.38031352566978
191.88 49.71584015084893
191.915 49.76317623778834
191.985 49.82062838354537
192.17 50.11996735652915
192.21 50.15540660816215
192.31 50.127695584992296
192.415 50.138632621991285
192.48 50.28150927964073
192.51 50.29795832366181
192.535 50.29939211479393
192.68 50.362869721815336
192.84 50.63322732428957
192.9 50.64961459524267
192.93 50.65580051004309
192.995 50.69838054093724
193.055 50.765932718822654
193.085 50.789780265803685
193.145 50.893165166372086
193.24 50.93809107933884
193.365 51.154753415420544
193.44 51.190796478569055
193.485 51.183925803435876
193.61 51.36559120558965
193.64 51.34707103877156
193.69 51.34778854508904
193.715 51.33944020244818
193.81 51.481353170937304
193.915 51.58366953218833
194.015 51.533961111772435
194.035 51.556512293790284
194.09 51.57345687108908
194.145 51.59383475243097
194.245 51.662971571319325
194.445 51.89551846829101
194.475 51.92190371329844
194.48 51.925429469229336
194.53 51.92165970832567
194.75 52.02618870123913
194.85 52.08184709658905
194.885 52.13580468666244
194.945 52.24308878516409
195.05 52.327266861005235
195.065 52.320161249588644
195.095 52.36646437825162
195.145 52.43579652195845
195.17 52.434956485670284
195.355 52.53831612884197
195.395 52.589906070950335
195.525 52.711960235602135
195.535 52.72345951241622
195.62 52.81865319480688
195.715 52.96491272483956
195.755 53.03169691036656
195.81 53.00024968021768
195.825 52.99415369467217
195.895 53.08223133222661
196.03 53.320980085640166
196.17 53.48835021780495
196.21 53.49008199825881
196.335 53.63459190318832
196.375 53.69223888320105
196.4 53.69980607909428
196.435 53.73247362447137
196.44 53.73719023204589
196.44 53.73719023204589
196.495 53.73381880350604
196.625 53.80088953061756
196.68 53.88837995091647
196.78 53.84402983499821
196.815 53.87747889266509
196.825 53.869510722334
196.865 53.929888347212966
196.91 53.96529006063359
196.98 54.07930313501575
197.08 54.12909103467931
197.1 54.152018455057544
197.28 54.37198158015192
197.345 54.42118280453496
197.45 54.551417422988585
197.47 54.593499847178784
197.51 54.67387842888173
197.52 54.68276796927854
197.545 54.69480578124966
197.55 54.69310596043158
197.715 54.884967652222095
197.745 54.93112547878403
197.755 54.94357985623567
197.84 55.02074705523626
197.93 55.066103815992676
197.985 55.121190472428516
198.115 55.31787181694439
198.175 55.40698701902419
198.195 55.430617517721984
198.315 55.601975902936914
198.37 55.657771864514174
198.37 55.657771864514174
198.41 55.70034309186416
198.42 55.690188478149615
198.485 55.73653360180255
198.485 55.73653360180255
198.55 55.81923474411437
198.595 55.863923240312225
198.8 56.172666138012644
198.8 56.172666138012644
198.81 56.18090989465621
199.0 56.4241012156595
199.03 56.45198105836084
199.035 56.44789355429298
199.11 56.55319229625539
199.33 56.912464993876334
199.345 56.90444855777238
199.63 57.359815822385144
199.66 57.367516766458316
199.715 57.447535398033125
199.795 57.5064819273371
199.955 57.722940149899436
199.975 57.74569931582511
199.975 57.74569931582511
199.975 57.74569931582511
200.075 57.90567366507807
200.125 57.96978190432571
200.125 57.96978190432571
200.18 57.92647314248309
200.225 57.98469571657128
200.225 57.98469571657128
200.26 57.96336583954232
200.27 57.95501755801974
200.275 57.955599416789745
200.35 58.05845727499898
200.4 58.084891637942135
200.42 58.1230532861813
200.44 58.12497468132147
200.47 58.152156307466534
200.48 58.156901249183385
200.575 58.26393473003316
200.63 58.26775203591003
200.77 58.47319802454836
200.875 58.542912093531676
200.9 58.58147722347237
201.025 58.60705026574986
201.07 58.6654855770835
201.145 58.78109404854473
201.375 59.13748795140869
201.42 59.135998052490514
201.465 59.145322705984
201.465 59.145322705984
201.545 59.28262011432226
201.565 59.28310882942295
201.61 59.31951544205921
201.635 59.366554088652514
201.635 59.366554088652514
201.645 59.357833146853714
201.695 59.36284058319029
201.72 59.386855418444455
201.74 59.36803693506977
201.78 59.36431507868936
201.795 59.37981881250158
201.855 59.469913835729336
201.885 59.522551274921746
201.905 59.54144720139988
201.955 59.52500348677228
202.0 59.537903093423644
202.02 59.53099569654075
202.025 59.54017093431308
202.04 59.562468208156204
202.095 59.59530161797443
202.155 59.73429869934656
202.16 59.73034140376669
202.185 59.71104837670844
202.355 59.85784308214018
202.355 59.85784308214018
202.365 59.86716101017771
202.515 60.05364999059577
202.62 60.10113114503155
202.665 60.159918671290946
202.765 60.247316312073316
202.78 60.26933367354939
202.845 60.35314598740019
202.87 60.332604434872
202.885 60.356059428813225
202.885 60.356059428813225
202.97 60.386716161104566
202.995 60.415768950205454
203.09 60.528598017341054
203.12 60.56248952812798
203.21 60.719791936666574
203.225 60.738556994420044
203.23 60.7342466966086
203.235 60.730430906549955
203.24 60.73734405130022
203.305 60.734905919022204
203.37 60.82476658875429
203.425 60.912027241396586
203.635 61.03630354860289
203.665 61.07883705375865
203.685 61.09994913632217
203.775 61.13397404025757
203.78 61.130302507936086
203.88 61.26899971286082
203.91 61.28279409532765
203.995 61.41432465787565
204.02 61.43023510016184
204.05 61.43641903594233
204.07 61.466906147767375
204.105 61.45992418398964
204.19 61.549938157711004
204.24 61.62155011517069
204.24 61.62155011517069
204.255 61.643692597805405
204.355 61.77933059869667
204.36 61.774514377422776
204.385 61.81451577827214
204.4 61.80201227957315
204.44 61.81731027490652
204.46 61.834676501499644
204.46 61.834676501499644
204.5 61.837607685863595
204.575 61.8509760075191
204.585 61.86611605547475
204.595 61.87865864730726
204.615 61.9153903638649
204.62 61.92400225387445
204.635 61.9253878401086
204.665 61.928957398062394
204.665 61.928957398062394
204.67 61.93772521259784
204.79 62.11861803651877
204.795 62.116375338657924
204.795 62.116375338657924
204.885 62.2196511358644
204.895 62.23851747627115
204.935 62.262728766764695
204.95 62.271436707160795
204.95 62.271436707160795
205.1 62.51030992658568
205.23 62.72146407042683
205.23 62.72146407042683
205.23 62.72146407042683
205.23 62.72146407042683
205.26 62.69976516206778
205.275 62.708973947385196
205.315 62.731482304983466
205.445 62.825868073971854
205.485 62.799396378179146
205.7 63.25593476669219
205.87 63.4915825336838
205.88 63.50581131026861
206.0 63.57676472211627
206.075 63.639526619632626
206.12 63.70865389767415
206.13 63.701080596587474
206.255 63.86565610776412
206.255 63.86565610776412
206.275 63.88503439028281
206.275 63.88503439028281
206.28 63.883521826072304
206.385 63.9519068595882
206.45 64.02582107564903
206.45 64.02582107564903
206.465 64.0381604199788
206.515 64.09723796535205
206.515 64.09723796535205
206.58 64.17897593745911
206.59 64.19575248091948
206.59 64.19575248091948
206.685 64.18363984739528
206.74 64.16889056459311
206.745 64.16422362956607
206.76 64.16537530842609
206.81 64.2247299710137
206.85 64.19298519597703
206.85 64.19298519597703
206.955 64.31250438718257
207.105 64.49999689145336
207.115 64.4936069571695
207.185 64.52032979916862
207.21 64.56296803977696
207.23 64.54271069423254
207.245 64.56672618559668
207.245 64.56672618559668
207.245 64.56672618559668
207.255 64.56218447481777
207.255 64.56218447481777
207.285 64.53752012402862
207.285 64.53752012402862
207.285 64.53752012402862
207.325 64.59741822319805
207.325 64.59741822319805
207.36 64.58310804391138
207.435 64.65742208421584
207.435 64.65742208421584
207.445 64.66650111081307
207.45 64.67545737733455
207.455 64.68441201630218
207.51 64.72103158807467
207.515 64.72858138504428
207.515 64.72858138504428
207.515 64.72858138504428
207.535 64.75598132832586
207.58 64.83310828446034
207.585 64.82904277380175
207.645 64.92396922130241
207.645 64.92396922130241
207.72 64.91761966799454
207.745 64.95979072493671
207.785 64.9275190641809
207.805 64.94796046776453
207.89 65.04725793153027
208.07 65.30203664492352
208.105 65.35516213770043
208.115 65.37262979884655
208.145 65.39280941976364
208.16 65.41967390881615
208.205 65.49604801638353
208.21 65.50269006701203
208.21 65.50269006701203
208.225 65.52811770931862
208.255 65.57847448507378
208.255 65.57847448507378
208.255 65.57847448507378
208.295 65.61223505163635
208.315 65.64483136326713
208.37 65.61590292598262
208.37 65.61590292598262
208.395 65.60544306992377
208.425 65.63275494220287
208.425 65.63275494220287
208.48 65.69199491177538
208.48 65.69199491177538
208.48 65.69199491177538
208.565 65.8001133151053
208.57 65.7958801492276
208.59 65.8267788368083
208.67 65.9319243357612
208.68 65.94550495720046
208.705 65.9520063596032
208.745 65.96326899982188
208.745 65.96326899982188
208.755 65.96619453974239
208.76 65.9622615582174
208.775 65.9648981996199
208.78 65.96096362095167
208.81 66.01620443588304
208.84 66.07138540945553
208.84 66.07138540945553
208.85 66.06154569451786
208.85 66.06154569451786
209.005 66.38733441271813
209.035 66.43125434526065
209.05 66.41811435735708
209.065 66.40677997061117
209.075 66.4008815278018
209.075 66.4008815278018
209.125 66.36622306497316
209.18 66.44037483730283
209.18 66.44037483730283
209.255 66.42911291449343
209.255 66.42911291449343
209.3 66.4017543627888
209.3 66.4017543627888
209.31 66.41514381766257
209.31 66.41514381766257
209.34 66.4100152485548
209.37 66.40064543576146
209.46 66.48819519471579
209.46 66.48819519471579
209.495 66.54702277789369
209.53 66.56889396790575
209.54 66.57860148304859
209.54 66.57860148304859
209.595 66.61034695001976
209.6 66.61075349523536
209.605 66.61883478318776
209.62 66.61598775490313
209.75 66.71314795657366
209.755 66.70858312583651
209.8 66.76108601959893
209.87 66.8515963896871
209.87 66.8515963896871
209.87 66.8515963896871
209.885 66.86249515345177
209.91 66.84896304094117
209.91 66.84896304094117
209.94 66.84104812378183
209.945 66.83767771928699
209.945 66.83767771928699
209.955 66.85508193061969
210.0 66.91362778956092
210.0 66.91362778956092
210.015 66.9384168780181
210.015 66.9384168780181
210.015 66.9384168780181
210.05 66.9085149546273
210.05 66.9085149546273
210.125 66.95642075784633
210.125 66.95642075784633
210.125 66.95642075784633
210.275 67.15331932033848
210.285 67.14850018946242
210.33 67.14344126019047
210.335 67.15050820269121
210.375 67.16999997947825
210.415 67.18304606965953
210.415 67.18304606965953
210.415 67.18304606965953
210.43 67.19078511232043
210.47 67.17081879241245
210.47 67.17081879241245
210.5 67.21804567346778
210.65 67.538144796154
210.65 67.538144796154
210.65 67.538144796154
210.705 67.55918578520541
210.715 67.54987964905273
210.74 67.58410633108517
210.74 67.58410633108517
210.74 67.58410633108517
210.74 67.58410633108517
210.74 67.58410633108517
210.765 67.61193095911437
210.765 67.61193095911437
210.81 67.6617260564075
210.83 67.69347913790877
210.885 67.67226621028063
210.885 67.67226621028063
210.925 67.70268464966458
210.945 67.69426311103005
210.945 67.69426311103005
210.96 67.69071933218966
210.995 67.71871629277132
210.995 67.71871629277132
210.995 67.71871629277132
211.0 67.72478583606856
211.025 67.73129406329635
211.04 67.71885267426494
211.055 67.73616053194209
211.09 67.71998886761999
211.09 67.71998886761999
211.105 67.70975189182967
211.125 67.69698352916006
211.185 67.66218443863248
211.2 67.65458489372953
211.2 67.65458489372953
211.2 67.65458489372953
211.235 67.68262050035065
211.235 67.68262050035065
211.28 67.7091050544029
211.28 67.7091050544029
211.29 67.70417667210138
211.295 67.70119351983409
211.295 67.70119351983409
211.315 67.72375537879246
211.32 67.7221035428661
211.32 67.7221035428661
211.365 67.79836517794513
211.39 67.83739884241038
211.39 67.83739884241038
211.43 67.82459390845712
211.46 67.84301797325425
211.515 67.92399390030317
211.53 67.91664580161743
211.53 67.91664580161743
211.565 67.92979403246588
211.585 67.96296924038799
211.635 67.93920896866715
211.68 68.002488528842
211.68 68.002488528842
211.695 67.9983559804213
211.73 68.01995210753812
211.765 68.07628608272516
211.765 68.07628608272516
211.765 68.07628608272516
211.795 68.0528172807682
211.795 68.0528172807682
211.805 68.05078433141165
211.865 68.02263942015341
211.88 68.02775196634082
211.88 68.02775196634082
211.895 68.02917680850697
211.91 68.0541719941881
211.91 68.0541719941881
211.95 68.11546661353755
211.96 68.10929150249939
211.99 68.10135377483266
212.04 68.15387572942834
212.04 68.15387572942834
212.07 68.14679055286929
212.225 68.46720946504117
212.225 68.46720946504117
212.225 68.46720946504117
212.28 68.42870610751656
212.31 68.47954087752777
212.34 68.46446419233015
212.345 68.47241893922309
212.375 68.46259703650203
212.45 68.52734850944064
212.45 68.52734850944064
212.45 68.52734850944064
212.465 68.54940793559636
212.465 68.54940793559636
212.48 68.56882534741136
212.535 68.63877898061618
212.535 68.63877898061618
212.535 68.63877898061618
212.565 68.68146499664383
212.58 68.67674160218097
212.58 68.67674160218097
212.625 68.74134714287715
212.68 68.75883246977449
212.68 68.75883246977449
212.745 68.72687562798095
212.755 68.74251820761157
212.76 68.73801485871401
212.76 68.73801485871401
212.76 68.73801485871401
212.77 68.75452757932851
212.77 68.75452757932851
212.775 68.75104464916063
212.825 68.81255185816813
212.825 68.81255185816813
212.835 68.81359642273888
212.86 68.84860729758476
212.87 68.84702522408297
212.885 68.86889054727851
212.955 68.99099483571065
212.97 69.01453916778227
212.99 69.00379489037677
212.99 69.00379489037677
213.02 69.04141069660618
213.03 69.05694210673411
213.035 69.05461697318492
213.04 69.06143717924755
213.04 69.06143717924755
213.04 69.06143717924755
213.04 69.06143717924755
213.04 69.06143717924755
213.04 69.06143717924755
213.05 69.07550987986195
213.085 69.05515412173764
213.275 69.41968096486157
213.295 69.44602112161688
213.295 69.44602112161688
213.3 69.44368988729578
213.3 69.44368988729578
213.31 69.43599421937498
213.33 69.47025544056565
213.46 69.584145343663
213.475 69.5736704079574
213.81 70.32473120850779
213.835 70.35864283479238
213.835 70.35864283479238
213.895 70.44078175557
213.92 70.42622546383353
213.955 70.40582664854637
213.97 70.4044819432274
213.98 70.40918429496757
213.98 70.40918429496757
213.99 70.4017821316925
214.0 70.39238395805505
214.03 70.38297740769376
214.03 70.38297740769376
214.09 70.49052550140095
214.115 70.52425790024988
214.15 70.58138444075703
214.18 70.57279147974178
214.21 70.62212550984871
214.25 70.60836602969552
214.295 70.57446324383484
214.295 70.57446324383484
214.325 70.55898810219013
214.345 70.59241600905142
214.345 70.59241600905142
214.345 70.59241600905142
214.35 70.60013063808938
214.355 70.60784406926949
214.355 70.60784406926949
214.355 70.60784406926949
214.5 70.88463570441318
214.57 71.00676024154322
214.57 71.00676024154322
214.655 70.95793504863227
214.675 70.98712774696835
214.675 70.98712774696835
214.695 70.97055038927338
214.705 70.98457578939241
214.705 70.98457578939241
214.705 70.98457578939241
214.705 70.98457578939241
214.705 70.98457578939241
214.705 70.98457578939241
214.755 71.02077055076252
214.755 71.02077055076252
214.765 71.01332272899589
214.775 71.01208464348542
214.825 71.03847928304153
214.895 71.1132315695234
214.895 71.1132315695234
214.93 71.1025599756276
214.935 71.10143677013102
214.935 71.10143677013102
214.935 71.10143677013102
214.935 71.10143677013102
215.02 71.12768426338421
215.035 71.14106692697804
215.035 71.14106692697804
215.045 71.14373868363053
215.045 71.14373868363053
215.055 71.13682657553746
215.055 71.13682657553746
215.055 71.13682657553746
215.075 71.12553324015742
215.075 71.12553324015742
215.085 71.11946090415933
215.13 71.13997004740632
215.2 71.12698235583744
215.395 71.42055877363917
215.395 71.42055877363917
215.65 72.03130411098931
215.655 72.02694410213253
215.665 72.0189182539294
215.68 72.00541333033362
215.68 72.00541333033362
215.68 72.00541333033362
215.7 72.01273905682355
215.705 72.01992884178617
215.89 72.50151083033859
215.89 72.50151083033859
215.98 72.66319184168526
216.055 72.72281963895932
216.055 72.72281963895932
216.09 72.71320323580872
216.105 72.70759906918953
216.12 72.72239660117474
216.275 73.014122127676
216.28 73.01293599120048
216.29 73.00603126799702
216.33 72.98058999686646
216.515 73.25175303914759
216.52 73.24713275030194
216.555 73.2554289433499
216.555 73.2554289433499
216.56 73.25272215595916
216.575 73.27497820591753
216.575 73.27497820591753
216.595 73.26058803612278
216.605 73.27555692799457
216.64 73.25945515374487
216.64 73.25945515374487
216.64 73.25945515374487
216.67 73.23619289582636
216.695 73.21959948929955
216.715 73.22570439716615
216.75 73.21433156059449
216.78 73.1967623261958
216.78 73.1967623261958
216.78 73.1967623261958
216.78 73.1967623261958
216.79 73.19254587681606
216.79 73.19254587681606
216.825 73.17441912331853
216.825 73.17441912331853
216.86 73.22817979295588
216.88 73.21534550244644
216.88 73.21534550244644
216.96 73.32352452058136
216.96 73.32352452058136
216.965 73.3306363710042
216.995 73.30726336561328
217.01 73.30192925210223
217.015 73.30097104329325
217.045 73.27920974910714
217.045 73.27920974910714
217.055 73.27140453003825
217.055 73.27140453003825
217.115 73.35584144213882
217.115 73.35584144213882
217.115 73.35584144213882
217.125 73.34940157751424
217.125 73.34940157751424
217.125 73.34940157751424
217.125 73.34940157751424
217.125 73.34940157751424
217.125 73.34940157751424
217.125 73.34940157751424
217.125 73.34940157751424
217.125 73.34940157751424
217.15 73.35386474947461
217.15 73.35386474947461
217.15 73.35386474947461
217.16 73.3687387759524
217.16 73.3687387759524
217.16 73.3687387759524
217.16 73.3687387759524
217.16 73.3687387759524
217.16 73.3687387759524
217.16 73.3687387759524
217.16 73.3687387759524
217.16 73.3687387759524
217.2 73.3385735197705
217.235 73.39203466235082
217.245 73.38421548743823
217.255 73.3903285577503
217.255 73.3903285577503
217.41 73.67701579625495
217.445 73.67028064712774
217.45 73.66616767995758
217.49 73.73501224028637
217.775 74.40294935135607
217.79 74.39066357458893
217.79 74.39066357458893
217.79 74.39066357458893
217.79 74.39066357458893
217.79 74.39066357458893
217.82 74.37618666520316
217.82 74.37618666520316
217.82 74.37618666520316
217.83 74.37351443304802
217.865 74.35895986551117
217.865 74.35895986551117
217.88 74.3466486157984
217.895 74.33352310123341
217.895 74.33352310123341
217.905 74.32652322783461
217.915 74.31763284294277
217.915 74.31763284294277
217.915 74.31763284294277
217.92 74.31649179274373
217.925 74.3234438839922
217.925 74.3234438839922
217.925 74.3234438839922
217.925 74.3234438839922
217.96 74.29750128195332
218.025 74.2572199303169
218.05 74.23999219492654
218.17 74.46956014688938
218.19 74.50019865072507
218.19 74.50019865072507
218.495 75.17841752227083
218.495 75.17841752227083
218.56 75.2725134308367
218.615 75.24124458844393
218.625 75.23609872513623
218.63 75.23239250619055
218.63 75.23239250619055
218.63 75.23239250619055
218.645 75.25205082176966
218.645 75.25205082176966
218.645 75.25205082176966
218.69 75.22906639775414
218.69 75.22906639775414
218.69 75.22906639775414
218.7 75.22204390818099
218.705 75.22006461244737
218.705 75.22006461244737
218.78 75.20632672154228
218.78 75.20632672154228
218.78 75.20632672154228
218.8 75.23650263217186
218.8 75.23650263217186
219.1 75.90925858449098
219.105 75.9161189589832
219.105 75.9161189589832
219.105 75.9161189589832
219.105 75.9161189589832
219.105 75.9161189589832
219.105 75.9161189589832
219.145 75.89888389456793
219.145 75.89888389456793
219.17 75.92524419958703
219.175 75.92193177409789
219.3 76.14252563795289
219.3 76.14252563795289
219.33 76.12778532998394
219.33 76.12778532998394
219.345 76.14733756044168
219.345 76.14733756044168
219.415 76.11656919004666
219.415 76.11656919004666
219.415 76.11656919004666
219.415 76.11656919004666
219.42 76.11245867737281
219.445 76.12048209572909
219.445 76.12048209572909
219.445 76.12048209572909
219.46 76.11696842495446
219.465 76.11325010867202
219.485 76.14077961777123
219.635 76.40583356988371
219.635 76.40583356988371
219.645 76.40955454040194
219.65 76.41633425093671
219.665 76.4126626452143
219.795 76.64708025933344
219.795 76.64708025933344
219.875 76.80195783192667
219.9 76.78796114915158
219.92 76.79398994863188
219.92 76.79398994863188
219.925 76.79275482089734
220.025 76.88998341053392
220.08 76.85766945063754
220.085 76.85642491116347
220.085 76.85642491116347
220.085 76.85642491116347
220.085 76.85642491116347
220.095 76.86150011872815
220.17 76.81733761590537
220.185 76.80810169647172
220.185 76.80810169647172
220.185 76.80810169647172
220.185 76.80810169647172
220.185 76.80810169647172
220.185 76.80810169647172
220.185 76.80810169647172
220.195 76.82008388579482
220.195 76.82008388579482
220.24 76.80527341962049
220.245 76.81171834549708
220.265 76.82887781404472
220.265 76.82887781404472
220.265 76.82887781404472
220.265 76.82887781404472
220.295 76.80762659892179
220.295 76.80762659892179
220.33 76.79697610483841
220.33 76.79697610483841
220.365 76.84660223906602
220.465 76.83353600895313
220.52 76.80806139813284
220.68 77.06220902719036
220.68 77.06220902719036
220.68 77.06220902719036
220.71 77.10485585871022
220.71 77.10485585871022
220.71 77.10485585871022
220.74 77.132652067964
220.74 77.132652067964
220.76 77.11945881110869
220.84 77.23008231275614
220.84 77.23008231275614
220.84 77.23008231275614
220.84 77.23008231275614
220.84 77.23008231275614
220.865 77.22273078812961
220.865 77.22273078812961
220.875 77.21534756607247
220.89 77.23562165952208
220.89 77.23562165952208
220.92 77.27497755022945
220.92 77.27497755022945
220.93 77.26927884763828
220.93 77.26927884763828
220.93 77.26927884763828
220.935 77.27525112278977
220.95 77.26592105444014
220.95 77.26592105444014
220.95 77.26592105444014
221.0 77.2328445721233
221.01 77.23582933673552
221.025 77.22881651463156
221.025 77.22881651463156
221.025 77.22881651463156
221.055 77.25203341444592
221.135 77.40439506862545
221.155 77.43310460793276
221.165 77.42803449859612
221.185 77.42255100104086
221.205 77.40877386108558
221.275 77.38329801727293
221.275 77.38329801727293
221.275 77.38329801727293
221.275 77.38329801727293
221.415 77.38927914327533
221.415 77.38927914327533
221.415 77.38927914327533
221.415 77.38927914327533
221.415 77.38927914327533
221.44 77.37540813760631
221.44 77.37540813760631
221.455 77.36443701913831
221.475 77.35783711044421
221.475 77.35783711044421
221.475 77.35783711044421
221.55 77.46638045146179
221.55 77.46638045146179
221.55 77.46638045146179
221.55 77.46638045146179
221.55 77.46638045146179
221.55 77.46638045146179
221.56 77.45815524872984
221.56 77.45815524872984
221.565 77.45553029275789
221.565 77.45553029275789
221.565 77.45553029275789
221.565 77.45553029275789
221.605 77.43399792783343
221.61 77.43149871002888
221.61 77.43149871002888
221.79 77.5424269024694
221.8 77.53883334621254
221.925 77.75035156139039
221.925 77.75035156139039
221.925 77.75035156139039
221.925 77.75035156139039
221.925 77.75035156139039
221.925 77.75035156139039
221.925 77.75035156139039
221.925 77.75035156139039
221.96 77.77003823528571
221.96 77.77003823528571
221.96 77.77003823528571
221.96 77.77003823528571
221.965 77.76701129086024
221.98 77.78693088521591
222.14 78.1858232507242
222.14 78.1858232507242
222.14 78.1858232507242
222.14 78.1858232507242
222.14 78.1858232507242
222.15 78.19862570823504
222.17 78.18858444071047
222.17 78.18858444071047
222.17 78.18858444071047
222.185 78.18258800825905
222.185 78.18258800825905
222.185 78.18258800825905
222.195 78.17563911717285
222.195 78.17563911717285
222.195 78.17563911717285
222.235 78.23808388133976
222.235 78.23808388133976
222.235 78.23808388133976
222.37 78.35785207913845
222.44 78.35211570269003
222.44 78.35211570269003
222.44 78.35211570269003
222.445 78.34818485565216
222.445 78.34818485565216
222.445 78.34818485565216
222.445 78.34818485565216
222.445 78.34818485565216
222.45 78.34578901665104
222.45 78.34578901665104
222.45 78.34578901665104
222.48 78.38705841730697
222.48 78.38705841730697
222.505 78.37097677074087
222.505 78.37097677074087
222.505 78.37097677074087
222.52 78.3616038145019
222.525 78.35843596075371
222.525 78.35843596075371
222.525 78.35843596075371
222.525 78.35843596075371
222.525 78.35843596075371
222.525 78.35843596075371
222.53 78.35437204807157
222.53 78.35437204807157
222.53 78.35437204807157
222.53 78.35437204807157
222.53 78.35437204807157
222.535 78.351075311742
222.55 78.34271793621973
222.61 78.43281945665221
222.61 78.43281945665221
222.61 78.43281945665221
222.65 78.49484761917113
222.65 78.49484761917113
222.65 78.49484761917113
222.69 78.47304599267461
222.69 78.47304599267461
222.69 78.47304599267461
222.69 78.47304599267461
222.69 78.47304599267461
222.715 78.4520591761136
222.715 78.4520591761136
222.995 79.05494409247062
222.995 79.05494409247062
222.995 79.05494409247062
222.995 79.05494409247062
223.02 79.0346492968349
223.19 79.4174522968554
223.245 79.3880098962571
223.245 79.3880098962571
223.245 79.3880098962571
223.245 79.3880098962571
223.285 79.44089573253167
223.285 79.44089573253167
223.285 79.44089573253167
223.285 79.44089573253167
223.285 79.44089573253167
223.285 79.44089573253167
223.285 79.44089573253167
223.555 79.96284835968821
223.555 79.96284835968821
223.555 79.96284835968821
223.555 79.96284835968821
223.56 79.96030594185957
223.56 79.96030594185957
223.58 79.9433609024599
223.62 80.00373174253708
223.64 80.00633057659141
223.64 80.00633057659141
223.815 80.39411551552645
223.955 80.62443005568785
223.955 80.62443005568785
223.965 80.61672541129477
223.965 80.61672541129477
223.975 80.6134958569948
223.98 80.61045038814414
224.295 81.22917222927137
224.295 81.22917222927137
224.295 81.22917222927137
224.295 81.22917222927137
224.295 81.22917222927137
224.31 81.22522849682174
224.37 81.31083402181598
224.4 81.29811472996542
224.42 81.32464475552003
224.42 81.32464475552003
224.455 81.29591342033811
224.475 81.32243060372858
224.485 81.33494456886316
224.485 81.33494456886316
224.725 81.85214602882323
224.725 81.85214602882323
224.725 81.85214602882323
224.725 81.85214602882323
224.725 81.85214602882323
224.725 81.85214602882323
224.725 81.85214602882323
224.725 81.85214602882323
224.725 81.85214602882323
224.725 81.85214602882323
224.725 81.85214602882323
224.725 81.85214602882323
224.725 81.85214602882323
224.725 81.85214602882323
224.75 81.85430849716386
224.93 82.22028666239932
224.93 82.22028666239932
224.98 82.23214038489274
224.99 82.2278751923374
224.99 82.2278751923374
224.99 82.2278751923374
224.995 82.22531533051729
224.995 82.22531533051729
224.995 82.22531533051729
225.005 82.2195848038245
225.015 82.23140997798478
225.015 82.23140997798478
225.015 82.23140997798478
225.015 82.23140997798478
225.015 82.23140997798478
225.015 82.23140997798478
225.015 82.23140997798478
225.02 82.22897061877005
225.025 82.22604320074711
225.025 82.22604320074711
225.055 82.21029928342729
225.055 82.21029928342729
225.055 82.21029928342729
225.055 82.21029928342729
225.075 82.21418555069684
225.075 82.21418555069684
225.085 82.22649064876255
225.15 82.18920344490067
225.155 82.18687657834595
225.175 82.1714655423246
225.185 82.16375711015252
225.185 82.16375711015252
225.195 82.15653483161789
225.195 82.15653483161789
225.275 82.29578278782972
225.275 82.29578278782972
225.275 82.29578278782972
225.285 82.28783016024423
225.285 82.28783016024423
225.375 82.40981628148963
225.375 82.40981628148963
225.375 82.40981628148963
225.375 82.40981628148963
225.375 82.40981628148963
225.375 82.40981628148963
225.375 82.40981628148963
225.375 82.40981628148963
225.375 82.40981628148963
225.375 82.40981628148963
225.375 82.40981628148963
225.415 82.46750875344787
225.455 82.49743962002486
225.455 82.49743962002486
225.515 82.48031450413941
225.525 82.4794004813287
225.525 82.4794004813287
225.525 82.4794004813287
225.525 82.4794004813287
225.525 82.4794004813287
225.535 82.47945760805108
225.625 82.60088765627165
225.625 82.60088765627165
225.64 82.5938542623164
225.8 82.9625636502305
225.81 82.95678676984747
225.81 82.95678676984747
225.81 82.95678676984747
225.81 82.95678676984747
225.82 82.95463385607512
225.82 82.95463385607512
225.835 82.9718844490262
225.835 82.9718844490262
225.835 82.9718844490262
225.875 82.95842105573219
225.88 82.96295999920429
225.89 82.95765686228242
225.89 82.95765686228242
225.93 83.01471983493762
225.93 83.01471983493762
225.93 83.01471983493762
225.93 83.01471983493762
225.935 83.01261054063976
225.935 83.01261054063976
225.94 83.01074242768816
225.94 83.01074242768816
225.945 83.00923628290214
225.945 83.00923628290214
225.955 83.02131848693003
225.955 83.02131848693003
225.955 83.02131848693003
225.97 83.01329482555481
225.97 83.01329482555481
225.97 83.01329482555481
226.05 83.15036052922652
226.06 83.14842482800528
226.075 83.16269873659033
226.09 83.1549081345603
226.115 83.14842708866054
226.13 83.14460694573283
226.145 83.1331870673797
226.145 83.1331870673797
226.2 83.11636918843163
226.245 83.10086859294714
226.245 83.10086859294714
226.305 83.18314471039056
226.31 83.18897109762027
226.31 83.18897109762027
226.335 83.1771234153305
226.615 83.73386516481008
226.615 83.73386516481008
226.62 83.72993703502783
226.62 83.72993703502783
226.62 83.72993703502783
226.62 83.72993703502783
226.62 83.72993703502783
226.62 83.72993703502783
226.62 83.72993703502783
226.7 83.79776347198813
226.7 83.79776347198813
226.995 84.34087640986398
226.995 84.34087640986398
226.995 84.34087640986398
226.995 84.34087640986398
227.155 84.69941530129324
227.155 84.69941530129324
227.155 84.69941530129324
227.155 84.69941530129324
227.155 84.69941530129324
227.18 84.68989636530387
227.18 84.68989636530387
227.18 84.68989636530387
227.18 84.68989636530387
227.18 84.68989636530387
227.18 84.68989636530387
227.18 84.68989636530387
227.18 84.68989636530387
227.22 84.74518254692876
227.22 84.74518254692876
227.22 84.74518254692876
227.22 84.74518254692876
227.22 84.74518254692876
227.22 84.74518254692876
227.22 84.74518254692876
227.22 84.74518254692876
227.23 84.74219846393679
227.24 84.73495401000518
227.24 84.73495401000518
227.245 84.73221847159317
227.245 84.73221847159317
227.245 84.73221847159317
227.245 84.73221847159317
227.565 85.31446048542887
227.565 85.31446048542887
227.565 85.31446048542887
227.575 85.32602593437939
227.58 85.32293718000189
227.58 85.32293718000189
227.58 85.32293718000189
227.61 85.3032209166035
227.61 85.3032209166035
227.695 85.38820080721183
227.695 85.38820080721183
227.695 85.38820080721183
227.695 85.38820080721183
227.695 85.38820080721183
227.695 85.38820080721183
227.695 85.38820080721183
227.725 85.38055383066498
227.725 85.38055383066498
227.74 85.37267498494596
227.755 85.38181956823098
227.755 85.38181956823098
227.755 85.38181956823098
227.755 85.38181956823098
227.76 85.3780177492249
227.775 85.39514155091757
227.78 85.39192615599897
227.78 85.39192615599897
227.86 85.3805892022966
227.86 85.3805892022966
227.87 85.37355979329574
227.87 85.37355979329574
227.87 85.37355979329574
227.885 85.36389319057338
227.97 85.49193691919429
227.97 85.49193691919429
227.97 85.49193691919429
227.97 85.49193691919429
228.015 85.45974605326607
228.015 85.45974605326607
228.035 85.48413665147248
228.065 85.46652615341182
228.065 85.46652615341182
228.065 85.46652615341182
228.065 85.46652615341182
228.065 85.46652615341182
228.065 85.46652615341182
228.065 85.46652615341182
228.065 85.46652615341182
228.065 85.46652615341182
228.065 85.46652615341182
228.095 85.45453275233443
228.095 85.45453275233443
228.095 85.45453275233443
228.38 85.99630230437276
228.38 85.99630230437276
228.38 85.99630230437276
228.39 85.98926260416482
228.405 85.98202280485167
228.435 85.98397458080065
228.435 85.98397458080065
228.435 85.98397458080065
228.445 85.97855986751713
228.445 85.97855986751713
228.465 85.97099105662414
228.465 85.97099105662414
228.475 85.97023658771309
228.48 85.96676865675025
228.48 85.96676865675025
228.495 85.96161045011863
228.505 85.9631848401958
228.505 85.9631848401958
228.575 85.91946672265117
228.615 85.97331156092504
228.75 86.02102383344076
228.78 86.01306422890136
228.78 86.01306422890136
228.84 85.98032298060772
228.84 85.98032298060772
228.945 85.9165356771145
228.945 85.9165356771145
228.955 85.9098902811562
228.955 85.9098902811562
229.28 86.4538447275217
229.28 86.4538447275217
229.28 86.4538447275217
229.28 86.4538447275217
229.28 86.4538447275217
229.28 86.4538447275217
229.285 86.44988566695491
229.285 86.44988566695491
229.285 86.44988566695491
229.355 86.43582506482242
229.355 86.43582506482242
229.38 86.42353944629934
229.38 86.42353944629934
229.4 86.41776481249659
229.44 86.47091677912032
229.44 86.47091677912032
229.44 86.47091677912032
229.44 86.47091677912032
229.455 86.46109980475973
229.455 86.46109980475973
229.455 86.46109980475973
229.455 86.46109980475973
229.455 86.46109980475973
229.455 86.46109980475973
229.455 86.46109980475973
229.455 86.46109980475973
229.48 86.44635348049789
229.495 86.44244162612314
229.495 86.44244162612314
229.54 86.41653745008628
229.545 86.42161021283647
229.545 86.42161021283647
229.555 86.41423798377085
229.635 86.54259544910626
229.65 86.54248380858617
229.79 86.74703753617914
229.79 86.74703753617914
229.79 86.74703753617914
229.845 86.71981775799544
229.845 86.71981775799544
229.845 86.71981775799544
229.845 86.71981775799544
229.845 86.71981775799544
229.865 86.71337728112513
229.865 86.71337728112513
229.96 86.85053793644357
229.985 86.87207069401916
229.985 86.87207069401916
229.985 86.87207069401916
229.99 86.87097510555219
229.99 86.87097510555219
230.02 86.85850909095645
230.17 87.0727584446358
230.17 87.0727584446358
230.17 87.0727584446358
230.17 87.0727584446358
230.18 87.06951447479878
230.18 87.06951447479878
230.18 87.06951447479878
230.18 87.06951447479878
230.19 87.06488750691334
230.19 87.06488750691334
230.215 87.0498015210957
230.225 87.04424810301684
230.225 87.04424810301684
230.515 87.55975990079418
230.515 87.55975990079418
230.635 87.73740025501536
230.635 87.73740025501536
230.635 87.73740025501536
230.635 87.73740025501536
230.635 87.73740025501536
230.795 88.07548582328413
230.81 88.06732387119861
230.85 88.11883921478655
230.85 88.11883921478655
230.85 88.11883921478655
230.85 88.11883921478655
230.885 88.0997769676767
230.885 88.0997769676767
230.885 88.0997769676767
230.885 88.0997769676767
230.885 88.0997769676767
230.905 88.09092463191804
230.905 88.09092463191804
230.965 88.1653651045014
230.995 88.14763177458977
230.995 88.14763177458977
230.995 88.14763177458977
230.995 88.14763177458977
231.035 88.19901610053684
231.08 88.25477814068572
231.08 88.25477814068572
231.08 88.25477814068572
231.08 88.25477814068572
231.08 88.25477814068572
231.08 88.25477814068572
231.08 88.25477814068572
231.08 88.25477814068572
231.09 88.25011107790834
231.09 88.25011107790834
231.135 88.22699008494293
231.14 88.22539146554196
231.14 88.22539146554196
231.14 88.22539146554196
231.205 88.20605844763256
231.21 88.20343255103204
231.21 88.20343255103204
231.21 88.20343255103204
231.24 88.18744220355872
231.255 88.184103245216
231.295 88.15839569677742
231.3 88.15701417283641
231.32 88.15262226406013
231.32 88.15262226406013
231.325 88.15021569069351
231.34 88.14151528531825
231.345 88.13819733562705
231.345 88.13819733562705
231.35 88.13567520083893
231.39 88.18690506851861
231.39 88.18690506851861
231.39 88.18690506851861
231.39 88.18690506851861
231.45 88.17320332425915
231.45 88.17320332425915
231.45 88.17320332425915
231.465 88.16391532204251
231.465 88.16391532204251
231.465 88.16391532204251
231.465 88.16391532204251
231.495 88.15545039068178
231.495 88.15545039068178
231.495 88.15545039068178
231.53 88.13807292963337
231.54 88.14881697922603
231.54 88.14881697922603
231.81 88.58748928683644
231.81 88.58748928683644
231.82 88.59746823948257
231.825 88.59414020801825
231.83 88.59171705541706
231.84 88.60237215152421
231.84 88.60237215152421
231.84 88.60237215152421
231.84 88.60237215152421
231.84 88.60237215152421
231.84 88.60237215152421
231.84 88.60237215152421
231.84 88.60237215152421
231.905 88.67140192191047
231.905 88.67140192191047
231.905 88.67140192191047
231.905 88.67140192191047
231.91 88.66863717259399
232.15 89.12325671348665
232.18 89.1048640197602
232.18 89.1048640197602
232.18 89.1048640197602
232.18 89.1048640197602
232.18 89.1048640197602
232.185 89.10063458083097
232.215 89.07974954751845
232.215 89.07974954751845
232.215 89.07974954751845
232.215 89.07974954751845
232.215 89.07974954751845
232.215 89.07974954751845
232.215 89.07974954751845
232.215 89.07974954751845
232.215 89.07974954751845
232.215 89.07974954751845
232.235 89.07744806844183
232.235 89.07744806844183
232.305 89.06620541691684
232.305 89.06620541691684
232.305 89.06620541691684
232.305 89.06620541691684
232.305 89.06620541691684
232.305 89.06620541691684
232.305 89.06620541691684
232.325 89.08864316427838
232.375 89.0738162247588
232.375 89.0738162247588
232.375 89.0738162247588
232.375 89.0738162247588
232.375 89.0738162247588
232.375 89.0738162247588
232.385 89.0701718522226
232.385 89.0701718522226
232.385 89.0701718522226
232.39 89.06739246774045
232.39 89.06739246774045
232.39 89.06739246774045
232.39 89.06739246774045
232.39 89.06739246774045
232.39 89.06739246774045
232.39 89.06739246774045
232.39 89.06739246774045
232.39 89.06739246774045
232.405 89.06141596974724
232.405 89.06141596974724
232.415 89.05439060605347
232.42 89.0529599406188
232.42 89.0529599406188
232.42 89.0529599406188
232.44 89.04385672831464
232.44 89.04385672831464
232.44 89.04385672831464
232.44 89.04385672831464
232.6 89.37376109872704
232.6 89.37376109872704
232.605 89.37053040158513
232.605 89.37053040158513
232.605 89.37053040158513
232.605 89.37053040158513
232.62 89.35948968067112
232.62 89.35948968067112
232.63 89.35470753910224
232.63 89.35470753910224
232.63 89.35470753910224
232.63 89.35470753910224
232.63 89.35470753910224
232.77 89.54816740567207
232.77 89.54816740567207
232.77 89.54816740567207
232.77 89.54816740567207
232.775 89.54594108003876
232.92 89.70345799321146
232.96 89.75309155460343
232.975 89.74807053866697
232.995 89.74516958399016
233.01 89.74114766348762
233.01 89.74114766348762
233.01 89.74114766348762
233.02 89.73511339738259
233.025 89.73298946594974
233.085 89.69071208651687
233.085 89.69071208651687
233.085 89.69071208651687
233.12 89.68128250129841
233.12 89.68128250129841
233.125 89.67769844837396
233.125 89.67769844837396
233.125 89.67769844837396
233.125 89.67769844837396
233.125 89.67769844837396
233.15 89.66077814654864
233.15 89.66077814654864
233.155 89.6578624871484
233.155 89.6578624871484
233.265 89.60895148066221
233.275 89.60791438707857
233.275 89.60791438707857
233.275 89.60791438707857
233.275 89.60791438707857
233.28 89.60577317598549
233.44 89.93211809282408
233.6 90.25699870113313
233.62 90.24686610683639
233.62 90.24686610683639
233.7 90.36617239200717
233.7 90.36617239200717
233.71 90.36309879624625
233.71 90.36309879624625
233.71 90.36309879624625
233.78 90.37572144978387
233.78 90.37572144978387
233.785 90.37301577323778
233.795 90.36993298087272
233.795 90.36993298087272
233.795 90.36993298087272
233.805 90.36307702387667
233.805 90.36307702387667
233.805 90.36307702387667
233.835 90.34449676232684
233.855 90.34331054039644
234.045 90.59163917116912
234.045 90.59163917116912
234.115 90.67210348766149
234.115 90.67210348766149
234.115 90.67210348766149
234.165 90.64659280396266
234.165 90.64659280396266
234.165 90.64659280396266
234.18 90.64108956645698
234.18 90.64108956645698
234.215 90.61739654388103
234.225 90.61272559690642
234.225 90.61272559690642
234.23 90.60933853955923
234.23 90.60933853955923
234.235 90.60550849935149
234.245 90.60061342442563
234.27 90.58477301818935
234.3 90.57670975961305
234.3 90.57670975961305
234.3 90.57670975961305
234.3 90.57670975961305
234.54 91.0154818965552
234.54 91.0154818965552
234.82 91.49938767479354
234.82 91.49938767479354
234.83 91.50937665090719
234.87 91.55719469134783
234.87 91.55719469134783
234.875 91.55391676048308
234.875 91.55391676048308
234.875 91.55391676048308
234.875 91.55391676048308
234.875 91.55391676048308
235.035 91.87055716160081
235.035 91.87055716160081
235.035 91.87055716160081
235.035 91.87055716160081
235.035 91.87055716160081
235.045 91.86455091212122
235.105 91.93322723953884
235.115 91.92765366728304
235.115 91.92765366728304
235.115 91.92765366728304
235.115 91.92765366728304
235.115 91.92765366728304
235.115 91.92765366728304
235.115 91.92765366728304
235.115 91.92765366728304
235.115 91.92765366728304
235.125 91.93756394510571
235.125 91.93756394510571
235.125 91.93756394510571
235.125 91.93756394510571
235.14 91.92838228029301
235.14 91.92838228029301
235.175 91.91076294898579
235.175 91.91076294898579
235.175 91.91076294898579
235.175 91.91076294898579
235.175 91.91076294898579
235.175 91.91076294898579
235.175 91.91076294898579
235.175 91.91076294898579
235.175 91.91076294898579
235.175 91.91076294898579
235.185 91.905398539486
235.195 91.8985055008143
235.195 91.8985055008143
235.23 91.93430748219396
235.23 91.93430748219396
235.265 91.91163771726444
235.34 91.93985393644382
235.34 91.93985393644382
235.345 91.93601880593212
235.355 91.92998302756627
235.385 91.9157932982363
235.48 91.94140882454214
235.48 91.94140882454214
235.48 91.94140882454214
235.48 91.94140882454214
235.48 91.94140882454214
235.495 91.9334780477977
235.495 91.9334780477977
235.495 91.9334780477977
235.495 91.9334780477977
235.495 91.9334780477977
235.495 91.9334780477977
235.495 91.9334780477977
235.495 91.9334780477977
235.61 91.91271821365939
235.61 91.91271821365939
235.61 91.91271821365939
235.61 91.91271821365939
235.61 91.91271821365939
235.61 91.91271821365939
235.61 91.91271821365939
235.61 91.91271821365939
235.61 91.91271821365939
235.615 91.91017612968909
235.615 91.91017612968909
235.65 91.89749929100275
235.65 91.89749929100275
235.65 91.89749929100275
235.92 92.31152226486759
235.92 92.31152226486759
235.96 92.3584517465649
235.975 92.35047862494075
235.975 92.35047862494075
235.975 92.35047862494075
235.975 92.35047862494075
236.01 92.32958236366403
236.02 92.32436879113605
236.065 92.36804324837594
236.065 92.36804324837594
236.065 92.36804324837594
236.065 92.36804324837594
236.1 92.34863657191553
236.1 92.34863657191553
236.1 92.34863657191553
236.1 92.34863657191553
236.1 92.34863657191553
236.11 92.34319717858428
236.2 92.45458141195685
236.2 92.45458141195685
236.22 92.44542710421761
236.22 92.44542710421761
236.235 92.437093830288
236.235 92.437093830288
236.235 92.437093830288
236.235 92.437093830288
236.405 92.74421652722133
236.405 92.74421652722133
236.405 92.74421652722133
236.405 92.74421652722133
236.405 92.74421652722133
236.405 92.74421652722133
236.405 92.74421652722133
236.405 92.74421652722133
236.405 92.74421652722133
236.42 92.75857903699475
236.43 92.75139974894431
236.43 92.75139974894431
236.59 93.06128575980544
236.59 93.06128575980544
236.59 93.06128575980544
236.59 93.06128575980544
236.87 93.5284557237806
236.87 93.5284557237806
236.87 93.5284557237806
236.87 93.5284557237806
236.87 93.5284557237806
236.87 93.5284557237806
236.87 93.5284557237806
236.89 93.51626130154878
236.89 93.51626130154878
236.89 93.51626130154878
236.89 93.51626130154878
236.89 93.51626130154878
236.89 93.51626130154878
236.89 93.51626130154878
236.89 93.51626130154878
236.93 93.5621707716252
236.93 93.5621707716252
236.93 93.5621707716252
236.93 93.5621707716252
236.94 93.56785644332408
236.94 93.56785644332408
236.94 93.56785644332408
236.955 93.55725720616144
236.98 93.54601403509743
236.98 93.54601403509743
236.98 93.54601403509743
236.985 93.54269273122573
236.985 93.54269273122573
236.985 93.54269273122573
236.985 93.54269273122573
237.0 93.53658499127266
237.0 93.53658499127266
237.015 93.53143910071424
237.05 93.51266784569373
237.05 93.51266784569373
237.05 93.51266784569373
237.065 93.50686932802766
237.065 93.50686932802766
237.115 93.50628502055827
237.115 93.50628502055827
237.115 93.50628502055827
237.115 93.50628502055827
237.115 93.50628502055827
237.115 93.50628502055827
237.115 93.50628502055827
237.115 93.50628502055827
237.115 93.50628502055827
237.115 93.50628502055827
237.115 93.50628502055827
237.115 93.50628502055827
237.115 93.50628502055827
237.115 93.50628502055827
237.115 93.50628502055827
237.115 93.50628502055827
237.16 93.48488090270786
237.195 93.46604586331505
237.195 93.46604586331505
237.195 93.46604586331505
237.195 93.46604586331505
237.195 93.46604586331505
237.195 93.46604586331505
237.23 93.43818188827555
237.23 93.43818188827555
237.23 93.43818188827555
237.23 93.43818188827555
237.23 93.43818188827555
237.23 93.43818188827555
237.23 93.43818188827555
237.23 93.43818188827555
237.28 93.47805607423889
237.28 93.47805607423889
237.295 93.47318366870203
237.295 93.47318366870203
237.295 93.47318366870203
237.295 93.47318366870203
237.295 93.47318366870203
237.295 93.47318366870203
237.295 93.47318366870203
237.295 93.47318366870203
237.305 93.4700411709079
237.305 93.4700411709079
237.305 93.4700411709079
237.305 93.4700411709079
237.315 93.46453779140727
237.315 93.46453779140727
237.325 93.46053473998906
237.565 93.87807789240219
237.595 93.86347455020294
237.62 93.84996077700094
237.62 93.84996077700094
237.62 93.84996077700094
237.64 93.8701198385101
237.65 93.86332248685146
237.65 93.86332248685146
237.65 93.86332248685146
237.65 93.86332248685146
237.665 93.85296330859525
237.665 93.85296330859525
237.665 93.85296330859525
237.665 93.85296330859525
237.67 93.84982992228122
237.705 93.82190228497251
237.735 93.80916893054004
237.735 93.80916893054004
237.735 93.80916893054004
237.735 93.80916893054004
237.735 93.80916893054004
237.735 93.80916893054004
237.755 93.80045997076354
237.755 93.80045997076354
237.755 93.80045997076354
237.755 93.80045997076354
237.865 93.74658837568548
237.865 93.74658837568548
237.865 93.74658837568548
237.865 93.74658837568548
237.865 93.74658837568548
237.865 93.74658837568548
237.875 93.74360796922487
237.875 93.74360796922487
237.905 93.73337633734846
237.905 93.73337633734846
237.905 93.73337633734846
237.985 93.70432768858069
237.985 93.70432768858069
237.995 93.69919328390795
237.995 93.69919328390795
238.02 93.68822395728652
238.025 93.6852800831628
238.025 93.6852800831628
238.025 93.6852800831628
238.03 93.68287090366026
238.03 93.68287090366026
238.08 93.65758355516918
238.08 93.65758355516918
238.08 93.65758355516918
238.08 93.65758355516918
238.08 93.65758355516918
238.17 93.76444169468395
238.17 93.76444169468395
238.195 93.74755188115203
238.195 93.74755188115203
238.205 93.74325292345945
238.205 93.74325292345945
238.225 93.76330983213369
238.225 93.76330983213369
238.225 93.76330983213369
238.225 93.76330983213369
238.225 93.76330983213369
238.225 93.76330983213369
238.225 93.76330983213369
238.225 93.76330983213369
238.225 93.76330983213369
238.225 93.76330983213369
238.225 93.76330983213369
238.225 93.76330983213369
238.225 93.76330983213369
238.225 93.76330983213369
238.225 93.76330983213369
238.23 93.76142657181549
238.25 93.76308597058235
238.255 93.75949061401987
238.265 93.754758074746
238.265 93.754758074746
238.265 93.754758074746
238.265 93.754758074746
238.265 93.754758074746
238.28 93.74332577746299
238.285 93.73972805881911
238.285 93.73972805881911
238.32 93.72276934520406
238.32 93.72276934520406
238.32 93.72276934520406
238.32 93.72276934520406
238.48 94.02623000963382
238.48 94.02623000963382
238.48 94.02623000963382
238.48 94.02623000963382
238.48 94.02623000963382
238.48 94.02623000963382
238.48 94.02623000963382
238.48 94.02623000963382
238.48 94.02623000963382
238.48 94.02623000963382
238.48 94.02623000963382
238.48 94.02623000963382
238.48 94.02623000963382
238.485 94.02476490818832
238.485 94.02476490818832
238.485 94.02476490818832
238.49 94.02180678106502
238.49 94.02180678106502
238.49 94.02180678106502
238.49 94.02180678106502
238.49 94.02180678106502
238.49 94.02180678106502
238.49 94.02180678106502
238.49 94.02180678106502
238.49 94.02180678106502
238.5 94.01620934204706
238.5 94.01620934204706
238.5 94.01620934204706
238.5 94.01620934204706
238.51 94.01231668894799
238.51 94.01231668894799
238.51 94.01231668894799
238.515 94.01106304545932
238.595 94.12142733037345
238.595 94.12142733037345
238.625 94.09822295829913
238.625 94.09822295829913
238.655 94.08779015174662
238.66 94.08557082035206
238.665 94.0835642802141
238.665 94.0835642802141
238.665 94.0835642802141
238.665 94.0835642802141
238.665 94.0835642802141
238.665 94.0835642802141
238.665 94.0835642802141
238.665 94.0835642802141
238.665 94.0835642802141
238.905 94.49494277751751
238.905 94.49494277751751
238.94 94.48881807840881
238.97 94.47323472921049
238.975 94.47206891198731
239.015 94.45360492701842
239.015 94.45360492701842
239.025 94.44797735295958
239.025 94.44797735295958
239.025 94.44797735295958
239.035 94.44362217441447
239.05 94.43724627343427
239.05 94.43724627343427
239.05 94.43724627343427
239.065 94.4318230153108
239.065 94.4318230153108
239.065 94.4318230153108
239.08 94.42735256418398
239.08 94.42735256418398
239.08 94.42735256418398
239.095 94.42160544035904
239.205 94.52171104909768
239.205 94.52171104909768
239.205 94.52171104909768
239.215 94.51500669855598
239.215 94.51500669855598
239.24 94.53085531463415
239.24 94.53085531463415
239.24 94.53085531463415
239.255 94.5222254433152
239.255 94.5222254433152
239.255 94.5222254433152
239.285 94.51673029556412
239.285 94.51673029556412
239.295 94.51362355551703
239.295 94.51362355551703
239.295 94.51362355551703
239.305 94.51306138269905
239.305 94.51306138269905
239.315 94.50825519896073
239.315 94.50825519896073
239.315 94.50825519896073
239.315 94.50825519896073
239.315 94.50825519896073
239.315 94.50825519896073
239.315 94.50825519896073
239.315 94.50825519896073
239.325 94.50132605718517
239.38 94.47777901081837
239.38 94.47777901081837
239.38 94.47777901081837
239.38 94.47777901081837
239.38 94.47777901081837
239.38 94.47777901081837
239.38 94.47777901081837
239.38 94.47777901081837
239.38 94.47777901081837
239.385 94.47362032516462
239.385 94.47362032516462
239.385 94.47362032516462
239.385 94.47362032516462
239.385 94.47362032516462
239.385 94.47362032516462
239.385 94.47362032516462
239.385 94.47362032516462
239.385 94.47362032516462
239.4 94.46941927388387
239.4 94.46941927388387
239.43 94.44954680796823
239.445 94.43992388316312
239.46 94.43125305683868
239.46 94.43125305683868
239.46 94.43125305683868
239.46 94.43125305683868
239.46 94.43125305683868
239.46 94.43125305683868
239.46 94.43125305683868
239.53 94.40635837300965
239.77 94.81414136883154
239.77 94.81414136883154
239.79 94.80361392390365
239.79 94.80361392390365
239.805 94.79492163570673
239.895 94.89674628848113
239.895 94.89674628848113
240.055 95.1938108758794
240.06 95.19196486804228
240.075 95.18505587620037
240.075 95.18505587620037
240.1 95.17760735780186
240.1 95.17760735780186
240.1 95.17760735780186
240.1 95.17760735780186
240.1 95.17760735780186
240.1 95.17760735780186
240.1 95.17760735780186
240.1 95.17760735780186
240.1 95.17760735780186
240.1 95.17760735780186
240.1 95.17760735780186
240.38 95.62413680053342
240.38 95.62413680053342
240.38 95.62413680053342
240.62 96.02461881489742
240.675 96.05811928567913
240.675 96.05811928567913
240.695 96.04712176321307
240.695 96.04712176321307
240.695 96.04712176321307
240.705 96.04976245242838
240.705 96.04976245242838
240.705 96.04976245242838
240.705 96.04976245242838
240.71 96.04695958808534
240.71 96.04695958808534
240.71 96.04695958808534
240.71 96.04695958808534
240.71 96.04695958808534
240.75 96.09006583346532
240.75 96.09006583346532
240.91 96.38202964815454
240.935 96.36852705898742
240.945 96.36281156978602
240.945 96.36281156978602
240.945 96.36281156978602
240.955 96.35667853733271
240.955 96.35667853733271
240.955 96.35667853733271
240.975 96.35106743305293
241.02 96.32484513080561
241.025 96.32140940504569
241.025 96.32140940504569
241.025 96.32140940504569
241.025 96.32140940504569
241.025 96.32140940504569
241.025 96.32140940504569
241.025 96.32140940504569
241.06 96.2989101716662
241.06 96.2989101716662
241.06 96.2989101716662
241.06 96.2989101716662
241.06 96.2989101716662
241.06 96.2989101716662
241.06 96.2989101716662
241.08 96.3016022529804
241.08 96.3016022529804
241.08 96.3016022529804
241.08 96.3016022529804
241.08 96.3016022529804
241.08 96.3016022529804
241.08 96.3016022529804
241.08 96.3016022529804
241.095 96.29159440409225
241.095 96.29159440409225
241.125 96.2775039634055
241.125 96.2775039634055
241.125 96.2775039634055
241.125 96.2775039634055
241.125 96.2775039634055
241.125 96.2775039634055
241.125 96.2775039634055
241.125 96.2775039634055
241.125 96.2775039634055
241.125 96.2775039634055
241.125 96.2775039634055
241.335 96.26606704421037
241.495 96.55652687522212
241.495 96.55652687522212
241.495 96.55652687522212
241.735 96.95039051262972
241.75 96.94003779305172
241.75 96.94003779305172
241.75 96.94003779305172
241.75 96.94003779305172
241.75 96.94003779305172
241.765 96.92844051904295
242.065 97.38066162306231
242.065 97.38066162306231
242.065 97.38066162306231
242.105 97.36209436195573
242.105 97.36209436195573
242.105 97.36209436195573
242.12 97.35728891182542
242.12 97.35728891182542
242.15 97.34550770155853
242.155 97.34225578804283
242.155 97.34225578804283
242.19 97.35769204588432
242.19 97.35769204588432
242.19 97.35769204588432
242.2 97.35396492293238
242.2 97.35396492293238
242.2 97.35396492293238
242.2 97.35396492293238
242.2 97.35396492293238
242.2 97.35396492293238
242.2 97.35396492293238
242.2 97.35396492293238
242.2 97.35396492293238
242.205 97.35029880124522
242.235 97.3378725295115
242.235 97.3378725295115
242.235 97.3378725295115
242.235 97.3378725295115
242.235 97.3378725295115
242.235 97.3378725295115
242.235 97.3378725295115
242.275 97.323759485549
242.275 97.323759485549
242.31 97.3081501736908
242.31 97.3081501736908
242.31 97.3081501736908
242.31 97.3081501736908
242.31 97.3081501736908
242.355 97.34708579501466
242.355 97.34708579501466
242.435 97.45051195710444
242.45 97.44535130640189
242.45 97.44535130640189
242.45 97.44535130640189
242.455 97.44219017481676
242.455 97.44219017481676
242.455 97.44219017481676
242.49 97.43229716746043
242.49 97.43229716746043
242.49 97.43229716746043
242.49 97.43229716746043
242.65 97.71739468005505
242.65 97.71739468005505
242.65 97.71739468005505
242.65 97.71739468005505
242.65 97.71739468005505
242.65 97.71739468005505
242.65 97.71739468005505
242.65 97.71739468005505
242.65 97.71739468005505
242.89 98.10376533003112
242.89 98.10376533003112
242.89 98.10376533003112
242.89 98.10376533003112
242.89 98.10376533003112
242.89 98.10376533003112
242.89 98.10376533003112
242.89 98.10376533003112
242.93 98.14507751589726
243.18 98.52428729998476
243.195 98.51906918196696
243.195 98.51906918196696
243.195 98.51906918196696
243.205 98.52749434983689
243.205 98.52749434983689
243.21 98.52605929855433
243.21 98.52605929855433
243.21 98.52605929855433
243.21 98.52605929855433
243.22 98.52064450400083
243.22 98.52064450400083
243.23 98.51492310908023
243.23 98.51492310908023
243.23 98.51492310908023
243.23 98.51492310908023
243.25 98.50388336301258
243.25 98.50388336301258
243.25 98.50388336301258
243.25 98.50388336301258
243.25 98.50388336301258
243.25 98.50388336301258
243.25 98.50388336301258
243.26 98.50009172673619
243.27 98.49222759813637
243.27 98.49222759813637
243.3 98.47473372879658
243.3 98.47473372879658
243.3 98.47473372879658
243.315 98.46735665089498
243.325 98.46192793731404
243.325 98.46192793731404
243.35 98.44605917158921
243.36 98.4436808319323
243.37 98.44130141643501
243.37 98.44130141643501
243.37 98.44130141643501
243.37 98.44130141643501
243.37 98.44130141643501
243.37 98.44130141643501
243.37 98.44130141643501
243.37 98.44130141643501
243.37 98.44130141643501
243.37 98.44130141643501
243.37 98.44130141643501
243.385 98.43238344302998
243.425 98.40573457116831
243.425 98.40573457116831
243.425 98.40573457116831
243.425 98.40573457116831
243.425 98.40573457116831
243.425 98.40573457116831
243.425 98.40573457116831
243.425 98.40573457116831
243.425 98.40573457116831
243.445 98.39973702004515
243.445 98.39973702004515
243.445 98.39973702004515
243.445 98.39973702004515
243.505 98.45872371552068
243.505 98.45872371552068
243.505 98.45872371552068
243.505 98.45872371552068
