104.108 9.864631666505934
106.604 9.979296403726408
108.428 10.632917467362175
109.968 10.778837724234037
111.316 11.042827177137573
112.596 10.939292492683498
113.772 10.881950638529787
114.984 10.97746571422631
116.26 10.967085023278315
117.456 11.270052891817702
118.604 11.280855437368109
119.664 11.370209643391338
120.624 11.433988638807755
121.748 11.554545037431984
122.796 11.600496845140224
123.836 11.679637488540793
124.74 11.668277396205045
125.848 11.77787470918801
126.736 12.032117340492935
127.66 12.050178987353458
128.656 12.216552390286274
129.62 12.316777419927014
130.508 12.518760911108535
131.192 12.6111545243437
132.104 12.61187149495309
132.948 12.742764696258359
133.876 12.754213575436776
134.588 12.853976249037563
135.376 12.941467736479849
136.208 12.910852653193169
136.892 13.024269622454726
137.692 13.353567745853024
138.228 13.359377302997617
138.928 13.379118716689456
139.96 13.831450322944159
140.88 14.001774866023148
141.532 14.126148524785105
142.124 14.108959901388824
142.74 14.387856714663364
143.372 14.460976997126549
143.904 14.610191627723346
144.524 14.972166026030502
145.208 15.087611077172962
146.08 15.23501925247377
146.576 15.35747140175463
147.148 15.443286119616664
147.752 15.518897136609715
148.336 15.556964430266238
148.892 15.61191210579916
149.392 15.808420170801165
150.088 16.301033814050363
150.62 16.54990630781925
151.284 16.834195087633297
151.768 17.01379188271849
152.368 17.376433952736896
152.932 17.720706048171206
153.404 17.93030327549154
153.948 18.32957289423216
154.512 18.525881154349705
155.04 18.5858351045377
155.5 18.64933229878166
155.976 18.76720116797812
156.516 19.010326905608864
156.972 19.10101865942378
157.368 19.21131763963372
157.732 19.403534995991873
158.244 19.547497879439536
158.768 19.856049491346578
159.052 19.966035689698764
159.536 20.08500731984126
159.936 20.3471845678875
160.496 20.483777832924694
160.8 20.62199149127292
161.128 20.72956936581617
161.516 20.856551380104566
161.928 21.00469496138525
162.4 21.24350661134579
162.804 21.35419366715468
163.12 21.48872100103961
163.428 21.697150704583187
163.776 21.856102177762835
164.128 21.949833858433326
164.308 21.999297128506115
164.724 22.388709937495978
165.164 22.54892485295138
165.54 22.66751049551159
165.904 23.000365597861048
166.332 23.275508040622828
166.712 23.537397352899838
167.076 23.69178814803354
167.396 23.723422720407402
167.852 23.83952057997319
168.08 23.88704212670807
168.392 23.998796228996177
168.736 24.158509290564364
168.908 24.19724259286988
169.288 24.32752994915129
169.548 24.357303884153737
169.864 24.62051672259084
170.152 24.781063298341202
170.456 24.918626364223186
170.784 25.046516723887986
171.016 25.196139285012297
171.368 25.359945379659607
171.724 25.649007137397504
171.96 25.737973629894533
172.352 25.951474989067886
172.824 26.63899954189695
173.088 26.753537327221597
173.448 26.98621514060892
173.988 27.50273908749142
174.24 27.638780805397655
174.464 27.685188156965378
174.648 27.786692796970023
174.896 28.0199825632653
175.196 28.29336694751001
175.424 28.47415985694956
175.68 28.673435996819904
176.016 29.002103164700856
176.416 29.177965167273143
176.648 29.355605924565698
176.996 29.787624765636416
177.308 29.999484564710375
177.456 30.141550892088492
177.688 30.418303739768426
178.02 30.707221739093686
178.24 30.77708332047451
178.4 30.858394011385673
178.596 30.853016079508443
178.82 30.921317172970205
179.268 31.436932698260314
179.4 31.468405123902965
179.508 31.51012077766199
179.684 31.561946342293712
179.876 31.714290413516515
180.172 32.12566782288164
180.508 32.31691045571662
180.672 32.379457601218355
180.852 32.42704306970478
180.988 32.5500055564273
181.236 32.7058963385904
181.532 32.95075842771943
181.84 33.172748793626525
181.964 33.24637343671313
182.2 33.30613452795731
182.4 33.4208603691711
182.624 33.52973471741822
182.876 33.81584905476409
183.18 33.97098254850191
183.312 34.018364956426346
183.648 34.43637355540352
183.848 34.53105389887099
184.124 34.70887546539277
184.524 35.08303097117246
184.756 35.155031168139594
185.02 35.35663705115539
185.212 35.487487647889594
185.404 35.677311068101815
185.644 35.765116399953286
185.952 35.970118081396116
186.192 36.286037107652795
186.388 36.33998686420485
186.492 36.427515201114836
186.692 36.43944019332908
187.228 37.051283530026936
187.48 37.19031916613998
187.784 37.44271969978992
188.008 37.60271085609995
188.092 37.70595462295124
188.292 37.93807231082415
188.428 38.07387629480646
188.58 38.147792966519475
188.716 38.329331056496095
188.92 38.37544722735878
189.168 38.607367608622766
189.296 38.68686768740686
189.656 39.04770300824927
189.968 39.36325580812177
190.072 39.41936819861981
190.272 39.574971544468504
190.592 39.850239889346675
190.728 39.91511554408674
190.964 40.20357395453093
191.088 40.25091960512351
191.236 40.44502322669149
191.528 40.80297761149213
191.656 40.90726674988066
191.74 40.9612505680209
191.888 41.13036432782329
192.04 41.26650274129121
192.12 41.309254520240806
192.376 41.426113379600075
192.48 41.49444756056782
192.652 41.59657974994806
192.868 41.79162183154203
193.064 42.07317682819817
193.168 42.19104103820829
193.532 42.55258418523703
193.736 42.710498444231625
193.884 42.80442713042575
194.164 43.03902670413538
194.34 43.18692650840628
194.412 43.23545843091597
194.536 43.313841687889216
194.628 43.34266707967056
194.76 43.38260597292427
195.0 43.70175840140474
195.276 43.873335445646845
195.6 44.341903531734374
195.688 44.432004930278005
195.848 44.55301154439901
196.028 44.68324519102887
196.068 44.71386849817562
196.364 45.04199225314379
196.68 45.335905070673896
196.876 45.54942507044954
197.028 45.669624974271265
197.136 45.68540046482314
197.344 45.91498705294541
197.64 46.26661430446795
197.724 46.3610884799969
197.884 46.47660372043951
198.04 46.54678944045905
198.156 46.68763363320673
198.404 46.89942319252533
198.468 46.880876796604774
198.576 46.908816849249106
198.64 46.960248400745485
198.864 47.121102497726035
198.908 47.173915383240896
199.076 47.238640988123386
199.132 47.264473305790126
199.284 47.43783342523308
199.336 47.45421909398193
199.536 47.73566897179054
199.796 48.03804420855169
199.856 48.127536645533205
200.028 48.24793199592875
200.112 48.30119529508426
200.204 48.4088961499114
200.308 48.57282960206357
200.368 48.619999843372476
200.596 48.75578979030235
200.676 48.90905043474937
200.756 49.01135265812157
200.828 49.037003082801505
200.92 49.1043794397233
201.028 49.197235205891495
201.096 49.183134766818014
201.268 49.46803360451467
201.328 49.50136550008236
201.396 49.55233649490412
201.62 49.774718937333844
201.66 49.791432732419885
201.672 49.79690632719586
201.732 49.84046870406902
201.804 49.89111976758313
201.852 49.915380258721314
201.996 50.046631401416604
202.164 50.19510135860671
202.184 50.1976668333402
202.248 50.24224380065296
202.536 50.59993488950006
202.548 50.61952556807969
202.728 50.70736128983599
202.856 50.83861123974156
203.116 51.11669371891641
203.208 51.24217263654059
203.252 51.24572904634085
203.388 51.19933789025795
203.648 51.51823320636502
203.692 51.56696072949961
203.828 51.63408344442933
203.92 51.74883074008463
204.016 51.78048068877618
204.428 52.69096213756184
204.484 52.730320665010815
204.624 52.810648103447974
204.808 53.02870187403131
204.84 53.047851503130566
204.944 53.02705536989965
205.104 53.09526719772298
205.16 53.194677811741535
205.288 53.371660310023074
205.36 53.41686177832322
205.512 53.4579213466949
205.656 53.64136889485413
205.748 53.69930844484787
205.856 53.78137350674995
205.908 53.80093509628311
205.98 53.842116851904954
206.004 53.85432722745909
206.148 54.02369123291059
206.236 54.051414549756785
206.356 54.20063358820384
206.452 54.24397213540005
206.528 54.25577013725239
206.692 54.46943155521174
206.72 54.45147864892292
206.808 54.46819902852327
206.828 54.45708000918017
207.008 54.64162653784571
207.12 54.71963154254882
207.332 54.81023718431075
207.356 54.82982658888797
207.412 54.8427361408494
207.592 54.97495819058086
207.672 55.00727239222159
207.884 55.17335173326853
207.964 55.230385613265256
207.976 55.237140652054286
208.036 55.234304202383555
208.212 55.26988852127635
208.292 55.29228888751885
208.336 55.34905726641206
208.388 55.42130002980793
208.532 55.56253563988477
208.568 55.569319543693354
208.608 55.613307904062516
208.82 55.79801463200769
208.84 55.79247261055919
208.992 55.840381736382604
209.08 55.95375989594434
209.184 56.02009144307589
209.192 56.026789469650616
209.26 56.08185757889088
209.376 56.198997131239935
209.412 56.244227100781906
209.46 56.21519987863415
209.476 56.21278483011415
209.564 56.285219693200325
209.816 56.623622395838076
209.928 56.722461965104806
210.0 56.74991723529141
210.112 56.84154623827113
210.172 56.90559647187296
210.192 56.90644799710575
210.308 57.051054166975064
210.408 57.119583591438364
210.408 57.119583591438364
210.464 57.11466426188197
210.568 57.139682030310986
210.696 57.27180548408451
210.8 57.26680516623824
210.896 57.349447270260654
210.908 57.344715264246254
210.984 57.45287991756068
211.06 57.52284899335762
211.124 57.60101020601554
211.208 57.62149955026202
211.244 57.65139921687356
211.46 57.8334662599371
211.544 57.897013674150536
211.66 58.027051255037165
211.724 58.11132140427287
211.82 58.233511690155986
211.916 58.325471839760205
211.976 58.366675093952715
212.088 58.45883274794759
212.228 58.573182014490236
212.272 58.61506177539923
212.288 58.62811243025217
212.36 58.67582214343843
212.672 58.94309962996499
212.768 59.02441816638059
212.872 59.14534605461229
212.92 59.20002437306549
212.936 59.21371828272338
213.036 59.31883471802701
213.132 59.39621534065606
213.136 59.39782578019861
213.192 59.43612067490418
213.2 59.42651783542497
213.28 59.49063684096415
213.28 59.49063684096415
213.368 59.55910635915051
213.428 59.59032496688793
213.596 59.787774167297506
213.596 59.787774167297506
213.744 59.96564199973918
213.964 60.18320979711005
214.084 60.27685744202474
214.088 60.27279548645063
214.156 60.34117814195475
214.372 60.60640137622058
214.46 60.68021569798767
214.688 60.965566154289306
214.868 61.07643767016011
214.932 61.13282113267207
214.996 61.16117528894826
215.136 61.30672502316631
215.16 61.33281199859753
215.204 61.36025215960393
215.232 61.37569656025515
215.432 61.611080386996115
215.48 61.65585526921152
215.492 61.66356075877314
215.552 61.638997623713145
215.588 61.67376722015813
215.732 61.87387922103903
215.772 61.86173100978548
215.824 61.91973134842011
215.828 61.919160045671816
215.908 61.999026561625755
216.004 62.054019908250474
216.04 62.09694405461387
216.204 62.18453357896048
216.452 62.479268673921375
216.472 62.49393730915667
216.548 62.55415045765517
216.652 62.59427275688989
216.848 62.80600356787831
216.952 62.85567091944424
216.984 62.88794424261394
217.084 62.88138899677971
217.136 62.934816168575075
217.22 63.031178466833644
217.432 63.27239657494157
217.524 63.340583222495894
217.568 63.3520982502191
217.592 63.364403502775325
217.668 63.47020331950131
217.708 63.49881049175435
217.768 63.53660343417728
217.872 63.68232480826979
217.872 63.68232480826979
217.948 63.72615901406086
218.052 63.77796291122984
218.08 63.79822903542162
218.096 63.78011123523027
218.128 63.76911962097696
218.26 63.87315523692128
218.316 63.9302298805907
218.344 63.966750381027005
218.404 64.01381351428202
218.452 63.997711757690595
218.488 63.99801049011907
218.62 64.09480390621029
218.624 64.10058028431233
218.636 64.11402905326483
218.692 64.13832384129117
218.752 64.24273307936873
218.756 64.2387554315835
218.888 64.3529491175054
219.024 64.42661718578748
219.028 64.43221427572504
219.088 64.49943107670356
219.224 64.62524792477534
219.308 64.63879240027559
219.344 64.67320086264199
219.432 64.72186040611665
219.444 64.73515385235892
219.568 64.83267638973197
219.708 64.94211030897259
219.72 64.95641825520468
219.732 64.96479836074383
219.96 65.12548700866834
220.02 65.18043093716325
220.104 65.24838609326325
220.268 65.42771391004722
220.34 65.52531980135724
220.512 65.72507456712168
220.516 65.72083535988263
220.572 65.76804457618258
220.6 65.8023395920813
220.688 65.8198690847427
220.74 65.87244308142087
220.784 65.92527305407624
220.984 66.00813504245947
221.056 66.0674707051113
221.072 66.07885930685083
221.144 66.08504922796774
221.156 66.084536738877
221.252 66.18181442905777
221.276 66.18571539119057
221.344 66.26528381950355
221.364 66.27182972296498
221.428 66.28958768064352
221.448 66.31073459890253
221.476 66.29820758253804
221.544 66.3471170729202
221.624 66.44553138686274
221.656 66.49056816805391
221.732 66.5576142001502
221.828 66.6414629579089
221.832 66.63684201270986
221.904 66.70743998309479
221.948 66.70754897446292
221.98 66.71045021836291
222.04 66.78051868135425
222.04 66.78051868135425
222.152 66.86624773510435
222.216 66.86187527081088
222.224 66.87095987459054
222.232 66.87812454821213
222.272 66.93979300666794
222.276 66.94510525973111
222.3 66.9495517906575
222.324 66.94584764594488
222.404 67.00429789104382
222.416 67.01493076838764
222.512 67.12326662077524
222.548 67.14930941946476
222.568 67.1569615973055
222.648 67.22328492473534
222.72 67.28786602224551
222.756 67.2989655606315
222.768 67.30222399526944
222.768 67.30222399526944
222.912 67.45983928109865
223.016 67.58893602169731
223.016 67.58893602169731
223.024 67.60114832241402
223.06 67.6246003547991
223.084 67.60216749557814
223.096 67.60582726185311
223.136 67.62437145904174
223.292 67.70100137497484
223.372 67.73020284004403
223.564 68.04190845804685
223.8 68.28133479482312
223.808 68.28980987134553
223.936 68.34554946932921
223.996 68.37647745634958
224.088 68.47792862973323
224.148 68.51895935858313
224.32 68.65820780502504
224.34 68.67708120593021
224.356 68.68727062777063
224.372 68.70830574651886
224.38 68.71094518325266
224.464 68.73964636193527
224.556 68.80627493871386
224.556 68.80627493871386
224.568 68.81229279190275
224.608 68.84572465743398
224.66 68.89849348722818
224.736 68.96929629670966
224.744 68.97966985791837
224.748 68.98177633936271
224.86 68.99046142428007
224.916 68.98079184299473
224.92 68.9762643965314
224.96 68.98210973089945
225.0 69.01569627747973
225.052 69.00963668873955
225.052 69.00963668873955
225.152 69.0881990973062
225.28 69.2060441948983
225.288 69.19917707759545
225.352 69.21000031995794
225.376 69.23951794814418
225.392 69.220208107321
225.404 69.23496041370272
225.436 69.27273147966167
225.436 69.27273147966167
225.456 69.2781566583577
225.456 69.2781566583577
225.484 69.25551528068786
225.512 69.27892171496305
225.512 69.27892171496305
225.604 69.38743702453401
225.604 69.38743702453401
225.68 69.42957966937529
225.804 69.50106747929506
225.812 69.50570294215409
225.82 69.51033717331472
225.924 69.62828750473233
225.952 69.65829636522132
225.996 69.67378888588908
226.0 69.6783333632526
226.032 69.70489596177651
226.06 69.7211479893576
226.076 69.7372266839681
226.112 69.78492191478975
226.136 69.80084397512168
226.236 69.92432428170113
226.236 69.92432428170113
226.296 69.90362951118978
226.34 69.95976799758957
226.496 70.04626286879099
226.512 70.05713282542642
226.58 70.11258909996558
226.772 70.31714597476262
226.8 70.34914359114839
226.832 70.37611363766457
226.856 70.38470912461804
226.88 70.40798369742366
226.916 70.45515454246912
226.952 70.49579427185742
226.952 70.49579427185742
226.964 70.5114915803784
227.056 70.6235955506161
227.1 70.64794593283703
227.1 70.64794593283703
227.148 70.6754280373066
227.268 70.84081463419287
227.332 70.82356762732952
227.332 70.82356762732952
227.376 70.8279876296322
227.4 70.84177520523085
227.432 70.88366782785336
227.476 70.91572112730725
227.516 70.94335531483314
227.516 70.94335531483314
227.584 71.00517173294948
227.592 71.0042021957779
227.608 71.0228048842571
227.672 71.08359988312834
227.68 71.09152981349078
227.7 71.09099703703299
227.732 71.09078685703166
227.748 71.10685526537836
227.756 71.10688322295786
227.772 71.1091910381507
227.784 71.10793218790772
227.812 71.12632821347005
227.836 71.16086594247828
227.864 71.19870796603023
227.908 71.23867934535104
227.924 71.23824815364267
227.936 71.25395537310632
228.06 71.46250891454
228.112 71.52360945463282
228.128 71.51349506178471
228.148 71.51071010218433
228.196 71.53211356126062
228.196 71.53211356126062
228.236 71.4956751638466
228.28 71.53894912902327
228.372 71.61955275393268
228.432 71.59509124360667
228.432 71.59509124360667
228.484 71.58563228399247
228.536 71.62382738515582
228.544 71.63160082305119
228.56 71.64579988584508
228.584 71.6355375807914
228.656 71.67004153554959
228.728 71.71552306507293
228.736 71.721029804601
228.764 71.7571074454502
228.816 71.77155743686924
228.824 71.77660332985356
228.844 71.80311301103987
228.896 71.82564326241794
228.9 71.82486772174728
228.924 71.84899986473805
228.944 71.85448488435495
229.048 71.89854307977309
229.052 71.89408051868573
229.1 71.93839214584278
229.156 71.9905336685022
229.156 71.9905336685022
229.156 71.9905336685022
229.18 72.01140802519792
229.2 71.99599187240484
229.232 72.02962383227357
229.256 72.01729963622486
229.296 72.0556480564409
229.344 72.12948765920885
229.352 72.14022817431393
229.392 72.17856903302602
229.392 72.17856903302602
229.424 72.2047038808764
229.424 72.2047038808764
229.424 72.2047038808764
229.46 72.18016592323276
229.504 72.23948414918448
229.792 72.76429083032475
229.796 72.76700115377727
229.844 72.82129871881024
229.976 72.94931548176804
230.024 72.97106945876503
230.06 72.9575905580775
230.116 73.00233713007344
230.148 73.00798880162169
230.228 73.06759722015669
230.288 73.0938744695472
230.288 73.0938744695472
230.364 73.16483917417409
230.396 73.14144191257172
230.412 73.15669525149593
230.528 73.27107558262036
230.648 73.47332001146418
230.648 73.47332001146418
230.648 73.47332001146418
230.696 73.47986230477478
230.704 73.4708398796778
230.964 74.00302425710987
230.98 74.01451138656246
231.064 74.09599406630116
231.064 74.09599406630116
231.096 74.1085077831939
231.116 74.12329640632747
231.116 74.12329640632747
231.18 74.18143548585103
231.196 74.20019489087403
231.24 74.17261998278212
231.248 74.17572765498353
231.28 74.1891208419577
231.376 74.252741115236
231.388 74.25818481503603
231.464 74.30803504429575
231.744 74.83999273801436
231.744 74.83999273801436
231.744 74.83999273801436
231.748 74.84327309153514
231.768 74.8424274987645
231.78 74.83009211120046
231.792 74.83928495881223
231.82 74.81980758605592
231.832 74.82931664300101
231.956 75.00448927112063
232.056 75.05474864783159
232.132 75.04648242955886
232.148 75.04132526144497
232.148 75.04132526144497
232.26 75.16035229503798
232.292 75.1768705102802
232.32 75.20996394996281
232.356 75.2189140713169
232.356 75.2189140713169
232.364 75.21312073742276
232.368 75.20985054657709
232.368 75.20985054657709
232.384 75.22160010425522
232.388 75.21928834200281
232.388 75.21928834200281
232.424 75.26410562273614
232.452 75.29487587256735
232.468 75.31351290739867
232.684 75.46762795887706
232.744 75.51319719029121
232.82 75.59426291174712
232.84 75.58996020747955
232.84 75.58996020747955
232.868 75.59149902899739
232.884 75.6108228831968
232.924 75.58245589605143
232.988 75.64006010961904
232.988 75.64006010961904
233.0 75.63370223536367
233.028 75.64132757212653
233.084 75.68800626641693
233.12 75.72829821341945
233.128 75.73220153077152
233.152 75.70854948372654
233.152 75.70854948372654
233.216 75.7765499018665
233.264 75.74275036242695
233.328 75.78259972343048
233.328 75.78259972343048
233.34 75.78021960489906
233.352 75.79476095070916
233.352 75.79476095070916
233.384 75.82970943942304
233.396 75.82626476925859
233.644 76.28147212777127
233.74 76.36126298700107
233.74 76.36126298700107
233.764 76.34937300014343
233.888 76.54306721236458
233.896 76.54978067795945
233.952 76.58752505459347
233.996 76.54749520424616
234.04 76.59359998797699
234.096 76.61039805522721
234.112 76.62858040358921
234.14 76.61938043940215
234.208 76.65693254111605
234.212 76.66011088696901
234.212 76.66011088696901
234.224 76.67246675513074
234.264 76.7076686966417
234.28 76.72130027464124
234.324 76.75878350841278
234.324 76.75878350841278
234.348 76.78457291197589
234.372 76.80825888709194
234.384 76.8014679218431
234.384 76.8014679218431
234.42 76.8374360788173
234.464 76.83744327721195
234.464 76.83744327721195
234.572 76.85491638369467
234.58 76.86382566195091
234.632 76.91538551589086
234.632 76.91538551589086
234.632 76.91538551589086
234.64 76.92490677644749
234.64 76.92490677644749
234.644 76.92127813589778
234.688 76.95814295794226
234.688 76.95814295794226
234.828 77.08815462291419
234.848 77.10743160043666
234.856 77.10401625496083
234.892 77.1421165660924
234.948 77.21332197348046
234.96 77.22672032829921
234.976 77.21447775611972
234.98 77.21852758246563
235.004 77.23856274653414
235.012 77.24738294819251
235.016 77.24458035609213
235.052 77.28160316903853
235.052 77.28160316903853
235.136 77.37759422582462
235.136 77.37759422582462
235.136 77.37759422582462
235.136 77.37759422582462
235.144 77.38534905585807
235.172 77.3628103474124
235.328 77.58145513175633
235.556 77.7733389311337
235.556 77.7733389311337
235.56 77.7705272569219
235.56 77.7705272569219
235.572 77.76435820357305
235.588 77.784233814187
235.692 77.83581414700983
235.728 77.85402053218603
235.996 78.3155836681984
236.016 78.33425978786688
236.016 78.33425978786688
236.072 78.38885406026661
236.092 78.37272551218567
236.12 78.3501313730383
236.136 78.35020749192728
236.144 78.35131857374519
236.144 78.35131857374519
236.152 78.34373221102965
236.16 78.33471168076267
236.184 78.32115007517577
236.184 78.32115007517577
236.232 78.38486173425451
236.252 78.40346102949023
236.284 78.44106926026296
236.308 78.42810127843384
236.332 78.45682074519009
236.368 78.44189465888334
236.404 78.40732236469248
236.404 78.40732236469248
236.428 78.38940370500633
236.444 78.4089458517276
236.444 78.4089458517276
236.528 78.4695875376995
236.532 78.47400406904984
236.536 78.47842014756482
236.536 78.47842014756482
236.548 78.49135928856069
236.664 78.65782358049863
236.72 78.73006061784653
236.72 78.73006061784653
236.788 78.6756810047623
236.804 78.69222653498916
236.836 78.7195951038026
236.852 78.7031286603134
236.86 78.71098550060825
236.86 78.71098550060825
236.86 78.71098550060825
236.872 78.7238369301319
236.872 78.7238369301319
236.904 78.75605256506475
236.944 78.7708483965625
236.944 78.7708483965625
236.984 78.79976236701609
236.992 78.79661000001832
237.032 78.80433504855483
237.088 78.842428381082
237.088 78.842428381082
237.132 78.84612863039008
237.136 78.84419012605338
237.136 78.84419012605338
237.136 78.84419012605338
237.136 78.84419012605338
237.212 78.84849539752129
237.224 78.85476505540986
237.224 78.85476505540986
237.232 78.85443691030248
237.232 78.85443691030248
237.244 78.85145253661639
237.272 78.87910904471089
237.272 78.87910904471089
237.292 78.87080539646949
237.292 78.87080539646949
237.3 78.86416876014394
237.336 78.86880041790099
237.392 78.84363622986899
237.552 79.01583575841742
237.552 79.01583575841742
237.76 79.40352788435143
237.764 79.3992492758662
237.772 79.39119560681631
237.784 79.3780517157507
237.784 79.3780517157507
237.784 79.3780517157507
237.8 79.37890160514996
237.804 79.38300136560477
237.952 79.69167599219433
237.976 79.70617022001686
238.048 79.8038533280945
238.108 79.83065955138298
238.108 79.83065955138298
238.152 79.8291317537221
238.164 79.821727118877
238.192 79.8456121496925
238.376 80.07553187841606
238.38 80.07356086936926
238.388 80.06631429865327
238.42 80.03891588541306
238.624 80.24867802430953
238.628 80.24420153356577
238.656 80.24252856672425
238.66 80.24674123575313
238.664 80.24366139695266
238.684 80.26491797863025
238.684 80.26491797863025
238.7 80.2499976588691
238.72 80.27084412682892
238.748 80.25136172125822
238.748 80.25136172125822
238.748 80.25136172125822
238.772 80.22775705455058
239.016 80.63738910109919
239.032 80.6373843294969
239.06 80.62136198313719
239.084 80.6019496822823
239.084 80.6019496822823
239.088 80.60403387271066
239.128 80.64285558133861
239.136 80.63757400047065
239.136 80.63757400047065
239.164 80.61664338324171
239.164 80.61664338324171
239.192 80.64789707490942
239.212 80.6367138171593
239.212 80.6367138171593
239.276 80.69753408881847
239.276 80.69753408881847
239.304 80.72117069764026
239.328 80.69753776418702
239.34 80.69033560793409
239.344 80.68853042337417
239.368 80.66606848737852
239.368 80.66606848737852
239.376 80.65818066517765
239.376 80.65818066517765
239.424 80.70622785404376
239.424 80.70622785404376
239.424 80.70622785404376
239.436 80.70348200676376
239.48 80.7425558218297
239.48 80.7425558218297
239.48 80.7425558218297
239.488 80.7511445782746
239.488 80.7511445782746
239.552 80.80233493322652
239.552 80.80233493322652
239.552 80.80233493322652
239.62 80.84191010149202
239.62 80.84191010149202
239.668 80.88494622023366
239.676 80.89350122897486
239.676 80.89350122897486
239.712 80.92440035703896
239.712 80.92440035703896
239.716 80.92842618220524
239.732 80.94511968489263
239.732 80.94511968489263
239.732 80.94511968489263
239.732 80.94511968489263
239.764 80.91431614438956
239.792 80.94524693892782
239.8 80.93734433137055
239.808 80.93954259266728
239.808 80.93954259266728
239.932 81.11302004018893
239.96 81.1003386544083
239.964 81.09623853057325
240.028 81.17211985703082
240.256 81.59501183229165
240.268 81.58274120993151
240.268 81.58274120993151
240.268 81.58274120993151
240.284 81.59919240042024
240.284 81.59919240042024
240.308 81.58201017852866
240.308 81.58201017852866
240.308 81.58201017852866
240.316 81.57785260762957
240.344 81.559509385125
240.536 81.93501936777453
240.548 81.92275857626788
240.56 81.90990700599929
240.56 81.90990700599929
240.568 81.90260954879152
240.576 81.89394030645862
240.816 82.32536106296955
240.816 82.32536106296955
240.836 82.3411758628997
240.84 82.34507771353
240.84 82.34507771353
240.84 82.34507771353
240.84 82.34507771353
240.868 82.31854750009282
240.92 82.27497762921483
240.94 82.25696820109074
241.036 82.39602486666236
241.052 82.41372057295649
241.052 82.41372057295649
241.36 82.88895921121362
241.36 82.88895921121362
241.412 82.94285557286511
241.484 82.93270410894397
241.492 82.92676064614203
241.496 82.92296678750503
241.496 82.92296678750503
241.496 82.92296678750503
241.508 82.93391347336761
241.524 82.94976039446401
241.524 82.94976039446401
241.56 82.92313847043893
241.56 82.92313847043893
241.56 82.92313847043893
241.568 82.91583351142155
241.572 82.91329232450104
241.572 82.91329232450104
241.64 82.89451973927838
241.696 82.95970231634665
241.724 82.97095988578604
241.74 82.98840008759167
241.74 82.98840008759167
241.98 83.4108046037761
241.984 83.41469755106144
241.984 83.41469755106144
241.984 83.41469755106144
241.984 83.41469755106144
241.984 83.41469755106144
241.984 83.41469755106144
242.016 83.39336094257497
242.016 83.39336094257497
242.04 83.40959609926725
242.044 83.4060861953661
242.144 83.53931348649913
242.144 83.53931348649913
242.168 83.52199484714488
242.18 83.53391784695428
242.192 83.54487793550561
242.192 83.54487793550561
242.248 83.50710970175817
242.248 83.50710970175817
242.28 83.54002316819096
242.3 83.55602442934256
242.304 83.55193256214801
242.38 83.61649979565117
242.38 83.61649979565117
242.38 83.61649979565117
242.392 83.61064415271116
242.396 83.6068381819427
242.412 83.62248319316265
242.532 83.78269544549288
242.532 83.78269544549288
242.54 83.78321822006264
242.58 83.81853430707768
242.648 83.8523137249894
242.752 83.99471841397454
242.752 83.99471841397454
242.816 84.09026393690276
242.836 84.07457506490695
242.852 84.07460481232546
242.852 84.07460481232546
242.856 84.07260951905002
242.936 84.12179775608352
242.98 84.08617347185135
242.984 84.08417235175797
243.008 84.10295208313559
243.008 84.10295208313559
243.008 84.10295208313559
243.016 84.10447591977174
243.076 84.05582065491907
243.088 84.04579494117817
243.088 84.04579494117817
243.088 84.04579494117817
243.088 84.04579494117817
243.092 84.04922414966325
243.092 84.04922414966325
243.108 84.05321064921256
243.132 84.07672905588953
243.132 84.07672905588953
243.168 84.05606831896502
243.172 84.05968401650041
243.188 84.06785035271135
243.188 84.06785035271135
243.188 84.06785035271135
243.188 84.06785035271135
243.212 84.04576394366188
243.212 84.04576394366188
243.24 84.03033138805522
243.24 84.03033138805522
243.292 84.08376117769467
243.372 84.05235995752209
243.416 84.0217248364313
243.544 84.172740031014
243.544 84.172740031014
243.544 84.172740031014
243.576 84.20528060974058
243.576 84.20528060974058
243.576 84.20528060974058
243.6 84.2191054062608
243.6 84.2191054062608
243.616 84.20509212083425
243.716 84.30381729923282
243.716 84.30381729923282
243.716 84.30381729923282
243.716 84.30381729923282
243.716 84.30381729923282
243.736 84.29299450039544
243.76 84.3175978940887
243.768 84.31001442928438
243.78 84.3215978485196
243.788 84.32941334974291
243.812 84.35171058227755
243.812 84.35171058227755
243.82 84.34536074829207
243.82 84.34536074829207
243.82 84.34536074829207
243.824 84.34864796086333
243.836 84.33855041540818
243.836 84.33855041540818
243.836 84.33855041540818
243.876 84.30344456504173
243.884 84.30345597529654
243.896 84.29505618358644
243.896 84.29505618358644
243.896 84.29505618358644
243.968 84.32610960742261
244.032 84.42035636704135
244.048 84.43705898395405
244.056 84.43116787192068
244.072 84.42280044199522
244.088 84.40835145642401
244.144 84.37445918478818
244.144 84.37445918478818
244.144 84.37445918478818
244.144 84.37445918478818
244.344 84.4220339937821
244.344 84.4220339937821
244.344 84.4220339937821
244.344 84.4220339937821
244.344 84.4220339937821
244.364 84.40642388340817
244.364 84.40642388340817
244.376 84.39511653757457
244.392 84.3859248015286
244.392 84.3859248015286
244.392 84.3859248015286
244.452 84.44919792431493
244.452 84.44919792431493
244.452 84.44919792431493
244.452 84.44919792431493
244.452 84.44919792431493
244.452 84.44919792431493
244.46 84.44099100510267
244.46 84.44099100510267
244.464 84.43797870920996
244.464 84.43797870920996
244.464 84.43797870920996
244.464 84.43797870920996
244.496 84.4134897899444
244.5 84.41056976811112
244.5 84.41056976811112
244.644 84.45288534850287
244.652 84.44807784493013
244.752 84.57638456242563
244.752 84.57638456242563
244.752 84.57638456242563
244.812 84.61387398850543
244.812 84.61387398850543
244.812 84.61387398850543
244.812 84.61387398850543
244.812 84.61387398850543
244.84 84.62075243985348
244.84 84.62075243985348
244.848 84.6284399104898
244.852 84.63147800990058
244.856 84.62816976773449
244.868 84.6395550825331
244.996 84.89838311128071
244.996 84.89838311128071
244.996 84.89838311128071
244.996 84.89838311128071
245.012 84.90801256179768
245.028 84.92292400785587
245.044 84.91121181436256
245.044 84.91121181436256
245.044 84.91121181436256
245.072 84.91770633795657
245.08 84.92534502995515
245.08 84.92534502995515
245.088 84.91806882416523
245.088 84.91806882416523
245.088 84.91806882416523
245.12 84.95540265858163
245.12 84.95540265858163
245.12 84.95540265858163
245.228 85.01451023148802
245.284 84.99519816685434
245.284 84.99519816685434
245.284 84.99519816685434
245.288 84.99122350069023
245.288 84.99122350069023
245.312 85.01292284176674
245.312 85.01292284176674
245.312 85.01292284176674
245.316 85.01007923265512
245.316 85.01007923265512
245.316 85.01007923265512
245.34 85.03402831774984
245.34 85.03402831774984
245.36 85.01678721415232
245.36 85.01678721415232
245.36 85.01678721415232
245.372 85.00664606812518
245.388 85.0136465292036
245.388 85.0136465292036
245.388 85.0136465292036
245.388 85.0136465292036
245.4 85.02405648027327
245.4 85.02405648027327
245.404 85.01998341071548
245.404 85.01998341071548
245.404 85.01998341071548
245.408 85.02307558989801
245.408 85.02307558989801
245.412 85.01956780541539
245.424 85.01017399915544
245.472 85.06365184808061
245.472 85.06365184808061
245.472 85.06365184808061
245.628 85.25748820243987
245.628 85.25748820243987
245.628 85.25748820243987
245.66 85.2327968526121
245.66 85.2327968526121
245.664 85.23643354344661
245.664 85.23643354344661
245.664 85.23643354344661
245.692 85.2231371295638
245.692 85.2231371295638
245.916 85.60730205028445
245.928 85.61756566909749
245.928 85.61756566909749
245.976 85.6703814191639
245.996 85.65003117150252
246.164 85.93279930266439
246.208 85.89925552762597
246.208 85.89925552762597
246.208 85.89925552762597
246.208 85.89925552762597
246.24 85.9297751219275
246.24 85.9297751219275
246.432 86.27312141656822
246.432 86.27312141656822
246.432 86.27312141656822
246.432 86.27312141656822
246.432 86.27312141656822
246.648 86.600064887256
246.704 86.65921776734483
246.704 86.65921776734483
246.712 86.66137226518973
246.716 86.65842549584457
246.792 86.75589840359923
246.808 86.73911738638999
246.872 86.81092032558772
246.888 86.80854164080634
246.896 86.8158462858751
247.036 87.0643849012699
247.148 87.20465239193143
247.148 87.20465239193143
247.156 87.19682469260549
247.188 87.23242314239923
247.196 87.22790263439803
247.2 87.22458516102586
247.452 87.61555036253928
247.452 87.61555036253928
247.452 87.61555036253928
247.452 87.61555036253928
247.452 87.61555036253928
247.464 87.60944889148742
247.52 87.66739841863108
247.664 87.79744807097495
247.712 87.84070260459083
247.712 87.84070260459083
247.74 87.81199401326204
247.756 87.82737477301146
247.764 87.83451547208782
247.764 87.83451547208782
247.956 88.16711941473288
247.956 88.16711941473288
247.956 88.16711941473288
247.956 88.16711941473288
247.956 88.16711941473288
247.956 88.16711941473288
247.96 88.17043979081552
247.976 88.18571803717113
247.976 88.18571803717113
247.976 88.18571803717113
247.976 88.18571803717113
247.976 88.18571803717113
247.976 88.18571803717113
247.984 88.19026470976927
248.004 88.18658475903779
248.196 88.47042226207857
248.196 88.47042226207857
248.236 88.46869346524166
248.244 88.46341625797677
248.244 88.46341625797677
248.244 88.46341625797677
248.248 88.46046010508883
248.248 88.46046010508883
248.248 88.46046010508883
248.256 88.45409384214422
248.264 88.4607761770362
248.28 88.47087538610191
248.28 88.47087538610191
248.284 88.4742602877633
248.284 88.4742602877633
248.284 88.4742602877633
248.284 88.4742602877633
248.292 88.47405298789135
248.296 88.47082319677041
248.296 88.47082319677041
248.32 88.45279755208195
248.32 88.45279755208195
248.32 88.45279755208195
248.32 88.45279755208195
248.336 88.45146934255925
248.336 88.45146934255925
248.344 88.45850710337524
248.396 88.41709307988684
248.4 88.41430981668472
248.416 88.39864016582112
248.424 88.3908032104267
248.424 88.3908032104267
248.46 88.40445177811114
248.46 88.40445177811114
248.524 88.4910999680029
248.524 88.4910999680029
248.524 88.4910999680029
248.532 88.48308022991706
248.532 88.48308022991706
248.604 88.55488195597405
248.604 88.55488195597405
248.604 88.55488195597405
248.604 88.55488195597405
248.608 88.55824898294838
248.608 88.55824898294838
248.608 88.55824898294838
248.608 88.55824898294838
248.608 88.55824898294838
248.608 88.55824898294838
248.608 88.55824898294838
248.64 88.59277487198966
248.672 88.60665151887166
248.672 88.60665151887166
248.72 88.58130103914486
248.728 88.57852067318193
248.736 88.58551286852929
248.736 88.58551286852929
248.768 88.61998182327005
248.768 88.61998182327005
248.776 88.61792198078447
248.848 88.68941605987784
248.848 88.68941605987784
248.884 88.70302699455075
249.012 88.94424102787124
249.02 88.93784053459977
249.02 88.93784053459977
249.02 88.93784053459977
249.02 88.93784053459977
249.068 88.96773511663395
249.084 88.98267683968106
249.096 88.99239336118724
249.096 88.99239336118724
249.096 88.99239336118724
249.14 88.98341697751327
249.144 88.98575274944184
249.152 88.97970370451173
249.152 88.97970370451173
249.184 89.0138701673192
249.184 89.0138701673192
249.184 89.0138701673192
249.184 89.0138701673192
249.188 89.01125019525702
249.196 89.01816697789404
249.2 89.01572669589567
249.2 89.01572669589567
249.204 89.01355632947627
249.204 89.01355632947627
249.212 89.02047149217657
249.212 89.02047149217657
249.212 89.02047149217657
249.224 89.01134682571352
249.224 89.01134682571352
249.224 89.01134682571352
249.288 89.09685491144013
249.296 89.09331974534628
249.308 89.10083643888086
249.32 89.09188699683783
249.34 89.0818249874023
249.352 89.07583907105474
249.364 89.06418113204364
249.552 89.27213632847203
249.596 89.24805440136412
249.632 89.22705593608937
249.632 89.22705593608937
249.68 89.27574091449287
249.684 89.27903245034943
249.732 89.32766110268501
249.752 89.31358423362761
249.976 89.67006672090454
249.976 89.67006672090454
249.98 89.66608955023342
249.98 89.66608955023342
249.98 89.66608955023342
249.98 89.66608955023342
249.98 89.66608955023342
249.98 89.66608955023342
249.98 89.66608955023342
250.044 89.70004604525602
250.044 89.70004604525602
250.28 90.04493200374523
250.28 90.04493200374523
250.28 90.04493200374523
250.28 90.04493200374523
250.408 90.2805776532406
250.408 90.2805776532406
250.424 90.2950642130703
250.424 90.2950642130703
250.424 90.2950642130703
250.444 90.28276035675499
250.444 90.28276035675499
250.444 90.28276035675499
250.444 90.28276035675499
250.444 90.28276035675499
250.444 90.28276035675499
250.444 90.28276035675499
250.444 90.28276035675499
250.532 90.37031904962083
250.532 90.37031904962083
250.532 90.37031904962083
250.532 90.37031904962083
250.772 90.73507438387266
250.772 90.73507438387266
250.772 90.73507438387266
250.772 90.73507438387266
250.78 90.73076514329078
250.788 90.72327419665751
250.788 90.72327419665751
250.792 90.72019092839345
250.792 90.72019092839345
250.86 90.80616675005993
250.86 90.80616675005993
251.116 91.17471250517205
251.116 91.17471250517205
251.116 91.17471250517205
251.124 91.18129567714371
251.128 91.17794937870562
251.128 91.17794937870562
251.132 91.17891073887141
251.156 91.15794647979308
251.156 91.15794647979308
251.224 91.20395906043002
251.224 91.20395906043002
251.228 91.20500381800808
251.228 91.20500381800808
251.256 91.22461468621995
251.256 91.22461468621995
251.256 91.22461468621995
251.28 91.21268062178869
251.28 91.21268062178869
251.292 91.20367842316342
251.312 91.21292809961216
251.312 91.21292809961216
251.312 91.21292809961216
251.312 91.21292809961216
251.316 91.20904738373996
251.328 91.21875980455192
251.332 91.21531803644044
251.332 91.21531803644044
251.396 91.19027643907027
251.412 91.20233543049184
251.42 91.19500346682709
251.42 91.19500346682709
251.42 91.19500346682709
251.432 91.18466242369189
251.5 91.26295993288528
251.5 91.26295993288528
251.5 91.26295993288528
251.5 91.26295993288528
251.544 91.23187257283655
251.544 91.23187257283655
251.56 91.24600850522863
251.584 91.22661637411622
251.584 91.22661637411622
251.584 91.22661637411622
251.584 91.22661637411622
251.584 91.22661637411622
251.584 91.22661637411622
251.584 91.22661637411622
251.584 91.22661637411622
251.584 91.22661637411622
251.584 91.22661637411622
251.656 91.2580172665988
251.656 91.2580172665988
251.656 91.2580172665988
251.884 91.60537994719826
251.884 91.60537994719826
251.884 91.60537994719826
251.892 91.59803893902405
251.904 91.5895194011206
251.928 91.5848151865006
251.932 91.58731270047925
251.932 91.58731270047925
251.94 91.58119146013833
251.94 91.58119146013833
251.956 91.57139676455098
251.956 91.57139676455098
251.964 91.56877407047406
251.968 91.56514253062296
251.968 91.56514253062296
251.98 91.55818588638381
251.988 91.55731177070115
252.02 91.58952386470578
252.076 91.542308319295
252.108 91.57449487834728
252.248 91.61469861329009
252.272 91.6025549433217
252.272 91.6025549433217
252.32 91.56563838178901
252.32 91.56563838178901
252.404 91.49616319693163
252.404 91.49616319693163
252.428 91.50306244532888
252.476 91.54906819719992
252.736 91.89103453796197
252.736 91.89103453796197
252.736 91.89103453796197
252.736 91.89103453796197
252.736 91.89103453796197
252.736 91.89103453796197
252.74 91.88703310972356
252.74 91.88703310972356
252.788 91.90756801328283
252.844 91.88264528739911
252.844 91.88264528739911
252.864 91.86828106660255
252.864 91.86828106660255
252.88 91.85983921235793
252.912 91.89163400876933
252.912 91.89163400876933
252.912 91.89163400876933
252.912 91.89163400876933
252.924 91.88117611921467
252.924 91.88117611921467
252.924 91.88117611921467
252.924 91.88117611921467
252.924 91.88117611921467
252.924 91.88117611921467
252.924 91.88117611921467
252.924 91.88117611921467
252.944 91.86496179944156
252.956 91.85894728545922
252.956 91.85894728545922
252.992 91.83024296519145
252.996 91.83303652386988
252.996 91.83303652386988
253.004 91.82544204965886
253.068 91.9056945427146
253.08 91.90254488049291
253.224 92.05969693410462
253.224 92.05969693410462
253.224 92.05969693410462
253.268 92.02796568944616
253.268 92.02796568944616
253.268 92.02796568944616
253.268 92.02796568944616
253.268 92.02796568944616
253.284 92.01903253510885
253.284 92.01903253510885
253.396 92.12875011197308
253.416 92.13988528819573
253.416 92.13988528819573
253.416 92.13988528819573
253.42 92.13804011847536
253.42 92.13804011847536
253.444 92.12252701683731
253.564 92.25360349990355
253.564 92.25360349990355
253.564 92.25360349990355
253.564 92.25360349990355
253.572 92.24912258246395
253.572 92.24912258246395
253.572 92.24912258246395
253.572 92.24912258246395
253.58 92.24359794980604
253.58 92.24359794980604
253.6 92.22713097226189
253.608 92.22090721444296
253.608 92.22090721444296
253.84 92.55166135753636
253.84 92.55166135753636
253.936 92.66188187548006
253.936 92.66188187548006
253.936 92.66188187548006
253.936 92.66188187548006
253.936 92.66188187548006
254.064 92.88584102502308
254.076 92.87664057624754
254.108 92.9076746454028
254.108 92.9076746454028
254.108 92.9076746454028
254.116 92.91387690244156
254.16 92.90583074691042
254.16 92.90583074691042
254.16 92.90583074691042
254.16 92.90583074691042
254.16 92.90583074691042
254.176 92.89510226081941
254.176 92.89510226081941
254.224 92.93951436639497
254.248 92.92004501468482
254.248 92.92004501468482
254.248 92.92004501468482
254.248 92.92004501468482
254.288 92.95718979330478
254.324 92.99048060401634
254.324 92.99048060401634
254.324 92.99048060401634
254.332 92.99562435027026
254.332 92.99562435027026
254.332 92.99562435027026
254.332 92.99562435027026
254.332 92.99562435027026
254.34 92.99007855367603
254.34 92.99007855367603
254.376 92.96351463939068
254.38 92.96129950905818
254.38 92.96129950905818
254.38 92.96129950905818
254.432 92.93360363921518
254.436 92.93060905966557
254.436 92.93060905966557
254.436 92.93060905966557
254.46 92.91246338195648
254.472 92.90692444171432
254.504 92.87940110864506
254.508 92.87735106408532
254.524 92.87001185638138
254.524 92.87001185638138
254.528 92.86718389015235
254.54 92.85757620634867
254.544 92.85405653837229
254.544 92.85405653837229
254.548 92.85114089083366
254.58 92.88202053938628
254.58 92.88202053938628
254.58 92.88202053938628
254.58 92.88202053938628
254.628 92.85961140809135
254.628 92.85961140809135
254.628 92.85961140809135
254.64 92.84955832400021
254.64 92.84955832400021
254.64 92.84955832400021
254.64 92.84955832400021
254.664 92.83712925946313
254.664 92.83712925946313
254.664 92.83712925946313
254.692 92.8169332729991
254.7 92.82309116003971
254.7 92.82309116003971
254.916 93.10265922254102
254.932 93.11593058686648
254.94 93.12153155569656
254.944 93.11800464775412
254.972 93.13454408867426
254.98 93.14065687940939
254.98 93.14065687940939
254.98 93.14065687940939
254.98 93.14065687940939
254.98 93.14065687940939
254.98 93.14065687940939
254.98 93.14065687940939
254.98 93.14065687940939
255.032 93.18023442864015
255.032 93.18023442864015
255.06 93.20249895589305
255.06 93.20249895589305
255.064 93.19939999978882
255.256 93.49790468433356
255.344 93.5552180353576
255.344 93.5552180353576
255.344 93.5552180353576
255.344 93.5552180353576
255.344 93.5552180353576
255.348 93.55100468169171
255.372 93.52914528656869
255.372 93.52914528656869
255.612 93.86922989266121
255.612 93.86922989266121
255.612 93.86922989266121
255.612 93.86922989266121
255.64 93.89038934002161
255.64 93.89038934002161
255.64 93.89038934002161
255.64 93.89038934002161
255.656 93.88464366781842
255.656 93.88464366781842
255.712 93.86211829327661
255.712 93.86211829327661
255.712 93.86211829327661
255.712 93.86211829327661
255.712 93.86211829327661
255.904 94.15719802479136
255.936 94.18310261206776
255.952 94.1960481494522
255.992 94.17478280001946
256.008 94.18771994893163
256.008 94.18771994893163
256.008 94.18771994893163
256.008 94.18771994893163
256.008 94.18771994893163
256.016 94.18295281632663
256.016 94.18295281632663
256.016 94.18295281632663
256.02 94.17984543719083
256.032 94.18660844526075
256.032 94.18660844526075
256.032 94.18660844526075
256.032 94.18660844526075
256.032 94.18660844526075
256.032 94.18660844526075
256.032 94.18660844526075
256.032 94.18660844526075
256.044 94.17907123622439
256.044 94.17907123622439
256.052 94.17174699379704
256.056 94.16965919778434
256.056 94.16965919778434
256.056 94.16965919778434
256.072 94.15875188804385
256.072 94.15875188804385
256.072 94.15875188804385
256.072 94.15875188804385
256.2 94.37625631222632
256.2 94.37625631222632
256.204 94.3728077238108
256.204 94.3728077238108
256.204 94.3728077238108
256.204 94.3728077238108
256.216 94.36144078496262
256.216 94.36144078496262
256.224 94.35581520885427
256.224 94.35581520885427
256.224 94.35581520885427
256.224 94.35581520885427
256.224 94.35581520885427
256.336 94.47434523623659
256.336 94.47434523623659
256.336 94.47434523623659
256.336 94.47434523623659
256.34 94.47165812230017
256.456 94.56212802233365
256.496 94.59701461647032
256.516 94.59576344066294
256.532 94.58957316058367
256.544 94.58353002666276
256.544 94.58353002666276
256.544 94.58353002666276
256.552 94.57695754144123
256.556 94.57434894810496
256.604 94.53030806193624
256.604 94.53030806193624
256.604 94.53030806193624
256.632 94.51617422632367
256.632 94.51617422632367
256.636 94.51245798002955
256.636 94.51245798002955
256.636 94.51245798002955
256.636 94.51245798002955
256.636 94.51245798002955
256.656 94.49463548938922
256.656 94.49463548938922
256.668 94.49730820778461
256.668 94.49730820778461
256.756 94.43826361846415
256.876 94.55327210907647
256.876 94.55327210907647
256.876 94.55327210907647
256.876 94.55327210907647
256.88 94.55064912786692
257.008 94.76616055519366
257.136 94.98101014717172
257.152 94.96933845454015
257.152 94.96933845454015
257.216 95.04413774789303
257.216 95.04413774789303
257.224 95.0398177498034
257.224 95.0398177498034
257.224 95.0398177498034
257.472 95.32381904305922
257.472 95.32381904305922
257.604 95.53374575067343
257.612 95.5294153357423
257.612 95.5294153357423
257.612 95.5294153357423
257.62 95.52223088468124
257.628 95.52796868772619
257.628 95.52796868772619
257.652 95.5079181054725
257.668 95.5030231503785
257.82 95.6530533397991
257.82 95.6530533397991
257.876 95.70006074843683
257.876 95.70006074843683
257.876 95.70006074843683
257.916 95.67078311314785
257.916 95.67078311314785
257.916 95.67078311314785
257.928 95.66362880296545
257.928 95.66362880296545
257.956 95.63871387248136
257.964 95.6331852247557
257.964 95.6331852247557
257.968 95.62962420741863
257.968 95.62962420741863
257.972 95.6257275818129
257.98 95.62002917778213
258.0 95.60305375758429
258.024 95.59097600394485
258.024 95.59097600394485
258.024 95.59097600394485
258.024 95.59097600394485
258.216 95.87609605939939
258.216 95.87609605939939
258.44 96.188517307023
258.448 96.19414703529368
258.456 96.1997757674904
258.488 96.22827868791208
258.488 96.22827868791208
258.492 96.22480117267813
258.492 96.22480117267813
258.492 96.22480117267813
258.492 96.22480117267813
258.492 96.22480117267813
258.62 96.43442744992676
258.62 96.43442744992676
258.644 96.45222302597992
258.644 96.45222302597992
258.644 96.45222302597992
258.652 96.44568646069006
258.7 96.48623314428208
258.708 96.48002657055049
258.708 96.48002657055049
258.732 96.49779180710469
258.732 96.49779180710469
258.732 96.49779180710469
258.732 96.49779180710469
258.732 96.49779180710469
258.732 96.49779180710469
258.732 96.49779180710469
258.74 96.50337923828802
258.74 96.50337923828802
258.74 96.50337923828802
258.74 96.50337923828802
258.752 96.4934426006754
258.752 96.4934426006754
258.78 96.47315553810276
258.78 96.47315553810276
258.828 96.51362689461374
258.828 96.51362689461374
258.828 96.51362689461374
258.828 96.51362689461374
258.828 96.51362689461374
258.828 96.51362689461374
258.828 96.51362689461374
258.828 96.51362689461374
258.836 96.50757757325654
258.844 96.50036427189906
258.844 96.50036427189906
258.872 96.52075490927588
258.872 96.52075490927588
258.9 96.49661752822615
258.96 96.50338962138508
258.96 96.50338962138508
258.964 96.49948707641936
258.972 96.49292712925626
258.996 96.47623184298432
259.072 96.47711897113186
259.072 96.47711897113186
259.072 96.47711897113186
259.072 96.47711897113186
259.072 96.47711897113186
259.084 96.46813539346851
259.084 96.46813539346851
259.084 96.46813539346851
259.084 96.46813539346851
259.084 96.46813539346851
259.084 96.46813539346851
259.084 96.46813539346851
259.084 96.46813539346851
259.176 96.42977978227319
259.176 96.42977978227319
259.176 96.42977978227319
259.176 96.42977978227319
259.184 96.43533424727035
259.2 96.44743758355054
259.2 96.44743758355054
259.2 96.44743758355054
259.2 96.44743758355054
259.204 96.44452019140275
259.204 96.44452019140275
259.232 96.42799849518586
259.232 96.42799849518586
259.232 96.42799849518586
259.448 96.69097986458901
259.448 96.69097986458901
259.48 96.71900916297118
259.492 96.70999732792025
259.492 96.70999732792025
259.492 96.70999732792025
259.492 96.70999732792025
259.52 96.68721961497171
259.528 96.68128960413718
259.564 96.70587343027213
259.564 96.70587343027213
259.564 96.70587343027213
259.564 96.70587343027213
259.592 96.68423459094481
259.784 96.96302904717857
259.784 96.96302904717857
259.784 96.96302904717857
259.784 96.96302904717857
259.792 96.9569287263995
259.864 97.02416648321967
259.864 97.02416648321967
259.88 97.01328132532676
259.88 97.01328132532676
259.892 97.0039993390764
259.892 97.0039993390764
259.892 97.0039993390764
259.892 97.0039993390764
260.028 97.2049835845228
260.028 97.2049835845228
260.028 97.2049835845228
260.028 97.2049835845228
260.028 97.2049835845228
260.028 97.2049835845228
260.044 97.21685191669796
260.044 97.21685191669796
260.044 97.21685191669796
260.056 97.2248847797768
260.064 97.21745919712929
260.064 97.21745919712929
260.192 97.42288012136727
260.192 97.42288012136727
260.192 97.42288012136727
260.192 97.42288012136727
260.416 97.72581857027585
260.416 97.72581857027585
260.416 97.72581857027585
260.416 97.72581857027585
260.416 97.72581857027585
260.416 97.72581857027585
260.416 97.72581857027585
260.436 97.71478015387973
260.436 97.71478015387973
260.436 97.71478015387973
260.436 97.71478015387973
260.436 97.71478015387973
260.436 97.71478015387973
260.436 97.71478015387973
260.436 97.71478015387973
260.5 97.76958516618107
260.5 97.76958516618107
260.5 97.76958516618107
260.5 97.76958516618107
260.508 97.77200348428303
260.508 97.77200348428303
260.508 97.77200348428303
260.568 97.80007712763997
260.588 97.78663870600538
260.588 97.78663870600538
260.588 97.78663870600538
260.592 97.78313053504928
260.592 97.78313053504928
260.592 97.78313053504928
260.592 97.78313053504928
260.604 97.77555575196277
260.604 97.77555575196277
260.616 97.76871681665843
260.644 97.74758536603221
260.644 97.74758536603221
260.644 97.74758536603221
260.656 97.74024747232792
260.656 97.74024747232792
260.696 97.73012810735379
260.696 97.73012810735379
260.696 97.73012810735379
260.696 97.73012810735379
260.696 97.73012810735379
260.696 97.73012810735379
260.696 97.73012810735379
260.696 97.73012810735379
260.696 97.73012810735379
260.724 97.74743447217332
260.724 97.74743447217332
260.724 97.74743447217332
260.724 97.74743447217332
260.724 97.74743447217332
260.724 97.74743447217332
260.724 97.74743447217332
260.76 97.72235013256115
260.788 97.7011673020562
260.844 97.74548595228376
260.844 97.74548595228376
260.844 97.74548595228376
260.844 97.74548595228376
260.844 97.74548595228376
260.872 97.71739350795227
260.872 97.71739350795227
260.872 97.71739350795227
260.872 97.71739350795227
260.888 97.7290611578234
260.888 97.7290611578234
260.888 97.7290611578234
260.888 97.7290611578234
260.928 97.74984849995195
260.992 97.82004630400576
261.004 97.81340864022486
261.004 97.81340864022486
261.004 97.81340864022486
261.012 97.81873473793992
261.012 97.81873473793992
261.012 97.81873473793992
261.012 97.81873473793992
261.076 97.88882811301126
261.084 97.88448134088847
261.084 97.88448134088847
261.084 97.88448134088847
261.084 97.88448134088847
261.092 97.87833198284228
261.092 97.87833198284228
261.1 97.87332821945674
261.292 98.14578914989521
261.348 98.155815029208
261.368 98.14063247955448
261.368 98.14063247955448
261.368 98.14063247955448
261.384 98.15216880171816
261.392 98.14503161373426
261.392 98.14503161373426
261.392 98.14503161373426
261.392 98.14503161373426
261.404 98.13420110671747
261.404 98.13420110671747
261.404 98.13420110671747
261.404 98.13420110671747
261.408 98.13083540720227
261.436 98.10269201383164
261.46 98.08713765395692
261.46 98.08713765395692
261.46 98.08713765395692
261.46 98.08713765395692
261.46 98.08713765395692
261.46 98.08713765395692
261.476 98.07659997637471
261.476 98.07659997637471
261.476 98.07659997637471
261.476 98.07659997637471
261.564 98.01407767686084
261.564 98.01407767686084
261.564 98.01407767686084
261.564 98.01407767686084
261.564 98.01407767686084
261.564 98.01407767686084
261.572 98.00986012316682
261.572 98.00986012316682
261.596 97.9962208587924
261.596 97.9962208587924
261.596 97.9962208587924
261.66 97.9585021132549
261.66 97.9585021132549
261.668 97.95263760833015
261.668 97.95263760833015
261.704 97.95091192169969
261.708 97.94769132793756
261.708 97.94769132793756
261.708 97.94769132793756
261.712 97.94487967683585
261.712 97.94487967683585
261.752 97.91584919228394
261.752 97.91584919228394
261.752 97.91584919228394
261.752 97.91584919228394
261.752 97.91584919228394
261.824 97.98016763866552
261.824 97.98016763866552
261.844 97.96240569657193
261.844 97.96240569657193
261.852 97.95718102635082
261.852 97.95718102635082
261.868 97.96865974680459
261.868 97.96865974680459
261.868 97.96865974680459
261.868 97.96865974680459
261.868 97.96865974680459
261.868 97.96865974680459
261.868 97.96865974680459
262.092 98.2660876598224
262.092 98.2660876598224
262.092 98.2660876598224
262.092 98.2660876598224
262.092 98.2660876598224
262.092 98.2660876598224
262.092 98.2660876598224
262.092 98.2660876598224
262.096 98.26367734096449
262.112 98.26104988166828
262.116 98.25733331971826
262.124 98.25177579511625
262.124 98.25177579511625
262.124 98.25177579511625
262.124 98.25177579511625
262.124 98.25177579511625
262.136 98.24013309998625
262.14 98.23641476750234
262.14 98.23641476750234
262.168 98.21666254563534
262.168 98.21666254563534
262.168 98.21666254563534
262.168 98.21666254563534
262.296 98.41725609156762
262.296 98.41725609156762
262.296 98.41725609156762
262.296 98.41725609156762
262.296 98.41725609156762
262.296 98.41725609156762
262.296 98.41725609156762
262.296 98.41725609156762
262.296 98.41725609156762
262.296 98.41725609156762
262.296 98.41725609156762
262.296 98.41725609156762
262.296 98.41725609156762
262.3 98.41516697227306
262.3 98.41516697227306
262.3 98.41516697227306
262.304 98.41193729830552
262.304 98.41193729830552
262.304 98.41193729830552
262.304 98.41193729830552
262.304 98.41193729830552
262.304 98.41193729830552
262.304 98.41193729830552
262.304 98.41193729830552
262.304 98.41193729830552
262.312 98.40572152093647
262.312 98.40572152093647
262.312 98.40572152093647
262.312 98.40572152093647
262.568 98.71233776612983
262.568 98.71233776612983
262.568 98.71233776612983
262.572 98.71040626301377
262.636 98.77885415439928
262.636 98.77885415439928
262.66 98.75532201990177
262.66 98.75532201990177
262.684 98.74152074907327
262.688 98.73885445333836
262.692 98.73635029582299
262.692 98.73635029582299
262.692 98.73635029582299
262.692 98.73635029582299
262.692 98.73635029582299
262.692 98.73635029582299
262.724 98.76274593169194
262.724 98.76274593169194
262.724 98.76274593169194
262.916 99.0296050145545
262.916 99.0296050145545
262.944 99.01812987573618
262.968 99.0004097884274
262.972 98.99854868270813
263.004 98.97668792956752
263.004 98.97668792956752
263.012 98.9704509250748
263.012 98.9704509250748
263.012 98.9704509250748
263.02 98.96518486635212
263.032 98.95740554513569
263.032 98.95740554513569
263.032 98.95740554513569
263.044 98.95035325261672
263.044 98.95035325261672
263.044 98.95035325261672
263.056 98.94402814425347
263.056 98.94402814425347
263.056 98.94402814425347
263.068 98.9367289162995
263.156 98.99178962330994
263.156 98.99178962330994
263.156 98.99178962330994
263.164 98.98473143932975
263.164 98.98473143932975
263.184 98.99198437216971
263.184 98.99198437216971
263.184 98.99198437216971
263.196 98.98248657868004
263.196 98.98248657868004
263.196 98.98248657868004
263.22 98.97247446337182
263.22 98.97247446337182
263.228 98.96816362255937
263.228 98.96816362255937
263.228 98.96816362255937
263.236 98.96579591719076
263.236 98.96579591719076
263.244 98.96018745638472
263.244 98.96018745638472
263.244 98.96018745638472
263.244 98.96018745638472
263.244 98.96018745638472
263.244 98.96018745638472
263.244 98.96018745638472
263.244 98.96018745638472
263.252 98.95295787263503
263.312 98.93544916865956
263.312 98.93544916865956
263.312 98.93544916865956
263.312 98.93544916865956
263.312 98.93544916865956
263.312 98.93544916865956
263.312 98.93544916865956
263.312 98.93544916865956
263.312 98.93544916865956
263.316 98.93130419589045
263.316 98.93130419589045
263.316 98.93130419589045
263.316 98.93130419589045
263.316 98.93130419589045
263.316 98.93130419589045
263.316 98.93130419589045
263.316 98.93130419589045
263.316 98.93130419589045
263.328 98.92518790279465
263.328 98.92518790279465
263.352 98.90419696025384
263.364 98.89394080050651
263.376 98.88441170253022
263.376 98.88441170253022
263.376 98.88441170253022
263.376 98.88441170253022
263.376 98.88441170253022
263.376 98.88441170253022
263.376 98.88441170253022
263.432 98.85183228191073
263.624 99.11707730773786
263.624 99.11707730773786
263.64 99.1051667075752
263.64 99.1051667075752
263.652 99.09562443197527
263.724 99.15617842292454
263.724 99.15617842292454
263.852 99.35286649191521
263.888 99.3763491659212
263.9 99.36817432224592
263.9 99.36817432224592
263.92 99.35766448031035
263.92 99.35766448031035
263.92 99.35766448031035
263.92 99.35766448031035
263.92 99.35766448031035
263.92 99.35766448031035
263.92 99.35766448031035
263.92 99.35766448031035
263.92 99.35766448031035
264.048 99.55370196607613
264.048 99.55370196607613
264.272 99.84150774772331
264.272 99.84150774772331
264.272 99.84150774772331
264.496 100.12798415238785
264.54 100.14316605447844
264.54 100.14316605447844
264.556 100.13091062466702
264.556 100.13091062466702
264.556 100.13091062466702
264.564 100.13102590454865
264.564 100.13102590454865
264.564 100.13102590454865
264.564 100.13102590454865
264.568 100.12792106677485
264.568 100.12792106677485
264.568 100.12792106677485
264.568 100.12792106677485
264.568 100.12792106677485
264.6 100.15334935374612
264.6 100.15334935374612
264.728 100.34696329278805
264.748 100.33183667660936
264.756 100.32554457259405
264.756 100.32554457259405
264.756 100.32554457259405
264.764 100.3189318132939
264.764 100.3189318132939
264.764 100.3189318132939
264.78 100.31081756341393
264.816 100.28211779923984
264.82 100.27852794258936
264.82 100.27852794258936
264.82 100.27852794258936
264.82 100.27852794258936
264.82 100.27852794258936
264.82 100.27852794258936
264.82 100.27852794258936
264.848 100.25459022769704
264.848 100.25459022769704
264.856 100.25947930435703
264.856 100.25947930435703
264.856 100.25947930435703
264.856 100.25947930435703
264.856 100.25947930435703
264.904 100.28304024270822
264.904 100.28304024270822
264.904 100.28304024270822
264.904 100.28304024270822
264.904 100.28304024270822
264.904 100.28304024270822
264.904 100.28304024270822
264.904 100.28304024270822
264.916 100.27249918190127
264.916 100.27249918190127
264.94 100.25596699366905
264.94 100.25596699366905
264.94 100.25596699366905
264.94 100.25596699366905
264.94 100.25596699366905
264.94 100.25596699366905
264.94 100.25596699366905
264.94 100.25596699366905
264.94 100.25596699366905
264.94 100.25596699366905
264.94 100.25596699366905
265.108 100.20722184863361
265.236 100.40008295471992
265.236 100.40008295471992
265.236 100.40008295471992
265.428 100.65780050052366
265.44 100.6469971537758
265.44 100.6469971537758
265.44 100.6469971537758
265.44 100.6469971537758
265.44 100.6469971537758
265.676 100.9168342690047
265.916 101.2076227851422
265.916 101.2076227851422
265.916 101.2076227851422
265.948 101.18578171285583
265.948 101.18578171285583
265.948 101.18578171285583
265.96 101.17925124136626
265.96 101.17925124136626
265.984 101.16452077941697
265.988 101.16107444053732
265.988 101.16107444053732
266.016 101.16634322739954
266.016 101.16634322739954
266.016 101.16634322739954
266.024 101.16158736158235
266.024 101.16158736158235
266.048 101.17679171808471
266.056 101.1815411651014
266.056 101.1815411651014
266.056 101.1815411651014
266.056 101.1815411651014
266.056 101.1815411651014
266.056 101.1815411651014
266.06 101.17777564549021
266.084 101.16254576339334
266.084 101.16254576339334
266.084 101.16254576339334
266.108 101.1777357149727
266.332 101.45637766615889
266.332 101.45637766615889
266.332 101.45637766615889
266.364 101.43793577171841
266.364 101.43793577171841
266.392 101.41929838136508
266.392 101.41929838136508
266.392 101.41929838136508
266.392 101.41929838136508
266.392 101.41929838136508
266.428 101.44060927666398
266.428 101.44060927666398
266.492 101.50478006849492
266.504 101.49796874479125
266.504 101.49796874479125
266.504 101.49796874479125
266.516 101.49929042073047
266.516 101.49929042073047
266.516 101.49929042073047
266.544 101.48504566184104
266.544 101.48504566184104
266.544 101.48504566184104
266.544 101.48504566184104
266.672 101.67367155254101
266.672 101.67367155254101
266.672 101.67367155254101
266.672 101.67367155254101
266.672 101.67367155254101
266.672 101.67367155254101
266.672 101.67367155254101
266.672 101.67367155254101
266.672 101.67367155254101
266.864 101.92545855773453
266.864 101.92545855773453
266.864 101.92545855773453
266.864 101.92545855773453
266.864 101.92545855773453
266.864 101.92545855773453
266.864 101.92545855773453
266.864 101.92545855773453
266.896 101.94971639659775
267.096 102.19482544971345
267.108 102.18798905063385
267.108 102.18798905063385
267.108 102.18798905063385
267.116 102.1926083550313
267.116 102.1926083550313
267.152 102.21467887321432
267.152 102.21467887321432
267.152 102.21467887321432
267.152 102.21467887321432
267.16 102.20862785114787
267.16 102.20862785114787
267.168 102.20234054475317
267.168 102.20234054475317
267.176 102.20695449476118
267.176 102.20695449476118
267.432 102.4782951553934
267.432 102.4782951553934
267.432 102.4782951553934
267.432 102.4782951553934
267.448 102.4883946506927
267.448 102.4883946506927
267.448 102.4883946506927
267.456 102.48358812839898
267.464 102.47565185176852
267.464 102.47565185176852
267.488 102.45652998747384
267.488 102.45652998747384
267.488 102.45652998747384
267.5 102.44802191545124
267.508 102.44195744562187
267.508 102.44195744562187
267.528 102.42503107141322
267.536 102.42131103392381
267.544 102.41759023516997
267.544 102.41759023516997
267.544 102.41759023516997
267.544 102.41759023516997
267.544 102.41759023516997
267.544 102.41759023516997
267.544 102.41759023516997
267.544 102.41759023516997
267.544 102.41759023516997
267.544 102.41759023516997
267.544 102.41759023516997
267.556 102.4078982268384
267.588 102.37984920406025
267.588 102.37984920406025
267.588 102.37984920406025
267.588 102.37984920406025
267.588 102.37984920406025
267.588 102.37984920406025
267.588 102.37984920406025
267.588 102.37984920406025
267.588 102.37984920406025
267.604 102.37145605112808
267.604 102.37145605112808
267.604 102.37145605112808
267.604 102.37145605112808
267.652 102.405452244002
267.652 102.405452244002
267.652 102.405452244002
267.652 102.405452244002
