104.08666666666667 9.776423322319067
106.43 9.866983443304791
108.22666666666667 10.472730575088145
109.72666666666667 10.592085536643934
111.09333333333333 10.863454636223127
112.45666666666666 10.88587583569059
113.65666666666667 10.792106907739052
114.83666666666667 10.903124281019995
116.05666666666667 10.955218706948948
117.21333333333334 11.257844108836002
118.33 11.258879634212992
119.4 11.370230292075217
120.48 11.421632522650626
121.61 11.579783488595016
122.67 11.627974155957665
123.77666666666667 11.725154767112587
124.75333333333333 11.768743678426466
125.94 11.928406353332242
126.84 12.183395471242052
127.88666666666667 12.223318073669923
128.84333333333333 12.365690682920429
129.81333333333333 12.392246305777677
130.75 12.56239851411262
131.48333333333332 12.732501058088024
132.43 12.706331154941289
133.28333333333333 12.845026796828435
134.33 12.829084496370935
135.07333333333332 12.904993360903518
135.93333333333334 12.99732432547528
136.78666666666666 13.009094888009344
137.49666666666667 13.075100483105082
138.29333333333332 13.367064733448503
138.91333333333333 13.372004576710063
139.7 13.464973419281963
140.74666666666667 13.905085684815422
141.62333333333333 14.062516827418364
142.27 14.193055980423633
142.91333333333333 14.173000580846077
143.59 14.46284399512692
144.33666666666667 14.565951180012926
144.84333333333333 14.675640119272693
145.53 15.110470228206973
146.23666666666668 15.27195829199196
147.08333333333334 15.374448879644753
147.63 15.448436500733507
148.29 15.484255561175889
148.91333333333333 15.552350784165878
149.53 15.653993500729074
150.12333333333333 15.671229518236421
150.69666666666666 15.894518397255396
151.40333333333334 16.284531479230598
151.96 16.45508075959139
152.61666666666667 16.670419722122833
153.10666666666665 16.80533608978723
153.70333333333335 17.072133780186064
154.25 17.383742140805875
154.76666666666668 17.588855428396247
155.29666666666665 17.94571639092539
155.84333333333333 18.076320915827292
156.44333333333333 18.125792750302924
156.89 18.17815471515413
157.40666666666667 18.273966509094684
157.98 18.49639047944075
158.46333333333334 18.56753199259531
158.88666666666666 18.68678183229082
159.26 18.859972541702955
159.79666666666665 19.002644281916762
160.35666666666665 19.363135263543388
160.67 19.455984311840176
161.14 19.558919164022722
161.50666666666666 19.76480968097333
162.04666666666665 19.949129517426595
162.40333333333334 20.08073825760662
162.75 20.197790751765076
163.10666666666665 20.281869060234936
163.61666666666667 20.45312378774165
164.10666666666665 20.675454358016143
164.54333333333332 20.780226625004182
164.85666666666665 20.897223391270458
165.2 21.098386269379798
165.57333333333332 21.25364638589615
165.92333333333335 21.309096293922494
166.18 21.34463842081954
166.53666666666666 21.65009314323473
166.97333333333333 21.793980473141247
167.36 21.91112111952569
167.83333333333334 22.321049953065238
168.28666666666666 22.588083689491956
168.63 22.813677325715584
168.94666666666666 22.92785714535236
169.24 22.933941574157693
169.68666666666667 23.01473337109208
169.90333333333334 23.030443426682094
170.27333333333334 23.186374637639027
170.59333333333333 23.292176756419938
170.75 23.32446965759379
171.13 23.412889020519135
171.48666666666668 23.46488490478655
171.82 23.730138342965756
172.1 23.846826173117535
172.38333333333333 23.96560673268392
172.69 24.06607279483457
172.93666666666667 24.19804188236016
173.28666666666666 24.32771159551767
173.61666666666667 24.569340169191992
173.85333333333332 24.641506216204174
174.25666666666666 24.857674110003828
174.71666666666667 25.452952878581435
174.95 25.541432509246135
175.29666666666665 25.729399375213507
175.79666666666665 26.15694232146099
176.05333333333334 26.29860293658671
176.26333333333332 26.35048200809596
176.48 26.41816545061927
176.68666666666667 26.60855465554236
176.95333333333335 26.83899603939935
177.22 26.99839109780032
177.47333333333333 27.157660424917825
177.81333333333333 27.45532395689744
178.22 27.584895821127155
178.45333333333335 27.747149933604906
178.77 28.101659597258692
179.03333333333333 28.27315288713285
179.20333333333335 28.4194434057867
179.44666666666666 28.660475577400337
179.74333333333334 28.911368599209467
179.93 28.962731795448647
180.09666666666666 29.05680330983664
180.3 29.06196247281465
180.59666666666666 29.129335486161192
180.97666666666666 29.563086482292192
181.12666666666667 29.59330264589227
181.24 29.633415240761323
181.44 29.718654029563343
181.66 29.88287207424473
181.93 30.238038929972788
182.22666666666666 30.392237535148293
182.41333333333333 30.49315020193255
182.58 30.535951607369526
182.8 30.695010008126694
183.01666666666668 30.81876131466848
183.31 31.028188487266462
183.59 31.21210597293048
183.70333333333335 31.271955715080686
183.96333333333334 31.33222253800136
184.19333333333333 31.45491442723903
184.4 31.548568699360978
184.63333333333333 31.78536462844438
184.93 31.917387623695046
185.21666666666667 32.18528976127528
185.5 32.53748320048284
185.66666666666666 32.61157381667165
185.93666666666667 32.787920567094204
186.31 33.104941150039515
186.50666666666666 33.16106224128694
186.75666666666666 33.3223361380679
186.93333333333334 33.429998957114485
187.10333333333332 33.59131757736208
187.30333333333334 33.65901867433283
187.58666666666667 33.83356823414652
187.79 34.10387598590669
187.99333333333334 34.14610592447153
188.11333333333334 34.22425048252641
188.35666666666665 34.24998137609221
188.85333333333332 34.77039146207968
189.07333333333332 34.88260238003409
189.39333333333335 35.11572029602607
189.65333333333334 35.27180161078168
189.75666666666666 35.37937661083323
189.93666666666667 35.579664272424665
190.07333333333332 35.69965543090526
190.22333333333333 35.765841916119285
190.35666666666665 35.92181440488669
190.53 35.956462729529335
190.73666666666668 36.1535953904308
190.85333333333332 36.22972274582412
191.15333333333334 36.53822051157497
191.41333333333333 36.80879380063028
191.57333333333332 36.88023239430569
191.82666666666665 37.033711424304386
192.18 37.32232387949974
192.32666666666665 37.37907544367473
192.54 37.63210542783321
192.65 37.66911782077812
192.81666666666666 37.84909482211753
193.06333333333333 38.1573404026
193.22333333333333 38.24658753386412
193.35666666666665 38.33765444663599
193.52333333333334 38.48976347085407
193.65 38.60563203352394
193.75 38.65792145842569
194.02333333333334 38.7737685913236
194.11 38.83092798634183
194.32333333333332 38.94736127740896
194.52333333333334 39.10978668543024
194.73666666666668 39.37284627670152
194.88666666666666 39.46453561753982
195.19 39.773699164675016
195.39666666666668 39.91998661206442
195.52666666666667 40.00420623404807
195.77666666666667 40.21108895583298
195.96666666666667 40.34259242407105
196.02666666666667 40.38346190643067
196.13666666666666 40.44891651165909
196.24333333333334 40.46921114427554
196.35666666666665 40.498885438472115
196.57333333333332 40.778295753539695
196.82333333333332 40.933295494282724
197.10333333333332 41.34470901855039
197.20333333333335 41.426145505481074
197.36666666666667 41.53786882431902
197.52 41.65022010415481
197.57 41.66976179934347
197.82 41.95546888009057
198.10333333333332 42.20257991886947
198.31333333333333 42.38713961683485
198.46 42.494054184890935
198.55 42.50516024844796
198.74333333333334 42.71598312395449
198.99666666666667 43.02594615220809
199.16 43.12006454785311
199.35 43.21392413020624
199.5 43.26511045833143
199.60333333333332 43.39078922849884
199.84333333333333 43.57001299375542
199.94333333333333 43.557228743902385
200.04 43.57893534736727
200.12666666666667 43.61690818962596
200.38666666666666 43.76760401054179
200.47666666666666 43.82579860380174
200.64 43.87282881823544
200.73 43.89447544917543
200.93 44.10423720648552
200.97333333333333 44.11730404746247
201.14333333333335 44.363720407214515
201.36333333333334 44.629298441208796
201.43 44.706146100567366
201.57666666666665 44.810870844010054
201.67 44.85157603832744
201.77333333333334 44.96470835241329
201.88666666666666 45.120212153722036
201.97 45.158438572325366
202.19666666666666 45.26126702501898
202.30333333333334 45.41606566612604
202.39666666666668 45.5005474903921
202.47 45.52229745897317
202.57 45.58287065146345
202.71 45.67866168744359
202.83333333333334 45.68030252695147
202.98666666666668 45.94530924143444
203.05 45.9741979607063
203.13 46.008597948012984
203.32 46.20290879698129
203.36333333333334 46.22267352864592
203.37333333333333 46.22721653026259
203.42333333333335 46.26447295696269
203.53666666666666 46.306001034155244
203.62 46.34387976838631
203.90666666666667 46.5923746032994
204.05 46.719182034255624
204.1 46.72846294013876
204.16333333333333 46.763783079452196
204.40333333333334 47.0743097661079
204.44333333333333 47.09862619941275
204.59333333333333 47.171281926824136
204.71666666666667 47.28699421538052
204.94333333333333 47.53275073964286
205.05333333333334 47.656364079568256
205.09 47.65813042555729
205.23666666666668 47.612206339794035
205.45333333333335 47.88963197087721
205.50666666666666 47.936065749650496
205.63 47.99391064602361
205.71 48.09342501023777
205.81 48.116968293207684
206.15666666666667 48.92045387054775
206.20333333333335 48.954123072852035
206.32 49.022133258853096
206.47333333333333 49.212590740255024
206.51 49.23372658102459
206.65333333333334 49.23453959065113
206.82333333333332 49.30185842639253
206.87333333333333 49.3940304013319
206.98666666666668 49.55332860850543
207.04666666666665 49.59183473458909
207.21333333333334 49.63446842987323
207.34333333333333 49.79412160553025
207.45666666666668 49.84401165689124
207.56 49.92153843783263
207.62 49.93808119316785
207.68 49.97299036756887
207.72 49.984187148953076
207.85 50.13355285504699
207.95 50.160252373736995
208.09 50.292485756216394
208.17 50.328647122707395
208.24 50.33997007990847
208.44 50.54513908519693
208.52 50.53830032427001
208.60666666666665 50.55133712406238
208.63666666666666 50.53901108673308
208.80333333333334 50.69771611806796
208.94666666666666 50.76664826947329
209.17 50.84958768380221
209.19 50.8664548307141
209.23666666666668 50.876366451700974
209.40666666666667 50.984641592864094
209.53 51.03377813616599
209.73 51.183526212958924
209.84333333333333 51.25622684324219
209.85333333333332 51.261923460632076
209.91333333333333 51.26049700445882
210.06666666666666 51.29022031592032
210.14 51.310509130639225
210.17666666666668 51.36015217014507
210.22 51.42345982494063
210.34 51.546025270645266
210.37333333333333 51.55240090387457
210.41 51.59284449098654
210.62333333333333 51.77637276644923
210.70666666666668 51.81932741147704
210.84333333333333 51.85933963522123
210.94666666666666 51.96181809548759
211.08666666666667 52.02932737473486
211.09333333333333 52.035091109110596
211.17666666666668 52.08131040701396
211.29333333333332 52.1808268111962
211.32666666666665 52.220924898143934
211.51666666666668 52.29146250240047
211.53333333333333 52.287335924220784
211.60666666666665 52.34933342529154
211.81666666666666 52.64439294996831
211.91 52.72942778237876
211.97 52.751780544208245
212.07666666666665 52.829401836346776
212.13 52.884254183713445
212.18666666666667 52.884273650630846
212.28666666666666 53.012215389692045
212.37666666666667 53.07076060891006
212.39666666666668 53.068349686540756
212.49 53.06102481033709
212.57666666666665 53.08015914048794
212.69666666666666 53.19534029659934
212.8 53.1910595372112
212.88 53.262185153059605
212.92666666666668 53.25625161533392
212.99 53.35088654519812
213.05333333333334 53.41128249147864
213.15666666666667 53.502145641110154
213.29333333333332 53.5411216580573
213.35 53.58603616727221
213.54 53.74423197687953
213.62 53.803720446543636
213.75 53.90882211508979
213.81333333333333 53.985020696995015
213.91666666666666 54.09605988468379
214.00333333333333 54.178398096067596
214.05333333333334 54.21342682678093
214.15666666666667 54.2952614376232
214.27666666666667 54.39198104094159
214.36333333333334 54.44583151939751
214.37666666666667 54.45702343338519
214.44 54.497918356349096
214.7 54.72788962834164
214.78 54.79789791613095
214.86666666666667 54.90324367313773
214.90666666666667 54.95086245331212
214.92 54.96266998445124
215.03 55.0680783705561
215.11333333333334 55.13377710489258
215.14666666666668 55.13708963403012
215.22 55.16820477439923
215.22666666666666 55.159340795709745
215.29333333333332 55.21444569958185
215.29333333333332 55.21444569958185
215.38333333333333 55.27252006811357
215.44333333333333 55.29791938855741
215.59666666666666 55.472148455893986
215.60333333333332 55.47436342327501
215.80666666666667 55.628171322001364
215.99666666666667 55.815639668539475
216.10333333333332 55.894928756163935
216.21 55.97461772728954
216.28 56.035895960179865
216.47333333333333 56.27077354614347
216.67 56.42254519259136
216.86 56.67086003666695
217.02333333333334 56.77615704592664
217.09333333333333 56.82628499793619
217.15666666666667 56.84811608775413
217.28 56.973780104234
217.3 56.99641203597775
217.38 57.02240663192699
217.40333333333334 57.03536075262894
217.57333333333332 57.240184195196754
217.66333333333333 57.29541514423125
217.67333333333335 57.30194129651691
217.73666666666668 57.272951502828114
217.76666666666668 57.30298079712737
217.88666666666666 57.47787980316139
217.99 57.523109096549646
218.03666666666666 57.57287888285871
218.04333333333332 57.57333819579366
218.11 57.64233656733196
218.19333333333333 57.687222574004466
218.23333333333332 57.72572495075925
218.37333333333333 57.79805343195471
218.58333333333334 58.052992792584256
218.6 58.0655320307728
218.70666666666668 58.13501603196895
218.85333333333332 58.16864396554395
219.01666666666668 58.352332544734146
219.10333333333332 58.393655653588546
219.14 58.419189794339395
219.25333333333333 58.40405989806285
219.31 58.4560154552536
219.38 58.53984787859821
219.55666666666667 58.749774600261446
219.63666666666666 58.807810591222534
219.67666666666668 58.81633325291337
219.69666666666666 58.826657349485245
219.76 58.91933650075742
219.79333333333332 58.94382562962229
219.89666666666668 58.97937719049366
220.00333333333333 59.107722510030456
220.06333333333333 59.121921977549285
220.18 59.18766396761442
220.27 59.22955907129173
220.31666666666666 59.252661138344784
220.33 59.23590623638738
220.36 59.22541529073992
220.47 59.3146086952823
220.52333333333334 59.36468983794
220.54666666666665 59.39658586914239
220.61 59.43861945293466
220.67333333333335 59.41574151228483
220.71333333333334 59.41538635557175
220.82333333333332 59.49814145795196
220.83 59.50399686355445
220.86333333333334 59.529888865477616
220.91666666666666 59.55006357967037
220.96666666666667 59.6418824803389
220.99333333333334 59.63707675399445
221.21 59.76198673430063
221.36666666666667 59.81774396484673
221.39 59.822842801626535
221.44333333333333 59.88060008048422
221.55666666666667 59.98906513230523
221.63 59.99724339800069
221.66 60.026964447387726
221.75333333333333 60.06389882554884
221.78333333333333 60.07151877416859
221.88666666666666 60.15506247572174
222.00333333333333 60.248843924282724
222.02666666666667 60.267068022557844
222.05333333333334 60.27746491725004
222.25 60.413799847551665
222.4 60.47403173421066
222.47 60.532300184359016
222.60666666666665 60.688030263396875
222.66666666666666 60.77338696469723
222.89333333333335 61.0064882470377
222.89666666666668 61.00255329139092
222.94333333333333 61.04310408623592
222.97 61.07166839980079
223.06666666666666 61.09241109481481
223.11 61.13791219185217
223.14666666666668 61.18391079733585
223.31333333333333 61.25189640801486
223.37333333333333 61.30288760684209
223.38666666666666 61.31260785536363
223.46 61.31656602241602
223.47 61.315727705922576
223.55 61.40006063305561
223.57 61.40281434387938
223.63333333333333 61.472408313502555
223.67 61.4782106438801
223.72333333333333 61.49215883524708
223.75666666666666 61.515317979609264
223.78 61.50319236526288
223.83666666666667 61.54499410502751
223.90333333333334 61.630900816457064
223.93 61.67036422008875
223.99333333333334 61.728253263589494
224.08333333333334 61.7995012343162
224.09666666666666 61.79861733131512
224.19666666666666 61.870088372985386
224.23333333333332 61.86882743813598
224.26 61.870447877271936
224.31 61.9315463021792
224.31 61.9315463021792
224.45 62.01667205427757
224.51333333333332 62.01407957605269
224.52 62.02199189909892
224.53 62.029712574459936
224.57333333333332 62.08103344348618
224.57666666666665 62.08568145682889
224.59666666666666 62.088933918055716
224.66666666666666 62.07999219776325
224.73666666666668 62.129145388725924
224.76666666666668 62.13098519330522
224.85666666666665 62.22340697986998
224.88666666666666 62.2456801450249
224.94666666666666 62.257560413199805
225.02666666666667 62.31268522638408
225.08666666666667 62.36843907412726
225.12 62.37759111349096
225.13666666666666 62.38751203822299
225.14 62.38707648373156
225.29 62.53751515159166
225.37666666666667 62.650245098539415
225.37666666666667 62.650245098539415
225.38333333333333 62.66096911666749
225.42 62.67799575544732
225.44333333333333 62.65865436767292
225.46666666666667 62.66615754182885
225.5 62.68156265730727
225.63 62.7455558157259
225.7 62.767796896274945
225.87333333333333 63.0465071117124
226.07 63.25464686949334
226.08 63.26165501306184
226.22666666666666 63.306567521660185
226.28333333333333 63.33170267062799
226.36666666666667 63.41931018016861
226.41666666666666 63.45442323907165
226.56666666666666 63.57243621754077
226.61 63.59120197228917
226.66333333333333 63.60169243836146
226.69 63.615370986181595
226.69666666666666 63.61750257026511
226.76666666666668 63.64078203048195
226.92 63.70324774259883
226.97333333333333 63.69071204047406
226.99333333333334 63.69669329551986
227.02666666666667 63.7255118220628
227.10666666666665 63.78052378466306
227.19 63.84395547806497
227.19666666666666 63.85303442722853
227.20333333333335 63.85489593691369
227.29666666666665 63.85913119215282
227.34333333333333 63.84864816117022
227.36333333333334 63.839019072579305
227.44 63.83477001685814
227.49333333333334 63.85822638745259
227.54333333333332 63.84903513524476
227.54333333333332 63.84903513524476
227.62666666666667 63.916530154051564
227.73666666666668 64.01891406310003
227.75666666666666 64.0125258158466
227.81 64.02021722619726
227.85 64.04420557015166
227.86333333333334 64.02629876682334
227.89333333333335 64.0423635528699
227.92 64.07534379778765
227.94 64.08099319987525
227.95666666666668 64.085226972231
227.95666666666668 64.085226972231
227.99333333333334 64.06413696416914
228.01666666666668 64.08430165352185
228.02 64.08341496405869
228.09666666666666 64.17815345731655
228.09666666666666 64.17815345731655
228.16 64.21365422541876
228.26333333333332 64.27406876349575
228.28333333333333 64.278762597694
228.29333333333332 64.28230170695086
228.38 64.3852314591637
228.40333333333334 64.41137604877252
228.46 64.42815154251528
228.46333333333334 64.43211791169483
228.49 64.45502812880576
228.51666666666668 64.4705654691251
228.56333333333333 64.49564949329137
228.59333333333333 64.53745497031646
228.61333333333334 64.55102798752289
228.69666666666666 64.65907501807108
228.69666666666666 64.65907501807108
228.74666666666667 64.63852866416956
228.78333333333333 64.68771565361557
228.91333333333333 64.76075778177449
228.92666666666668 64.77005395013485
228.98666666666668 64.818739089228
229.15333333333334 64.99603035693144
229.17666666666668 65.02401345733007
229.20333333333335 65.04734622545213
229.22333333333333 65.05436372210325
229.26666666666668 65.06754334959541
229.31666666666666 65.12763676561089
229.34666666666666 65.16315587580948
229.37666666666667 65.17405581575146
229.42333333333335 65.1897509449862
229.52333333333334 65.28728951725398
229.56 65.3078473452832
229.56 65.3078473452832
229.69666666666666 65.38348151468018
229.84 65.52146852798275
229.89333333333335 65.50384119200244
229.89333333333335 65.50384119200244
229.96 65.52521899141678
229.98666666666668 65.53562404464029
230.09666666666666 65.6107608714132
230.13333333333333 65.63812022699753
230.16666666666666 65.66164259090021
230.16666666666666 65.66164259090021
230.22333333333333 65.71499745395138
230.23 65.71385661780909
230.24333333333334 65.73006560747899
230.35666666666665 65.79372421286511
230.36333333333334 65.80058904056787
230.39333333333335 65.7973208771697
230.42 65.79603937925637
230.43333333333334 65.8099572482051
230.44666666666666 65.81007089552743
230.46333333333334 65.81203559332529
230.47333333333333 65.81049301243523
230.5 65.82896338771535
230.52 65.85923370675324
230.54333333333332 65.8923449582401
230.58333333333334 65.92837507443579
230.59666666666666 65.92744523804117
230.60666666666665 65.94117848954377
230.71 66.12475612270447
230.75333333333333 66.17803040588993
230.78 66.17186809270333
230.79666666666665 66.16869210773045
230.83666666666667 66.18636097808549
230.85 66.19062999522875
230.88333333333333 66.15648764092494
230.97 66.18948188738803
231.04666666666665 66.25894834623334
231.10666666666665 66.232468286441
231.11 66.23276529531616
231.15333333333334 66.22249507263346
231.27 66.28924654128812
231.28 66.29907650872562
231.29333333333332 66.31130575555899
231.36333333333334 66.31760472692568
231.42333333333335 66.34614135735825
231.48333333333332 66.38457080494803
231.49 66.38924953703076
231.59 66.48482749579217
231.63333333333333 66.49597792866895
231.66666666666666 66.510010710896
231.68333333333334 66.53313072971018
231.72666666666666 66.55153742861543
231.73 66.55069816094733
231.75 66.57154385134275
231.79 66.60567864213209
231.87666666666667 66.64157827873946
231.88 66.63742575198576
231.92 66.67555511141772
231.97666666666666 66.7254068709392
231.98 66.72856036171147
231.98 66.72856036171147
232.0 66.74647421174768
232.01666666666668 66.73191367499331
232.04333333333332 66.76101540208985
232.07 66.75128955880139
232.12333333333333 66.78311735382465
232.18 66.8499997814857
232.19333333333333 66.86035048018199
232.25 66.89396213623324
232.26666666666668 66.89015405926607
232.29333333333332 66.9125007764305
232.3 66.9162634231585
232.31 66.91926139692404
232.34 66.89591047338723
232.38 66.94658573995439
232.62 67.40822438341037
232.62333333333333 67.4105215792624
232.66333333333333 67.45767229511178
232.78333333333333 67.57685087003838
232.82333333333332 67.5947523095436
232.85666666666665 67.58070267845014
232.91666666666666 67.62199552922468
232.94333333333333 67.62597313626323
233.01 67.67683125818301
233.06333333333333 67.69821072313565
233.06333333333333 67.69821072313565
233.14666666666668 67.75911243332362
233.17333333333335 67.73697009328014
233.22666666666666 67.76243946730243
233.32333333333332 67.86130992347374
233.42333333333335 68.03912840328485
233.43333333333334 68.04848675617431
233.47 68.04716350273488
233.60333333333332 68.12065297072174
233.61 68.11226052179575
233.82666666666665 68.5814039700735
233.84 68.59117276760955
233.91333333333333 68.66194914936891
233.92 68.66079017055328
233.94666666666666 68.6709301667902
233.96333333333334 68.68353297352361
233.96333333333334 68.68353297352361
234.07666666666665 68.73433011081045
234.09 68.7506338110107
234.12666666666667 68.72429704184239
234.13333333333333 68.72681072970981
234.16 68.73773243107664
234.25 68.79170005648284
234.26666666666668 68.7949862934848
234.34 68.84104552698736
234.59666666666666 69.30880299435086
234.63 69.32199505445985
234.63 69.32199505445985
234.63333333333333 69.32480631182833
234.66 69.32311223406202
234.67 69.31160025481417
234.68 69.31945068838597
234.73 69.29991267306308
234.75666666666666 69.31244101666289
234.86333333333334 69.46536583535678
234.94666666666666 69.50709231456598
235.02666666666667 69.49817226951768
235.04 69.49297702953432
235.05666666666667 69.49334978972608
235.15333333333334 69.59690633335782
235.18666666666667 69.61169539511191
235.21 69.64049754391196
235.24 69.64730417106726
235.24 69.64730417106726
235.24666666666667 69.64181545346862
235.25 69.63873507158655
235.26666666666668 69.64107040173967
235.31 69.65498494877234
235.34333333333333 69.67074093519926
235.34333333333333 69.67074093519926
235.38 69.70811264322444
235.40666666666667 69.73592896446173
235.42 69.7521268397204
235.6 69.8831841889542
235.65 69.92209473564387
235.71333333333334 69.992399937211
235.75 69.98505087213954
235.86333333333334 70.07881079012758
235.88666666666666 70.07918599273654
235.9 70.0959752261486
235.96 70.07859932584599
236.01333333333332 70.12804760334235
236.01666666666668 70.12933238660233
236.02666666666667 70.12318725790759
236.05333333333334 70.12974255054621
236.10333333333332 70.17000097822697
236.14333333333335 70.20598922999257
236.15 70.20920919004726
236.17 70.18709387709053
236.17 70.18709387709053
236.22333333333333 70.24590807697017
236.28333333333333 70.21431339286126
236.33666666666667 70.2478321284968
236.33666666666667 70.2478321284968
236.34666666666666 70.24526425892995
236.35666666666665 70.25790402048115
236.35666666666665 70.25790402048115
236.39666666666668 70.28505747594056
236.40666666666667 70.28153227213934
236.61333333333334 70.68194288953836
236.69333333333333 70.75032605307612
236.69333333333333 70.75032605307612
236.71666666666667 70.73994596747555
236.82 70.90981080768238
236.82666666666665 70.91557176968442
236.87333333333333 70.94758550298518
236.92333333333335 70.90764377318337
236.96 70.94759334656425
237.00666666666666 70.96078031415341
237.02 70.97658576044877
237.06333333333333 70.98342811765615
237.14666666666668 71.0324891375582
237.22 71.05871164631913
237.24 71.0566732828807
237.29 71.065883749202
237.32333333333332 71.09608435706596
237.33666666666667 71.10776220144821
237.37666666666667 71.14107962989515
237.37666666666667 71.14107962989515
237.41666666666666 71.16582053375502
237.44333333333333 71.18742542134169
237.45333333333335 71.18088943382115
237.47 71.1809687851698
237.51333333333332 71.21471557958158
237.55 71.21312858458536
237.63666666666666 71.24774891249122
237.73 71.26062888239564
237.73666666666668 71.26833763182326
237.78 71.31274392240772
237.78 71.31274392240772
237.78 71.31274392240772
237.78666666666666 71.32100414049312
237.78666666666666 71.32100414049312
237.79 71.31759646779498
237.82666666666665 71.34910263135342
237.82666666666665 71.34910263135342
237.94333333333333 71.46081351810939
237.96 71.47740971920389
237.97666666666666 71.47269898398729
238.04666666666665 71.51569977573396
238.1 71.57873888080363
238.11666666666667 71.58920831242808
238.13 71.5776177232209
238.13333333333333 71.58111003898242
238.15333333333334 71.59823322231131
238.16 71.6058661478091
238.16666666666666 71.60529136738829
238.20666666666668 71.6353963174967
238.20666666666668 71.6353963174967
238.27666666666667 71.7185892845816
238.28333333333333 71.71930809862702
238.28333333333333 71.71930809862702
238.29666666666665 71.72223356022174
238.30333333333334 71.72890897581199
238.32666666666665 71.70762345100101
238.46666666666667 71.90019670371068
238.65666666666667 72.06444520469148
238.65666666666667 72.06444520469148
238.66 72.0617737226432
238.66 72.0617737226432
238.67666666666668 72.0579584166398
238.69333333333333 72.07600761472814
238.78 72.11865292812219
238.83666666666667 72.13121036048831
239.09333333333333 72.5399294031818
239.11 72.55601416827317
239.11 72.55601416827317
239.15666666666667 72.60312765851447
239.17333333333335 72.58791196768647
239.19666666666666 72.56659819902816
239.21 72.56610065961635
239.21666666666667 72.56681721344607
239.21666666666667 72.56681721344607
239.22333333333333 72.55971087059896
239.25 72.55318123173332
239.27 72.5401306238016
239.29 72.54088180160377
239.33 72.5964749853634
239.34666666666666 72.61249281225348
239.37666666666667 72.64599454267281
239.44333333333333 72.64028593549321
239.46333333333334 72.66525341577528
239.49333333333334 72.65053421982711
239.52333333333334 72.61814590086303
239.52333333333334 72.61814590086303
239.54333333333332 72.60116852830276
239.55666666666667 72.6181734881622
239.55666666666667 72.6181734881622
239.63 72.67180851555531
239.63333333333333 72.67563876342388
239.63666666666666 72.67946865630262
239.63666666666666 72.67946865630262
239.65333333333334 72.6986127978159
239.75 72.84422627889107
239.80666666666667 72.90602240139617
239.81333333333333 72.90842122391969
239.87 72.85709776329836
239.88333333333333 72.87141731381674
239.93333333333334 72.90295117051966
239.94666666666666 72.88757200288909
239.95333333333335 72.89435598256149
239.96 72.89600889981926
239.96 72.89600889981926
240.04333333333332 72.9267347179111
240.04333333333332 72.9267347179111
240.07 72.95454550277086
240.10333333333332 72.96640424974677
240.10333333333332 72.96640424974677
240.14 72.99082019716656
240.16 72.98986413956294
240.19333333333333 72.9953639680193
240.26 73.03027752738042
240.26 73.03027752738042
240.29666666666665 73.0320120234217
240.33333333333334 73.03455094411295
240.33666666666667 73.03430704514706
240.34666666666666 73.03439733586204
240.35 73.03415282682391
240.42 73.03501755767176
240.43 73.04021647035783
240.43 73.04021647035783
240.44333333333333 73.04196512968133
240.44333333333333 73.04196512968133
240.47333333333333 73.03926235455643
240.49666666666667 73.06310298126527
240.54333333333332 73.06404985484218
240.56 73.05583475433531
240.56 73.05583475433531
240.61333333333334 73.06582543821143
240.64333333333335 73.06862867457457
240.69 73.04388805805551
240.82333333333332 73.19274156580535
240.82333333333332 73.19274156580535
240.99666666666667 73.5337474150728
241.0 73.52975162447235
241.07666666666665 73.53743068493608
241.08666666666667 73.52515943997211
241.08666666666667 73.52515943997211
241.09 73.52406554108312
241.10666666666665 73.52458815930588
241.11 73.52812529013056
241.25333333333333 73.79719415622188
241.27333333333334 73.80933761673568
241.33333333333334 73.89453899789724
241.38333333333333 73.91643336063254
241.38333333333333 73.91643336063254
241.42 73.91343310017761
241.47333333333333 73.91798881648057
241.52 73.9521769397192
241.67333333333335 74.1521241643534
241.68 74.1522433375191
241.68666666666667 74.14542734529155
241.71333333333334 74.11959263408447
241.92666666666668 74.2987334473162
241.93333333333334 74.29469513429186
241.95666666666668 74.29215074056164
241.96 74.29579289167285
241.98 74.29355391680578
242.00666666666666 74.31341800586951
242.01666666666668 74.31085538198002
242.03 74.2968312371832
242.07333333333332 74.31410093797314
242.09666666666666 74.29551598210556
242.09666666666666 74.29551598210556
242.09666666666666 74.29551598210556
242.11666666666667 74.27337305834871
242.32666666666665 74.634691559595
242.34333333333333 74.6343034690667
242.36666666666667 74.61884598309351
242.43333333333334 74.61276027294628
242.44 74.61164719059737
242.44333333333333 74.61337266999041
242.47666666666666 74.64681082381108
242.56333333333333 74.66051819525619
242.56333333333333 74.66051819525619
242.58666666666667 74.64061354834709
242.58666666666667 74.64061354834709
242.61 74.6676636838196
242.63 74.65613838346155
242.68 74.65914263704646
242.73333333333332 74.71139053282175
242.73333333333332 74.71139053282175
242.75666666666666 74.73157835588302
242.78333333333333 74.7107481024357
242.81333333333333 74.69715253307719
242.81666666666666 74.69537281578448
242.83666666666667 74.67422841608837
242.83666666666667 74.67422841608837
242.84333333333333 74.6668200223005
242.84333333333333 74.6668200223005
242.88333333333333 74.70820067191379
242.88333333333333 74.70820067191379
242.88333333333333 74.70820067191379
242.89333333333335 74.7052658795826
242.93 74.73873313338918
242.93666666666667 74.73900713506156
242.93666666666667 74.73900713506156
242.94666666666666 74.7454477464698
242.94666666666666 74.7454477464698
243.0 74.78905225518449
243.01 74.78905158552145
243.01 74.78905158552145
243.08333333333334 74.82515884524364
243.08333333333334 74.82515884524364
243.12333333333333 74.86204199130155
243.13 74.8694340407975
243.13 74.8694340407975
243.16 74.89586136819229
243.16 74.89586136819229
243.16333333333333 74.89933136296946
243.18666666666667 74.91666035593838
243.18666666666667 74.91666035593838
243.18666666666667 74.91666035593838
243.18666666666667 74.91666035593838
243.21333333333334 74.88770327892883
243.23666666666668 74.91446868431123
243.24333333333334 74.90704839145707
243.29333333333332 74.90713642482817
243.29333333333332 74.90713642482817
243.39666666666668 75.05850354098393
243.42 75.04600881502708
243.42333333333335 75.04216369999507
243.49666666666667 75.11082511176741
243.68666666666667 75.48287618095767
243.69666666666666 75.47137118583457
243.69666666666666 75.47137118583457
243.84666666666666 75.48929866263502
243.86 75.50347690697254
243.86 75.50347690697254
243.88 75.48705911273231
243.93 75.48557402893249
243.93 75.48557402893249
243.93666666666667 75.48151044850792
243.98333333333332 75.47534211693484
244.15666666666667 75.80994240754502
244.16666666666666 75.7984249457907
244.18666666666667 75.78780558031764
244.19 75.78907489290175
244.20666666666668 75.78202611013914
244.21333333333334 75.77390027020618
244.41333333333333 76.15283697837747
244.41333333333333 76.15283697837747
244.43 76.16629136238569
244.43333333333334 76.16964781088964
244.43333333333334 76.16964781088964
244.43666666666667 76.17098761654401
244.43666666666667 76.17098761654401
244.46 76.14599192873739
244.50333333333333 76.10470769348458
244.52 76.08770266932649
244.62666666666667 76.21317494774051
244.65 76.23457450910506
244.65 76.23457450910506
244.90666666666667 76.65061524160838
244.90666666666667 76.65061524160838
244.95 76.69716373422688
245.02333333333334 76.68716314051379
245.06333333333333 76.68566015240773
245.06666666666666 76.68208695422291
245.06666666666666 76.68208695422291
245.06666666666666 76.68208695422291
245.07666666666665 76.69148210808974
245.11333333333334 76.71424649251124
245.12666666666667 76.71683698739893
245.16 76.69300769332517
245.16 76.69300769332517
245.18333333333334 76.69905016392963
245.19 76.69215547359013
245.19333333333333 76.68970905330136
245.19333333333333 76.68970905330136
245.26 76.66617183068401
245.30666666666667 76.72268181833766
245.33 76.73172331096491
245.34333333333333 76.74680607443284
245.35666666666665 76.75283568180103
245.60666666666665 77.11582223482947
245.62666666666667 77.12518684774373
245.64666666666668 77.12943713228326
245.65 77.13140036026763
245.65666666666667 77.13428735674087
245.65666666666667 77.13428735674087
245.65666666666667 77.13428735674087
245.68333333333334 77.11379438442133
245.69 77.11312874195907
245.76333333333332 77.1283689553877
245.76666666666668 77.12504571592386
245.85 77.24105861020647
245.85 77.24105861020647
245.87 77.2244939820563
245.88 77.23475650694972
245.89666666666668 77.24589008342267
245.89666666666668 77.24589008342267
245.94333333333333 77.20962158304633
245.94333333333333 77.20962158304633
245.97 77.2379998081078
245.98666666666668 77.25162033011524
245.99 77.24777406283471
246.05333333333334 77.30293263871997
246.05333333333334 77.30293263871997
246.05333333333334 77.30293263871997
246.06333333333333 77.29718027858831
246.07666666666665 77.29682261818405
246.09 77.31028413729308
246.21333333333334 77.45256174646966
246.21333333333334 77.45256174646966
246.22 77.45271550155145
246.25666666666666 77.48195409840326
246.31333333333333 77.50970743590902
246.40333333333334 77.63372751776603
246.40333333333334 77.63372751776603
246.45666666666668 77.71733888582855
246.49666666666667 77.7152027820897
246.54 77.71890877580675
246.54 77.71890877580675
246.54333333333332 77.71695222618906
246.61 77.7581192449649
246.64666666666668 77.7242793139977
246.65 77.7223183172482
246.67 77.73829926074578
246.68 77.73937194187081
246.68 77.73937194187081
246.68666666666667 77.74042993384703
246.73666666666668 77.69421669426313
246.85333333333332 77.76334001725994
246.85333333333332 77.76334001725994
246.87666666666667 77.76758826913404
246.87666666666667 77.76758826913404
246.94666666666666 77.81951522897724
246.94666666666666 77.81951522897724
246.96 77.82244076836236
246.98 77.84261078241377
247.01666666666668 77.8388368988891
247.04666666666665 77.81874721375793
247.05 77.82183431720287
247.06666666666666 77.82774238468393
247.06666666666666 77.82774238468393
247.11 77.83069614299681
247.11 77.83069614299681
247.13 77.80981329546513
247.13 77.80981329546513
247.15666666666667 77.79405706358885
247.15666666666667 77.79405706358885
247.2 77.8399539485854
247.29666666666665 77.81235930744263
247.33333333333334 77.7829407089442
247.48333333333332 77.93447692374588
247.48666666666668 77.93497025214396
247.48666666666668 77.93497025214396
247.52 77.96413883900856
247.54666666666665 77.97389115418754
247.54666666666665 77.97389115418754
247.62666666666667 78.00257233604951
247.65 77.9999839476032
247.66333333333333 77.98668600609065
247.74666666666667 78.07117053263724
247.74666666666667 78.07117053263724
247.75333333333333 78.0710208467199
247.75333333333333 78.0710208467199
247.77333333333334 78.07570032041397
247.84666666666666 78.0804975375739
247.89 78.11507221729053
247.89666666666668 78.1079001274907
247.92 78.12122081677407
247.92666666666668 78.12789451955679
247.94666666666666 78.14688337477617
247.96666666666667 78.15048337860357
247.97333333333333 78.14441890435123
247.97333333333333 78.14441890435123
247.97666666666666 78.1443772452458
248.05666666666667 78.18938176797171
248.07 78.17980495736704
248.07 78.17980495736704
248.08666666666667 78.18854286881667
248.12 78.1551831577666
248.12666666666667 78.15483084789868
248.16666666666666 78.15936945718961
248.18 78.15985246635653
248.18 78.15985246635653
248.24 78.18446404089669
248.29333333333332 78.26623342399662
248.30666666666667 78.28051494842047
248.31333333333333 78.27485810425304
248.32666666666665 78.26661310397195
248.35666666666665 78.25816265578504
248.40666666666667 78.225101895106
248.40666666666667 78.225101895106
248.40666666666667 78.225101895106
248.40666666666667 78.225101895106
248.57333333333332 78.25879303119919
248.59666666666666 78.26241540482394
248.59666666666666 78.26241540482394
248.59666666666666 78.26241540482394
248.59666666666666 78.26241540482394
248.61333333333334 78.24748091368676
248.61333333333334 78.24748091368676
248.62333333333333 78.23677594801644
248.64666666666668 78.23347077053123
248.64666666666668 78.23347077053123
248.64666666666668 78.23347077053123
248.69666666666666 78.28760803286868
248.69666666666666 78.28760803286868
248.70666666666668 78.29088746882765
248.70666666666668 78.29088746882765
248.70666666666668 78.29088746882765
248.72 78.29349516813492
248.74 78.28426690001928
248.74 78.28426690001928
248.74666666666667 78.28164439149585
248.74666666666667 78.28164439149585
248.74666666666667 78.28164439149585
248.74666666666667 78.28164439149585
248.79 78.25822523134943
248.79333333333332 78.25541817031325
248.79333333333332 78.25541817031325
248.91333333333333 78.2868691332504
248.93666666666667 78.28475901932262
249.02 78.3955102458755
249.02 78.3955102458755
249.02 78.3955102458755
249.07 78.42648120963277
249.07333333333332 78.42605242128522
249.07333333333332 78.42605242128522
249.07333333333332 78.42605242128522
249.07333333333332 78.42605242128522
249.10333333333332 78.4300204156089
249.10333333333332 78.4300204156089
249.11 78.43656709998666
249.11666666666667 78.43987769566199
249.12 78.43672268635592
249.14666666666668 78.45446871694617
249.25333333333333 78.68130062050608
249.25333333333333 78.68130062050608
249.32 78.71974931078353
249.32333333333332 78.72253500799924
249.33666666666667 78.73045236186601
249.35 78.74311587156006
249.36333333333334 78.73186033583937
249.36333333333334 78.73186033583937
249.36666666666667 78.73184485674456
249.41333333333333 78.75171242098571
249.42666666666668 78.75791582054615
249.42666666666668 78.75791582054615
249.43333333333334 78.75101115850109
249.44333333333333 78.75146418156393
249.44333333333333 78.75146418156393
249.47 78.78352517965206
249.47666666666666 78.78441742886034
249.47666666666666 78.78441742886034
249.56666666666666 78.83254301758834
249.61333333333334 78.8126229618017
249.62 78.81638347348674
249.62 78.81638347348674
249.62333333333333 78.81262910472881
249.69 78.84172285093416
249.71 78.86009187257032
249.72 78.86254138725666
249.72 78.86254138725666
249.72333333333333 78.85980114068765
249.73 78.85914684889906
249.73 78.85914684889906
249.75 78.87953347564601
249.75 78.87953347564601
249.76666666666668 78.8631169024414
249.76666666666668 78.8631169024414
249.76666666666668 78.8631169024414
249.77666666666667 78.85344993403714
249.79 78.85899103745713
249.79 78.85899103745713
249.79666666666665 78.8603634095358
249.79666666666665 78.8603634095358
249.80666666666667 78.86915236144343
249.80666666666667 78.86915236144343
249.81 78.86530792850384
249.81 78.86530792850384
249.87 78.88066957999901
249.87333333333333 78.88325700647003
249.87333333333333 78.88325700647003
249.87666666666667 78.87991838715024
249.89333333333335 78.87465144110291
249.93666666666667 78.92239159694283
249.93666666666667 78.92239159694283
249.94 78.9238749051899
250.07 79.0905849920878
250.07 79.0905849920878
250.07 79.0905849920878
250.09666666666666 79.06691227424534
250.09666666666666 79.06691227424534
250.1 79.0699907617619
250.17666666666668 79.08383237506528
250.18333333333334 79.08483044321834
250.20666666666668 79.07155709096787
250.20666666666668 79.07155709096787
250.4 79.40723633252775
250.41 79.4158886639642
250.44333333333333 79.43328143304234
250.48333333333332 79.47843160698847
250.5 79.45921140515144
250.64 79.70523994982447
250.67666666666668 79.67305136668884
250.67666666666668 79.67305136668884
250.67666666666668 79.67305136668884
250.71666666666667 79.6951603708349
250.74333333333334 79.72105451579749
250.75 79.71931666216038
250.91 80.01864494748743
250.94666666666666 80.01500582693653
250.94666666666666 80.01500582693653
250.94666666666666 80.01500582693653
250.94666666666666 80.01500582693653
251.12666666666667 80.29859107379332
251.17333333333335 80.34913354225125
251.17333333333335 80.34913354225125
251.18 80.3506979295323
251.18333333333334 80.34786465413808
251.24666666666667 80.43192554348848
251.32 80.4360669607454
251.37333333333333 80.49758002286846
251.38666666666666 80.49469640378462
251.39333333333335 80.50088577093663
251.51 80.71768998053031
251.60333333333332 80.83856822340151
251.60333333333332 80.83856822340151
251.61 80.83116578566998
251.63666666666666 80.86168649486329
251.64333333333335 80.85725662427316
251.64666666666668 80.85409160397539
251.85666666666665 81.19400778622492
251.85666666666665 81.19400778622492
251.86 81.19594634486413
251.86 81.19594634486413
251.87333333333333 81.20123165481753
251.88333333333333 81.1952019739766
251.93 81.2447513137109
252.05 81.35515924980385
252.09 81.39188923179756
252.1 81.39273900829299
252.12333333333333 81.36566890084349
252.15333333333334 81.38067653366711
252.16 81.38673561802057
252.16 81.38673561802057
252.32 81.67718697073524
252.32 81.67718697073524
252.32 81.67718697073524
252.33 81.67825084501891
252.33 81.67825084501891
252.33 81.67825084501891
252.33333333333334 81.68105786683935
252.34666666666666 81.69408195988039
252.34666666666666 81.69408195988039
252.34666666666666 81.69408195988039
252.34666666666666 81.69408195988039
252.34666666666666 81.69408195988039
252.34666666666666 81.69408195988039
252.37 81.70317485448264
252.38666666666666 81.69896995500261
252.65333333333334 82.010707120226
252.65333333333334 82.010707120226
252.68666666666667 82.00734008979462
252.69333333333333 82.00223513112137
252.69333333333333 82.00223513112137
252.69333333333333 82.00223513112137
252.69666666666666 81.99939729952109
252.69666666666666 81.99939729952109
252.69666666666666 81.99939729952109
252.70666666666668 81.99299995909828
252.71333333333334 81.99864298455012
252.72666666666666 82.00699482904099
252.72666666666666 82.00699482904099
252.73 82.00985587579046
252.73 82.00985587579046
252.74 82.006956828555
252.74 82.006956828555
252.74666666666667 82.00640771956387
252.75 82.00332356145822
252.75 82.00332356145822
252.77333333333334 81.98702178876786
252.79333333333332 81.99318320675326
252.79333333333332 81.99318320675326
252.79333333333332 81.99318320675326
252.80666666666667 81.99126112208276
252.80666666666667 81.99126112208276
252.82666666666665 81.99676256214845
252.87 81.95717212934491
252.87333333333333 81.95448850346962
252.88666666666666 81.9396770395421
252.89333333333335 81.9322694884506
252.93 81.95830468095937
252.97 81.97266798855534
252.97 81.97266798855534
253.04666666666665 82.0481422802591
253.04666666666665 82.0481422802591
253.04666666666665 82.0481422802591
253.05333333333334 82.0405687068608
253.05666666666667 82.04341528854863
253.11666666666667 82.10461823865808
253.11666666666667 82.10461823865808
253.11666666666667 82.10461823865808
253.11666666666667 82.10461823865808
253.12 82.10746002436544
253.13 82.10890870147364
253.13 82.10890870147364
253.13 82.10890870147364
253.13 82.10890870147364
253.13 82.10890870147364
253.13 82.10890870147364
253.17333333333335 82.13680079983392
253.2 82.14779628241264
253.2 82.14779628241264
253.24 82.12281043243826
253.26333333333332 82.11989273938516
253.27 82.12580702982785
253.29666666666665 82.12701585620071
253.32666666666665 82.15698127066301
253.32666666666665 82.15698127066301
253.33333333333334 82.15475983265267
253.39333333333335 82.21567765117328
253.40333333333334 82.21660379015219
253.43333333333334 82.22717151352144
253.54 82.4380684223539
253.54666666666665 82.43194889859714
253.54666666666665 82.43194889859714
253.56333333333333 82.44236711413122
253.56333333333333 82.44236711413122
253.60333333333332 82.46702779501932
253.61666666666667 82.4797221331451
253.62666666666667 82.48790444375123
253.62666666666667 82.48790444375123
253.62666666666667 82.48790444375123
253.66333333333333 82.4778211026776
253.66666666666666 82.47973731368505
253.67333333333335 82.4739345005978
253.67666666666668 82.47325942240418
253.71666666666667 82.50400742362244
253.72 82.50373553540157
253.72 82.50373553540157
253.72 82.50373553540157
253.72333333333333 82.50119717179986
253.73 82.50704689891617
253.73333333333332 82.50467010946713
253.73333333333332 82.50467010946713
253.73666666666668 82.50253593849526
253.73666666666668 82.50253593849526
253.78 82.50982599450025
253.8 82.51861731556589
253.8 82.51861731556589
253.81 82.50986018883196
253.82333333333332 82.50956613060488
253.82333333333332 82.50956613060488
253.87666666666667 82.58344162283794
253.88333333333333 82.57989335708177
253.89333333333335 82.58609281693171
253.90333333333334 82.57749325861747
253.92 82.56752343714963
253.93 82.56158787831235
253.94 82.5505545515066
254.09666666666666 82.72881854540633
254.13333333333333 82.70515376719261
254.16333333333333 82.68462917652228
254.16333333333333 82.68462917652228
254.22333333333333 82.7290574736169
254.22666666666666 82.73183314731659
254.36 82.82493797513112
254.37666666666667 82.81135785953397
254.57 83.1247936470509
254.57333333333332 83.12465018273573
254.57666666666665 83.12089143657509
254.58333333333334 83.11955941584803
254.58333333333334 83.11955941584803
254.58333333333334 83.11955941584803
254.58333333333334 83.11955941584803
254.58333333333334 83.11955941584803
254.58666666666667 83.11893336676644
254.64 83.14649300380249
254.64 83.14649300380249
254.83666666666667 83.44566267890805
254.83666666666667 83.44566267890805
254.83666666666667 83.44566267890805
254.83666666666667 83.44566267890805
254.97333333333333 83.65530251147278
255.04 83.66886636416469
255.08 83.68144701360318
255.08 83.68144701360318
255.08 83.68144701360318
255.09666666666666 83.669458502086
255.09666666666666 83.669458502086
255.09666666666666 83.669458502086
255.09666666666666 83.669458502086
255.14333333333335 83.7001133243342
255.14333333333335 83.7001133243342
255.14333333333335 83.7001133243342
255.14333333333335 83.7001133243342
255.21666666666667 83.7746782551278
255.21666666666667 83.7746782551278
255.21666666666667 83.7746782551278
255.21666666666667 83.7746782551278
255.41666666666666 84.0913708611715
255.43 84.08955656047628
255.43 84.08955656047628
255.43 84.08955656047628
255.43666666666667 84.08531315695618
255.45 84.07777721273953
255.45 84.07777721273953
255.45333333333335 84.07482053485954
255.48333333333332 84.08370733156318
255.56333333333333 84.16600173844913
255.56666666666666 84.16653470845924
255.78 84.4859439465578
255.78 84.4859439465578
255.78 84.4859439465578
255.78666666666666 84.49149371231653
255.79 84.48830109371848
255.79 84.48830109371848
255.79333333333332 84.48898114812326
255.81333333333333 84.46902894141785
255.81333333333333 84.46902894141785
255.87 84.50727127391825
255.87 84.50727127391825
255.87333333333333 84.5080270345822
255.87333333333333 84.5080270345822
255.89666666666668 84.52437482044365
255.89666666666668 84.52437482044365
255.91666666666666 84.52771505988038
255.95666666666668 84.52102970855171
255.95666666666668 84.52102970855171
255.96666666666667 84.51238248650182
255.98333333333332 84.5197750599379
255.98333333333332 84.5197750599379
255.98333333333332 84.5197750599379
255.98333333333332 84.5197750599379
256.0 84.51673481688017
256.01 84.52491152186805
256.0366666666667 84.52522016314602
256.0366666666667 84.52522016314602
256.09 84.49973713544865
256.10333333333335 84.50983676317506
256.11 84.50287446583283
256.11 84.50287446583283
256.11 84.50287446583283
256.13666666666666 84.4924035993703
256.1933333333333 84.55964272345336
256.1933333333333 84.55964272345336
256.1933333333333 84.55964272345336
256.1933333333333 84.55964272345336
256.2366666666667 84.53200629960982
256.3233333333333 84.57073452117646
256.33666666666664 84.58268364649855
256.3566666666667 84.564125220723
256.3566666666667 84.564125220723
256.3566666666667 84.564125220723
256.3566666666667 84.564125220723
256.3566666666667 84.564125220723
256.3566666666667 84.564125220723
256.3566666666667 84.564125220723
256.3566666666667 84.564125220723
256.3566666666667 84.564125220723
256.3566666666667 84.564125220723
256.4166666666667 84.58895835360408
256.4166666666667 84.58895835360408
256.4166666666667 84.58895835360408
256.6066666666667 84.89053319775948
256.6066666666667 84.89053319775948
256.6066666666667 84.89053319775948
256.62 84.8887060845032
256.63 84.88049007865878
256.6933333333333 84.88145099742313
256.7033333333333 84.8842400718563
256.7033333333333 84.8842400718563
256.71 84.87836273614101
256.71 84.87836273614101
256.72333333333336 84.86880844358126
256.7266666666667 84.8693700470073
256.75333333333333 84.88392834359539
256.75666666666666 84.88047644201777
256.76 84.88032860232929
256.8233333333333 84.9025885242556
256.83 84.90142236263586
256.8566666666667 84.92883865299892
256.9066666666667 84.88502263258492
256.95666666666665 84.91353623902737
257.0733333333333 84.94300134807398
257.11 84.93093275655322
257.1166666666667 84.93194598011289
257.1566666666667 84.89649274079801
257.1566666666667 84.89649274079801
257.2266666666667 84.83007834809011
257.2266666666667 84.83007834809011
257.25666666666666 84.83841533615615
257.3066666666667 84.87791068209947
257.5233333333333 85.17294272543226
257.52666666666664 85.17315735279891
257.52666666666664 85.17315735279891
257.52666666666664 85.17315735279891
257.52666666666664 85.17315735279891
257.52666666666664 85.17315735279891
257.55 85.17324483697988
257.55 85.17324483697988
257.59 85.18943968820689
257.63666666666666 85.16440737005915
257.63666666666666 85.16440737005915
257.6533333333333 85.15055794347857
257.68333333333334 85.16020288735348
257.69666666666666 85.15186074225664
257.72333333333336 85.17892464823248
257.73 85.17957325262418
257.73 85.17957325262418
257.74333333333334 85.1824367741389
257.75666666666666 85.17361698675579
257.75666666666666 85.17361698675579
257.75666666666666 85.17361698675579
257.76 85.17507688796915
257.76 85.17507688796915
257.76 85.17507688796915
257.76 85.17507688796915
257.8066666666667 85.18617118890413
257.8233333333333 85.17064549271076
257.8333333333333 85.16466749698498
257.8333333333333 85.16466749698498
257.86333333333334 85.13715530980555
257.8666666666667 85.1394744271525
257.8666666666667 85.1394744271525
257.8933333333333 85.13323715802125
257.94666666666666 85.20228599115815
257.95666666666665 85.19888225862536
258.07666666666665 85.33325101293337
258.07666666666665 85.33325101293337
258.0833333333333 85.33590539825033
258.12 85.30529833020546
258.15 85.3020803273888
258.15 85.3020803273888
258.15 85.3020803273888
258.15 85.3020803273888
258.2133333333333 85.32311847598093
258.2133333333333 85.32311847598093
258.31 85.41633616668533
258.33 85.42548579144572
258.33 85.42548579144572
258.33 85.42548579144572
258.3333333333333 85.42363578936826
258.3333333333333 85.42363578936826
258.35333333333335 85.40854477992572
258.4533333333333 85.52058684031218
258.4533333333333 85.52058684031218
258.45666666666665 85.52193553694617
258.45666666666665 85.52193553694617
258.4633333333333 85.5175268656915
258.46666666666664 85.51895330576185
258.46666666666664 85.51895330576185
258.46666666666664 85.51895330576185
258.47333333333336 85.5136066195552
258.47333333333336 85.5136066195552
258.49 85.49785399878367
258.55 85.52279080013562
258.55 85.52279080013562
258.74333333333334 85.80881487395301
258.74333333333334 85.80881487395301
258.8233333333333 85.903285227693
258.8233333333333 85.903285227693
258.8233333333333 85.903285227693
258.8233333333333 85.903285227693
258.8233333333333 85.903285227693
258.93 86.09849021146948
258.98 86.09944710228305
259.0566666666667 86.13928691450323
259.0566666666667 86.13928691450323
259.0566666666667 86.13928691450323
259.06333333333333 86.14447616366014
259.1 86.13513861082379
259.1 86.13513861082379
259.1 86.13513861082379
259.1 86.13513861082379
259.1 86.13513861082379
259.11333333333334 86.12473282917676
259.11333333333334 86.12473282917676
259.1533333333333 86.16234524694065
259.2133333333333 86.15896219682315
259.2133333333333 86.15896219682315
259.27 86.18910237929286
259.27 86.18910237929286
259.30333333333334 86.22051932192512
259.34 86.24918900685716
259.34 86.24918900685716
259.35333333333335 86.2468125595569
259.37 86.25448487045253
259.37 86.25448487045253
259.37 86.25448487045253
259.37 86.25448487045253
259.37 86.25448487045253
259.37666666666667 86.24911384058413
259.37666666666667 86.24911384058413
259.42 86.22545049958524
259.42333333333335 86.22326566222114
259.42333333333335 86.22326566222114
259.42333333333335 86.22326566222114
259.46666666666664 86.19585313334112
259.47 86.19296846623708
259.50333333333333 86.21253383667464
259.50333333333333 86.21253383667464
259.5233333333333 86.19506233057976
259.53333333333336 86.18950016554724
259.56 86.16321662886689
259.56333333333333 86.1611797953605
259.57666666666665 86.15380579314693
259.57666666666665 86.15380579314693
259.58 86.15107048033806
259.59 86.14185547944966
259.5933333333333 86.13849908100777
259.5933333333333 86.13849908100777
259.5966666666667 86.13568510962469
259.62333333333333 86.16185097339091
259.62333333333333 86.16185097339091
259.62333333333333 86.16185097339091
259.62333333333333 86.16185097339091
259.69 86.14816545164753
259.69 86.14816545164753
259.69 86.14816545164753
259.71666666666664 86.14112574605039
259.71666666666664 86.14112574605039
259.71666666666664 86.14112574605039
259.72 86.14125294595199
259.74 86.12891141947553
259.74 86.12891141947553
259.74333333333334 86.1296579903313
259.77666666666664 86.10633323548858
259.78333333333336 86.11146863575487
259.78333333333336 86.11146863575487
259.9633333333333 86.35195281606258
259.9766666666667 86.3630925906736
259.98333333333335 86.36773335277681
259.9866666666667 86.36437052617735
260.0133333333333 86.38029722378636
260.02 86.38539804267653
260.02 86.38539804267653
260.02 86.38539804267653
260.02 86.38539804267653
260.02 86.38539804267653
260.02 86.38539804267653
260.03333333333336 86.39219626127684
260.03333333333336 86.39219626127684
260.07666666666665 86.42520648562181
260.15 86.43360909566455
260.17333333333335 86.45222148614053
260.18 86.45019950810774
260.18333333333334 86.44721852981439
260.3433333333333 86.705893545449
260.4166666666667 86.75307804225302
260.4166666666667 86.75307804225302
260.4166666666667 86.75307804225302
260.4166666666667 86.75307804225302
260.42 86.75417806857446
260.42333333333335 86.75019759936048
260.4433333333333 86.72938813824074
260.4433333333333 86.72938813824074
260.6433333333333 87.02329887143054
260.6433333333333 87.02329887143054
260.6433333333333 87.02329887143054
260.6433333333333 87.02329887143054
260.69 87.05232571479021
260.73333333333335 87.06627619025802
260.73333333333335 87.06627619025802
260.73333333333335 87.06627619025802
260.74666666666667 87.0603334379064
260.74666666666667 87.0603334379064
260.80333333333334 87.04107212086039
260.80333333333334 87.04107212086039
260.80333333333334 87.04107212086039
260.8333333333333 87.05632407522941
260.8333333333333 87.05632407522941
260.99333333333334 87.31200145580938
261.02 87.33371760313398
261.06 87.34700280011671
261.0933333333333 87.32594683448788
261.1066666666667 87.33678957677678
261.1066666666667 87.33678957677678
261.1066666666667 87.33678957677678
261.18666666666667 87.38152573984537
261.18666666666667 87.38152573984537
261.1933333333333 87.37684940479807
261.20666666666665 87.37483175527528
261.2266666666667 87.37409423160595
261.23 87.37110477678836
261.24 87.37658064230494
261.24 87.37658064230494
261.24 87.37658064230494
261.24 87.37658064230494
261.2633333333333 87.3809458924771
261.28 87.38471499080016
261.28 87.38471499080016
261.28 87.38471499080016
261.29 87.37734584898243
261.29 87.37734584898243
261.2966666666667 87.37036849550685
261.3933333333333 87.40536664923602
261.4066666666667 87.41294523054746
261.4066666666667 87.41294523054746
261.42 87.40233910753837
261.42 87.40233910753837
261.42 87.40233910753837
261.42 87.40233910753837
261.52666666666664 87.59103609900404
261.55333333333334 87.60764228765028
261.61 87.6350828506697
261.61 87.6350828506697
261.61 87.6350828506697
261.61 87.6350828506697
261.62 87.62426768393128
261.62 87.62426768393128
261.64 87.61673100833916
261.64 87.61673100833916
261.64 87.61673100833916
261.68333333333334 87.63995088165981
261.68333333333334 87.63995088165981
261.77666666666664 87.7404549487479
261.8 87.75409564328194
261.8 87.75409564328194
261.8 87.75409564328194
261.80333333333334 87.75147781464035
261.9 87.8266048579136
261.93333333333334 87.85582868129863
261.95666666666665 87.85306895662436
261.9766666666667 87.84996005325107
261.9866666666667 87.84391885054187
261.9866666666667 87.84391885054187
261.9866666666667 87.84391885054187
261.99333333333334 87.8376098171289
261.99666666666667 87.83506315487715
262.04333333333335 87.79763947881678
262.04333333333335 87.79763947881678
262.04333333333335 87.79763947881678
262.06666666666666 87.78351476594766
262.1 87.79261114098134
262.10333333333335 87.78907025925167
262.11 87.7921047480553
262.12 87.79927935786036
262.12 87.79927935786036
262.12 87.79927935786036
262.13666666666666 87.78225444747946
262.13666666666666 87.78225444747946
262.14666666666665 87.78402596284772
262.14666666666665 87.78402596284772
262.22 87.72649636002814
262.32 87.82341670003575
262.32 87.82341670003575
262.34 87.83064064280876
262.34 87.83064064280876
262.3433333333333 87.82808059949778
262.45 88.01474398416254
262.5566666666667 88.20088311269156
262.57 88.18959182831449
262.57 88.18959182831449
262.62333333333333 88.25341862341702
262.62333333333333 88.25341862341702
262.65 88.25625252741933
262.65 88.25625252741933
262.65 88.25625252741933
262.8566666666667 88.49839583667607
262.8566666666667 88.49839583667607
262.96666666666664 88.6800944640104
262.97333333333336 88.6758044002549
262.97333333333336 88.6758044002549
262.97333333333336 88.6758044002549
263.0133333333333 88.66857776778173
263.02 88.67332103347184
263.02 88.67332103347184
263.05333333333334 88.65907290045482
263.06666666666666 88.65386663312472
263.1933333333333 88.78081254800135
263.1933333333333 88.78081254800135
263.24 88.82017848915164
263.24 88.82017848915164
263.24 88.82017848915164
263.2733333333333 88.79188375027353
263.2733333333333 88.79188375027353
263.2733333333333 88.79188375027353
263.28333333333336 88.78485779594
263.3 88.79269999623307
263.3233333333333 88.76892469895802
263.33 88.76355886456915
263.33 88.76355886456915
263.3333333333333 88.76016091598723
263.3333333333333 88.76016091598723
263.33666666666664 88.75646176324344
263.3433333333333 88.75094368830575
263.36 88.73469902666174
263.38 88.72264901034214
263.38 88.72264901034214
263.38 88.72264901034214
263.38 88.72264901034214
263.54 88.96895070931879
263.54 88.96895070931879
263.7266666666667 89.23831997414881
263.73333333333335 89.242979581383
263.74 89.24763844651841
263.76666666666665 89.27165247405227
263.8066666666667 89.28229482473465
263.83 89.28395044096051
263.87 89.30017152497884
263.87 89.30017152497884
263.87 89.30017152497884
263.87 89.30017152497884
263.9766666666667 89.4819412987141
263.9766666666667 89.4819412987141
263.99666666666667 89.4967192703497
263.99666666666667 89.4967192703497
263.99666666666667 89.4967192703497
264.00333333333333 89.49045139216172
264.04333333333335 89.52446129880003
264.0933333333333 89.51118202997279
264.0933333333333 89.51118202997279
264.11333333333334 89.5259290681463
264.11333333333334 89.5259290681463
264.1433333333333 89.53159199689256
264.1433333333333 89.53159199689256
264.1533333333333 89.53705729997375
264.1566666666667 89.5370142292226
264.1566666666667 89.5370142292226
264.16333333333336 89.54162622453191
264.16333333333336 89.54162622453191
264.16333333333336 89.54162622453191
264.16333333333336 89.54162622453191
264.17333333333335 89.53209824740611
264.24333333333334 89.54054931803715
264.26666666666665 89.52090375570172
264.26666666666665 89.52090375570172
264.3066666666667 89.55478428240819
264.31 89.5556302986976
264.31 89.5556302986976
264.31333333333333 89.55565596179174
264.31333333333333 89.55565596179174
264.31333333333333 89.55565596179174
264.31333333333333 89.55565596179174
264.31333333333333 89.55565596179174
264.32 89.54981602018367
264.32666666666665 89.54293113594298
264.32666666666665 89.54293113594298
264.35 89.55980738309715
264.35 89.55980738309715
264.37333333333333 89.53670751266897
264.42333333333335 89.53972895121272
264.42333333333335 89.53972895121272
264.4266666666667 89.53602135876284
264.43333333333334 89.52972415946023
264.4533333333333 89.5135125951242
264.52 89.51262732570893
264.52 89.51262732570893
264.52666666666664 89.51452790878942
264.52666666666664 89.51452790878942
264.52666666666664 89.51452790878942
264.5366666666667 89.50585167851722
264.5366666666667 89.50585167851722
264.5366666666667 89.50585167851722
264.5366666666667 89.50585167851722
264.5366666666667 89.50585167851722
264.5566666666667 89.50707224679255
264.56 89.50805859953101
264.5733333333333 89.50737719974558
264.67 89.47749141049495
264.67 89.47749141049495
264.67 89.47749141049495
264.67 89.47749141049495
264.6766666666667 89.48206816504631
264.69 89.49211490992809
264.69 89.49211490992809
264.69 89.49211490992809
264.69 89.49211490992809
264.6933333333333 89.48929085381147
264.6933333333333 89.48929085381147
264.71666666666664 89.4730243837558
264.71666666666664 89.4730243837558
264.71666666666664 89.4730243837558
264.92 89.70026288666372
264.92 89.70026288666372
264.94666666666666 89.72380448190279
264.95666666666665 89.71510159748286
264.95666666666665 89.71510159748286
264.95666666666665 89.71510159748286
264.95666666666665 89.71510159748286
264.98 89.69322377220621
264.9866666666667 89.68749206333018
265.02666666666664 89.71064199804684
265.02666666666664 89.71064199804684
265.02666666666664 89.71064199804684
265.02666666666664 89.71064199804684
265.05 89.68978721060247
265.21 89.93046414110412
265.21 89.93046414110412
265.21 89.93046414110412
265.21666666666664 89.9314136114059
265.2266666666667 89.92656225992799
265.31333333333333 89.99956495288399
265.31333333333333 89.99956495288399
265.32666666666665 89.98898071415276
265.32666666666665 89.98898071415276
265.33666666666664 89.98003853325609
265.33666666666664 89.98003853325609
265.3666666666667 89.98392857185247
265.3666666666667 89.98392857185247
265.48 90.15754861696858
265.53 90.18170731301225
265.53 90.18170731301225
265.53 90.18170731301225
265.53 90.18170731301225
265.53 90.18170731301225
265.54333333333335 90.19154976106574
265.54333333333335 90.19154976106574
265.54333333333335 90.19154976106574
265.55333333333334 90.19815223532386
265.56 90.19107744533974
265.56 90.19107744533974
265.6666666666667 90.36905720279344
265.6666666666667 90.36905720279344
265.70666666666665 90.37451637993455
265.70666666666665 90.37451637993455
265.8933333333333 90.63523891462282
265.8933333333333 90.63523891462282
265.8933333333333 90.63523891462282
265.8933333333333 90.63523891462282
265.8933333333333 90.63523891462282
265.8933333333333 90.63523891462282
265.89666666666665 90.63550065428893
265.92333333333335 90.62779071365638
265.92333333333335 90.62779071365638
265.9433333333333 90.64018347467513
265.9433333333333 90.64018347467513
265.9433333333333 90.64018347467513
265.9433333333333 90.64018347467513
265.9433333333333 90.64018347467513
265.9433333333333 90.64018347467513
265.99666666666667 90.68616187424276
266.02 90.6960632726429
266.02666666666664 90.69399993897304
266.02666666666664 90.69399993897304
266.0566666666667 90.70477228393598
266.0566666666667 90.70477228393598
266.0566666666667 90.70477228393598
266.1066666666667 90.72692128561137
266.12333333333333 90.71383460385984
266.12333333333333 90.71383460385984
266.1433333333333 90.71822188435274
266.14666666666665 90.71486721652848
266.14666666666665 90.71486721652848
266.14666666666665 90.71486721652848
266.14666666666665 90.71486721652848
266.1566666666667 90.70745205689165
266.1566666666667 90.70745205689165
266.1666666666667 90.70069780985229
266.19 90.680292377724
266.21666666666664 90.69613757583171
266.21666666666664 90.69613757583171
266.2266666666667 90.68893405568181
266.2266666666667 90.68893405568181
266.26 90.67779867174349
266.26 90.67779867174349
266.26 90.67779867174349
266.26666666666665 90.6804303933108
266.26666666666665 90.6804303933108
266.26666666666665 90.6804303933108
266.26666666666665 90.6804303933108
266.26666666666665 90.6804303933108
266.26666666666665 90.6804303933108
266.30333333333334 90.69655136555575
266.30333333333334 90.69655136555575
266.30333333333334 90.69655136555575
266.30333333333334 90.69655136555575
266.30333333333334 90.69655136555575
266.30333333333334 90.69655136555575
266.31666666666666 90.69974528748263
266.3466666666667 90.67537258932306
266.37 90.65491504989976
266.4166666666667 90.69183022193282
266.4166666666667 90.69183022193282
266.4166666666667 90.69183022193282
266.4166666666667 90.69183022193282
266.4166666666667 90.69183022193282
266.44 90.66517167905589
266.44 90.66517167905589
266.4433333333333 90.66666529591814
266.4433333333333 90.66666529591814
266.45666666666665 90.67632058083866
266.45666666666665 90.67632058083866
266.45666666666665 90.67632058083866
266.45666666666665 90.67632058083866
266.49 90.6929356728973
266.5833333333333 90.76392384647572
266.5933333333333 90.75734744773267
266.5933333333333 90.75734744773267
266.5933333333333 90.75734744773267
266.6 90.7617181551274
266.6 90.7617181551274
266.6 90.7617181551274
266.6 90.7617181551274
266.6533333333333 90.82136692452356
266.66 90.81705399038492
266.66 90.81705399038492
266.79333333333335 90.883608750174
266.79333333333335 90.883608750174
266.8 90.8776719116792
266.8 90.8776719116792
266.8066666666667 90.87276299298301
266.99666666666667 91.11316775189631
267.04333333333335 91.11924046101649
267.06 91.10457254476475
267.07 91.10786375535017
267.07 91.10786375535017
267.0833333333333 91.11738043453056
267.09 91.11055805805076
267.09 91.11055805805076
267.09 91.11055805805076
267.09 91.11055805805076
267.1 91.10021266667361
267.1 91.10021266667361
267.10333333333335 91.10050214666471
267.10333333333335 91.10050214666471
267.1066666666667 91.09727297855369
267.13 91.07055603740203
267.15 91.05534558680907
267.15 91.05534558680907
267.15 91.05534558680907
267.15 91.05534558680907
267.15 91.05534558680907
267.15 91.05534558680907
267.16333333333336 91.04505473780127
267.16333333333336 91.04505473780127
267.16333333333336 91.04505473780127
267.16333333333336 91.04505473780127
267.2366666666667 90.98436264526718
267.2366666666667 90.98436264526718
267.2366666666667 90.98436264526718
267.2366666666667 90.98436264526718
267.2366666666667 90.98436264526718
267.2366666666667 90.98436264526718
267.24333333333334 90.98016141908062
267.25333333333333 90.98277638223215
267.2733333333333 90.96928588180359
267.29333333333335 90.96988414813674
267.29333333333335 90.96988414813674
267.3466666666667 90.93269166207713
267.3466666666667 90.93269166207713
267.35333333333335 90.92701115630358
267.35333333333335 90.92701115630358
267.3833333333333 90.92358450509026
267.38666666666666 90.92048566418481
267.38666666666666 90.92048566418481
267.43666666666667 90.92025889766776
267.44 90.91752523023266
267.44 90.91752523023266
267.47333333333336 90.88936911387806
267.47333333333336 90.88936911387806
267.47333333333336 90.88936911387806
267.47333333333336 90.88936911387806
267.47333333333336 90.88936911387806
267.53333333333336 90.94331586244057
267.53333333333336 90.94331586244057
267.55 90.92632637496554
267.55 90.92632637496554
267.5566666666667 90.92121810699078
267.5566666666667 90.92121810699078
267.57666666666665 90.93144855392858
267.57666666666665 90.93144855392858
267.57666666666665 90.93144855392858
267.58 90.93106012887051
267.58 90.93106012887051
267.58 90.93106012887051
267.59 90.93430033984512
267.78333333333336 91.19235969275468
267.78333333333336 91.19235969275468
267.78333333333336 91.19235969275468
267.78333333333336 91.19235969275468
267.78333333333336 91.19235969275468
267.78333333333336 91.19235969275468
267.78333333333336 91.19235969275468
267.8666666666667 91.18977380697449
267.87 91.18739863297489
267.8833333333333 91.18419445140601
267.88666666666666 91.18064673742248
267.9033333333333 91.1744772275575
267.9033333333333 91.1744772275575
267.9033333333333 91.1744772275575
267.9066666666667 91.1750300194849
267.9066666666667 91.1750300194849
267.9166666666667 91.16394296202229
267.92 91.16039323901856
267.92 91.16039323901856
267.9433333333333 91.1411797522575
267.9433333333333 91.1411797522575
267.9433333333333 91.1411797522575
267.9433333333333 91.1411797522575
268.05 91.31451912120671
268.05 91.31451912120671
268.05 91.31451912120671
268.05 91.31451912120671
268.05 91.31451912120671
268.05 91.31451912120671
268.05 91.31451912120671
268.05 91.31451912120671
268.05 91.31451912120671
268.05 91.31451912120671
268.05 91.31451912120671
268.06333333333333 91.31802098792329
268.0733333333333 91.32075570716145
268.07666666666665 91.31866888923487
268.07666666666665 91.31866888923487
268.07666666666665 91.31866888923487
268.08 91.31555810440993
268.08 91.31555810440993
268.08 91.31555810440993
268.08 91.31555810440993
268.08 91.31555810440993
268.08 91.31555810440993
268.08 91.31555810440993
268.08 91.31555810440993
268.08 91.31555810440993
268.08666666666664 91.30955525220874
268.08666666666664 91.30955525220874
268.08666666666664 91.30955525220874
268.08666666666664 91.30955525220874
268.3 91.5714231765072
268.3 91.5714231765072
268.3 91.5714231765072
268.30333333333334 91.56947965832858
268.3566666666667 91.62760948674797
268.3566666666667 91.62760948674797
268.39666666666665 91.60645297102216
268.39666666666665 91.60645297102216
268.4166666666667 91.59280425816908
268.42 91.59020075745725
268.42333333333335 91.5877428842596
268.47 91.60690735852293
268.47 91.60690735852293
268.4766666666667 91.6093512928458
268.4766666666667 91.6093512928458
268.4766666666667 91.6093512928458
268.50333333333333 91.6313656315423
268.50333333333333 91.6313656315423
268.50333333333333 91.6313656315423
268.66333333333336 91.86093134044243
268.66333333333336 91.86093134044243
268.6933333333333 91.84838684392845
268.7133333333333 91.83121896637513
268.73333333333335 91.83811456961467
268.76 91.81680824951684
268.76 91.81680824951684
268.76666666666665 91.81078871114116
268.76666666666665 91.81078871114116
268.76666666666665 91.81078871114116
268.7733333333333 91.80564115820813
268.78333333333336 91.79802749501502
268.78333333333336 91.79802749501502
268.78333333333336 91.79802749501502
268.79333333333335 91.791066861004
268.79333333333335 91.791066861004
268.79333333333335 91.791066861004
268.81 91.78892040900018
268.81 91.78892040900018
268.81 91.78892040900018
268.82 91.78173790223137
268.8933333333333 91.82658743062458
268.8933333333333 91.82658743062458
268.8933333333333 91.82658743062458
268.9 91.81983156766931
268.9 91.81983156766931
268.9166666666667 91.82530260892655
268.9166666666667 91.82530260892655
268.93666666666667 91.83513566418713
268.94666666666666 91.82597947421824
268.95666666666665 91.82794822755075
268.95666666666665 91.82794822755075
268.99333333333334 91.81770403092975
268.99333333333334 91.81770403092975
269.0 91.81341317075321
269.0 91.81341317075321
269.0 91.81341317075321
269.00666666666666 91.81086726418553
269.00666666666666 91.81086726418553
269.0133333333333 91.80541130454615
269.0133333333333 91.80541130454615
269.0133333333333 91.80541130454615
269.0133333333333 91.80541130454615
269.0133333333333 91.80541130454615
269.0133333333333 91.80541130454615
269.0133333333333 91.80541130454615
269.0133333333333 91.80541130454615
269.02 91.79849966585246
269.07 91.77963246217269
269.07 91.77963246217269
269.07 91.77963246217269
269.07 91.77963246217269
269.07 91.77963246217269
269.07 91.77963246217269
269.07 91.77963246217269
269.0733333333333 91.78043020075292
269.0733333333333 91.78043020075292
269.07666666666665 91.77649843504166
269.07666666666665 91.77649843504166
269.07666666666665 91.77649843504166
269.07666666666665 91.77649843504166
269.08 91.77591349129641
269.08 91.77591349129641
269.08 91.77591349129641
269.08 91.77591349129641
269.08 91.77591349129641
269.09 91.76979200445471
269.09 91.76979200445471
269.11 91.7496843280157
269.12 91.73984557128036
269.13 91.7306598504248
269.1533333333333 91.73368121545008
269.1766666666667 91.73160087935203
269.18 91.73217676342493
269.18 91.73217676342493
269.18 91.73217676342493
269.18 91.73217676342493
269.2266666666667 91.69996416539891
269.38666666666666 91.92809752235159
269.38666666666666 91.92809752235159
269.4 91.91656229450733
269.4 91.91656229450733
269.41 91.90736371936171
269.47333333333336 91.95863167091419
269.5 91.97214138704646
269.6066666666667 92.1421125421402
269.63666666666666 92.16133050411837
269.64666666666665 92.15336253188003
269.64666666666665 92.15336253188003
269.66333333333336 92.14288093173313
269.66333333333336 92.14288093173313
269.66333333333336 92.14288093173313
269.66333333333336 92.14288093173313
269.66333333333336 92.14288093173313
269.7366666666667 92.15587427919334
269.7366666666667 92.15587427919334
269.7366666666667 92.15587427919334
269.7366666666667 92.15587427919334
269.91333333333336 92.34886577848808
269.91333333333336 92.34886577848808
270.10333333333335 92.59520745136032
270.10333333333335 92.59520745136032
270.10333333333335 92.59520745136032
270.29 92.84084016568963
270.32666666666665 92.85218990869443
270.33 92.85192638670921
270.3433333333333 92.84008252776276
270.35 92.84178384782756
270.35 92.84178384782756
270.3566666666667 92.84147072671833
270.3666666666667 92.84736548596864
270.37666666666667 92.85325879222628
270.37666666666667 92.85325879222628
270.38 92.85026055325845
270.38 92.85026055325845
270.38 92.85026055325845
270.38666666666666 92.85167137438737
270.38666666666666 92.85167137438737
270.41333333333336 92.87284190491145
270.41333333333336 92.87284190491145
270.52 93.04011879924143
270.5366666666667 93.02548875524626
270.5566666666667 93.02020238802645
270.5566666666667 93.02020238802645
270.5566666666667 93.02020238802645
270.56333333333333 93.01384456640818
270.56333333333333 93.01384456640818
270.56333333333333 93.01384456640818
270.57666666666665 93.00572148675055
270.6066666666667 92.97806276652172
270.61 92.97462935036665
270.61 92.97462935036665
270.61 92.97462935036665
270.61 92.97462935036665
270.61 92.97462935036665
270.61 92.97462935036665
270.61 92.97462935036665
270.6333333333333 92.9516661638002
270.68333333333334 92.97124542754831
270.69 92.97521830411478
270.69 92.97521830411478
270.69 92.97521830411478
270.74666666666667 93.00389972735749
270.74666666666667 93.00389972735749
270.7866666666667 93.02252310720753
270.7866666666667 93.02252310720753
270.82666666666665 93.02820558274504
270.82666666666665 93.02820558274504
270.82666666666665 93.02820558274504
270.82666666666665 93.02820558274504
270.82666666666665 93.02820558274504
270.82666666666665 93.02820558274504
270.83666666666664 93.01810182791493
270.83666666666664 93.01810182791493
270.8566666666667 93.00198063962787
270.8566666666667 93.00198063962787
270.8566666666667 93.00198063962787
270.8566666666667 93.00198063962787
270.8566666666667 93.00198063962787
270.8566666666667 93.00198063962787
270.8566666666667 93.00198063962787
270.8566666666667 93.00198063962787
270.8566666666667 93.00198063962787
270.8566666666667 93.00198063962787
270.8666666666667 93.00156472137043
271.0133333333333 92.94965960628248
271.12 93.11611004502133
271.12 93.11611004502133
271.12 93.11611004502133
271.28 93.33753134688031
271.29 93.32719776716657
271.29 93.32719776716657
271.29 93.32719776716657
271.30333333333334 93.32558114319502
271.30333333333334 93.32558114319502
271.5 93.55571130898896
271.7 93.80463127202285
271.7 93.80463127202285
271.7 93.80463127202285
271.7266666666667 93.78335398511153
271.7266666666667 93.78335398511153
271.7266666666667 93.78335398511153
271.7366666666667 93.77686720932225
271.7866666666667 93.8117026182542
271.8066666666667 93.79722359508217
271.81 93.79391984024524
271.81 93.79391984024524
271.8333333333333 93.79720366076904
271.83666666666664 93.79902496310359
271.83666666666664 93.79902496310359
271.8433333333333 93.79433752529282
271.8433333333333 93.79433752529282
271.86333333333334 93.80675616069023
271.87 93.81060965658529
271.87 93.81060965658529
271.87 93.81060965658529
271.87 93.81060965658529
271.87 93.81060965658529
271.87 93.81060965658529
271.87333333333333 93.80701937325934
271.8933333333333 93.7920939295793
271.8933333333333 93.7920939295793
271.8933333333333 93.7920939295793
271.91333333333336 93.80450218373755
272.11333333333334 94.04336275899848
272.11333333333334 94.04336275899848
272.11333333333334 94.04336275899848
272.14 94.02514706432214
272.14 94.02514706432214
272.16333333333336 94.00696164088299
272.16333333333336 94.00696164088299
272.16333333333336 94.00696164088299
272.16333333333336 94.00696164088299
272.16333333333336 94.00696164088299
272.19666666666666 94.02401562764055
272.20666666666665 94.02665744034786
272.26 94.08105268396793
272.27 94.07431669573583
272.27 94.07431669573583
272.27 94.07431669573583
272.28 94.0748907792362
272.28 94.0748907792362
272.28 94.0748907792362
272.30333333333334 94.06065596494894
272.31 94.05907229928978
272.35 94.06148754439887
272.35 94.06148754439887
272.45666666666665 94.224458270927
272.45666666666665 94.224458270927
272.45666666666665 94.224458270927
272.45666666666665 94.224458270927
272.45666666666665 94.224458270927
272.45666666666665 94.224458270927
272.45666666666665 94.224458270927
272.45666666666665 94.224458270927
272.45666666666665 94.224458270927
272.6166666666667 94.44101279132164
272.6166666666667 94.44101279132164
272.6166666666667 94.44101279132164
272.6166666666667 94.44101279132164
272.6166666666667 94.44101279132164
272.6166666666667 94.44101279132164
272.6166666666667 94.44101279132164
272.6166666666667 94.44101279132164
272.6433333333333 94.46119653932851
272.81 94.67147606662928
272.92333333333335 94.71733250757842
272.92333333333335 94.71733250757842
272.92333333333335 94.71733250757842
272.93 94.72107422940245
272.93 94.72107422940245
272.96 94.7390673629842
272.96 94.7390673629842
272.96 94.7390673629842
272.96 94.7390673629842
272.96666666666664 94.73321941284776
272.96666666666664 94.73321941284776
272.97333333333336 94.72715914679493
272.97333333333336 94.72715914679493
272.98 94.73089695586906
272.98 94.73089695586906
273.1933333333333 94.9617757502722
273.2 94.96183224136811
273.2 94.96183224136811
273.2 94.96183224136811
273.22 94.96874945100168
273.22 94.96874945100168
273.22 94.96874945100168
273.26 94.97694509809702
273.26666666666665 94.96940315059493
273.27 94.97009686649453
273.29 94.95168387369833
273.29 94.95168387369833
273.29 94.95168387369833
273.3 94.94342397586284
273.3066666666667 94.93756469845682
273.31666666666666 94.935632647244
273.3333333333333 94.91939584933533
273.34 94.91564341882423
273.43333333333334 94.92159433276171
273.43333333333334 94.92159433276171
273.43333333333334 94.92159433276171
273.43333333333334 94.92159433276171
273.43333333333334 94.92159433276171
273.43333333333334 94.92159433276171
273.43333333333334 94.92159433276171
273.43333333333334 94.92159433276171
273.43666666666667 94.9223528856673
273.43666666666667 94.9223528856673
273.43666666666667 94.9223528856673
273.44666666666666 94.91301960764203
273.48333333333335 94.8903227123978
273.48333333333335 94.8903227123978
273.48333333333335 94.8903227123978
273.5733333333333 94.91071960909755
273.5733333333333 94.91071960909755
273.5733333333333 94.91071960909755
273.5733333333333 94.91071960909755
273.5733333333333 94.91071960909755
273.5733333333333 94.91071960909755
273.58666666666664 94.90233529421761
273.58666666666664 94.90233529421761
273.58666666666664 94.90233529421761
273.58666666666664 94.90233529421761
273.62666666666667 94.9303617299854
273.62666666666667 94.9303617299854
273.62666666666667 94.9303617299854
273.62666666666667 94.9303617299854
