104.0475 9.86429795868779
106.5575 9.890726810809069
108.5375 10.350846282960012
110.23 10.447657245880967
111.8125 10.593399779986749
113.1975 10.504233308373621
114.5325 10.5299593448767
115.79 10.625772150401138
116.9975 10.606630922418557
118.175 10.864479792030494
119.3 10.840521026230695
120.3225 10.910077038051572
121.38 10.929543386999773
122.43 11.027561329963552
123.4025 11.019063864983057
124.41 11.112887578749339
125.3425 11.160573091901439
126.4225 11.304257009337956
127.3375 11.529191062611368
128.2525 11.547203823661436
129.145 11.592970767409778
130.0625 11.661092148148454
130.9525 11.8453845513331
131.6425 11.999882926003796
132.565 12.043757308773738
133.45 12.176733595316673
134.455 12.239290227852349
135.1675 12.299228940900147
135.97 12.36487819454592
136.8575 12.454058503817977
137.5375 12.519465444609597
138.2975 12.747926528988373
138.9025 12.765743182390429
139.6575 12.850841369532239
140.625 13.178257019522373
141.465 13.301313136828085
142.0875 13.399319794814378
142.695 13.430280732385595
143.3175 13.672339222853596
144.045 13.759528726976283
144.6025 13.83984900660615
145.25 14.252066578296295
145.9575 14.423704371962238
146.7475 14.51377124301668
147.2475 14.569285289344258
147.905 14.578293222857553
148.51 14.664197842806358
149.0925 14.762244021851846
149.6525 14.785381399507791
150.22 14.970027627193895
150.9175 15.274319126592081
151.46 15.407632651705852
152.045 15.593008124732453
152.5025 15.734737723076845
153.0475 15.948218579039025
153.555 16.18794418452048
154.0325 16.381984174906385
154.5075 16.71096988187673
155.0175 16.824789320214006
155.58 16.85463432925692
155.9675 16.900324551985758
156.4125 16.9881013722927
156.9325 17.163148336655265
157.405 17.23505973604767
157.795 17.33359575873999
158.18 17.466795962668748
158.6825 17.603310467758053
159.2 17.886584704478643
159.4875 17.963733281023202
159.91 18.03409092647674
160.31 18.23704024907298
160.765 18.416806141010003
161.0975 18.51266842909086
161.455 18.58129585617264
161.8275 18.681849697906493
162.315 18.800601140763238
162.8125 19.03254162746009
163.2525 19.11682662146343
163.5525 19.241297465612863
163.8825 19.408556330225334
164.215 19.544852943825024
164.5625 19.64002946017382
164.865 19.72354044180326
165.2225 19.98198171457354
165.62 20.112215853385372
165.975 20.243557667410904
166.395 20.611526357197977
166.785 20.848191380904428
167.0925 21.041741547676125
167.3825 21.141958797075127
167.6275 21.151725416857577
168.0225 21.24308309719526
168.32 21.262001102050096
168.6525 21.38623289517835
168.955 21.48243104386566
169.09 21.524196007451923
169.41 21.603826203552284
169.75 21.64585824063618
170.0425 21.863455974157368
170.295 21.96055116018434
170.5475 22.06567155280676
170.815 22.170028477730458
171.0575 22.265587556508503
171.3675 22.395354062941408
171.675 22.623309719807782
171.945 22.723609485181775
172.3125 22.902904237850716
172.69 23.41065940372347
172.9725 23.49125459725792
173.295 23.67707181350932
173.74 24.050268590477174
173.9875 24.1628775099729
174.1775 24.222446250904813
174.365 24.286499698072614
174.5475 24.452047399502856
174.7925 24.646018472223194
175.0275 24.794307630252145
175.2425 24.929662128020734
175.545 25.185628239877126
175.8825 25.325736611570605
176.1625 25.460929232782227
176.45 25.77009161853205
176.6975 25.909218499485224
176.8375 26.04210692160187
177.095 26.24389266816136
177.34 26.458637046207226
177.5125 26.520114806721747
177.725 26.59941326387629
177.9225 26.59159425186968
178.1775 26.654297180712657
178.49 27.013182708634364
178.6425 27.053966254740562
178.7475 27.10174116579543
178.92 27.17419080317313
179.1275 27.314398019615357
179.3325 27.624143613657694
179.5975 27.750777030242407
179.755 27.851743653327425
179.9175 27.88099498047686
180.0875 28.025865824163112
180.2675 28.135261415502246
180.49 28.326010194994975
180.7125 28.484760323959087
180.8125 28.53897221202348
181.03 28.59950199554167
181.2275 28.736918882921422
181.4175 28.816204830373366
181.6025 29.024645239677106
181.83 29.152073755657938
182.055 29.387693353695067
182.295 29.686943565696392
182.465 29.746593919510616
182.6775 29.919307310454567
182.9575 30.21057832205785
183.1275 30.25835758935052
183.325 30.40690875648415
183.4725 30.500320993817542
183.6075 30.645307345952816
183.765 30.711622876765343
184.005 30.870069265723828
184.18 31.110246049518466
184.3325 31.162771726486323
184.425 31.235379558606446
184.62 31.271200168044988
185.0225 31.724399768566876
185.2175 31.817103951803166
185.4675 32.035828561776725
185.68 32.18372788266659
185.7825 32.263584229501944
185.9325 32.438029007746216
186.1075 32.55792479310594
186.245 32.6225422496245
186.3575 32.7595585989723
186.4975 32.79621904625077
186.6925 32.97688261849568
186.815 33.03028193045746
187.05 33.3048647726109
187.2675 33.53855224750427
187.39 33.611010473225726
187.5925 33.759347752894655
187.865 34.03130083902167
187.9775 34.08910496913928
188.1475 34.31377329217722
188.2325 34.35238057710329
188.36 34.51506210178191
188.5525 34.792713459679455
188.6725 34.88170954563481
188.7975 34.95448846829403
188.9225 35.095920679053144
189.035 35.20067662053074
189.125 35.24353853915567
189.3575 35.354697524463546
189.4275 35.40881916052738
189.5875 35.525799734960444
189.74 35.6791767641605
189.92 35.9066178650696
190.0425 35.991699693241934
190.2775 36.27427149117224
190.435 36.413709269703254
190.5375 36.49384667044584
190.7275 36.68798514592461
190.8725 36.81491431668938
190.9175 36.854728767699214
191.0025 36.91725339523256
191.09 36.93897006396813
191.1825 36.97032864677178
191.385 37.226119929509984
191.5775 37.37730357152379
191.795 37.74451994637736
191.8725 37.81979196903031
192.0025 37.92760370301971
192.1225 38.0352250115218
192.1625 38.05362915827018
192.35 38.31491277134593
192.605 38.524916437068406
192.765 38.69724306427998
192.8825 38.8016514331855
192.9525 38.81908545412119
193.105 39.010784106394794
193.31 39.280435215746046
193.4325 39.37551247257741
193.5825 39.468695394517184
193.695 39.52720550416778
193.7725 39.64174035310229
193.955 39.813934894264165
194.045 39.80739580720131
194.1275 39.83707424442022
194.195 39.8768062235837
194.3975 40.02548617042617
194.4725 40.07704399739907
194.5975 40.13366894489863
194.6825 40.16086793000267
194.8325 40.35539171908755
194.865 40.37101743591572
195.015 40.57989878291388
195.1825 40.820332779268995
195.24 40.88792214972719
195.3525 40.98970527673188
195.4225 41.033720298089946
195.5 41.13824794890251
195.585 41.27865894873236
195.65 41.31853732779803
195.8275 41.42910459005745
195.915 41.55865345624628
195.9875 41.63714577916923
196.05 41.66145816423686
196.135 41.72166879522944
196.2475 41.81218802675223
196.3475 41.829072819226404
196.465 42.0612078584072
196.5325 42.07807801649153
196.5925 42.11556832240189
196.735 42.296879998079795
196.7675 42.318134107530405
196.7825 42.3209347799741
196.8225 42.3558853056459
196.91 42.401878485792395
196.975 42.440439012567715
197.19 42.67763613161142
197.3 42.79719032102706
197.3475 42.80548598939724
197.395 42.84189842111814
197.5775 43.123207296180894
197.615 43.14636469023178
197.7275 43.22367524143133
197.82 43.33306812922281
197.99 43.56124283519332
198.0975 43.65831024922138
198.125 43.66414515325997
198.235 43.644195430130566
198.405 43.8959513301508
198.445 43.94036207490891
198.54 44.00123334259607
198.605 44.089952141613985
198.68 44.1213209650916
198.94 44.82050308587675
198.975 44.85369764847632
199.065 44.92135555870441
199.18 45.09578291865338
199.2075 45.11752911054972
199.3225 45.13271758376198
199.45 45.208541950959436
199.4875 45.290024582222486
199.575 45.433904461241674
199.6225 45.47072659933911
199.7475 45.52605870571923
199.8475 45.67295991979052
199.9325 45.72771833396066
200.0275 45.79810123078717
200.08 45.81885866935364
200.125 45.854800221778575
200.155 45.86889926627707
200.2675 46.00074487887956
200.3425 46.03495101163146
200.4475 46.160353297181906
200.5075 46.199842809196774
200.5675 46.21106222096053
200.7175 46.40357538499209
200.7775 46.408001702589296
200.86 46.417492710581875
200.8825 46.411191453303
201.0125 46.56017242042567
201.1225 46.63307086041345
201.295 46.72549694846863
201.31 46.74178958509205
201.3475 46.75480465629237
201.475 46.86469619753353
201.5675 46.920463084565675
201.725 47.06573439555303
201.81 47.13949049847241
201.825 47.145920260893774
201.8775 47.15038645046332
201.995 47.193155938751616
202.05 47.21911218664124
202.08 47.262837618732874
202.1125 47.31998859256516
202.2025 47.4352888368332
202.235 47.44141792957881
202.2625 47.47908933051014
202.4225 47.65611582440742
202.485 47.70187744092711
202.59 47.75093810714756
202.67 47.84613532807316
202.775 47.91930403944257
202.78 47.92486401377082
202.8425 47.973346727587256
202.93 48.06956890089507
202.955 48.10655647591043
203.0975 48.18882855753172
203.11 48.18765882545916
203.165 48.24772096402875
203.3225 48.515339496473366
203.3925 48.596790056079776
203.445 48.61446474793703
203.525 48.69166224792072
203.575 48.736109667082054
203.6175 48.74360078021808
203.6925 48.86087058775398
203.76 48.92038332720933
203.7825 48.91634394178271
203.8525 48.92274560515727
203.92 48.948325029095116
204.01 49.05790708754054
204.0875 49.06818676536311
204.1475 49.1366590014246
204.1825 49.13806957035836
204.2325 49.22275432337133
204.28 49.28029306026014
204.3575 49.367941883952604
204.46 49.41792249609235
204.5025 49.462011756587096
204.645 49.61603736651026
204.7075 49.67251394939222
204.8075 49.77368499918406
204.855 49.844102140049465
204.9325 49.94821291815303
204.9975 50.026776247096926
205.035 50.06197685777734
205.12 50.13519244904102
205.21 50.229968267361826
205.2925 50.27976244862202
205.3025 50.29065451119074
205.35 50.33243678524744
205.545 50.55440296922183
205.61 50.618580589306234
205.675 50.71587029100671
205.705 50.759961506241744
205.73 50.76522910031046
205.8175 50.86379459646061
205.8825 50.92625106523599
205.9075 50.93347835925022
205.9625 50.96872430541749
205.9675 50.96244113814061
206.0175 51.0162524718382
206.0175 51.0162524718382
206.1025 51.06293933438258
206.1475 51.09174298751099
206.2625 51.25407123851869
206.2675 51.256780191937075
206.4225 51.40875478783786
206.565 51.58689062257128
206.6575 51.660320165476165
206.7375 51.73961082101302
206.79 51.798936400908175
206.9375 52.01546023904672
207.1275 52.13128458315951
207.27 52.35889530344149
207.4075 52.45954582996171
207.4675 52.50750175856927
207.515 52.53393706147454
207.61 52.651145085824744
207.625 52.67226342362467
207.685 52.70439228572655
207.7025 52.718123016358945
207.8425 52.90708026983101
207.91 52.964312730637715
207.9275 52.964008784580905
207.9775 52.94788798717926
208.005 52.97535238155515
208.095 53.133793154344865
208.1725 53.18478184617314
208.21 53.23173792393975
208.215 53.23303457405425
208.265 53.29822371161642
208.3525 53.345833634949955
208.385 53.38064857279804
208.49 53.4586961142693
208.655 53.690915134312554
208.6675 53.70339385820843
208.7475 53.774537374460806
208.8575 53.82221411429674
208.9975 53.98279978002372
209.065 54.026237310193565
209.0925 54.05204411575351
209.195 54.04519478037394
209.245 54.092397426294106
209.3075 54.164404105372746
209.44 54.35917631883841
209.505 54.41439269775803
209.5375 54.42640798461375
209.5575 54.43466827434223
209.615 54.51299256092468
209.6425 54.53562929249018
209.72 54.578889407546704
209.825 54.70017835336436
209.87 54.72006905557415
209.96 54.78859952853218
210.0275 54.835142562272814
210.0625 54.86039712502904
210.0725 54.848702983970206
210.095 54.844424179486765
210.2 54.92878538917845
210.24 54.97681750591646
210.2575 55.005915656377304
210.305 55.04884143812296
210.355 55.03799097499103
210.3925 55.03905491291736
210.4775 55.12027575901343
210.49 55.123299272207156
210.515 55.148948613427415
210.555 55.17279240057184
210.595 55.25325445310512
210.6175 55.25187468149635
210.78 55.38353338052865
210.8975 55.45081590906688
210.915 55.458248228922365
210.955 55.51252133556261
211.04 55.61631836597725
211.095 55.633351618119654
211.1175 55.66164718600523
211.1875 55.70478994915158
211.21 55.715223527020164
211.305 55.80052955728646
211.4 55.88966423418777
211.435 55.905702611456434
211.455 55.9178995435424
211.605 56.05552383298393
211.7175 56.125598413260285
211.7725 56.1817472998311
211.875 56.32708318717977
211.9225 56.40341900846801
212.0925 56.62414954451464
212.095 56.62144876789812
212.13 56.66088748169029
212.15 56.68777981607305
212.2225 56.718398378685805
212.255 56.76136265421183
212.29 56.80069364451561
212.415 56.87953830110346
212.46 56.92933854335325
212.47 56.93910499029972
212.525 56.95286569733704
212.535 56.95277252138251
212.595 57.032375365223444
212.6175 57.03542753186112
212.6725 57.09314562929002
212.7 57.10311688031417
212.74 57.12207159959957
212.765 57.14557547172828
212.7825 57.139161688793806
212.83 57.18048714498394
212.8925 57.25684567561248
212.9125 57.292542167239944
212.9625 57.34604873382048
213.03 57.41654748333554
213.04 57.41776205364552
213.1175 57.48971671664591
213.155 57.48823441688276
213.175 57.49340170009795
213.215 57.54774934189784
213.215 57.54774934189784
213.3375 57.63660787172238
213.385 57.6436923616657
213.39 57.65104034678238
213.3975 57.65871706270141
213.43 57.70639162643235
213.44 57.71186814387319
213.455 57.71738989568455
213.5075 57.72033428513288
213.56 57.77013186040817
213.59 57.77173934835413
213.66 57.858092334268214
213.6825 57.88041008051735
213.73 57.89937410630949
213.79 57.95545222887844
213.835 58.00912944419685
213.86 58.02136242904561
213.8725 58.03178744612944
213.8775 58.031021816924806
213.9925 58.17297536294855
214.0575 58.276469328080296
214.0575 58.276469328080296
214.065 58.28526606527911
214.1 58.30084678561614
214.1175 58.288662310456516
214.135 58.29811414309044
214.1625 58.31440049749042
214.26 58.384958715882604
214.3125 58.413118897420254
214.4425 58.66302824056165
214.59 58.85951455003971
214.6075 58.85912367083914
214.7175 58.916798794785876
214.76 58.94536109392424
214.83 59.02182282395072
214.8675 59.0574480608867
214.98 59.17454379453734
215.0125 59.19603074801902
215.0525 59.21232868740881
215.0725 59.227270583118276
215.0775 59.22996902150008
215.13 59.25903003594469
215.245 59.33195029161561
215.285 59.3297463208644
215.3 59.33751912972601
215.325 59.36564431264799
215.385 59.421759119206676
215.4475 59.48514812378917
215.4525 59.493441493377254
215.4575 59.49592759593408
215.5275 59.51318356063555
215.5625 59.51168494132639
215.585 59.50456929689526
215.6425 59.51255644162649
215.685 59.53849019557385
215.725 59.539193136951674
215.725 59.539193136951674
215.7875 59.60587991045735
215.87 59.70459696391287
215.885 59.70244762835116
215.925 59.71659706443601
215.955 59.74185581877114
215.965 59.729459108187996
216.005 59.73424646088962
216.025 59.76474006631317
216.0425 59.77214301077149
216.055 59.77803728944039
216.06 59.77518499282256
216.0875 59.76371784966195
216.105 59.783413633566404
216.1075 59.78319983472025
216.165 59.87080604744654
216.165 59.87080604744654
216.2125 59.908815515502994
216.29 59.972842414580505
216.305 59.979612514559854
216.315 59.98331662088264
216.38 60.079010139350295
216.3975 60.10351515858299
216.4475 60.12181829455765
216.45 60.12550494949547
216.47 60.14791196826943
216.49 60.16439639223141
216.525 60.19155384223281
216.555 60.22446103647519
216.57 60.23836755887148
216.635 60.336119647916625
216.635 60.336119647916625
216.6725 60.32712446472757
216.7 60.37214585381041
216.7975 60.45036643605074
216.8075 60.45983943064985
216.8525 60.507972716021165
216.9775 60.67545947892542
216.995 60.70144814795661
217.015 60.72420490485365
217.03 60.73285519078218
217.0625 60.749973603830334
217.1 60.80577009705869
217.1225 60.83881734443761
217.1625 60.83995783477056
217.1975 60.859599549468335
217.2725 60.95301330565047
217.3 60.975055939363614
217.305 60.97478479236805
217.4075 61.05615252332217
217.515 61.188600499102805
217.5725 61.17835182615829
217.5725 61.17835182615829
217.6225 61.20559737628361
217.6425 61.21798547757369
217.7325 61.290693666842394
217.76 61.318205313581984
217.785 61.34213353546936
217.7925 61.33811946803426
217.835 61.389523674819905
217.8575 61.38309661003428
217.8675 61.39812379671871
217.9525 61.466376076558944
217.965 61.47302205480619
217.9875 61.47494452828698
218.0075 61.47795839127996
218.0175 61.49114688458401
218.0275 61.493259956071896
218.04 61.497364230177105
218.0475 61.49764380846223
218.0675 61.516508310724426
218.1 61.54351716982081
218.1175 61.573617172167005
218.1475 61.608585164386405
218.1575 61.60986051266863
218.165 61.622393853860935
218.26 61.78157981555373
218.2925 61.83088440725422
218.3125 61.82997676113791
218.325 61.829952723718684
218.355 61.850188214974594
218.365 61.85563373113526
218.39 61.833300869114716
218.4625 61.87371444663933
218.52 61.94106448339963
218.565 61.928949356989584
218.5675 61.92969443300777
218.6 61.92805385944654
218.6875 61.9993325794752
218.6975 62.008102290645176
218.715 62.0163390396826
218.7725 62.03183198144089
218.8175 62.06385095806323
218.87 62.101883263562115
218.875 62.1066495626666
218.95 62.198499311846916
218.9825 62.214049286803544
219.0075 62.23038421582792
219.02 62.25145503976763
219.0525 62.27282412522063
219.055 62.27266117979073
219.0725 62.29129152618364
219.11 62.323536316336515
219.1875 62.361414562875765
219.1925 62.35834866567901
219.2225 62.39500713112882
219.265 62.44360479444357
219.27 62.44558762849339
219.2725 62.44325178405352
219.2875 62.46065970884446
219.3 62.45154316792405
219.32 62.47893342080796
219.3475 62.4708532287571
219.3875 62.50450672112036
219.43 62.56675113776419
219.44 62.57708257884913
219.5 62.61310166910582
219.515 62.61042130564275
219.535 62.63239813882891
219.5425 62.63417192808082
219.55 62.63810274021424
219.5725 62.62399260117197
219.62 62.66381765064424
219.8025 63.06820110990204
219.8075 63.0698835143061
219.8375 63.11376853328499
219.9275 63.22758023503655
219.96 63.24672786581276
220.0025 63.22809687190134
220.0475 63.270345854758254
220.0675 63.277606727352
220.1175 63.328542728813794
220.1575 63.353826466204
220.1575 63.353826466204
220.2225 63.41413236795075
220.2425 63.40047885978116
220.2825 63.42904893707086
220.355 63.52305052053386
220.43 63.68079895222731
220.4375 63.68982718109657
220.48 63.68177769985509
220.58 63.76108095308126
220.585 63.755381819016655
220.7475 64.1644183678197
220.7675 64.17034545094897
220.8225 64.2382805623876
220.8275 64.23837213315649
220.8475 64.25057910162069
220.86 64.26322901359742
220.86 64.26322901359742
220.9475 64.31981453585989
220.9575 64.33491992030017
220.9875 64.31749971595724
220.9925 64.32053605146208
221.0125 64.33337643015206
221.08 64.39042054391537
221.0925 64.39561271873875
221.1475 64.44377001011345
221.34 64.85786442847761
221.365 64.8735500560212
221.365 64.8735500560212
221.3675 64.87631396659617
221.3875 64.87905253679806
221.4025 64.86599641270661
221.41 64.87382111323716
221.455 64.86279328274836
221.475 64.8769269043755
221.555 65.0158118825216
221.6175 65.06204754915966
221.6775 65.0672204163962
221.69 65.06316484212937
221.7025 65.06603168588953
221.775 65.1638495187717
221.8075 65.17682077401263
221.825 65.20347952508162
221.855 65.21115390208602
221.855 65.21115390208602
221.8625 65.20806091090051
221.865 65.20610838497711
221.8775 65.21054756050913
221.91 65.22837055612196
221.935 65.24612706031255
221.935 65.24612706031255
221.9625 65.281702793735
221.9825 65.30808622527537
221.9925 65.32311099287324
222.135 65.45247748183898
222.1725 65.49134782205537
222.22 65.55740856128772
222.25 65.55752998070828
222.335 65.65009667923182
222.3525 65.65400829161874
222.3625 65.66950737594097
222.4075 65.66489771742822
222.4825 65.69754487805268
222.485 65.69908856138913
222.4925 65.69571791936802
222.5125 65.70508954594249
222.5525 65.74361202354467
222.5825 65.77860004613997
222.5875 65.7822085936563
222.605 65.76716981733541
222.61 65.76346966537
222.65 65.8187863820124
222.695 65.8028075910031
222.735 65.83789228153569
222.7375 65.83600130312054
222.745 65.83549852535944
222.755 65.84511712580999
222.7575 65.84337766037798
222.795 65.87041532067448
222.805 65.86748159307645
222.9625 66.2178949058121
223.03 66.27956189812038
223.03 66.27956189812038
223.06 66.26654864512469
223.1375 66.41848660541515
223.1425 66.42412889812586
223.18 66.45530817761083
223.2175 66.4310850059582
223.25 66.46570252404634
223.285 66.48348548551652
223.295 66.4981991343385
223.3275 66.5103923015429
223.39 66.56257296822432
223.4475 66.59334114689224
223.4625 66.5948172221461
223.5 66.60995501901006
223.525 66.6392929825302
223.5425 66.64749097916038
223.59 66.6770514231329
223.59 66.6770514231329
223.62 66.7030525652831
223.6425 66.72475128685662
223.65 66.72107708707624
223.67 66.71937832673038
223.7025 66.75310078438613
223.73 66.75752998547952
223.795 66.79869427575797
223.865 66.82352508196846
223.87 66.83072670965566
223.9025 66.87298025443565
223.905 66.871449164735
223.905 66.871449164735
223.9125 66.87778511155088
223.9125 66.87778511155088
223.9175 66.87419825119154
223.945 66.90509950986939
223.945 66.90509950986939
224.0325 67.01259062951219
224.045 67.02845658741222
224.0575 67.02728933534878
224.115 67.07048409916696
224.155 67.12919548235048
224.1675 67.14016455051211
224.1775 67.13298027087787
224.18 67.13629198971047
224.195 67.15310043939361
224.2 67.16024212771518
224.205 67.16082336633504
224.235 67.19113100035133
224.235 67.19113100035133
224.295 67.26729581570785
224.3 67.26891096917454
224.3 67.26891096917454
224.3175 67.27072827280033
224.3225 67.27710423831688
224.34 67.2637340057069
224.445 67.43950684765441
224.5875 67.60045947626203
224.5875 67.60045947626203
224.59 67.59884544044445
224.5925 67.59663879010303
224.605 67.59619465557871
224.62 67.61175775879539
224.6875 67.65725551653745
224.73 67.67615664118459
224.9225 68.0429371453733
224.935 68.05839924016668
224.935 68.05839924016668
224.97 68.10335295236348
224.985 68.09240408715176
225.0025 68.07902346203582
225.0125 68.08071366559359
225.0175 68.0823302948201
225.0175 68.0823302948201
225.0225 68.07769612462694
225.0425 68.07665703301672
225.0575 68.06936529647402
225.0725 68.07310171956435
225.105 68.12253536665358
225.1175 68.13794587698855
225.14 68.1694156975523
225.1975 68.17044818877031
225.2125 68.19353188528021
225.235 68.18648341607602
225.2575 68.16532720923392
225.2575 68.16532720923392
225.2725 68.15491258072377
225.2825 68.17058918835795
225.2825 68.17058918835795
225.3375 68.2249543733746
225.34 68.22853740661465
225.3425 68.23212015998708
225.3425 68.23212015998708
225.355 68.25002973038004
225.4275 68.38152004822004
225.47 68.43978451990785
225.4825 68.44006316886471
225.525 68.40799618778514
225.5375 68.42129007055208
225.575 68.45434150650253
225.585 68.44416358910212
225.59 68.45063009900788
225.595 68.45300023776844
225.5975 68.45224708812896
225.66 68.4899115562374
225.66 68.4899115562374
225.6825 68.51490391749468
225.7075 68.52962739603075
225.7075 68.52962739603075
225.735 68.55490130629904
225.75 68.55729449362305
225.775 68.5669465391095
225.825 68.60534046942826
225.825 68.60534046942826
225.8525 68.61251956495482
225.88 68.6203434808095
225.8825 68.62067611323721
225.89 68.62233004077669
225.8925 68.6226622988078
225.945 68.63443255148674
225.9525 68.64016378079833
225.9525 68.64016378079833
225.9625 68.64367076191054
225.9625 68.64367076191054
225.9875 68.64419039396982
226.005 68.66690545583877
226.04 68.67505900734326
226.0525 68.67115043726861
226.0525 68.67115043726861
226.0925 68.68758201927447
226.115 68.69458098584646
226.15 68.68226894610044
226.25 68.82214839815502
226.25 68.82214839815502
226.38 69.12161635341829
226.3825 69.11895891759595
226.44 69.13726456614836
226.4475 69.12906971093169
226.4475 69.12906971093169
226.45 69.1287275755911
226.4625 69.13179514612034
226.465 69.13514562399189
226.5725 69.37249399007499
226.5975 69.37921041130853
226.6425 69.45669502902831
226.68 69.4821005934521
226.68 69.4821005934521
226.7075 69.48553621746969
226.755 69.4937889914305
226.79 69.52847374152569
226.905 69.712306891719
226.91 69.71346253467273
226.915 69.70908815365482
226.935 69.69273363415829
227.095 69.8695439119083
227.1 69.86738734752028
227.1175 69.86907974297482
227.12 69.87251469918615
227.135 69.87392024864236
227.155 69.89400861698158
227.1625 69.89356180097364
227.1725 69.88451223313061
227.205 69.90519576894384
227.2225 69.89411260951695
227.2225 69.89411260951695
227.2225 69.89411260951695
227.2375 69.87966480451598
227.395 70.20116972164962
227.4075 70.2035227892093
227.425 70.19493240732976
227.475 70.20074469472961
227.48 70.20092458269583
227.4825 70.20283285542085
227.5075 70.23481048956872
227.5725 70.25960973204742
227.5725 70.25960973204742
227.59 70.24749310729764
227.59 70.24749310729764
227.6075 70.27278117071242
227.6225 70.2668077693345
227.6675 70.26945772959978
227.7075 70.31963102067311
227.7075 70.31963102067311
227.7275 70.33700919379433
227.7475 70.32469834807104
227.77 70.3186888209449
227.7725 70.31780703515149
227.79 70.30280225571568
227.79 70.30280225571568
227.795 70.29797459059147
227.795 70.29797459059147
227.8325 70.33043371210412
227.8325 70.33043371210412
227.8325 70.33043371210412
227.84 70.32970378184847
227.8675 70.36224840958091
227.8725 70.36353834309502
227.8725 70.36353834309502
227.88 70.3702747576121
227.88 70.3702747576121
227.92 70.41357247708885
227.9275 70.41518029352552
227.9275 70.41518029352552
227.99 70.44794916764722
227.9975 70.44080761868406
228.0275 70.47661268051021
228.0325 70.4835715686737
228.0325 70.4835715686737
228.055 70.5094422883543
228.055 70.5094422883543
228.065 70.50900775942762
228.0825 70.52656016254043
228.0825 70.52656016254043
228.0825 70.52656016254043
228.09 70.51962969780756
228.1125 70.49868739846262
228.13 70.52375557303489
228.1425 70.5124080808954
228.18 70.52052204881599
228.18 70.52052204881599
228.2575 70.65769123324813
228.275 70.6514962148483
228.2775 70.64897090625348
228.3325 70.71545296368987
228.475 71.04233344581777
228.485 71.03338618171419
228.4875 71.03262902873186
228.6 71.0710480247348
228.61 71.08448603734853
228.6125 71.0831616037124
228.63 71.07114030131831
228.6675 71.0780173431757
228.6675 71.0780173431757
228.675 71.07375551780179
228.7175 71.07048586580444
228.865 71.35212458015981
228.8725 71.34456042072878
228.89 71.33813364281086
228.8925 71.33968132403079
228.905 71.33675167944804
228.9125 71.33023444993957
229.0625 71.66425748587123
229.0625 71.66425748587123
229.075 71.67765679138729
229.08 71.67960698533425
229.08 71.67960698533425
229.09 71.67512507448484
229.09 71.67512507448484
229.1075 71.6589645665736
229.1475 71.62779781988036
229.16 71.61693676805822
229.2475 71.72816675569412
229.2825 71.73766834847002
229.2825 71.73766834847002
229.4825 72.10746529964798
229.485 72.10612936751951
229.5175 72.15018541430881
229.5725 72.15400192464836
229.62 72.14986211528108
229.6225 72.147550756073
229.6225 72.147550756073
229.625 72.14593314655362
229.6325 72.1550267036071
229.6675 72.17254005626182
229.6775 72.17674727576131
229.7025 72.16312000330063
229.7025 72.16312000330063
229.72 72.1716879439288
229.7325 72.16136446813066
229.735 72.15995148451678
229.735 72.15995148451678
229.785 72.15193103056427
229.82 72.20446285077868
229.8375 72.21542375445163
229.85 72.22768546883684
229.86 72.23463645218428
230.0475 72.56407289143324
230.0625 72.57475430515123
230.085 72.57835281005471
230.09 72.57862268318561
230.095 72.581996098875
230.095 72.581996098875
230.0975 72.58023392560736
230.1175 72.56820153202086
230.1225 72.56874514703473
230.18 72.59183541012216
230.1925 72.58280287258863
230.255 72.68864783723453
230.265 72.68523718493866
230.28 72.6752620713984
230.2875 72.68504824961458
230.3025 72.6947670413353
230.3025 72.6947670413353
230.3375 72.6733986568704
230.3375 72.6733986568704
230.3575 72.70030165739587
230.37 72.71383793876332
230.3725 72.71131213497983
230.42 72.76545962985404
230.4225 72.76506673824865
230.4225 72.76506673824865
230.43 72.7620986761287
230.44 72.76396528024101
230.45 72.77683755911897
230.55 72.90494780375221
230.5525 72.90324648419242
230.5575 72.90444442055879
230.585 72.9336473868642
230.635 72.96019985892528
230.7025 73.0734983694837
230.7025 73.0734983694837
230.7425 73.148698613756
230.7725 73.15345192238166
230.805 73.16339985845774
230.805 73.16339985845774
230.8075 73.16238009439238
230.8575 73.20593267949214
230.885 73.18491521323544
230.89 73.18246026619535
230.905 73.19841860045202
230.9125 73.20089006722037
230.9125 73.20089006722037
230.9175 73.20281079395218
230.9625 73.17021897555834
231.05 73.24413545959874
231.05 73.24413545959874
231.0675 73.25129783521372
231.08 73.24274178394765
231.1325 73.29541401680514
231.1325 73.29541401680514
231.1425 73.29990305918301
231.165 73.31590415627991
231.1925 73.31884143510948
231.215 73.3077165217076
231.225 73.3074133090069
231.2375 73.3148172048273
231.24 73.31323849533132
231.28 73.31828601262973
231.28 73.31828601262973
231.2975 73.30360336697804
231.2975 73.30360336697804
231.3175 73.29539181849898
231.32 73.29421978107585
231.3525 73.3377718486502
231.4275 73.33027277244447
231.455 73.3128327054625
231.5675 73.45776335757078
231.5725 73.45752005626122
231.5725 73.45752005626122
231.5975 73.48614332189037
231.6175 73.49823931720013
231.62 73.49671972110185
231.68 73.53255330460361
231.6975 73.53429546485008
231.7075 73.52589350030887
231.77 73.60665407696176
231.7725 73.60567565147495
231.785 73.60350276667822
231.785 73.60350276667822
231.8 73.61048246622988
231.8625 73.62208471611937
231.895 73.65663989587735
231.9 73.6520249278318
231.92 73.66550657243339
231.925 73.67189973805338
231.94 73.69025863553615
231.955 73.69638336547764
231.96 73.69264996132856
231.96 73.69264996132856
231.9625 73.6931607829567
232.0225 73.74199513206547
232.035 73.73557447853513
232.035 73.73557447853513
232.0475 73.74524184392008
232.0725 73.7241738577909
232.08 73.72386051687675
232.11 73.73400694201192
232.12 73.73657133634951
232.12 73.73657133634951
232.165 73.76594433191363
232.205 73.839646137269
232.215 73.8531762319633
232.22 73.8497720784909
232.2375 73.84304020680456
232.26 73.84123549938123
232.2975 73.82315908488059
232.315 73.81810188027389
232.315 73.81810188027389
232.315 73.81810188027389
232.44 73.87217183903061
232.4575 73.87887589920527
232.4575 73.87887589920527
232.4575 73.87887589920527
232.46 73.87726790692618
232.4725 73.86814179140183
232.4725 73.86814179140183
232.48 73.86128188165634
232.4975 73.86248762123431
232.4975 73.86248762123431
232.4975 73.86248762123431
232.535 73.91368490354158
232.535 73.91368490354158
232.545 73.91645640965342
232.545 73.91645640965342
232.545 73.91645640965342
232.555 73.92071641559119
232.57 73.91667398744825
232.57 73.91667398744825
232.5775 73.91427903020973
232.5775 73.91427903020973
232.5775 73.91427903020973
232.5775 73.91427903020973
232.61 73.90280732938332
232.6125 73.9011269498347
232.6125 73.9011269498347
232.7025 73.94583474980902
232.72 73.94800189139433
232.7825 74.04962442407583
232.7825 74.04962442407583
232.7825 74.04962442407583
232.82 74.0824396184736
232.8225 74.08264838840662
232.825 74.08130279821206
232.825 74.08130279821206
232.825 74.08130279821206
232.8475 74.08939392122542
232.8475 74.08939392122542
232.8525 74.09568784650571
232.8575 74.09941361186362
232.86 74.09745907790806
232.88 74.11593664712977
232.96 74.31353528737971
232.96 74.31353528737971
233.01 74.35503169539383
233.0125 74.35779175879331
233.0375 74.36007241262945
233.055 74.37029414230868
233.065 74.36355423019525
233.065 74.36355423019525
233.0675 74.3640905693587
233.1025 74.38754181125296
233.1125 74.39466076734526
233.12 74.3906113284282
233.125 74.38622865670237
233.1325 74.38823465824052
233.1325 74.38823465824052
233.1525 74.41807109420218
233.1575 74.41987699105806
233.1575 74.41987699105806
233.225 74.47289533901048
233.26 74.46478130343361
233.2725 74.4676273837175
233.2725 74.4676273837175
233.2825 74.46375801571044
233.3325 74.4978311920246
233.3475 74.51570291708008
233.355 74.51929536520825
233.355 74.51929536520825
233.3575 74.51767104433924
233.3625 74.51825149590877
233.3625 74.51825149590877
233.3775 74.53772423523348
233.3775 74.53772423523348
233.39 74.52745015115268
233.39 74.52745015115268
233.39 74.52745015115268
233.3975 74.52143180654902
233.4075 74.52802813352723
233.4075 74.52802813352723
233.4125 74.53021726358166
233.415 74.52865842182918
233.4225 74.53728095097418
233.4225 74.53728095097418
233.425 74.53478159278308
233.425 74.53478159278308
233.47 74.55687432683006
233.4725 74.55947718632333
233.4725 74.55947718632333
233.475 74.55737977288508
233.4875 74.55595604629785
233.52 74.6009801061018
233.52 74.6009801061018
233.5225 74.60270738174218
233.62 74.75641277886771
233.62 74.75641277886771
233.62 74.75641277886771
233.64 74.74204550792267
233.64 74.74204550792267
233.6425 74.74503809383984
233.7 74.7686963069058
233.705 74.77059098733764
233.7225 74.76392880301687
233.7225 74.76392880301687
233.8675 75.0621099102618
233.875 75.07062590382466
233.9 75.08993356404905
233.93 75.13235780265546
233.9425 75.1198737888156
234.0475 75.33815461421823
234.075 75.31869294460465
234.075 75.31869294460465
234.0775 75.31832483745508
234.1075 75.34247842398625
234.135 75.36372727802508
234.14 75.36345243188556
234.26 75.6273215491985
234.2875 75.63049853819822
234.2875 75.63049853819822
234.2875 75.63049853819822
234.2875 75.63049853819822
234.4225 75.88520738341921
234.4575 75.93301635300394
234.47 75.92552242951803
234.475 75.9278649498641
234.4775 75.92616790320439
234.525 76.00332233697293
234.58 76.01872900113953
234.62 76.07634397525133
234.63 76.0762617180699
234.635 76.08227399019708
234.7225 76.27355414937888
234.8 76.38116654813598
234.8 76.38116654813598
234.805 76.3763946981255
234.825 76.40501641362606
234.83 76.40260334076692
234.8325 76.40064310320443
234.99 76.7050485991683
234.99 76.7050485991683
234.9925 76.7071373791652
234.9925 76.7071373791652
235.0025 76.71353336603563
235.01 76.71040025240131
235.045 76.75742702340979
235.135 76.86486215295146
235.1675 76.8993096427361
235.175 76.90163653738253
235.1925 76.88401578744788
235.215 76.90088398352007
235.22 76.90679370932266
235.22 76.90679370932266
235.34 77.16370388009902
235.34 77.16370388009902
235.34 77.16370388009902
235.3475 77.1662006444686
235.3475 77.1662006444686
235.3475 77.1662006444686
235.35 77.16897896268065
235.3775 77.17507683414011
235.3775 77.17507683414011
235.3775 77.17507683414011
235.3775 77.17507683414011
235.3775 77.17507683414011
235.3775 77.17507683414011
235.395 77.18614578651224
235.4075 77.18556184576762
235.6075 77.4769920629596
235.6075 77.4769920629596
235.6325 77.47982865598433
235.6375 77.47687995401787
235.64 77.47621315284864
235.64 77.47621315284864
235.6425 77.47451238204751
235.6425 77.47451238204751
235.6425 77.47451238204751
235.65 77.47108952467471
235.655 77.47666918392135
235.6725 77.48194666387465
235.6725 77.48194666387465
235.675 77.48476777112849
235.675 77.48476777112849
235.6825 77.48412050163795
235.6825 77.48412050163795
235.6875 77.48478695209315
235.69 77.48289100180432
235.69 77.48289100180432
235.7075 77.47381611860862
235.7225 77.48201289107085
235.7225 77.48201289107085
235.7225 77.48201289107085
235.7325 77.48269422025508
235.7325 77.48269422025508
235.7475 77.49036837077084
235.7825 77.4634651257392
235.785 77.46188872766135
235.7975 77.44973900110422
235.8025 77.44496851109567
235.83 77.47169437469799
235.8675 77.48885789339012
235.8675 77.48885789339012
235.925 77.56142141951622
235.925 77.56142141951622
235.925 77.56142141951622
235.93 77.55652046948826
235.9325 77.55933055374433
235.9775 77.61781464449862
235.985 77.61036648691206
235.9925 77.6029168887164
235.9925 77.6029168887164
236.0025 77.59885289882867
236.01 77.60165862774602
236.01 77.60165862774602
236.01 77.60165862774602
236.01 77.60165862774602
236.01 77.60165862774602
236.01 77.60165862774602
236.0425 77.63096290625401
236.08 77.63799438880362
236.08 77.63799438880362
236.11 77.62480217295555
236.13 77.62399729590842
236.135 77.62979296600578
236.155 77.63517244136186
236.1775 77.66391116613964
236.1775 77.66391116613964
236.1825 77.66325495504756
236.2275 77.72151591609216
236.235 77.72390901479844
236.265 77.73096167553666
236.345 77.91591356702253
236.35 77.91216452985472
236.35 77.91216452985472
236.37 77.91650548686118
236.37 77.91650548686118
236.4 77.94269580779985
236.41 77.95497497051308
236.4175 77.96312272081262
236.425 77.95701376395691
236.425 77.95701376395691
236.4525 77.95509277373549
236.455 77.95716531872276
236.46 77.9536680853437
236.4625 77.95368538485742
236.4925 77.98470658935179
236.495 77.98504381497486
236.495 77.98504381497486
236.495 77.98504381497486
236.4975 77.983583483103
236.505 77.98735480439576
236.5075 77.98602258352447
236.5075 77.98602258352447
236.51 77.9848828455909
236.51 77.9848828455909
236.5425 77.99785429961624
236.565 78.00260433378845
236.5675 78.00197644394333
236.5775 77.99477851493968
236.5875 77.99675769872987
236.595 77.99140529009529
236.6375 78.05654760832479
236.6425 78.05483899870599
236.6525 78.05918132087734
236.66 78.05401935468645
236.6725 78.04887749255154
236.6825 78.0436589969809
236.7025 78.0266729770649
236.83 78.18748431417413
236.8575 78.17479656047456
236.8975 78.15276266159479
236.905 78.14681459143738
236.97 78.17978766278887
236.975 78.18126221929874
237.075 78.27722228983207
237.09 78.26799632711523
237.235 78.54869283720154
237.2375 78.54913144850279
237.2425 78.5455469612014
237.2475 78.54559508262446
237.255 78.5402169725974
237.255 78.5402169725974
237.255 78.5402169725974
237.2725 78.53257254119112
237.275 78.53262756326163
237.315 78.56332490434075
237.315 78.56332490434075
237.4625 78.83326993923077
237.4625 78.83326993923077
237.4625 78.83326993923077
237.4625 78.83326993923077
237.5675 79.02115775516201
237.6175 79.04295306532138
237.6475 79.05955831492594
237.6475 79.05955831492594
237.6475 79.05955831492594
237.66 79.05280565927589
237.66 79.05280565927589
237.66 79.05280565927589
237.66 79.05280565927589
237.695 79.0848594469394
237.695 79.0848594469394
237.695 79.0848594469394
237.7025 79.08004527503057
237.7575 79.15135731910601
237.7575 79.15135731910601
237.7575 79.15135731910601
237.7575 79.15135731910601
237.9075 79.43578537881041
237.9175 79.4365526765003
237.92 79.43570443398656
237.92 79.43570443398656
237.9425 79.42132192755895
237.9525 79.41754640566765
237.9525 79.41754640566765
237.955 79.41575128360827
237.9775 79.42776880172961
238.055 79.50609094983002
238.0575 79.5070651609853
238.225 79.79158945142008
238.225 79.79158945142008
238.225 79.79158945142008
238.23 79.79709625489747
238.2325 79.79511274992633
238.2325 79.79511274992633
238.235 79.79620334066335
238.25 79.78367184371801
238.25 79.78367184371801
238.2925 79.82339357263517
238.2925 79.82339357263517
238.295 79.82454461130992
238.2975 79.8230614871509
238.315 79.83989470172453
238.315 79.83989470172453
238.33 79.84585336994947
238.3625 79.84586900551935
238.3625 79.84586900551935
238.3725 79.83942736174785
238.385 79.84805203802931
238.385 79.84805203802931
238.3875 79.84662922753068
238.3875 79.84662922753068
238.4 79.8469750477771
238.4075 79.85511876982075
238.4275 79.85977851227776
238.4275 79.85977851227776
238.4675 79.8483947956332
238.49 79.84960769980175
238.495 79.84518797368577
238.495 79.84518797368577
238.495 79.84518797368577
238.515 79.8412992525355
238.56 79.90285967178947
238.56 79.90285967178947
238.565 79.9008821209417
238.565 79.9008821209417
238.5975 79.88613920948522
238.6625 79.9312351129603
238.6725 79.94292547133955
238.6875 79.93152478570774
238.6875 79.93152478570774
238.6875 79.93152478570774
238.705 79.92150701848125
238.7075 79.92020077467795
238.7075 79.92020077467795
238.7075 79.92020077467795
238.7075 79.92020077467795
238.7075 79.92020077467795
238.7075 79.92020077467795
238.7525 79.94985126406705
238.7525 79.94985126406705
238.7525 79.94985126406705
238.895 80.22059058584915
238.895 80.22059058584915
238.895 80.22059058584915
238.9275 80.21344956186125
238.935 80.20858773805776
238.9825 80.219846194095
238.99 80.22371660476942
238.99 80.22371660476942
238.995 80.22015998229165
238.995 80.22015998229165
239.005 80.21479284545397
239.025 80.21316640727593
239.045 80.22913353224108
239.0475 80.2269480769847
239.0525 80.22725696232939
239.1 80.255412053985
239.105 80.25559279713154
239.1275 80.27994663076723
239.165 80.25349559018007
239.2025 80.28440680618058
239.29 80.32715272142042
239.3175 80.32368306624569
239.3225 80.32559520667536
239.3525 80.30415113561698
239.355 80.30289327499618
239.4075 80.26192381364805
239.4075 80.26192381364805
239.43 80.27353175159823
239.4675 80.31316329842046
239.63 80.58306359075753
239.6325 80.58378948435953
239.635 80.58258941698527
239.635 80.58258941698527
239.635 80.58258941698527
239.635 80.58258941698527
239.6525 80.58654964527051
239.6525 80.58654964527051
239.6825 80.60605351696266
239.7175 80.59400993123488
239.7175 80.59400993123488
239.73 80.5858219128322
239.755 80.596710616518
239.765 80.59233015367845
239.785 80.61822310973929
239.79 80.61985084604191
239.79 80.61985084604191
239.8 80.62434717066478
239.81 80.61959003785846
239.8175 80.61634721349968
239.8175 80.61634721349968
239.82 80.61806056717074
239.82 80.61806056717074
239.82 80.61806056717074
239.82 80.61806056717074
239.855 80.63464768950139
239.8675 80.6251385111984
239.875 80.62207684060623
239.875 80.62207684060623
239.8975 80.60531008418258
239.9025 80.60599948323241
239.905 80.6059093104823
239.925 80.6054335631282
239.965 80.66903458841435
239.9725 80.6680135137546
240.0625 80.79449722739652
240.0625 80.79449722739652
240.07 80.79768209416484
240.0975 80.77959006744416
240.12 80.78206965950505
240.12 80.78206965950505
240.12 80.78206965950505
240.12 80.78206965950505
240.1675 80.80934123471414
240.1675 80.80934123471414
240.24 80.89934041201381
240.255 80.90993756947823
240.255 80.90993756947823
240.255 80.90993756947823
240.2575 80.9090324572384
240.2575 80.9090324572384
240.2725 80.90044404116439
240.3625 80.9968159806222
240.3625 80.9968159806222
240.3725 80.99442180919158
240.3725 80.99442180919158
240.3775 80.99204981920997
240.38 80.99373791829541
240.38 80.99373791829541
240.38 80.99373791829541
240.385 80.99062369440067
240.385 80.99062369440067
240.3975 80.98095076456832
240.4425 81.0107562119224
240.4425 81.0107562119224
240.5875 81.2695870296506
240.5875 81.2695870296506
240.6475 81.35778761592024
240.6475 81.35778761592024
240.6475 81.35778761592024
240.6475 81.35778761592024
240.6475 81.35778761592024
240.7275 81.53020735985018
240.765 81.53935005265114
240.8225 81.58375070578714
240.8225 81.58375070578714
240.8225 81.58375070578714
240.8275 81.58897716753201
240.855 81.58774218345079
240.855 81.58774218345079
240.855 81.58774218345079
240.855 81.58774218345079
240.855 81.58774218345079
240.865 81.58174582321996
240.865 81.58174582321996
240.895 81.6182326129928
240.94 81.62563831933417
240.94 81.62563831933417
241.0 81.65858899372164
241.0 81.65858899372164
241.0325 81.68426618957076
241.06 81.71311211099228
241.06 81.71311211099228
241.07 81.71347174322243
241.0825 81.7223431532838
241.0825 81.7223431532838
241.0825 81.7223431532838
241.0825 81.7223431532838
241.0825 81.7223431532838
241.0875 81.71921365934307
241.09 81.71804696025676
241.1225 81.70660901172683
241.125 81.70544106039446
241.125 81.70544106039446
241.125 81.70544106039446
241.1575 81.69104588308224
241.16 81.6893250816185
241.185 81.71041252125097
241.185 81.71041252125097
241.2 81.69996085987825
241.2075 81.69724593731519
241.2275 81.68095228514258
241.23 81.67990333160478
241.24 81.67631955757187
241.24 81.67631955757187
241.2425 81.67471850765149
241.25 81.66911782312522
241.2525 81.66702592021646
241.2525 81.66702592021646
241.255 81.66536300288536
241.275 81.69055060147377
241.275 81.69055060147377
241.2775 81.68931646353987
241.2775 81.68931646353987
241.3275 81.68974391915414
241.3275 81.68974391915414
241.33 81.6885694450116
241.35 81.68750553604187
241.35 81.68750553604187
241.3525 81.68479816688327
241.355 81.68546148656334
241.37 81.67908202563669
241.37 81.67908202563669
241.3725 81.68023518437462
241.4 81.66478078416449
241.405 81.66996666044322
241.405 81.66996666044322
241.5425 81.88789732561526
241.5725 81.89887988799752
241.5775 81.90367365660754
241.58 81.90157773537963
241.6 81.91866902861186
241.605 81.92382661172755
241.605 81.92382661172755
241.605 81.92382661172755
241.605 81.92382661172755
241.605 81.92382661172755
241.605 81.92382661172755
241.6225 81.92424531977079
241.6225 81.92424531977079
241.655 81.95765550954208
241.71 81.97668034355982
241.7275 81.99533393574313
241.7325 81.99486197615138
241.735 81.99306893995826
241.855 82.22457099367472
241.91 82.27425609825134
241.91 82.27425609825134
241.91 82.27425609825134
241.91 82.27425609825134
241.9125 82.2756887236057
241.915 82.27310529461312
241.93 82.26003581244557
241.93 82.26003581244557
242.08 82.52615832880286
242.08 82.52615832880286
242.08 82.52615832880286
242.08 82.52615832880286
242.115 82.55698847118757
242.1475 82.57533894573194
242.1475 82.57533894573194
242.165 82.5670298486177
242.1775 82.56363870855014
242.18 82.56135944005965
242.2225 82.55570725122315
242.2225 82.55570725122315
242.2225 82.55570725122315
242.245 82.57283340191259
242.245 82.57283340191259
242.365 82.80197451588754
242.385 82.82364680807183
242.415 82.84090804099333
242.44 82.82990034092845
242.45 82.84072508232418
242.45 82.84072508232418
242.45 82.84072508232418
242.51 82.88961491239667
242.51 82.88961491239667
242.515 82.88704725862823
242.525 82.88770922413956
242.54 82.89051179829171
242.5425 82.888713751235
242.55 82.89473397720425
242.55 82.89473397720425
242.55 82.89473397720425
242.55 82.89473397720425
242.5675 82.90213446361462
242.5875 82.90145147746998
242.5875 82.90145147746998
242.5875 82.90145147746998
242.6025 82.89137904299562
242.6025 82.89137904299562
242.6075 82.88699391913788
242.68 82.93102280316438
242.6925 82.93837417708956
242.6925 82.93837417708956
242.7025 82.93225362978595
242.7025 82.93225362978595
242.7025 82.93225362978595
242.7025 82.93225362978595
242.785 83.09858900347201
242.8125 83.11407691225489
242.855 83.1453571344562
242.855 83.1453571344562
242.855 83.1453571344562
242.855 83.1453571344562
242.8625 83.13850556531892
242.8625 83.13850556531892
242.8775 83.13593972730995
242.8775 83.13593972730995
242.8775 83.13593972730995
242.91 83.16163010007152
242.91 83.16163010007152
242.98 83.25685695657656
242.9975 83.27158993836714
242.9975 83.27158993836714
242.9975 83.27158993836714
243.0 83.27008697143464
243.0725 83.34583315097134
243.0975 83.37457432157662
243.115 83.37635333455904
243.13 83.37729196861712
243.1375 83.37421765126938
243.1375 83.37421765126938
243.1375 83.37421765126938
243.1425 83.37036623529832
243.145 83.36892074497968
243.18 83.34729188059927
243.18 83.34729188059927
243.18 83.34729188059927
243.1975 83.34010415130238
243.2225 83.35295518259737
243.225 83.35072617825861
243.23 83.35425613019875
243.2375 83.36162212795986
243.2375 83.36162212795986
243.2375 83.36162212795986
243.25 83.35101522881766
243.25 83.35101522881766
243.2575 83.35411555210885
243.2575 83.35411555210885
243.3125 83.32118799688057
243.3875 83.41473110582344
243.3875 83.41473110582344
243.4025 83.42384200886099
243.4025 83.42384200886099
243.405 83.42238964371211
243.485 83.58790850392224
243.565 83.75302374381937
243.575 83.74638019188693
243.575 83.74638019188693
243.615 83.80585332370364
243.615 83.80585332370364
243.6425 83.81096312938926
243.6425 83.81096312938926
243.6425 83.81096312938926
243.7975 84.03732405034043
243.7975 84.03732405034043
243.88 84.19951037229197
243.885 84.19725795897247
243.885 84.19725795897247
243.885 84.19725795897247
243.915 84.19836388315849
243.92 84.20324419472297
243.92 84.20324419472297
243.945 84.1976753578718
243.955 84.19583807372061
244.05 84.31763949739727
244.05 84.31763949739727
244.085 84.35667036336541
244.085 84.35667036336541
244.085 84.35667036336541
244.11 84.34002282019878
244.11 84.34002282019878
244.11 84.34002282019878
244.1175 84.33618401176969
244.13 84.3452176752234
244.1475 84.33043799373543
244.1525 84.32734206367704
244.1525 84.32734206367704
244.155 84.32522994636234
244.155 84.32522994636234
244.1575 84.32288022186583
244.1625 84.31966467594508
244.175 84.30969416777255
244.19 84.3036047403388
244.19 84.3036047403388
244.19 84.3036047403388
244.19 84.3036047403388
244.31 84.52528944460721
244.31 84.52528944460721
244.45 84.76974629759843
244.47 84.7592429271107
244.475 84.76405816704491
244.495 84.7875647658527
244.525 84.80279339272376
244.5425 84.80808456603468
244.5725 84.82771906135076
244.5725 84.82771906135076
244.5725 84.82771906135076
244.575 84.82537093607714
244.655 84.98705474566658
244.655 84.98705474566658
244.67 85.00213411147024
244.67 85.00213411147024
244.67 85.00213411147024
244.675 84.99832509577108
244.705 85.03200001342357
244.7425 85.03006134842059
244.7425 85.03006134842059
244.7575 85.04511763641828
244.7575 85.04511763641828
244.78 85.05471462888313
244.78 85.05471462888313
244.7875 85.06073715296765
244.79 85.06127306370998
244.79 85.06127306370998
244.795 85.06605237451214
244.795 85.06605237451214
244.795 85.06605237451214
244.795 85.06605237451214
244.8025 85.06024365155902
244.855 85.07888690060125
244.8725 85.06738104524774
244.8725 85.06738104524774
244.905 85.09866746315724
244.9075 85.09990561786903
244.9075 85.09990561786903
244.91 85.10049657991239
244.91 85.10049657991239
244.91 85.10049657991239
244.91 85.10049657991239
244.91 85.10049657991239
244.915 85.09703082845938
244.92 85.09274098423586
244.9375 85.07834036197718
244.965 85.08847651735842
244.965 85.08847651735842
244.9825 85.07424244246282
245.02 85.08518649683684
245.02 85.08518649683684
245.0225 85.08283231176968
245.0275 85.07900616699136
245.05 85.06487254252407
245.1 85.07559768612889
245.1 85.07559768612889
245.105 85.07823963019696
245.105 85.07823963019696
245.105 85.07823963019696
245.1125 85.07311053688197
245.1125 85.07311053688197
245.1125 85.07311053688197
245.115 85.07110638417022
245.115 85.07110638417022
245.1475 85.06393527874417
245.15 85.06528450716745
245.16 85.06703180360093
245.235 85.05855908191351
245.235 85.05855908191351
245.235 85.05855908191351
245.235 85.05855908191351
245.24 85.0633123554809
245.25 85.07352338110603
245.25 85.07352338110603
245.25 85.07352338110603
245.25 85.07352338110603
245.2525 85.07186827744677
245.2525 85.07186827744677
245.2775 85.05896059335261
245.2775 85.05896059335261
245.2775 85.05896059335261
245.43 85.27305827801128
245.43 85.27305827801128
245.45 85.2962003975138
245.4575 85.29105403630153
245.4575 85.29105403630153
245.465 85.2874915815641
245.465 85.2874915815641
245.4825 85.27424473291134
245.4875 85.27086985194101
245.5325 85.28198939925626
245.5325 85.28198939925626
245.5325 85.28198939925626
245.5325 85.28198939925626
245.55 85.2695497827342
245.67 85.4868182535699
245.67 85.4868182535699
245.67 85.4868182535699
245.675 85.48871138763539
245.69 85.48039261668356
245.755 85.55284382390793
245.7725 85.54039801968845
245.7825 85.53433724130406
245.7825 85.53433724130406
245.7925 85.52745539171752
245.7925 85.52745539171752
245.815 85.53567217259409
245.815 85.53567217259409
245.9025 85.6905133246515
245.94 85.71814802669506
245.94 85.71814802669506
245.94 85.71814802669506
245.94 85.71814802669506
245.94 85.71814802669506
245.95 85.7281992998455
245.95 85.7281992998455
245.95 85.7281992998455
245.96 85.73363529137998
245.965 85.72919948626432
245.9825 85.72286863205247
246.0625 85.88155008239951
246.0625 85.88155008239951
246.0925 85.8927144275909
246.0925 85.8927144275909
246.235 86.12971429539138
246.235 86.12971429539138
246.2425 86.12542121217018
246.2425 86.12542121217018
246.2425 86.12542121217018
246.2425 86.12542121217018
246.245 86.12619884599319
246.265 86.1246863680937
246.265 86.1246863680937
246.28 86.13789102559875
246.2975 86.12908491232656
246.2975 86.12908491232656
246.2975 86.12908491232656
246.2975 86.12908491232656
246.3 86.12730339728586
246.34 86.17271360885303
246.3575 86.18452244246535
246.3625 86.1840368282028
246.3625 86.1840368282028
246.385 86.19767586283976
246.385 86.19767586283976
246.385 86.19767586283976
246.4225 86.22371863831782
246.435 86.21625326995999
246.435 86.21625326995999
246.45 86.22314386620766
246.4525 86.2210695525954
246.4525 86.2210695525954
246.4525 86.2210695525954
246.455 86.22004027011482
246.465 86.21493515513862
246.465 86.21493515513862
246.4725 86.2113231196607
246.49 86.19923308667492
246.51 86.21630625543183
246.51 86.21630625543183
246.52 86.21102032241167
246.52 86.21102032241167
246.545 86.20796216664763
246.545 86.20796216664763
246.545 86.20796216664763
246.55 86.21118233703776
246.55 86.21118233703776
246.55 86.21118233703776
246.55 86.21118233703776
246.55 86.21118233703776
246.5575 86.20616899744788
246.585 86.22517759659547
246.585 86.22517759659547
246.585 86.22517759659547
246.585 86.22517759659547
246.585 86.22517759659547
246.585 86.22517759659547
246.595 86.2299860147857
246.6175 86.2159218196907
246.635 86.20380295877737
246.67 86.2409297982436
246.67 86.2409297982436
246.67 86.2409297982436
246.67 86.2409297982436
246.67 86.2409297982436
246.7025 86.21770908839179
246.7075 86.2153455076371
246.71 86.21709595285132
246.71 86.21709595285132
246.72 86.22699965403338
246.72 86.22699965403338
246.72 86.22699965403338
246.72 86.22699965403338
246.745 86.24582832595189
246.815 86.31783846080528
246.8225 86.31437428238527
246.8225 86.31437428238527
246.8225 86.31437428238527
246.8275 86.31896633235293
246.8275 86.31896633235293
246.8275 86.31896633235293
246.8275 86.31896633235293
246.8675 86.37516008146594
246.875 86.37227325353739
246.875 86.37227325353739
246.975 86.44767710063188
246.975 86.44767710063188
246.98 86.4441457701006
246.98 86.4441457701006
246.985 86.44142481996768
247.1275 86.66361388272496
247.165 86.67533410335032
247.1775 86.66664512932557
247.185 86.67096165667652
247.185 86.67096165667652
247.195 86.68075863417877
247.2 86.67653100051297
247.2 86.67653100051297
247.2 86.67653100051297
247.2 86.67653100051297
247.2075 86.67010197854398
247.245 86.65267354381147
247.2475 86.65347526047864
247.2475 86.65347526047864
247.25 86.6515037600609
247.2675 86.63446402382755
247.2825 86.62592138944733
247.2825 86.62592138944733
247.2825 86.62592138944733
247.2825 86.62592138944733
247.2825 86.62592138944733
247.2825 86.62592138944733
247.2925 86.62010879587814
247.2925 86.62010879587814
247.2925 86.62010879587814
247.2925 86.62010879587814
247.3475 86.58493189804881
247.3475 86.58493189804881
247.3475 86.58493189804881
247.3475 86.58493189804881
247.3475 86.58493189804881
247.3475 86.58493189804881
247.3525 86.58277232989487
247.36 86.58655750129414
247.375 86.57938185100497
247.39 86.58330518015528
247.4 86.57504865035304
247.4475 86.5533598358468
247.4475 86.5533598358468
247.4525 86.55003685643244
247.4525 86.55003685643244
247.4775 86.55181115243741
247.48 86.54994636925332
247.48 86.54994636925332
247.5175 86.55840595113224
247.52 86.55682934282154
247.52 86.55682934282154
247.545 86.54042136864899
247.545 86.54042136864899
247.545 86.54042136864899
247.5475 86.53936428419962
247.5475 86.53936428419962
247.5925 86.59221505646732
247.5925 86.59221505646732
247.6075 86.57979568019917
247.6075 86.57979568019917
247.615 86.5747697857425
247.6175 86.57267021286056
247.6325 86.58418429460683
247.6325 86.58418429460683
247.6325 86.58418429460683
247.635 86.58445507032297
247.635 86.58445507032297
247.635 86.58445507032297
247.65 86.58278248461673
247.7975 86.81754201053452
247.8175 86.80368825181122
247.8175 86.80368825181122
247.82 86.80135767727506
247.82 86.80135767727506
247.8275 86.7973067515586
247.835 86.79187065050384
247.8975 86.80422345867063
247.9 86.80292872676819
247.91 86.80270898917739
247.9125 86.80049107184179
247.925 86.79851296142928
247.9275 86.79727502888879
247.93 86.79661378882545
247.9325 86.79762513116663
247.9575 86.78391269773957
247.965 86.77690686153511
247.9675 86.77468669816359
247.9675 86.77468669816359
247.985 86.76358495701562
247.9925 86.76194146547539
247.9925 86.76194146547539
247.9925 86.76194146547539
248.0725 86.91687363454236
248.0725 86.91687363454236
248.075 86.91476914984285
248.075 86.91476914984285
248.0825 86.90880058010714
248.0825 86.90880058010714
248.0825 86.90880058010714
248.0825 86.90880058010714
248.0825 86.90880058010714
248.085 86.90802051616154
248.085 86.90802051616154
248.095 86.9130791605121
248.1025 86.9169585918858
248.105 86.91589003125314
248.105 86.91589003125314
248.105 86.91589003125314
248.1075 86.91401498752407
248.1075 86.91401498752407
248.1075 86.91401498752407
248.1075 86.91401498752407
248.1075 86.91401498752407
248.1075 86.91401498752407
248.1075 86.91401498752407
248.1075 86.91401498752407
248.1075 86.91401498752407
248.1125 86.91043737034643
248.1125 86.91043737034643
248.1125 86.91043737034643
248.1125 86.91043737034643
248.2725 87.15351635485665
248.2725 87.15351635485665
248.2725 87.15351635485665
248.2775 87.15212194318042
248.3175 87.20711292337653
248.3175 87.20711292337653
248.3475 87.1973535540702
248.3475 87.1973535540702
248.3625 87.19005807162405
248.365 87.18858346342112
248.3675 87.187223597832
248.4025 87.21037814572522
248.41 87.20543495021445
248.415 87.20851122762146
248.415 87.20851122762146
248.415 87.20851122762146
248.4525 87.22092412808529
248.4525 87.22092412808529
248.4525 87.22092412808529
248.5975 87.409143925577
248.6025 87.40464208537557
248.625 87.39993026176967
248.645 87.38443238803883
248.66 87.39331432802256
248.6825 87.37913415173185
248.6825 87.37913415173185
248.6875 87.37554263386983
248.6875 87.37554263386983
248.6875 87.37554263386983
248.6925 87.37263825789616
248.7 87.36836692661878
248.7075 87.36340709859508
248.7075 87.36340709859508
248.715 87.35964978474411
248.7325 87.3424543057682
248.7325 87.3424543057682
248.745 87.34363808482215
248.7525 87.34159625743024
248.7525 87.34159625743024
248.76 87.3376621741306
248.835 87.3694142316346
248.835 87.3694142316346
248.835 87.3694142316346
248.84 87.36524055120951
248.84 87.36524055120951
248.8525 87.37242510991095
248.855 87.37025195200997
248.87 87.38144824200992
248.8775 87.37595888738146
248.885 87.37923488083696
248.885 87.37923488083696
248.9125 87.37749067176915
248.9125 87.37749067176915
248.9175 87.37526102420988
248.9175 87.37526102420988
248.92 87.3731433721394
248.925 87.37228834684215
248.925 87.37228834684215
248.93 87.36914105398213
248.93 87.36914105398213
248.93 87.36914105398213
248.93 87.36914105398213
248.93 87.36914105398213
248.93 87.36914105398213
248.93 87.36914105398213
248.93 87.36914105398213
248.9375 87.36307273010753
248.975 87.35684516966876
248.975 87.35684516966876
248.975 87.35684516966876
248.975 87.35684516966876
248.975 87.35684516966876
248.9775 87.35569968000509
248.9775 87.35569968000509
248.98 87.35690376721674
248.9825 87.35587275266892
248.985 87.3533515959394
248.985 87.3533515959394
248.9875 87.35226308506614
248.9875 87.35226308506614
248.99 87.3523780296466
248.99 87.3523780296466
248.99 87.3523780296466
248.9925 87.35140398684543
248.9925 87.35140398684543
249.0 87.34830942238484
249.0025 87.34739236199646
249.0175 87.33500986824154
249.025 87.32898897499179
249.0325 87.32348299342287
249.05 87.32989544421716
249.0675 87.3322913081493
249.07 87.33332116799859
249.07 87.33332116799859
249.07 87.33332116799859
249.07 87.33332116799859
249.105 87.31602995073665
249.2275 87.52293169916385
249.2275 87.52293169916385
249.2375 87.51615531175209
249.2375 87.51615531175209
249.245 87.51064287142273
249.2925 87.56196843747762
249.3125 87.57722052962528
249.3925 87.72950773205471
249.415 87.74983086034993
249.43 87.74285504109993
249.43 87.74285504109993
249.4425 87.73748644056698
249.4425 87.73748644056698
249.4425 87.73748644056698
249.445 87.73678906361901
249.4525 87.73384054754192
249.5075 87.75676045186623
249.5075 87.75676045186623
249.5075 87.75676045186623
249.5075 87.75676045186623
249.64 87.93928045138807
249.6425 87.93721274569636
249.8 88.15590922004624
249.8 88.15590922004624
249.8 88.15590922004624
249.9425 88.38045924139386
249.9775 88.39259616943023
249.98 88.39296490845109
249.99 88.3859434171644
249.995 88.3884360056474
249.995 88.3884360056474
250.0 88.38934237115924
250.0075 88.39571367716657
250.015 88.40208388688836
250.02 88.39891152864567
250.0325 88.38874168026024
250.0325 88.38874168026024
250.0325 88.38874168026024
250.0375 88.39100523247538
250.0375 88.39100523247538
250.0575 88.41228766134205
250.0575 88.41228766134205
250.1375 88.56246513924197
250.15 88.55382388500111
250.165 88.55311876808436
250.165 88.55311876808436
250.165 88.55311876808436
250.17 88.54926490600721
250.17 88.54926490600721
250.1725 88.54753568759219
250.1825 88.54344482103681
250.205 88.52685598329965
250.2075 88.5247294738059
250.2075 88.5247294738059
250.2275 88.50969269450717
250.2275 88.50969269450717
250.2325 88.50594653448417
250.2325 88.50594653448417
250.2375 88.50265246373354
250.2575 88.48658677335507
250.295 88.51065271793955
250.3 88.51493442928886
250.3 88.51493442928886
250.3 88.51493442928886
250.3425 88.54732338896075
250.3425 88.54732338896075
250.3725 88.56890994310939
250.375 88.5672319100595
250.4125 88.5742716354172
250.42 88.56872542779915
250.4225 88.56738519850934
250.4225 88.56738519850934
250.4225 88.56738519850934
250.4225 88.56738519850934
250.43 88.56115936846035
250.43 88.56115936846035
250.445 88.55192702434353
250.445 88.55192702434353
250.445 88.55192702434353
250.4525 88.550108107259
250.4525 88.550108107259
250.4525 88.550108107259
250.4525 88.550108107259
250.4525 88.550108107259
250.4525 88.550108107259
250.4525 88.550108107259
250.46 88.55151106921222
250.57 88.53605701486644
250.65 88.68556202189228
250.65 88.68556202189228
250.65 88.68556202189228
250.7875 88.88132371810369
250.8075 88.86508987785207
250.8075 88.86508987785207
250.815 88.86257069536221
250.825 88.86360503814532
250.8325 88.85990122832614
250.98 89.07512319365591
251.13 89.30572484792494
251.1325 89.30460001158414
251.1325 89.30460001158414
251.155 89.2910526878962
251.155 89.2910526878962
251.155 89.2910526878962
251.165 89.28632501561185
251.2025 89.32240541368166
251.2175 89.31446711644956
251.22 89.31244308948929
251.22 89.31244308948929
251.24 89.31754827881355
251.2425 89.31955929885491
251.2425 89.31955929885491
251.2475 89.3170233330206
251.2475 89.3170233330206
251.2625 89.33026342569833
251.2675 89.33445163575662
251.2675 89.33445163575662
251.3075 89.31201620750025
251.3075 89.31201620750025
251.3075 89.31201620750025
251.3075 89.31201620750025
251.31 89.3097653828568
251.325 89.30147152214253
251.325 89.30147152214253
251.325 89.30147152214253
251.34 89.31470088817089
251.49 89.53737251195972
251.4925 89.53568138765638
251.4925 89.53568138765638
251.5125 89.52595134208096
251.5125 89.52595134208096
251.53 89.51567136135489
251.53 89.51567136135489
251.53 89.51567136135489
251.53 89.51567136135489
251.5375 89.5109286718084
251.5625 89.53012424700754
251.57 89.53393494582707
251.61 89.58599199904558
251.6175 89.58241990589022
251.6175 89.58241990589022
251.6175 89.58241990589022
251.625 89.58460317715321
251.625 89.58460317715321
251.6275 89.58391507994799
251.645 89.57674903377146
251.65 89.57665695838267
251.68 89.58548738181202
251.68 89.58548738181202
251.76 89.7322531008679
251.76 89.7322531008679
251.76 89.7322531008679
251.7675 89.72967855044381
251.7675 89.72967855044381
251.7675 89.72967855044381
251.7675 89.72967855044381
251.7675 89.72967855044381
251.7675 89.72967855044381
251.8875 89.92786620481002
251.8875 89.92786620481002
251.8875 89.92786620481002
251.8875 89.92786620481002
251.8875 89.92786620481002
251.8875 89.92786620481002
251.8875 89.92786620481002
251.905 89.91872828905784
251.925 89.9392334141999
252.05 90.13363739880049
252.135 90.18935316477402
252.135 90.18935316477402
252.135 90.18935316477402
252.14 90.19345305351797
252.1475 90.1891947925119
252.17 90.20855324662163
252.17 90.20855324662163
252.17 90.20855324662163
252.17 90.20855324662163
252.175 90.20510282528187
252.175 90.20510282528187
252.18 90.20148549209817
252.18 90.20148549209817
252.185 90.2055823319978
252.185 90.2055823319978
252.345 90.4242869177343
252.35 90.42548568061831
252.35 90.42548568061831
252.35 90.42548568061831
252.365 90.43439472726688
252.365 90.43439472726688
252.365 90.43439472726688
252.395 90.4477748480785
252.4 90.44299264535809
252.4025 90.44411626224257
252.4175 90.43308782169407
252.4175 90.43308782169407
252.4175 90.43308782169407
252.425 90.42831954769636
252.43 90.42486339442209
252.4375 90.42507650993326
252.45 90.41518751109159
252.455 90.41339060947709
252.5275 90.43301059627984
252.5275 90.43301059627984
252.5275 90.43301059627984
252.5275 90.43301059627984
252.5275 90.43301059627984
252.5275 90.43301059627984
252.5275 90.43301059627984
252.535 90.42690449374243
252.5375 90.42807993538834
252.5375 90.42807993538834
252.5375 90.42807993538834
252.5475 90.42159767116883
252.585 90.4052219464893
252.585 90.4052219464893
252.5875 90.40401512758685
252.6625 90.43339450835
252.6625 90.43339450835
252.6625 90.43339450835
252.6625 90.43339450835
252.6625 90.43339450835
252.6625 90.43339450835
252.6725 90.42911325676889
252.6725 90.42911325676889
252.6725 90.42911325676889
252.6725 90.42911325676889
252.7025 90.45811091902591
252.7025 90.45811091902591
252.7025 90.45811091902591
252.7025 90.45811091902591
