104.41 9.863994726265778
108.12 9.522551915052718
110.59 10.607283929536772
112.21 10.74584879530966
113.81 11.032337119194544
115.22 10.906251952815477
116.5 10.748378398202902
118.0 10.683194899763444
119.0 10.429953000756521
120.3 10.860004534642808
121.51 10.496225691592397
122.44 10.50897678010681
123.39 10.30625998967979
124.49 10.212806031408599
125.31 10.187385045749068
126.17 10.234982871107277
127.05 10.148520203042308
127.84 10.077807849690148
128.67 10.172931864195684
129.27 10.037472504139515
130.0 10.04312310031298
130.6 10.027098960708383
131.37 10.218866186160438
131.89 10.407182483082584
132.57 10.700824182788669
133.47 11.030296332643546
134.31 10.877291822275192
134.95 10.948830276431849
135.6 11.159870678813405
135.99 11.021217545303442
136.5 11.126951299710566
137.12 11.619840942008972
137.45 11.627272566543002
137.94 11.752745856857423
138.75 12.710044300892632
139.48 12.804270644346298
139.7 12.764193006828826
140.09 12.678153567828687
140.64 13.374783142937426
140.97 13.319389274785324
141.4 13.583910080139908
141.76 13.626105598036581
142.23 13.677076151732932
142.63 13.897799977734083
142.9 14.033341489710642
143.2 14.045153315585106
143.62 13.945176216114747
144.17 14.106240822797318
144.72 14.311733949567959
144.94 14.433225209555513
145.23 14.477398777987865
145.41 14.441422137962524
145.8 14.49449730971401
145.99 14.449353587461175
146.23 14.590115053913467
146.51 14.635260649245604
146.67 14.762818295301896
146.82 14.948070916362521
147.07 14.959748338516881
147.53 15.236794265772817
147.79 15.254487765406106
148.13 15.160219698491597
148.33 15.336464249571724
148.52 15.367184249523197
148.76 15.378063080915068
148.83 15.435099985351203
148.94 15.41507452505713
149.38 15.952681285633618
149.47 15.961609092573354
149.83 16.124861418905112
149.91 16.08682159861695
150.23 16.177628948395366
150.44 16.21731812092171
150.59 16.281194256938303
150.71 16.134980258422967
150.95 16.265309757503466
151.11 16.303278333577897
151.23 16.378288729551162
151.37 16.452859414538644
151.49 16.413008078071933
151.65 16.536771877262005
151.84 16.55247176732345
151.85 16.547100430689262
151.88 16.54309432510273
152.04 16.533760193333325
152.23 16.56074853259354
152.38 16.530635485296344
152.48 16.492715005153215
152.51 16.50460267766961
152.64 16.514053707350175
152.85 16.53069324303967
152.95 16.51305255010754
153.04 16.499684784563293
153.11 16.44934053450474
153.18 16.41446843091017
153.27 16.410779029092694
153.39 16.402227450155447
153.48 16.337200513032055
153.52 16.327354732558916
153.6 16.35289226489112
153.65 16.374311907749334
153.75 16.412934597766263
153.78 16.429890642748155
153.83 16.402938209648546
153.85 16.422729071343582
153.87 16.408206673221652
153.98 16.34919204126033
153.98 16.34919204126033
154.05 16.30912128797654
154.13 16.285243189115814
154.2 16.303651285099622
154.2 16.303651285099622
154.31 16.305004318587155
154.46 16.500598435927078
154.46 16.500598435927078
154.51 16.52042743433308
154.58 16.570956004846924
154.65 16.55074426357897
154.66 16.547309972822877
154.78 16.579687275420902
154.79 16.59920383148528
154.79 16.59920383148528
154.85 16.56470486414356
154.85 16.56470486414356
154.85 16.56470486414356
154.86 16.561152097422745
154.95 16.50940039818338
154.98 16.487534502461227
155.09 16.451906458847056
155.26 16.61906636469604
155.33 16.563297198032522
155.36 16.55174314098142
155.36 16.55174314098142
155.44 16.49627337236745
155.5 16.478705613411126
155.5 16.478705613411126
155.56 16.47188559562556
155.62 16.436740314332518
155.73 16.39668737226882
155.73 16.39668737226882
155.77 16.506039704716212
155.77 16.506039704716212
155.77 16.506039704716212
155.78 16.512873004852064
155.83 16.46775744222266
155.83 16.46775744222266
155.93 16.444060802563097
155.94 16.448378209679007
155.99 16.390336042250297
156.04 16.398259498278
156.04 16.398259498278
156.15 16.415383764036807
156.17 16.40048718482159
156.26 16.34835599436815
156.4 16.227032474071564
156.44 16.214839037903687
156.44 16.214839037903687
156.44 16.214839037903687
156.44 16.214839037903687
156.57 16.248543807966207
156.58 16.24509512369469
156.73 16.17638641313117
156.73 16.17638641313117
156.82 16.116647655709663
156.97 16.14379791298431
157.0 16.128877937339222
157.08 16.026159519508216
157.18 16.0190715481994
157.18 16.0190715481994
157.18 16.0190715481994
157.19 16.027736637109516
157.26 15.991593268851668
157.28 15.969871130337843
157.32 15.936355831429273
157.32 15.936355831429273
157.32 15.936355831429273
157.37 15.901174066194518
157.37 15.901174066194518
157.37 15.901174066194518
157.4 15.908027113164154
157.44 15.934741287498131
157.44 15.934741287498131
157.47 15.895990455546151
157.47 15.895990455546151
157.47 15.895990455546151
157.52 15.900747430363802
157.52 15.900747430363802
157.52 15.900747430363802
157.52 15.900747430363802
157.53 15.886503864133406
157.54 15.886165404410258
157.54 15.886165404410258
157.55 15.873162458444156
157.59 15.828601426391968
157.59 15.828601426391968
157.6 15.820602304793333
157.6 15.820602304793333
157.6 15.820602304793333
157.64 15.780861126359591
157.64 15.780861126359591
157.64 15.780861126359591
157.64 15.780861126359591
157.65 15.774080259723588
157.7 15.733649884672898
157.78 15.737533153221435
157.9 15.638825541632217
157.9 15.638825541632217
157.93 15.648626057499019
157.95 15.635853014705889
157.95 15.635853014705889
158.08 15.516358688000022
158.09 15.506584757910797
158.09 15.506584757910797
158.09 15.506584757910797
158.09 15.506584757910797
158.1 15.499392109979487
158.1 15.499392109979487
158.22 15.544767576100162
158.25 15.520370792856037
158.32 15.469132824814675
158.32 15.469132824814675
158.36 15.460450434518098
158.4 15.441248680207837
158.43 15.416336046072278
158.48 15.378951875990122
158.58 15.422479188561336
158.58 15.422479188561336
158.58 15.422479188561336
158.58 15.422479188561336
158.58 15.422479188561336
158.66 15.372245432865077
158.69 15.34932928657596
158.69 15.34932928657596
158.7 15.341669862529768
158.7 15.341669862529768
158.7 15.341669862529768
158.7 15.341669862529768
158.73 15.310754259013477
158.73 15.310754259013477
158.73 15.310754259013477
158.73 15.310754259013477
158.73 15.310754259013477
158.73 15.310754259013477
158.74 15.312240973093733
158.74 15.312240973093733
158.79 15.286736787425891
158.79 15.286736787425891
158.79 15.286736787425891
158.8 15.281611112410719
158.8 15.281611112410719
158.8 15.281611112410719
158.8 15.281611112410719
158.8 15.281611112410719
158.82 15.26475231756425
158.82 15.26475231756425
158.82 15.26475231756425
158.82 15.26475231756425
158.83 15.256964798883544
158.83 15.256964798883544
158.83 15.256964798883544
158.85 15.255858088949008
158.85 15.255858088949008
158.86 15.24672796267577
158.86 15.24672796267577
158.86 15.24672796267577
158.86 15.24672796267577
158.96 15.190528654527471
158.96 15.190528654527471
158.96 15.190528654527471
159.08 15.124063158826099
159.08 15.124063158826099
159.08 15.124063158826099
159.14 15.053018528991819
159.14 15.053018528991819
159.23 15.01179101062673
159.34 14.965434210390544
159.35 14.961172528150508
159.35 14.961172528150508
159.37 14.943212438761275
159.37 14.943212438761275
159.5 14.850342195268865
159.62 14.815976708578665
159.62 14.815976708578665
159.62 14.815976708578665
159.65 14.806541403775183
159.79 14.74118082313291
159.79 14.74118082313291
159.84 14.743856569183762
159.87 14.706614927068205
159.88 14.697813736852702
159.88 14.697813736852702
159.9 14.676066730339125
159.9 14.676066730339125
159.95 14.713938969562154
159.95 14.713938969562154
159.95 14.713938969562154
159.95 14.713938969562154
159.95 14.713938969562154
160.01 14.722215121728526
160.05 14.661935813835946
160.09 14.628804105180263
160.09 14.628804105180263
160.09 14.628804105180263
160.21 14.544884610807634
160.21 14.544884610807634
160.25 14.53318849527508
160.25 14.53318849527508
160.26 14.528170521213859
160.4 14.640756769852093
160.4 14.640756769852093
160.4 14.640756769852093
160.48 14.802200026622415
160.67 14.790024480054207
160.76 14.749581375543137
160.76 14.749581375543137
160.76 14.749581375543137
160.8 14.758355098930597
160.81 14.754401438521501
160.81 14.754401438521501
160.81 14.754401438521501
160.83 14.734197735695442
160.98 14.748804567859203
160.98 14.748804567859203
160.99 14.748814789278578
160.99 14.748814789278578
160.99 14.748814789278578
161.03 14.75696241434844
161.03 14.75696241434844
161.13 14.708664933317467
161.15 14.709840141378997
161.15 14.709840141378997
161.15 14.709840141378997
161.2 14.661336019249628
161.21 14.652967181979934
161.21 14.652967181979934
161.21 14.652967181979934
161.24 14.644271008378466
161.24 14.644271008378466
161.24 14.644271008378466
161.24 14.644271008378466
161.29 14.643361642771955
161.42 14.675847590942167
161.42 14.675847590942167
161.61 14.747042970775864
161.61 14.747042970775864
161.61 14.747042970775864
161.61 14.747042970775864
161.61 14.747042970775864
161.62 14.73844321978117
161.66 14.690249047767274
161.66 14.690249047767274
161.66 14.690249047767274
161.66 14.690249047767274
161.66 14.690249047767274
161.66 14.690249047767274
161.66 14.690249047767274
161.67 14.715769410626608
161.67 14.715769410626608
161.67 14.715769410626608
161.67 14.715769410626608
161.67 14.715769410626608
161.67 14.715769410626608
161.67 14.715769410626608
161.74 14.779192217880698
161.74 14.779192217880698
161.74 14.779192217880698
161.74 14.779192217880698
161.74 14.779192217880698
161.79 14.76298168191993
161.79 14.76298168191993
161.79 14.76298168191993
161.8 14.759717010537699
161.82 14.732714085381824
161.82 14.732714085381824
161.82 14.732714085381824
161.82 14.732714085381824
161.82 14.732714085381824
161.84 14.708367700122606
161.84 14.708367700122606
161.84 14.708367700122606
161.87 14.743471428016662
161.87 14.743471428016662
161.88 14.73742032341293
161.88 14.73742032341293
161.88 14.73742032341293
161.88 14.73742032341293
161.9 14.726655148379633
161.94 14.754145997671403
161.94 14.754145997671403
161.96 14.77327479745794
161.98 14.767872231681052
161.99 14.75903266566377
161.99 14.75903266566377
161.99 14.75903266566377
161.99 14.75903266566377
161.99 14.75903266566377
161.99 14.75903266566377
162.1 14.703433434877356
162.1 14.703433434877356
162.1 14.703433434877356
162.17 14.717135263078836
162.19 14.70322495647138
162.19 14.70322495647138
162.19 14.70322495647138
162.23 14.680760321525947
162.23 14.680760321525947
162.25 14.669473996591815
162.28 14.707930380594071
162.29 14.708418947653705
162.29 14.708418947653705
162.33 14.685688517607222
162.33 14.685688517607222
162.36 14.6541502859434
162.36 14.6541502859434
162.41 14.642538017638538
162.41 14.642538017638538
162.41 14.642538017638538
162.41 14.642538017638538
162.46 14.589470974527591
162.46 14.589470974527591
162.46 14.589470974527591
162.46 14.589470974527591
162.46 14.589470974527591
162.47 14.580192387285265
162.47 14.580192387285265
162.47 14.580192387285265
162.49 14.562977082572717
162.55 14.527655138359236
162.56 14.541792138280792
162.59 14.488668245828823
162.6 14.479234828057388
162.6 14.479234828057388
162.6 14.479234828057388
162.6 14.479234828057388
162.6 14.479234828057388
162.68 14.431177861573248
162.73 14.398740173812595
162.73 14.398740173812595
162.73 14.398740173812595
162.73 14.398740173812595
162.78 14.427486330232476
162.78 14.427486330232476
162.79 14.422062244942115
162.82 14.380598319965728
162.96 14.52768626938607
162.96 14.52768626938607
162.96 14.52768626938607
162.96 14.52768626938607
162.96 14.52768626938607
162.96 14.52768626938607
163.03 14.479203592857484
163.03 14.479203592857484
163.04 14.475013994837921
163.09 14.441422137962526
163.09 14.441422137962526
163.09 14.441422137962526
163.12 14.462066131224807
163.12 14.462066131224807
163.14 14.46049548418869
163.14 14.46049548418869
163.14 14.46049548418869
163.14 14.46049548418869
163.15 14.452052070388689
163.16 14.447771124026755
163.16 14.447771124026755
163.16 14.447771124026755
163.16 14.447771124026755
163.16 14.447771124026755
163.16 14.447771124026755
163.16 14.447771124026755
163.16 14.447771124026755
163.23 14.403625311377434
163.23 14.403625311377434
163.23 14.403625311377434
163.25 14.399103126732282
163.25 14.399103126732282
163.25 14.399103126732282
163.25 14.399103126732282
163.25 14.399103126732282
163.29 14.356407355630585
163.32 14.334748868593
163.33 14.33452100568107
163.33 14.33452100568107
163.33 14.33452100568107
163.33 14.33452100568107
163.34 14.321660160356533
163.34 14.321660160356533
163.37 14.299843622857944
163.39 14.306336228448115
163.4 14.294814043656308
163.4 14.294814043656308
163.44 14.245739908044033
163.52 14.166617991836766
163.52 14.166617991836766
163.52 14.166617991836766
163.52 14.166617991836766
163.52 14.166617991836766
163.52 14.166617991836766
163.55 14.182496821096139
163.55 14.182496821096139
163.55 14.182496821096139
163.55 14.182496821096139
163.56 14.192021256208827
163.56 14.192021256208827
163.58 14.215272415583405
163.58 14.215272415583405
163.6 14.19887461036984
163.6 14.19887461036984
163.6 14.19887461036984
163.6 14.19887461036984
163.6 14.19887461036984
163.6 14.19887461036984
163.6 14.19887461036984
163.6 14.19887461036984
163.65 14.16831697944928
163.66 14.167852349633133
163.7 14.165922731476789
163.78 14.156043509370692
163.86 14.15706581756311
163.86 14.15706581756311
163.88 14.165766647930422
163.88 14.165766647930422
163.98 14.321491738926527
164.01 14.28988819139649
164.01 14.28988819139649
164.01 14.28988819139649
164.02 14.27650844805328
164.02 14.27650844805328
164.02 14.27650844805328
164.02 14.27650844805328
164.02 14.27650844805328
164.07 14.329051208740706
164.07 14.329051208740706
164.07 14.329051208740706
164.07 14.329051208740706
164.07 14.329051208740706
164.07 14.329051208740706
164.07 14.329051208740706
164.07 14.329051208740706
164.07 14.329051208740706
164.2 14.282153181417968
164.24 14.253357181898355
164.25 14.241192288180956
164.25 14.241192288180956
164.25 14.241192288180956
164.33 14.194311975658112
164.33 14.194311975658112
164.35 14.179661987168517
164.35 14.179661987168517
164.35 14.179661987168517
164.38 14.146953078562008
164.38 14.146953078562008
164.42 14.083155767863582
164.42 14.083155767863582
164.42 14.083155767863582
164.42 14.083155767863582
164.42 14.083155767863582
164.42 14.083155767863582
164.48 14.039771218912255
164.48 14.039771218912255
164.48 14.039771218912255
164.48 14.039771218912255
164.48 14.039771218912255
164.48 14.039771218912255
164.51 14.010760401747511
164.51 14.010760401747511
164.51 14.010760401747511
164.51 14.010760401747511
164.51 14.010760401747511
164.51 14.010760401747511
164.51 14.010760401747511
164.51 14.010760401747511
164.51 14.010760401747511
164.51 14.010760401747511
164.51 14.010760401747511
164.52 14.003933402932507
164.52 14.003933402932507
164.52 14.003933402932507
164.64 14.127573808285083
164.64 14.127573808285083
164.71 14.039280858903552
164.72 14.033756861877418
164.74 14.02124733696765
164.74 14.02124733696765
164.74 14.02124733696765
164.74 14.02124733696765
164.76 14.002957333019037
164.76 14.002957333019037
164.76 14.002957333019037
164.76 14.002957333019037
164.76 14.002957333019037
164.76 14.002957333019037
164.76 14.002957333019037
164.76 14.002957333019037
164.76 14.002957333019037
164.78 13.996108576185808
164.78 13.996108576185808
164.88 13.98439906057558
164.88 13.98439906057558
164.88 13.98439906057558
164.88 13.98439906057558
164.88 13.98439906057558
164.88 13.98439906057558
164.88 13.98439906057558
164.88 13.98439906057558
164.88 13.98439906057558
164.89 13.975854986835873
164.89 13.975854986835873
164.89 13.975854986835873
164.89 13.975854986835873
164.89 13.975854986835873
164.93 13.932900941412603
164.93 13.932900941412603
164.93 13.932900941412603
164.94 13.92717599356664
164.94 13.92717599356664
164.95 13.921441472179398
164.95 13.921441472179398
164.95 13.921441472179398
164.95 13.921441472179398
164.97 13.891145366671173
164.97 13.891145366671173
164.98 13.888269154235976
164.98 13.888269154235976
165.01 13.857853387249873
165.04 13.844738492279228
165.04 13.844738492279228
165.04 13.844738492279228
165.14 13.831011691922994
165.15 13.832359554836309
165.15 13.832359554836309
165.15 13.832359554836309
165.15 13.832359554836309
165.24 13.857218788877303
165.24 13.857218788877303
165.24 13.857218788877303
165.24 13.857218788877303
165.24 13.857218788877303
165.29 13.8490026489946
165.33 13.82195108001369
165.33 13.82195108001369
165.33 13.82195108001369
165.33 13.82195108001369
165.33 13.82195108001369
165.33 13.82195108001369
165.33 13.82195108001369
165.33 13.82195108001369
165.33 13.82195108001369
165.33 13.82195108001369
165.4 13.799715968237177
165.41 13.787763127509175
165.41 13.787763127509175
165.41 13.787763127509175
165.41 13.787763127509175
165.41 13.787763127509175
165.41 13.787763127509175
165.45 13.806905999040175
165.45 13.806905999040175
165.45 13.806905999040175
165.46 13.806574793832416
165.46 13.806574793832416
165.46 13.806574793832416
165.47 13.80186790941518
165.47 13.80186790941518
165.47 13.80186790941518
165.47 13.80186790941518
165.47 13.80186790941518
165.54 13.73797875604368
165.54 13.73797875604368
165.56 13.735710711270768
165.56 13.735710711270768
165.56 13.735710711270768
165.56 13.735710711270768
165.56 13.735710711270768
165.6 13.719369720495116
165.6 13.719369720495116
165.6 13.719369720495116
165.63 13.737053292676325
165.63 13.737053292676325
165.63 13.737053292676325
165.63 13.737053292676325
165.65 13.731726093522902
165.65 13.731726093522902
165.65 13.731726093522902
165.65 13.731726093522902
165.65 13.731726093522902
165.65 13.731726093522902
165.71 13.747759981997543
165.73 13.721827236690016
165.73 13.721827236690016
165.73 13.721827236690016
165.73 13.721827236690016
165.73 13.721827236690016
165.73 13.721827236690016
165.73 13.721827236690016
165.73 13.721827236690016
165.74 13.719823899715186
165.74 13.719823899715186
165.74 13.719823899715186
165.74 13.719823899715186
165.74 13.719823899715186
165.74 13.719823899715186
165.74 13.719823899715186
165.77 13.783943029015163
165.79 13.769673910372381
165.79 13.769673910372381
165.79 13.769673910372381
165.79 13.769673910372381
165.82 13.78541943303589
165.82 13.78541943303589
165.82 13.78541943303589
165.88 13.742265069712163
165.88 13.742265069712163
165.91 13.740301284796665
165.93 13.73749225540589
166.05 13.790153795681276
166.05 13.790153795681276
166.05 13.790153795681276
166.05 13.790153795681276
166.05 13.790153795681276
166.05 13.790153795681276
166.08 13.761558869276502
166.08 13.761558869276502
166.08 13.761558869276502
166.09 13.765147891774072
166.09 13.765147891774072
166.09 13.765147891774072
166.1 13.781861212929927
166.1 13.781861212929927
166.1 13.781861212929927
166.1 13.781861212929927
166.1 13.781861212929927
166.16 13.72722050943208
166.16 13.72722050943208
166.16 13.72722050943208
166.19 13.753899401395895
166.19 13.753899401395895
166.19 13.753899401395895
166.19 13.753899401395895
166.27 13.723292014622182
166.27 13.723292014622182
166.27 13.723292014622182
166.27 13.723292014622182
166.3 13.73218352344623
166.3 13.73218352344623
166.3 13.73218352344623
166.3 13.73218352344623
166.36 13.698490545168852
166.36 13.698490545168852
166.38 13.74482451706915
166.5 13.863295235039516
166.5 13.863295235039516
166.5 13.863295235039516
166.52 13.868354490760865
166.52 13.868354490760865
166.52 13.868354490760865
166.52 13.868354490760865
166.54 13.873382924465263
166.54 13.873382924465263
166.54 13.873382924465263
166.54 13.873382924465263
166.54 13.873382924465263
166.54 13.873382924465263
166.54 13.873382924465263
166.54 13.873382924465263
166.65 13.856315795953337
166.65 13.856315795953337
166.65 13.856315795953337
166.65 13.856315795953337
166.65 13.856315795953337
166.7 13.828453660958129
166.7 13.828453660958129
166.7 13.828453660958129
166.7 13.828453660958129
166.7 13.828453660958129
166.7 13.828453660958129
166.7 13.828453660958129
166.7 13.828453660958129
166.7 13.828453660958129
166.7 13.828453660958129
166.7 13.828453660958129
166.7 13.828453660958129
166.7 13.828453660958129
166.71 13.822852682475023
166.71 13.822852682475023
166.84 13.937924115276855
166.84 13.937924115276855
166.85 13.926494037657312
166.85 13.926494037657312
166.85 13.926494037657312
166.85 13.926494037657312
166.85 13.926494037657312
166.86 13.92515528634219
166.88 13.929672605430191
166.88 13.929672605430191
166.89 13.915318192625339
166.89 13.915318192625339
166.89 13.915318192625339
166.89 13.915318192625339
166.89 13.915318192625339
166.89 13.915318192625339
166.93 13.941554241667848
166.93 13.941554241667848
166.94 13.938717272259309
166.94 13.938717272259309
166.95 13.948847685697698
166.95 13.948847685697698
166.95 13.948847685697698
166.95 13.948847685697698
166.95 13.948847685697698
166.95 13.948847685697698
166.95 13.948847685697698
166.95 13.948847685697698
167.02 13.9791517416861
167.02 13.9791517416861
167.02 13.9791517416861
167.02 13.9791517416861
167.03 13.989195400011335
167.03 13.989195400011335
167.05 13.979076252182105
167.05 13.979076252182105
167.05 13.979076252182105
167.08 13.97462164966395
167.1 13.955780848647539
167.1 13.955780848647539
167.1 13.955780848647539
167.1 13.955780848647539
167.15 13.976919236970065
167.22 14.006158013943645
167.24 13.981409048982686
167.24 13.981409048982686
167.24 13.981409048982686
167.26 13.973859299370138
167.28 13.94611309117199
167.28 13.94611309117199
167.28 13.94611309117199
167.28 13.94611309117199
167.28 13.94611309117199
167.28 13.94611309117199
167.32 14.028599646443729
167.32 14.028599646443729
167.4 14.157761512869063
167.48 14.104049812218037
167.48 14.104049812218037
167.48 14.104049812218037
167.48 14.104049812218037
167.48 14.104049812218037
167.48 14.104049812218037
167.48 14.104049812218037
167.48 14.104049812218037
167.48 14.104049812218037
167.48 14.104049812218037
167.49 14.096576440280936
167.49 14.096576440280936
167.49 14.096576440280936
167.66 14.173526174565934
167.66 14.173526174565934
167.66 14.173526174565934
167.7 14.140358861914311
167.7 14.140358861914311
167.7 14.140358861914311
167.7 14.140358861914311
167.7 14.140358861914311
167.7 14.140358861914311
167.7 14.140358861914311
167.7 14.140358861914311
167.7 14.140358861914311
167.72 14.132239773122489
167.72 14.132239773122489
167.76 14.098804254511615
167.76 14.098804254511615
167.76 14.098804254511615
167.8 14.167696287345107
167.8 14.167696287345107
167.8 14.167696287345107
167.8 14.167696287345107
167.8 14.167696287345107
167.8 14.167696287345107
167.8 14.167696287345107
167.8 14.167696287345107
167.81 14.158609788950992
167.81 14.158609788950992
167.83 14.156025760312573
167.83 14.156025760312573
167.83 14.156025760312573
167.85 14.157672778125018
167.85 14.157672778125018
167.85 14.157672778125018
167.85 14.157672778125018
167.85 14.157672778125018
167.85 14.157672778125018
167.85 14.157672778125018
167.85 14.157672778125018
167.86 14.14712357787399
167.88 14.133093136608135
167.91 14.097004207922724
167.91 14.097004207922724
167.91 14.097004207922724
167.93 14.082852469167662
167.93 14.082852469167662
167.93 14.082852469167662
167.93 14.082852469167662
167.93 14.082852469167662
167.95 14.07722777071333
167.95 14.07722777071333
167.97 14.100112262997971
168.0 14.144977978422245
168.0 14.144977978422245
168.0 14.144977978422245
168.0 14.144977978422245
168.0 14.144977978422245
168.08 14.15611450538061
168.14 14.164163144638641
168.15 14.150572195757196
168.19 14.155770171408149
168.19 14.155770171408149
168.2 14.162020126745755
168.2 14.162020126745755
168.2 14.162020126745755
168.24 14.150035957125315
168.24 14.150035957125315
168.31 14.223057930150677
168.31 14.223057930150677
168.31 14.223057930150677
168.37 14.187654765277227
168.42 14.186964077939427
168.44 14.16366644750507
168.44 14.16366644750507
168.44 14.16366644750507
168.44 14.16366644750507
168.44 14.16366644750507
168.44 14.16366644750507
168.44 14.16366644750507
168.44 14.16366644750507
168.51 14.215848611982121
168.51 14.215848611982121
168.51 14.215848611982121
168.55 14.220005018057053
168.55 14.220005018057053
168.57 14.207899989461945
168.57 14.207899989461945
168.57 14.207899989461945
168.63 14.17135265882917
168.63 14.17135265882917
168.63 14.17135265882917
168.69 14.151509676732491
168.69 14.151509676732491
168.69 14.151509676732491
168.69 14.151509676732491
168.69 14.151509676732491
168.69 14.151509676732491
168.69 14.151509676732491
168.69 14.151509676732491
168.69 14.151509676732491
168.69 14.151509676732491
168.69 14.151509676732491
168.69 14.151509676732491
168.69 14.151509676732491
168.69 14.151509676732491
168.69 14.151509676732491
168.69 14.151509676732491
168.72 14.160657509647198
168.72 14.160657509647198
168.72 14.160657509647198
168.72 14.160657509647198
168.72 14.160657509647198
168.72 14.160657509647198
168.72 14.160657509647198
168.72 14.160657509647198
168.72 14.160657509647198
168.72 14.160657509647198
168.72 14.160657509647198
168.72 14.160657509647198
168.8 14.12222312278234
168.8 14.12222312278234
168.82 14.109678064200365
168.83 14.132577568997052
168.83 14.132577568997052
168.83 14.132577568997052
168.88 14.080372311203657
168.89 14.071886509979702
168.89 14.071886509979702
168.89 14.071886509979702
168.92 14.046355417065044
168.92 14.046355417065044
168.92 14.046355417065044
168.92 14.046355417065044
168.92 14.046355417065044
168.98 14.102268251924796
168.98 14.102268251924796
168.98 14.102268251924796
168.98 14.102268251924796
169.05 14.191706120585552
169.05 14.191706120585552
169.08 14.166050434917393
169.11 14.131752621695721
169.11 14.131752621695721
169.13 14.127314147605189
169.15 14.102906076372877
169.15 14.102906076372877
169.15 14.102906076372877
169.16 14.125581768603642
169.16 14.125581768603642
169.16 14.125581768603642
169.16 14.125581768603642
169.16 14.125581768603642
169.23 14.094694108424289
169.36 14.120458090423876
169.41 14.111967906389062
169.41 14.111967906389062
169.41 14.111967906389062
169.41 14.111967906389062
169.42 14.10882328446855
169.42 14.10882328446855
169.43 14.11136966310656
169.54 14.161608516651434
169.56 14.176433129719447
169.57 14.17177816939047
169.57 14.17177816939047
169.57 14.17177816939047
169.57 14.17177816939047
169.57 14.17177816939047
169.57 14.17177816939047
169.6 14.170533515026968
169.6 14.170533515026968
169.6 14.170533515026968
169.62 14.16541190620173
169.62 14.16541190620173
169.62 14.16541190620173
169.62 14.16541190620173
169.62 14.16541190620173
169.62 14.16541190620173
169.62 14.16541190620173
169.62 14.16541190620173
169.62 14.16541190620173
169.62 14.16541190620173
169.62 14.16541190620173
169.62 14.16541190620173
169.62 14.16541190620173
169.62 14.16541190620173
169.62 14.16541190620173
169.68 14.243312809841502
169.68 14.243312809841502
169.69 14.241418115825015
169.7 14.240927641853341
169.7 14.240927641853341
169.7 14.240927641853341
169.76 14.292789059364065
169.76 14.292789059364065
169.76 14.292789059364065
169.76 14.292789059364065
169.76 14.292789059364065
169.76 14.292789059364065
169.76 14.292789059364065
169.76 14.292789059364065
169.77 14.283810282305787
169.8 14.324312536671387
169.8 14.324312536671387
169.8 14.324312536671387
169.8 14.324312536671387
169.81 14.319537203717273
169.81 14.319537203717273
169.81 14.319537203717273
169.81 14.319537203717273
169.82 14.321772440209546
169.82 14.321772440209546
169.85 14.387232614771953
169.85 14.387232614771953
169.85 14.387232614771953
169.85 14.387232614771953
169.9 14.412097096313495
169.92 14.398269019356766
169.92 14.398269019356766
169.92 14.398269019356766
169.97 14.387987032739199
170.08 14.426162721052032
170.08 14.426162721052032
170.08 14.426162721052032
170.08 14.426162721052032
170.08 14.426162721052032
170.09 14.443509783787725
170.24 14.493887119026951
170.27 14.499596251526684
170.27 14.499596251526684
170.27 14.499596251526684
170.27 14.499596251526684
170.27 14.499596251526684
170.27 14.499596251526684
170.27 14.499596251526684
170.27 14.499596251526684
170.27 14.499596251526684
170.36 14.65277856237478
170.36 14.65277856237478
170.37 14.660071229097463
170.37 14.660071229097463
170.37 14.660071229097463
170.37 14.660071229097463
170.43 14.64196145247895
170.43 14.64196145247895
170.43 14.64196145247895
170.43 14.64196145247895
170.43 14.64196145247895
170.59 14.745816202482208
170.7 14.853049024581892
170.72 14.852088156655455
170.72 14.852088156655455
170.72 14.852088156655455
170.72 14.852088156655455
170.72 14.852088156655455
170.72 14.852088156655455
170.72 14.852088156655455
170.72 14.852088156655455
170.76 14.850085020821542
170.76 14.850085020821542
170.76 14.850085020821542
170.76 14.850085020821542
170.76 14.850085020821542
170.76 14.850085020821542
170.78 14.849042741933191
170.78 14.849042741933191
170.78 14.849042741933191
170.78 14.849042741933191
170.78 14.849042741933191
170.78 14.849042741933191
170.78 14.849042741933191
170.8 14.857446570422686
170.8 14.857446570422686
170.8 14.857446570422686
170.8 14.857446570422686
170.83 14.861880008496051
170.83 14.861880008496051
170.83 14.861880008496051
170.88 14.835296766521182
170.88 14.835296766521182
170.88 14.835296766521182
170.88 14.835296766521182
170.88 14.835296766521182
170.88 14.835296766521182
170.88 14.835296766521182
170.88 14.835296766521182
170.88 14.835296766521182
170.92 14.913944100847901
170.96 14.906017131805145
171.1 15.11330739122008
171.1 15.11330739122008
171.1 15.11330739122008
171.1 15.11330739122008
171.27 15.499946506634878
171.27 15.499946506634878
171.27 15.499946506634878
171.27 15.499946506634878
171.27 15.499946506634878
171.32 15.523611453615233
171.32 15.523611453615233
171.35 15.511302411872546
171.35 15.511302411872546
171.35 15.511302411872546
171.35 15.511302411872546
171.35 15.511302411872546
171.35 15.511302411872546
171.35 15.511302411872546
171.35 15.511302411872546
171.35 15.511302411872546
171.35 15.511302411872546
171.37 15.493980027269528
171.37 15.493980027269528
171.37 15.493980027269528
171.37 15.493980027269528
171.37 15.493980027269528
171.37 15.493980027269528
171.45 15.538491677704448
171.45 15.538491677704448
171.45 15.538491677704448
171.79 17.491301499336846
171.81 17.516794525604887
171.82 17.52321073812856
171.82 17.52321073812856
171.82 17.52321073812856
171.82 17.52321073812856
171.82 17.52321073812856
171.82 17.52321073812856
171.82 17.52321073812856
171.82 17.52321073812856
171.85 17.532095478273455
171.85 17.532095478273455
171.85 17.532095478273455
171.85 17.532095478273455
171.86 17.533898252804438
171.86 17.533898252804438
171.86 17.533898252804438
171.86 17.533898252804438
171.86 17.533898252804438
171.86 17.533898252804438
171.86 17.533898252804438
171.86 17.533898252804438
171.88 17.552379615048032
171.88 17.552379615048032
171.88 17.552379615048032
171.91 17.585166773512874
171.91 17.585166773512874
171.91 17.585166773512874
171.93 17.5806854960938
171.93 17.5806854960938
171.93 17.5806854960938
171.93 17.5806854960938
171.93 17.5806854960938
171.93 17.5806854960938
171.99 17.60824098976865
171.99 17.60824098976865
171.99 17.60824098976865
171.99 17.60824098976865
172.0 17.60196425767997
172.0 17.60196425767997
172.0 17.60196425767997
172.0 17.60196425767997
172.0 17.60196425767997
172.01 17.609382492262295
172.01 17.609382492262295
172.01 17.609382492262295
172.01 17.609382492262295
172.01 17.609382492262295
172.04 17.593923117180722
172.04 17.593923117180722
172.04 17.593923117180722
172.05 17.594468637420277
172.06 17.59500842875729
172.06 17.59500842875729
172.06 17.59500842875729
172.06 17.59500842875729
172.06 17.59500842875729
172.06 17.59500842875729
172.07 17.587544130512185
172.07 17.587544130512185
172.07 17.587544130512185
172.07 17.587544130512185
172.07 17.587544130512185
172.08 17.58692982025324
172.11 17.59876366146385
172.11 17.59876366146385
172.11 17.59876366146385
172.11 17.59876366146385
172.11 17.59876366146385
172.11 17.59876366146385
172.11 17.59876366146385
172.19 17.6345908364739
172.19 17.6345908364739
172.19 17.6345908364739
172.19 17.6345908364739
172.19 17.6345908364739
172.24 17.591180979149915
172.24 17.591180979149915
172.24 17.591180979149915
172.24 17.591180979149915
172.24 17.591180979149915
172.24 17.591180979149915
172.29 17.5532470617849
172.29 17.5532470617849
172.38 17.577269469688687
172.38 17.577269469688687
172.38 17.577269469688687
172.38 17.577269469688687
172.38 17.577269469688687
172.38 17.577269469688687
172.38 17.577269469688687
172.38 17.577269469688687
172.38 17.577269469688687
172.38 17.577269469688687
172.38 17.577269469688687
172.44 17.65118186143714
172.44 17.65118186143714
172.44 17.65118186143714
172.44 17.65118186143714
172.45 17.65719065733696
172.45 17.65719065733696
172.49 17.619652686815943
172.49 17.619652686815943
172.49 17.619652686815943
172.49 17.619652686815943
172.49 17.619652686815943
172.49 17.619652686815943
172.49 17.619652686815943
172.51 17.60767021077054
172.51 17.60767021077054
172.51 17.60767021077054
172.52 17.609088562444114
172.53 17.611642448924055
172.53 17.611642448924055
172.53 17.611642448924055
172.53 17.611642448924055
172.53 17.611642448924055
172.53 17.611642448924055
172.53 17.611642448924055
172.53 17.611642448924055
172.53 17.611642448924055
172.53 17.611642448924055
172.6 17.552791872308028
172.6 17.552791872308028
172.6 17.552791872308028
172.6 17.552791872308028
172.6 17.552791872308028
172.6 17.552791872308028
172.6 17.552791872308028
172.6 17.552791872308028
172.6 17.552791872308028
172.6 17.552791872308028
172.6 17.552791872308028
172.6 17.552791872308028
172.6 17.552791872308028
172.6 17.552791872308028
172.6 17.552791872308028
172.6 17.552791872308028
172.6 17.552791872308028
172.6 17.552791872308028
172.63 17.546581221503352
172.67 17.59314336516748
172.67 17.59314336516748
172.67 17.59314336516748
172.67 17.59314336516748
172.67 17.59314336516748
172.67 17.59314336516748
172.67 17.59314336516748
172.67 17.59314336516748
172.67 17.59314336516748
172.69 17.59922051722946
172.69 17.59922051722946
172.69 17.59922051722946
172.69 17.59922051722946
172.69 17.59922051722946
172.69 17.59922051722946
172.69 17.59922051722946
172.69 17.59922051722946
172.69 17.59922051722946
172.7 17.601678768725066
172.7 17.601678768725066
172.73 17.595314017569684
172.73 17.595314017569684
172.73 17.595314017569684
172.73 17.595314017569684
172.75 17.58761270334934
172.75 17.58761270334934
172.75 17.58761270334934
172.88 17.626658658900357
172.88 17.626658658900357
172.92 17.60178154528226
172.92 17.60178154528226
172.92 17.60178154528226
172.92 17.60178154528226
172.92 17.60178154528226
172.92 17.60178154528226
172.92 17.60178154528226
172.92 17.60178154528226
172.94 17.587009824665024
172.94 17.587009824665024
172.94 17.587009824665024
172.94 17.587009824665024
172.94 17.587009824665024
172.94 17.587009824665024
172.94 17.587009824665024
172.94 17.587009824665024
172.94 17.587009824665024
172.94 17.587009824665024
172.94 17.587009824665024
172.94 17.587009824665024
172.94 17.587009824665024
172.94 17.587009824665024
172.96 17.56991489870508
172.96 17.56991489870508
172.96 17.56991489870508
172.96 17.56991489870508
172.96 17.56991489870508
172.96 17.56991489870508
172.96 17.56991489870508
172.96 17.56991489870508
172.96 17.56991489870508
172.96 17.56991489870508
172.96 17.56991489870508
172.96 17.56991489870508
172.96 17.56991489870508
172.96 17.56991489870508
172.96 17.56991489870508
172.96 17.56991489870508
172.96 17.56991489870508
172.96 17.56991489870508
172.96 17.56991489870508
172.96 17.56991489870508
172.96 17.56991489870508
172.96 17.56991489870508
173.04 17.683947807270055
173.05 17.75651908030531
173.05 17.75651908030531
173.05 17.75651908030531
173.05 17.75651908030531
173.05 17.75651908030531
173.05 17.75651908030531
173.05 17.75651908030531
173.05 17.75651908030531
173.05 17.75651908030531
173.06 17.768935684978
173.06 17.768935684978
173.06 17.768935684978
173.06 17.768935684978
173.06 17.768935684978
173.06 17.768935684978
173.06 17.768935684978
173.07 17.766636339897623
173.07 17.766636339897623
173.07 17.766636339897623
173.07 17.766636339897623
173.07 17.766636339897623
173.1 17.989108932935093
173.1 17.989108932935093
173.1 17.989108932935093
173.1 17.989108932935093
173.13 17.972147630493726
173.13 17.972147630493726
173.24 18.141332357313026
173.24 18.141332357313026
173.24 18.141332357313026
173.24 18.141332357313026
173.24 18.141332357313026
173.24 18.141332357313026
173.26 18.13329761549345
173.26 18.13329761549345
173.26 18.13329761549345
173.27 18.126498551809274
173.27 18.126498551809274
173.27 18.126498551809274
173.27 18.126498551809274
173.27 18.126498551809274
173.27 18.126498551809274
173.27 18.126498551809274
173.31 18.119200510388925
173.31 18.119200510388925
173.34 18.13085878277709
173.34 18.13085878277709
173.34 18.13085878277709
173.34 18.13085878277709
173.34 18.13085878277709
173.34 18.13085878277709
173.34 18.13085878277709
173.34 18.13085878277709
173.34 18.13085878277709
173.39 18.1907232418148
173.39 18.1907232418148
173.39 18.1907232418148
173.39 18.1907232418148
173.39 18.1907232418148
173.39 18.1907232418148
173.39 18.1907232418148
173.39 18.1907232418148
173.39 18.1907232418148
173.39 18.1907232418148
173.39 18.1907232418148
173.39 18.1907232418148
173.39 18.1907232418148
173.39 18.1907232418148
173.39 18.1907232418148
173.39 18.1907232418148
173.39 18.1907232418148
173.39 18.1907232418148
173.39 18.1907232418148
173.4 18.19492446760661
173.4 18.19492446760661
173.4 18.19492446760661
173.4 18.19492446760661
173.41 18.195805469487112
173.41 18.195805469487112
173.41 18.195805469487112
173.41 18.195805469487112
173.42 18.196680905590984
173.42 18.196680905590984
173.42 18.196680905590984
173.48 18.190770203677886
173.48 18.190770203677886
173.51 18.226379358572935
173.51 18.226379358572935
173.51 18.226379358572935
173.51 18.226379358572935
173.51 18.226379358572935
173.51 18.226379358572935
173.51 18.226379358572935
173.51 18.226379358572935
173.51 18.226379358572935
173.51 18.226379358572935
173.52 18.233813638375132
173.52 18.233813638375132
173.52 18.233813638375132
173.52 18.233813638375132
173.53 18.22801146614875
173.53 18.22801146614875
173.53 18.22801146614875
173.53 18.22801146614875
173.59 18.209608706565643
173.59 18.209608706565643
173.61 18.203426150537997
173.61 18.203426150537997
173.61 18.203426150537997
173.64 18.20239091921387
173.64 18.20239091921387
173.64 18.20239091921387
173.64 18.20239091921387
173.64 18.20239091921387
173.73 18.169141103591308
173.73 18.169141103591308
173.73 18.169141103591308
173.79 18.183207781525535
173.79 18.183207781525535
173.79 18.183207781525535
173.79 18.183207781525535
173.79 18.183207781525535
173.79 18.183207781525535
173.79 18.183207781525535
173.79 18.183207781525535
173.79 18.183207781525535
173.79 18.183207781525535
173.79 18.183207781525535
173.79 18.183207781525535
173.79 18.183207781525535
173.79 18.183207781525535
173.79 18.183207781525535
173.79 18.183207781525535
173.81 18.17679508045862
173.84 18.198635986215947
173.84 18.198635986215947
173.84 18.198635986215947
173.84 18.198635986215947
173.85 18.200378261020322
173.85 18.200378261020322
173.89 18.24919355277469
173.89 18.24919355277469
173.91 18.302096428233067
173.92 18.2993972495952
173.92 18.2993972495952
173.92 18.2993972495952
173.92 18.2993972495952
173.92 18.2993972495952
174.06 18.307161462226194
174.06 18.307161462226194
174.06 18.307161462226194
174.06 18.307161462226194
174.06 18.307161462226194
174.12 18.280494588825004
174.12 18.280494588825004
174.3 18.312474810039788
174.3 18.312474810039788
174.32 18.3099390863742
174.32 18.3099390863742
174.32 18.3099390863742
174.32 18.3099390863742
174.32 18.3099390863742
174.32 18.3099390863742
174.32 18.3099390863742
174.32 18.3099390863742
174.33 18.30262358654501
174.33 18.30262358654501
174.33 18.30262358654501
174.33 18.30262358654501
174.33 18.30262358654501
174.38 18.337308538117327
174.38 18.337308538117327
174.38 18.337308538117327
174.38 18.337308538117327
174.38 18.337308538117327
174.38 18.337308538117327
174.38 18.337308538117327
174.41 18.33501469372456
174.41 18.33501469372456
174.41 18.33501469372456
174.41 18.33501469372456
174.41 18.33501469372456
174.41 18.33501469372456
174.41 18.33501469372456
174.41 18.33501469372456
174.44 18.316217379564954
174.44 18.316217379564954
174.44 18.316217379564954
174.53 18.342884370653813
174.53 18.342884370653813
174.53 18.342884370653813
174.53 18.342884370653813
174.53 18.342884370653813
174.53 18.342884370653813
174.53 18.342884370653813
174.53 18.342884370653813
174.53 18.342884370653813
174.64 18.417557714333462
174.64 18.417557714333462
174.64 18.417557714333462
174.64 18.417557714333462
174.64 18.417557714333462
174.68 18.477137849666487
174.68 18.477137849666487
174.68 18.477137849666487
174.69 18.488184465331376
174.69 18.488184465331376
174.69 18.488184465331376
174.69 18.488184465331376
174.69 18.488184465331376
174.69 18.488184465331376
174.69 18.488184465331376
174.69 18.488184465331376
174.69 18.488184465331376
174.69 18.488184465331376
174.69 18.488184465331376
174.69 18.488184465331376
174.69 18.488184465331376
174.69 18.488184465331376
174.69 18.488184465331376
174.69 18.488184465331376
174.74 18.49656765660529
174.74 18.49656765660529
174.74 18.49656765660529
174.76 18.517475109261266
174.76 18.517475109261266
174.76 18.517475109261266
174.76 18.517475109261266
174.76 18.517475109261266
174.76 18.517475109261266
174.76 18.517475109261266
174.76 18.517475109261266
174.79 18.530862481860044
174.79 18.530862481860044
174.79 18.530862481860044
174.79 18.530862481860044
174.79 18.530862481860044
174.86 18.56187263122688
174.86 18.56187263122688
174.86 18.56187263122688
174.86 18.56187263122688
174.86 18.56187263122688
174.9 18.598913892750566
174.9 18.598913892750566
174.9 18.598913892750566
174.93 18.599051685989007
174.93 18.599051685989007
174.93 18.599051685989007
174.93 18.599051685989007
174.93 18.599051685989007
174.94 18.67135499869887
174.94 18.67135499869887
174.94 18.67135499869887
174.94 18.67135499869887
174.94 18.67135499869887
174.94 18.67135499869887
174.94 18.67135499869887
174.94 18.67135499869887
174.94 18.67135499869887
174.94 18.67135499869887
174.98 18.68650656592053
174.98 18.68650656592053
174.98 18.68650656592053
174.98 18.68650656592053
175.11 18.8947867102045
175.12 18.90004387009346
175.12 18.90004387009346
175.12 18.90004387009346
175.18 18.929321064948407
175.21 18.987324520908984
175.29 18.985207147994505
175.3 19.001983498688286
175.34 19.079426684601014
175.34 19.079426684601014
175.35 19.086618217349937
175.36 19.08327163463873
175.37 19.08202606100738
175.37 19.08202606100738
175.37 19.08202606100738
175.37 19.08202606100738
175.37 19.08202606100738
175.37 19.08202606100738
175.37 19.08202606100738
175.37 19.08202606100738
175.37 19.08202606100738
175.37 19.08202606100738
175.4 19.08457768795627
175.4 19.08457768795627
175.4 19.08457768795627
175.4 19.08457768795627
175.46 19.183022225617705
175.46 19.183022225617705
175.46 19.183022225617705
175.53 19.228305663616524
175.53 19.228305663616524
175.53 19.228305663616524
175.53 19.228305663616524
175.53 19.228305663616524
175.53 19.228305663616524
175.54 19.226980624102115
175.55 19.234012482602388
175.55 19.234012482602388
175.55 19.234012482602388
175.55 19.234012482602388
175.55 19.234012482602388
175.55 19.234012482602388
175.55 19.234012482602388
175.55 19.234012482602388
175.55 19.234012482602388
175.56 19.22326898193329
175.56 19.22326898193329
175.56 19.22326898193329
175.56 19.22326898193329
175.57 19.22715573317956
175.57 19.22715573317956
175.62 19.209911595777523
175.62 19.209911595777523
175.62 19.209911595777523
175.62 19.209911595777523
175.62 19.209911595777523
175.63 19.200164886226666
175.69 19.183428254563626
175.69 19.183428254563626
175.69 19.183428254563626
175.69 19.183428254563626
175.69 19.183428254563626
175.69 19.183428254563626
175.69 19.183428254563626
175.69 19.183428254563626
175.69 19.183428254563626
175.69 19.183428254563626
175.73 19.280190057237924
175.73 19.280190057237924
175.73 19.280190057237924
175.73 19.280190057237924
175.73 19.280190057237924
175.73 19.280190057237924
175.73 19.280190057237924
175.73 19.280190057237924
175.73 19.280190057237924
175.73 19.280190057237924
175.83 19.43708055502452
175.83 19.43708055502452
175.83 19.43708055502452
175.83 19.43708055502452
175.83 19.43708055502452
175.83 19.43708055502452
175.85 19.462049141442424
175.85 19.462049141442424
175.85 19.462049141442424
175.86 19.465738487773123
175.86 19.465738487773123
175.86 19.465738487773123
175.86 19.465738487773123
175.86 19.465738487773123
175.86 19.465738487773123
175.86 19.465738487773123
175.86 19.465738487773123
175.86 19.465738487773123
175.86 19.465738487773123
175.86 19.465738487773123
175.86 19.465738487773123
175.87 19.481807000894467
175.87 19.481807000894467
175.87 19.481807000894467
175.91 19.5150219165137
175.91 19.5150219165137
175.91 19.5150219165137
175.91 19.5150219165137
175.91 19.5150219165137
175.91 19.5150219165137
175.92 19.514550685122394
175.92 19.514550685122394
175.92 19.514550685122394
175.92 19.514550685122394
175.95 19.500740869832658
175.95 19.500740869832658
175.95 19.500740869832658
175.95 19.500740869832658
175.95 19.500740869832658
175.95 19.500740869832658
175.95 19.500740869832658
175.95 19.500740869832658
175.95 19.500740869832658
175.95 19.500740869832658
175.95 19.500740869832658
175.95 19.500740869832658
175.95 19.500740869832658
175.95 19.500740869832658
175.95 19.500740869832658
175.99 19.591298960887563
175.99 19.591298960887563
175.99 19.591298960887563
175.99 19.591298960887563
176.0 19.585657761478135
176.0 19.585657761478135
176.12 19.548306356486105
176.12 19.548306356486105
176.12 19.548306356486105
176.19 19.666155914214933
176.19 19.666155914214933
176.2 19.662478616050244
176.2 19.662478616050244
176.2 19.662478616050244
176.2 19.662478616050244
176.2 19.662478616050244
176.22 19.645900514742912
176.22 19.645900514742912
176.23 19.64834310914468
176.23 19.64834310914468
176.32 19.679277676003412
176.32 19.679277676003412
176.32 19.679277676003412
176.32 19.679277676003412
176.32 19.679277676003412
176.32 19.679277676003412
176.32 19.679277676003412
176.32 19.679277676003412
176.36 19.70308243109266
176.36 19.70308243109266
176.36 19.70308243109266
176.36 19.70308243109266
176.36 19.70308243109266
176.36 19.70308243109266
176.36 19.70308243109266
176.36 19.70308243109266
176.36 19.70308243109266
176.37 19.707486524811536
176.37 19.707486524811536
176.37 19.707486524811536
176.37 19.707486524811536
176.39 19.703018670336228
176.39 19.703018670336228
176.39 19.703018670336228
176.43 19.67768166677402
176.47 19.783732721658208
176.47 19.783732721658208
176.47 19.783732721658208
176.47 19.783732721658208
176.47 19.783732721658208
176.47 19.783732721658208
176.57 19.841966084298512
176.57 19.841966084298512
176.57 19.841966084298512
176.6 19.87903114834787
176.6 19.87903114834787
176.67 19.866162742476284
176.69 19.88165741349391
176.69 19.88165741349391
176.7 19.87978948959856
176.7 19.87978948959856
176.71 19.873871131937133
176.71 19.873871131937133
176.76 19.874541175450403
176.76 19.874541175450403
176.76 19.874541175450403
176.76 19.874541175450403
176.76 19.874541175450403
176.76 19.874541175450403
176.76 19.874541175450403
176.76 19.874541175450403
176.76 19.874541175450403
176.76 19.874541175450403
176.76 19.874541175450403
176.76 19.874541175450403
176.77 19.87364862192493
176.77 19.87364862192493
176.77 19.87364862192493
176.77 19.87364862192493
176.77 19.87364862192493
176.77 19.87364862192493
176.77 19.87364862192493
176.77 19.87364862192493
176.77 19.87364862192493
176.77 19.87364862192493
176.79 19.876905110804334
176.79 19.876905110804334
176.81 19.884184771322676
176.81 19.884184771322676
176.81 19.884184771322676
176.81 19.884184771322676
176.81 19.884184771322676
176.81 19.884184771322676
176.81 19.884184771322676
176.81 19.884184771322676
176.81 19.884184771322676
176.81 19.884184771322676
176.81 19.884184771322676
176.81 19.884184771322676
176.81 19.884184771322676
176.84 19.88748249022472
176.84 19.88748249022472
176.91 19.930328395431644
176.91 19.930328395431644
176.91 19.930328395431644
176.91 19.930328395431644
176.91 19.930328395431644
176.91 19.930328395431644
176.91 19.930328395431644
176.91 19.930328395431644
176.91 19.930328395431644
176.91 19.930328395431644
176.91 19.930328395431644
176.93 19.92536576841251
176.93 19.92536576841251
176.93 19.92536576841251
176.93 19.92536576841251
176.98 19.900243679223184
177.05 19.928452425625082
177.05 19.928452425625082
177.06 19.922371960251443
177.08 19.925327938765193
177.14 19.97033981588218
177.14 19.97033981588218
177.14 19.97033981588218
177.14 19.97033981588218
177.14 19.97033981588218
177.14 19.97033981588218
177.14 19.97033981588218
177.14 19.97033981588218
177.14 19.97033981588218
177.14 19.97033981588218
177.14 19.97033981588218
177.14 19.97033981588218
177.14 19.97033981588218
177.14 19.97033981588218
177.37 20.447827961465947
177.37 20.447827961465947
177.37 20.447827961465947
177.37 20.447827961465947
177.37 20.447827961465947
177.37 20.447827961465947
177.37 20.447827961465947
177.37 20.447827961465947
177.37 20.447827961465947
177.38 20.453540932645804
177.38 20.453540932645804
177.43 20.511428362435822
177.43 20.511428362435822
177.43 20.511428362435822
177.43 20.511428362435822
177.43 20.511428362435822
177.43 20.511428362435822
177.43 20.511428362435822
177.43 20.511428362435822
177.43 20.511428362435822
177.43 20.511428362435822
177.5 20.523549410421435
177.52 20.533820612460886
177.52 20.533820612460886
177.52 20.533820612460886
177.52 20.533820612460886
177.52 20.533820612460886
177.52 20.533820612460886
177.52 20.533820612460886
177.52 20.533820612460886
177.52 20.533820612460886
177.52 20.533820612460886
177.54 20.542110199716255
177.56 20.571884018249317
177.56 20.571884018249317
177.6 20.603946541022832
177.6 20.603946541022832
177.63 20.61475053689694
177.63 20.61475053689694
177.63 20.61475053689694
177.63 20.61475053689694
177.65 20.634593094141795
177.65 20.634593094141795
177.65 20.634593094141795
177.65 20.634593094141795
177.65 20.634593094141795
177.65 20.634593094141795
177.65 20.634593094141795
177.65 20.634593094141795
177.65 20.634593094141795
177.65 20.634593094141795
177.65 20.634593094141795
177.65 20.634593094141795
177.65 20.634593094141795
177.65 20.634593094141795
177.65 20.634593094141795
177.65 20.634593094141795
177.65 20.634593094141795
177.65 20.634593094141795
177.65 20.634593094141795
177.65 20.634593094141795
177.65 20.634593094141795
177.65 20.634593094141795
177.65 20.634593094141795
177.69 20.639131978942842
177.69 20.639131978942842
177.69 20.639131978942842
177.69 20.639131978942842
177.69 20.639131978942842
177.69 20.639131978942842
177.69 20.639131978942842
177.69 20.639131978942842
177.69 20.639131978942842
177.69 20.639131978942842
177.69 20.639131978942842
177.69 20.639131978942842
177.69 20.639131978942842
177.69 20.639131978942842
177.69 20.639131978942842
177.69 20.639131978942842
177.74 20.681173921561346
177.74 20.681173921561346
177.74 20.681173921561346
177.74 20.681173921561346
177.74 20.681173921561346
177.74 20.681173921561346
177.74 20.681173921561346
177.74 20.681173921561346
177.74 20.681173921561346
177.74 20.681173921561346
177.81 20.712531103745338
177.81 20.712531103745338
177.81 20.712531103745338
177.84 20.746238988327594
177.84 20.746238988327594
177.94 21.025861080366106
177.94 21.025861080366106
177.94 21.025861080366106
177.94 21.025861080366106
177.94 21.025861080366106
177.94 21.025861080366106
177.94 21.025861080366106
177.94 21.025861080366106
177.94 21.025861080366106
177.94 21.025861080366106
177.94 21.025861080366106
177.94 21.025861080366106
177.94 21.025861080366106
177.94 21.025861080366106
177.94 21.025861080366106
177.94 21.025861080366106
178.0 21.067968494432776
178.07 21.09788386349654
178.07 21.09788386349654
178.07 21.09788386349654
178.07 21.09788386349654
178.07 21.09788386349654
178.07 21.09788386349654
178.14 21.04745535413775
178.14 21.04745535413775
178.14 21.04745535413775
178.14 21.04745535413775
178.14 21.04745535413775
178.14 21.04745535413775
178.14 21.04745535413775
178.14 21.04745535413775
178.14 21.04745535413775
178.14 21.04745535413775
178.17 21.0887357105481
178.17 21.0887357105481
178.17 21.0887357105481
178.17 21.0887357105481
178.17 21.0887357105481
178.17 21.0887357105481
178.17 21.0887357105481
178.17 21.0887357105481
178.19 21.117139196377803
178.19 21.117139196377803
178.19 21.117139196377803
178.19 21.117139196377803
178.19 21.117139196377803
178.19 21.117139196377803
178.21 21.13787949981605
178.21 21.13787949981605
178.27 21.17709723347799
178.32 21.197743314042658
178.32 21.197743314042658
178.32 21.197743314042658
178.32 21.197743314042658
178.32 21.197743314042658
178.32 21.197743314042658
178.32 21.197743314042658
178.32 21.197743314042658
178.35 21.19015368196576
178.35 21.19015368196576
178.35 21.19015368196576
178.35 21.19015368196576
178.36 21.190459595993836
178.36 21.190459595993836
178.36 21.190459595993836
178.36 21.190459595993836
178.36 21.190459595993836
178.36 21.190459595993836
178.36 21.190459595993836
178.36 21.190459595993836
178.39 21.219785495673896
178.39 21.219785495673896
178.39 21.219785495673896
178.39 21.219785495673896
178.61 21.359989366304536
178.61 21.359989366304536
178.61 21.359989366304536
178.61 21.359989366304536
178.61 21.359989366304536
178.61 21.359989366304536
178.61 21.359989366304536
178.61 21.359989366304536
178.61 21.359989366304536
178.61 21.359989366304536
178.61 21.359989366304536
178.61 21.359989366304536
178.61 21.359989366304536
178.61 21.359989366304536
178.61 21.359989366304536
178.61 21.359989366304536
178.62 21.362052486410594
178.62 21.362052486410594
178.62 21.362052486410594
178.63 21.36881445367943
178.63 21.36881445367943
178.71 21.411402119046702
178.71 21.411402119046702
178.71 21.411402119046702
178.71 21.411402119046702
178.71 21.411402119046702
178.71 21.411402119046702
178.71 21.411402119046702
178.76 21.40263450650633
178.76 21.40263450650633
178.78 21.42068694383373
178.78 21.42068694383373
178.78 21.42068694383373
178.78 21.42068694383373
178.78 21.42068694383373
178.78 21.42068694383373
178.78 21.42068694383373
178.78 21.42068694383373
178.78 21.42068694383373
178.78 21.42068694383373
178.78 21.42068694383373
178.78 21.42068694383373
178.78 21.42068694383373
178.78 21.42068694383373
178.78 21.42068694383373
178.78 21.42068694383373
178.78 21.42068694383373
178.78 21.42068694383373
178.82 21.546434605778877
178.82 21.546434605778877
178.82 21.546434605778877
178.82 21.546434605778877
178.82 21.546434605778877
178.82 21.546434605778877
178.82 21.546434605778877
178.85 21.529867065994555
178.86 21.526199999817912
178.86 21.526199999817912
178.93 21.572248597393337
178.93 21.572248597393337
178.93 21.572248597393337
178.93 21.572248597393337
178.93 21.572248597393337
178.93 21.572248597393337
178.93 21.572248597393337
178.93 21.572248597393337
178.93 21.572248597393337
178.93 21.572248597393337
178.93 21.572248597393337
178.93 21.572248597393337
178.93 21.572248597393337
178.93 21.572248597393337
178.93 21.572248597393337
178.93 21.572248597393337
178.93 21.572248597393337
178.93 21.572248597393337
178.93 21.572248597393337
178.93 21.572248597393337
178.94 21.574142348896565
178.94 21.574142348896565
178.94 21.574142348896565
178.94 21.574142348896565
178.94 21.574142348896565
178.94 21.574142348896565
178.94 21.574142348896565
178.94 21.574142348896565
178.94 21.574142348896565
178.94 21.574142348896565
178.94 21.574142348896565
178.94 21.574142348896565
178.94 21.574142348896565
178.94 21.574142348896565
178.94 21.574142348896565
178.94 21.574142348896565
178.95 21.59093193237713
178.95 21.59093193237713
178.95 21.59093193237713
179.01 21.554649488517892
179.01 21.554649488517892
179.01 21.554649488517892
179.02 21.56303369450951
179.03 21.573273526594573
179.03 21.573273526594573
179.03 21.573273526594573
179.03 21.573273526594573
179.03 21.573273526594573
179.03 21.573273526594573
179.03 21.573273526594573
179.03 21.573273526594573
179.03 21.573273526594573
179.03 21.573273526594573
179.03 21.573273526594573
179.1 21.71422431698729
179.1 21.71422431698729
179.11 21.731756630129
179.14 21.75099835980504
179.14 21.75099835980504
179.14 21.75099835980504
179.14 21.75099835980504
179.14 21.75099835980504
179.16 21.768411025910112
179.19 21.79585272431202
179.19 21.79585272431202
179.19 21.79585272431202
179.19 21.79585272431202
179.19 21.79585272431202
179.19 21.79585272431202
179.19 21.79585272431202
179.19 21.79585272431202
179.19 21.79585272431202
179.22 21.82874413134569
179.22 21.82874413134569
179.22 21.82874413134569
179.22 21.82874413134569
179.24 21.8257696566588
179.24 21.8257696566588
179.25 21.82013039494176
179.25 21.82013039494176
179.25 21.82013039494176
179.28 21.828053499980015
179.28 21.828053499980015
179.28 21.828053499980015
179.28 21.828053499980015
179.28 21.828053499980015
179.28 21.828053499980015
179.28 21.828053499980015
179.28 21.828053499980015
179.28 21.828053499980015
179.28 21.828053499980015
179.28 21.828053499980015
179.28 21.828053499980015
179.28 21.828053499980015
179.28 21.828053499980015
179.28 21.828053499980015
179.28 21.828053499980015
179.28 21.828053499980015
179.28 21.828053499980015
179.28 21.828053499980015
179.39 21.927424832820545
179.39 21.927424832820545
179.39 21.927424832820545
179.39 21.927424832820545
179.39 21.927424832820545
179.39 21.927424832820545
179.39 21.927424832820545
179.39 21.927424832820545
179.39 21.927424832820545
179.4 21.918992017318597
179.4 21.918992017318597
179.4 21.918992017318597
179.4 21.918992017318597
179.4 21.918992017318597
179.4 21.918992017318597
179.4 21.918992017318597
179.4 21.918992017318597
179.4 21.918992017318597
179.43 21.965141410560722
179.43 21.965141410560722
179.46 21.953546204537748
179.46 21.953546204537748
179.49 21.96113286658772
179.49 21.96113286658772
179.49 21.96113286658772
179.49 21.96113286658772
179.49 21.96113286658772
179.49 21.96113286658772
179.49 21.96113286658772
179.49 21.96113286658772
179.49 21.96113286658772
179.49 21.96113286658772
179.53 21.980326973667754
179.53 21.980326973667754
179.53 21.980326973667754
179.55 21.978918634036752
179.55 21.978918634036752
179.55 21.978918634036752
179.56 21.99055073453233
179.59 22.01351572039004
179.59 22.01351572039004
179.61 22.03578405445271
179.61 22.03578405445271
179.61 22.03578405445271
179.61 22.03578405445271
179.61 22.03578405445271
179.61 22.03578405445271
179.61 22.03578405445271
179.61 22.03578405445271
179.61 22.03578405445271
179.61 22.03578405445271
179.61 22.03578405445271
179.61 22.03578405445271
179.61 22.03578405445271
179.61 22.03578405445271
179.61 22.03578405445271
179.61 22.03578405445271
179.61 22.03578405445271
179.65 22.051048585466248
179.65 22.051048585466248
179.65 22.051048585466248
179.65 22.051048585466248
179.65 22.051048585466248
179.65 22.051048585466248
179.65 22.051048585466248
179.65 22.051048585466248
179.65 22.051048585466248
179.65 22.051048585466248
179.65 22.051048585466248
179.65 22.051048585466248
179.65 22.051048585466248
179.65 22.051048585466248
179.65 22.051048585466248
179.7 22.072288727004295
179.7 22.072288727004295
179.7 22.072288727004295
179.7 22.072288727004295
179.72 22.074374055672536
179.72 22.074374055672536
179.72 22.074374055672536
179.76 22.136679127955716
179.85 22.157896150335333
179.86 22.155693937887538
179.86 22.155693937887538
179.86 22.155693937887538
179.86 22.155693937887538
179.86 22.155693937887538
179.86 22.155693937887538
179.86 22.155693937887538
179.91 22.170012341813898
179.91 22.170012341813898
179.91 22.170012341813898
179.91 22.170012341813898
179.91 22.170012341813898
179.91 22.170012341813898
179.91 22.170012341813898
179.95 22.30391947888538
179.95 22.30391947888538
179.95 22.30391947888538
179.95 22.30391947888538
179.95 22.30391947888538
179.95 22.30391947888538
179.95 22.30391947888538
179.95 22.30391947888538
179.98 22.29991098974957
179.98 22.29991098974957
180.04 22.343107938731553
180.04 22.343107938731553
180.04 22.343107938731553
180.04 22.343107938731553
180.04 22.343107938731553
180.04 22.343107938731553
180.04 22.343107938731553
180.04 22.343107938731553
180.04 22.343107938731553
180.04 22.343107938731553
180.04 22.343107938731553
180.46 23.372629270045227
180.46 23.372629270045227
180.46 23.372629270045227
180.46 23.372629270045227
180.46 23.372629270045227
180.49 23.36556543808016
180.49 23.36556543808016
180.49 23.36556543808016
180.49 23.36556543808016
180.49 23.36556543808016
180.49 23.36556543808016
180.49 23.36556543808016
180.49 23.36556543808016
180.49 23.36556543808016
180.51 23.36685579509455
180.51 23.36685579509455
180.51 23.36685579509455
180.51 23.36685579509455
180.51 23.36685579509455
180.57 23.427319447226818
180.58 23.426643767107457
180.58 23.426643767107457
180.65 23.738049095794956
180.65 23.738049095794956
180.65 23.738049095794956
180.65 23.738049095794956
180.65 23.738049095794956
180.65 23.738049095794956
180.65 23.738049095794956
180.65 23.738049095794956
180.65 23.738049095794956
180.65 23.738049095794956
180.65 23.738049095794956
180.65 23.738049095794956
180.65 23.738049095794956
180.65 23.738049095794956
180.65 23.738049095794956
180.65 23.738049095794956
180.65 23.738049095794956
180.65 23.738049095794956
180.65 23.738049095794956
180.65 23.738049095794956
180.73 23.830369964885488
180.73 23.830369964885488
180.8 23.884142465379252
180.8 23.884142465379252
180.8 23.884142465379252
180.8 23.884142465379252
180.8 23.884142465379252
180.81 23.885907621745773
180.81 23.885907621745773
180.81 23.885907621745773
180.84 23.92144598241183
180.84 23.92144598241183
180.84 23.92144598241183
180.85 23.921511103342468
180.85 23.921511103342468
180.85 23.921511103342468
180.85 23.921511103342468
180.85 23.921511103342468
180.85 23.921511103342468
180.85 23.921511103342468
180.85 23.921511103342468
180.85 23.921511103342468
180.85 23.921511103342468
180.85 23.921511103342468
180.85 23.921511103342468
180.85 23.921511103342468
180.85 23.921511103342468
180.85 23.921511103342468
180.85 23.921511103342468
180.85 23.921511103342468
180.85 23.921511103342468
180.85 23.921511103342468
180.85 23.921511103342468
180.85 23.921511103342468
180.85 23.921511103342468
180.85 23.921511103342468
180.85 23.921511103342468
180.85 23.921511103342468
180.87 23.934229393975006
180.9 23.969620638796922
180.9 23.969620638796922
180.9 23.969620638796922
180.9 23.969620638796922
180.9 23.969620638796922
180.91 23.983912112101418
180.91 23.983912112101418
180.91 23.983912112101418
180.91 23.983912112101418
180.91 23.983912112101418
180.91 23.983912112101418
180.92 23.98813777200815
180.92 23.98813777200815
180.92 23.98813777200815
180.92 23.98813777200815
180.94 23.997411920756615
180.94 23.997411920756615
180.94 23.997411920756615
180.94 23.997411920756615
180.94 23.997411920756615
180.94 23.997411920756615
180.94 23.997411920756615
180.94 23.997411920756615
180.94 23.997411920756615
180.94 23.997411920756615
181.0 24.010048147813063
181.0 24.010048147813063
181.0 24.010048147813063
181.03 24.02760347273977
181.03 24.02760347273977
181.03 24.02760347273977
181.08 24.027488445632954
181.1 24.06001708458564
181.11 24.075006327065445
181.11 24.075006327065445
181.11 24.075006327065445
181.11 24.075006327065445
181.11 24.075006327065445
181.11 24.075006327065445
181.11 24.075006327065445
181.11 24.075006327065445
181.11 24.075006327065445
181.11 24.075006327065445
181.11 24.075006327065445
181.14 24.079858761835577
181.22 24.069238484132192
181.22 24.069238484132192
181.22 24.069238484132192
181.22 24.069238484132192
181.22 24.069238484132192
181.22 24.069238484132192
181.22 24.069238484132192
181.22 24.069238484132192
181.22 24.069238484132192
181.26 24.12389294983868
181.26 24.12389294983868
181.26 24.12389294983868
181.26 24.12389294983868
181.26 24.12389294983868
181.26 24.12389294983868
181.26 24.12389294983868
181.26 24.12389294983868
