104.16 10.703270528207721
104.06 11.178821968618186
104.2 10.815252977609768
104.46 10.968660590587858
104.96 10.740201077815964
105.54 11.023775957612546
106.3 11.50625653259736
106.84 11.575592573788326
108.28 12.364890013684112
108.6 12.19537915471564
109.38 12.535831472505956
110.2 12.856629779725685
111.2 13.31817319956973
112.0 13.137962574389555
112.82 13.098214852537442
113.56 13.078102602318411
114.6 13.154866211805617
115.54 13.326831748185478
116.6 13.154866211805615
117.3 13.185161540477417
118.5 13.705045889316928
119.58 13.825156400379328
120.6 14.223326977294386
121.74 13.931013290968153
122.64 13.738922075547986
123.66 13.937972259517187
124.6 14.140707053029418
126.06 15.772255400038395
126.94 15.892199979927897
128.12 16.32206166419233
129.38 16.518602919867114
130.5 16.707525673821788
132.14 17.834831429570958
133.14 17.654953235207785
134.56 18.656014276550835
135.86 18.88242194703472
136.42 18.77306258413578
138.1 19.270273333386697
138.8 19.424029687295302
139.78 19.00960947850462
140.6 18.831523109569833
141.5 19.118714719490235
142.72 19.445900089814053
143.72 19.64538139362558
144.74 20.112120070678124
145.7 20.117583645089482
146.12 20.050078717193518
147.14 19.913459232033464
147.64 19.83035118909467
148.68 20.058943444788216
150.02 19.871292932979546
150.66 19.992028714495486
151.44 19.911075036042355
152.48 19.662033352518645
153.34 20.390243260001096
153.88 20.425414947010886
154.92 20.74261703874807
155.62 20.855820591030515
156.52 20.925302454881813
157.62 20.71196404365009
158.6 21.404238228477414
159.28 21.054081396117557
160.64 21.202020105774277
161.04 21.155470672947445
161.94 21.351233020955757
162.5 21.60317036217068
163.0 21.24698433741465
163.68 21.01028127350796
164.4 20.981954728824107
165.34 21.062782534147953
165.8 20.94437076320668
166.4 20.972324235486724
166.82 20.6443574603206
168.06 20.973200793277872
168.7 21.0
169.2 21.401406543033612
170.06 21.40037760452281
170.68 21.787254174045074
171.64 21.666675990673983
172.54 21.35955774520407
173.1 21.084486134491293
174.36 20.789235753926192
175.12 20.934375577219413
175.5 20.7425293841548
176.16 20.584744768194653
176.66 20.548154823892745
177.4 20.59224135543298
177.98 20.758340176148156
179.16 20.742149543303558
179.82 20.60125523291523
180.3 20.497597789778077
180.52 20.500051736815724
181.02 20.399039391128394
181.76 21.022892764841377
182.32 20.737357107355308
182.3 21.12851488898691
182.86 21.86137223413928
183.18 21.768469459892277
184.14 22.054578763704473
184.72 22.880488798903915
185.18 22.846160962119455
185.52 22.771806066167684
186.02 22.72095993135018
186.6 22.81502251862251
186.98 22.710287794679573
187.46 22.525146441748657
187.9 22.438017881814933
188.1 22.345993697829478
188.94 22.466954408731954
189.42 22.26796403406073
189.96 22.04674556253121
190.3 22.113344387495978
190.84 22.081904470640772
191.6 22.252908106400817
192.26 22.177711989538253
193.06 21.75799864533742
193.26 21.58685533449287
193.98 21.394788377008304
194.64 21.453977051193373
194.82 21.26902238306484
195.24 21.353740239644722
195.96 21.58933518984301
197.06 21.979705975000545
197.46 21.845841894530132
197.96 22.063233276794737
198.6 22.21565559544336
199.52 22.8019492344161
200.02 22.69961064054455
201.0 22.41662442262551
201.88 22.404581061141325
202.14 22.396347104748216
202.38 22.353803373308207
203.46 22.390212508183485
203.68 22.41882326001158
204.02 22.202911811951438
204.26 22.241384667308644
204.48 22.209507473652412
205.12 22.09313618902184
205.34 22.26571400611308
205.64 22.217256010733294
205.92 22.194584834134567
206.3 22.475800678988417
206.54 22.250829061843824
206.72 22.210235150816064
207.22 22.240003996802205
207.66 22.14015046530314
208.56 23.122126357078994
208.78 23.13577840541015
209.0 23.272648358452066
209.64 23.197666200971966
209.86 23.223559963402195
210.26 23.326674374495333
210.48 23.230283265730122
210.76 23.699771980320655
211.36 23.42730859229861
211.78 23.351326395826945
211.86 23.403798362184247
212.04 23.351473468098604
212.14 23.303452728960764
212.46 23.198493507340107
212.58 22.996345779099762
213.7 24.444329659969256
213.84 24.383601046605076
213.94 24.30688475441982
214.04 24.27948379462243
214.3 24.165046967665813
214.52 24.22056893625663
214.72 24.088255237854824
215.18 24.05900994629579
215.82 23.946227639898066
215.96 24.03361282567699
216.3 24.079623809941115
216.52 24.0380506445069
216.7 23.945012765994434
216.86 23.82300899499804
217.18 23.763302494698536
217.5 23.78926844039751
217.88 23.90861389085152
218.38 24.12709613021774
218.56 24.02369200971778
218.74 23.91340438103511
219.06 23.74520472589671
219.4 23.579652245103194
219.52 23.618380105076614
220.14 23.758473235985733
220.28 23.798854059501572
220.36 23.85372935287906
220.54 23.739078296847122
221.1 24.09639731653601
221.78 25.277282490430217
222.12 25.118418530929638
222.2 25.11146866644519
222.34 24.908811470820705
222.66 24.929889569338126
223.08 24.824914171782424
223.72 24.772125096934694
224.36 24.595934623429134
224.7 24.37646654484856
225.66 25.342988590674757
226.4 26.025628394590854
226.82 26.265305302361565
226.88 26.231787332674582
227.12 26.04164496968793
228.04 26.88994404808405
228.54 26.960285044801914
228.62 26.886510454955744
228.86 26.863297781113317
229.36 26.589099308178945
229.48 26.52480447666396
229.56 26.47137581187909
229.8 26.381046149832574
230.58 26.452618208808943
231.6 27.068189239158
232.04 27.84369068767844
232.22 27.735977438057677
232.5 27.86892117891842
232.78 28.03590050581071
233.24 27.99102309200887
233.5 28.026502608867354
234.24 28.151509280098544
234.46 28.315473872179158
234.92 28.211925267034285
235.36 28.13657887354237
235.58 28.03359456513603
235.88 27.76935306587047
235.96 27.81029531041563
236.24 27.841223704674643
236.62 27.850531794063137
236.72 27.802361646653573
236.92 27.63897116885372
237.3 27.186412232970536
237.82 27.335690955232867
237.98 27.176185356025425
238.26 26.90297569062019
239.08 27.793495351221726
239.08 27.793495351221726
239.14 27.796162804723
239.32 27.788843048601322
240.28 28.572813242060306
240.8 28.66314284191037
241.02 28.741263055408723
241.36 28.7319622818501
241.44 28.603990680118095
241.7 28.43297985499134
241.92 28.322700322097702
242.06 28.20767858780888
242.44 27.95462412734269
242.54 27.91162822013417
242.62 27.907053523502558
242.64 27.89283967348081
242.78 28.126546646586856
242.98 28.00215720405855
243.12 27.910853759348843
243.18 27.936573183053806
243.22 27.949297528260573
243.68 27.824442419563347
243.78 27.7418037763891
244.06 27.72659446098709
244.14 27.755432628659218
244.32 27.510468163698317
244.42 27.402418237311206
244.54 27.307238097714173
245.76 27.321179855322285
245.8 27.303753395732045
246.0 27.215562986770433
246.42 26.97143269865697
247.0 27.396822052673528
247.8 28.489941517608766
248.12 29.035429420212843
248.34 28.9367893481253
248.42 28.89520599152962
248.64 28.940733587904447
248.8 28.757432065292253
249.28 28.74270394905515
249.54 28.82739297714218
249.68 28.786528835971907
250.18 28.63930336041184
250.18 28.63930336041184
250.62 29.214214058062616
251.14 29.741315683504297
251.16 29.715390699845166
251.2 29.751835526093465
251.72 30.199364499300582
252.22 29.989755826706133
252.44 29.86377150469861
252.52 29.8191450940736
253.32 30.578555898015868
253.36 30.5635684626602
253.7 30.58008198388968
253.94 30.496835404627966
254.16 30.8291872724337
254.72 31.568453758891522
255.16 31.575697085965437
256.6 32.37719611521091
257.06 32.23707007264597
257.58 32.24188254272678
258.28 31.982343613786387
258.96 31.97660761155621
259.64 32.31459000626075
259.72 32.28036273312024
259.84 32.27117424062357
259.98 32.10021555042642
259.98 32.10021555042642
260.58 32.535040938792264
260.76 32.58155889146466
260.76 32.58155889146466
261.02 32.623341708697225
261.34 32.461389652659946
261.34 32.461389652659946
261.42 32.40812343605326
261.5 32.39824786383462
261.74 32.46835911213167
261.84 32.406109911496
261.92 32.421367190558925
262.16 32.25614654448032
262.2 32.203268546073154
262.26 32.17082560647178
262.28 32.16626000685008
262.36 32.13655208322728
262.64 31.948038620816327
262.94 32.10897479874221
263.28 32.14175672318682
263.42 32.05209774253426
263.8 32.384682749220765
264.72 32.677821224800155
265.08 32.53022836648641
265.14 32.44420852273432
265.24 32.301333743611295
265.26 32.28115752746688
265.26 32.28115752746688
265.94 32.384626605907314
266.6 32.69386622730461
266.6 32.69386622730461
266.6 32.69386622730461
266.82 32.7711316665609
266.96 32.77160633564034
267.14 32.763930648125104
267.92 32.65976426767656
267.92 32.65976426767656
267.94 32.69133885853615
268.12 32.55183279297525
268.36 32.37080615167147
268.38 32.36620634444687
268.44 32.29983269181424
268.44 32.29983269181424
268.54 32.16982085336152
268.54 32.16982085336152
268.84 32.08093300741521
269.26 31.751121828586427
269.64 31.54522807242665
269.72 31.704468665053096
269.74 31.700180033265013
270.9 31.783834274865605
271.46 32.71160174752819
271.5 32.62071598096999
271.64 32.487921609500525
271.64 32.487921609500525
271.68 32.40615978358423
271.88 32.29012420558523
272.06 32.31843455554758
272.24 32.26816926128204
272.26 32.273646878347705
272.44 32.15188701124459
272.58 32.11883867732141
273.22 32.32273490778885
273.22 32.32273490778885
273.52 32.17768848695686
274.08 32.21132243372342
274.46 32.154745789193804
274.86 31.842104138382506
275.38 31.617275676631618
275.68 31.336195871821637
275.68 31.336195871821637
275.7 31.343486427233035
275.8 31.149687483232167
275.8 31.149687483232167
275.86 31.221923144618827
275.92 31.181346405124387
275.92 31.181346405124387
275.94 31.16648679254527
276.04 31.231918405258536
276.04 31.231918405258536
276.48 31.1323275419911
276.54 31.117704207597246
276.8 31.239705375038213
276.82 31.25922247751837
277.14 31.37296655248002
277.34 31.197066684176733
277.58 31.071497868593013
277.88 31.103372774986926
278.02 31.024910161111677
278.08 30.994193004496832
278.08 30.994193004496832
278.54 30.915793093923096
278.54 30.915793093923096
278.6 30.902257117393464
279.22 31.42654735709729
279.22 31.42654735709729
279.22 31.42654735709729
279.46 31.266666666666666
279.46 31.266666666666666
279.76 31.511780705512706
279.88 31.658301925531017
279.96 31.60230141216703
279.96 31.60230141216703
279.98 31.586335109609742
280.0 31.572907450035146
280.34 31.38815964112209
280.46 31.301537703861484
280.7 31.14952534618993
280.98 31.41317358605264
281.06 31.23512009377789
281.14 31.159744815542005
281.14 31.159744815542005
281.22 31.1877922244968
281.56 31.435140858728165
281.64 31.358957929501457
281.86 31.565554682663862
281.86 31.565554682663862
281.86 31.565554682663862
281.86 31.565554682663862
282.06 31.319087670704143
282.06 31.319087670704143
282.06 31.319087670704143
282.18 31.473054051253612
282.72 31.494132851062982
282.76 31.464946023834667
282.84 31.40119022385532
282.96 31.47483201710615
282.96 31.47483201710615
282.96 31.47483201710615
283.24 31.509857364182256
283.24 31.509857364182256
283.24 31.509857364182256
283.3 31.570827859230608
283.3 31.570827859230608
283.4 31.526163577241523
283.96 31.5498387195929
284.02 31.467148172998037
284.58 30.908525841537145
284.68 30.935867189847425
284.8 30.89375733743376
284.82 30.89518938722868
284.82 30.89518938722868
284.82 30.89518938722868
284.96 31.041816046010315
285.16 31.016684985258298
285.16 31.016684985258298
285.32 30.964587137012764
285.38 30.90120457918177
285.78 30.79668747764862
286.0 30.855806715767585
286.14 30.83256182490953
286.18 30.795637891287672
286.22 30.847811506612178
286.26 30.816045931765593
286.6 31.633635084935598
286.64 31.597059062737802
286.96 31.708877767794448
287.22 31.658397644450375
287.3 31.72657809433216
287.34 31.729990911318005
287.38 31.71552212142098
287.5 31.690899818609306
287.56 31.64395357694417
287.64 31.738043959000287
287.68 31.69516421070309
287.7 31.679423267885713
288.18 31.565349881338438
288.7 31.843525260405773
288.7 31.843525260405773
288.82 31.86853677788857
288.9 31.917032595417908
289.14 31.357508404420997
289.2 31.368774282716245
289.22 31.358333031349893
289.26 31.32837484944072
289.28 31.35011800599639
289.5 31.255706549671725
289.5 31.255706549671725
289.52 31.24891270835747
289.66 31.14392137133406
289.66 31.14392137133406
289.68 31.12921262717512
289.68 31.12921262717512
289.88 31.00057998805764
289.88 31.00057998805764
289.92 30.98376244669997
289.92 30.98376244669997
290.12 30.997973214943315
290.38 31.055109047945685
290.38 31.055109047945685
290.38 31.055109047945685
290.5 31.10019649812879
290.52 31.1057109310373
290.92 31.091159547694616
291.22 31.133333333333326
291.22 31.133333333333326
291.6 31.292688015450565
291.62 31.31165594438911
292.24 31.71754127044567
292.24 31.71754127044567
292.52 31.909746460790302
293.2 31.362333452661954
293.22 31.381516788702154
293.22 31.381516788702154
293.24 31.381368724615935
293.24 31.381368724615935
293.24 31.381368724615935
293.24 31.381368724615935
293.36 31.3686197182838
293.36 31.3686197182838
293.56 31.268895701380913
293.56 31.268895701380913
293.9 31.148228219468937
293.94 31.184631024291633
293.96 31.185311227621845
293.96 31.185311227621845
294.5 30.977835021612833
294.56 30.9356843411709
294.56 30.9356843411709
294.58 30.91375425308615
294.64 30.85564958173965
295.08 30.202575313299945
295.38 30.380343193013022
295.72 30.486983478464396
295.72 30.486983478464396
295.72 30.486983478464396
295.76 30.480700964924203
296.3 30.62761017530596
296.36 30.628935945796695
296.44 30.643706820108548
296.44 30.643706820108548
296.72 30.50884289758455
296.98 30.37209644433921
296.98 30.37209644433921
297.14 30.505843123022597
297.14 30.505843123022597
297.22 30.36464584301481
297.38 30.29377373772914
297.62 30.339087033399696
297.64 30.328011521171035
297.64 30.328011521171035
297.64 30.328011521171035
297.88 30.28193447512156
298.2 30.217394147922622
298.2 30.217394147922622
298.36 29.986367272849545
298.36 29.986367272849545
298.36 29.986367272849545
298.36 29.986367272849545
298.36 29.986367272849545
298.68 30.06688839533912
298.68 30.06688839533912
298.68 30.06688839533912
298.68 30.06688839533912
298.68 30.06688839533912
298.74 29.99077972789084
299.08 29.906818248984255
299.14 29.8538595376365
299.18 29.781826198491782
299.2 29.76541278026895
299.26 29.695634478332128
300.54 30.542376588549352
300.54 30.542376588549352
301.1 30.452977496196308
301.14 30.401030019764562
301.72 30.13373558326316
301.72 30.13373558326316
301.72 30.13373558326316
301.74 30.138609084955423
301.74 30.138609084955423
301.76 30.144808756226908
301.76 30.144808756226908
302.44 30.226859418454808
302.46 30.221879825749106
302.94 29.867660968297663
302.94 29.867660968297663
302.94 29.867660968297663
302.94 29.867660968297663
302.94 29.867660968297663
303.02 29.859597377653255
303.1 29.764564383328256
303.1 29.764564383328256
303.16 29.686823251191335
303.16 29.686823251191335
303.16 29.686823251191335
303.16 29.686823251191335
303.16 29.686823251191335
303.16 29.686823251191335
303.44 29.712535190971966
303.44 29.712535190971966
303.44 29.712535190971966
303.44 29.712535190971966
303.46 29.717668111408038
303.46 29.717668111408038
303.48 29.710549770692023
303.48 29.710549770692023
303.48 29.710549770692023
303.72 29.746430054883913
303.84 29.608461798969063
303.84 29.608461798969063
303.84 29.608461798969063
303.84 29.608461798969063
304.04 29.622513960387174
304.24 29.480731594611665
304.24 29.480731594611665
304.24 29.480731594611665
304.24 29.480731594611665
304.24 29.480731594611665
304.32 29.556615762863238
304.32 29.556615762863238
304.32 29.556615762863238
304.32 29.556615762863238
304.5 29.37926844122253
304.86 29.147143249312787
305.14 29.195620260995355
305.36 28.84144044372068
305.4 28.780605141713615
305.4 28.780605141713615
305.44 28.70832772573284
305.44 28.70832772573284
305.44 28.70832772573284
305.44 28.70832772573284
305.48 28.737221138931975
305.96 28.6405518822737
306.02 28.57065669953045
306.02 28.57065669953045
306.36 28.281956985136137
306.36 28.281956985136137
306.36 28.281956985136137
306.36 28.281956985136137
306.36 28.281956985136137
306.36 28.281956985136137
306.36 28.281956985136137
306.36 28.281956985136137
306.38 28.24666959898713
306.38 28.24666959898713
306.38 28.24666959898713
307.2 28.004328669732896
307.2 28.004328669732896
307.26 27.947504902996805
307.26 27.947504902996805
307.26 27.947504902996805
307.26 27.947504902996805
307.26 27.947504902996805
307.26 27.947504902996805
307.26 27.947504902996805
307.36 27.786894665498615
307.36 27.786894665498615
307.4 27.81395623812193
307.4 27.81395623812193
307.6 27.832108483301496
307.72 27.795821210528686
307.72 27.795821210528686
307.72 27.795821210528686
308.52 27.90839271327505
308.52 27.90839271327505
308.56 27.927872468307733
308.6 27.87200180913608
308.6 27.87200180913608
308.6 27.87200180913608
308.6 27.87200180913608
308.84 27.506737466675435
308.84 27.506737466675435
308.84 27.506737466675435
308.84 27.506737466675435
308.84 27.506737466675435
309.04 27.219244528959152
309.04 27.219244528959152
309.04 27.219244528959152
309.04 27.219244528959152
309.08 27.161202276241546
309.08 27.161202276241546
309.08 27.161202276241546
309.18 27.20530993921755
309.18 27.20530993921755
309.22 27.169345471198472
309.22 27.169345471198472
309.34 27.074241364340114
309.5 27.10156728853425
309.5 27.10156728853425
309.5 27.10156728853425
309.62 27.049815623263033
310.88 30.148883089015943
310.96 30.141055594043696
310.96 30.141055594043696
310.96 30.141055594043696
311.04 30.03631472102066
311.04 30.03631472102066
311.04 30.03631472102066
311.04 30.03631472102066
311.04 30.03631472102066
311.16 29.983402816298966
311.18 29.96980972494646
311.48 29.92599626621063
311.48 29.92599626621063
311.66 29.764129994734162
312.6 30.88394699221882
312.6 30.88394699221882
312.6 30.88394699221882
312.6 30.88394699221882
312.72 30.834219479485622
312.84 30.82328910929447
312.84 30.82328910929447
312.88 30.83526775258709
312.94 30.761979681733653
312.94 30.761979681733653
313.08 30.577498824191537
313.08 30.577498824191537
313.08 30.577498824191537
313.08 30.577498824191537
313.08 30.577498824191537
313.22 30.50271721627037
313.22 30.50271721627037
313.44 30.314286394305245
313.44 30.314286394305245
313.52 30.363614588996
313.64 30.397208803281647
313.64 30.397208803281647
313.74 30.271038263920808
313.74 30.271038263920808
313.78 30.266019216142684
313.82 30.282301395002634
313.82 30.282301395002634
313.9 30.18110319221267
314.58 29.74951998594161
314.58 29.74951998594161
315.78 32.581701501414464
315.78 32.581701501414464
316.02 32.087626237784505
316.1 32.12774376130261
316.1 32.12774376130261
316.16 32.03114645831997
316.32 32.0501122770217
316.32 32.0501122770217
316.4 31.907695154946715
316.4 31.907695154946715
316.88 32.07984986992251
316.88 32.07984986992251
316.9 32.07488082281804
317.02 32.04856794102832
317.16 31.986335466346514
317.38 32.02233437758557
317.48 32.020977972307946
317.48 32.020977972307946
317.48 32.020977972307946
317.52 32.0317014688558
317.52 32.0317014688558
317.52 32.0317014688558
317.52 32.0317014688558
317.52 32.0317014688558
317.52 32.0317014688558
317.62 31.890842864149246
317.8 31.640020687270567
317.8 31.640020687270567
317.8 31.640020687270567
317.8 31.640020687270567
317.8 31.640020687270567
317.8 31.640020687270567
317.84 31.578895906390823
318.04 31.55368041092429
318.04 31.55368041092429
318.04 31.55368041092429
318.04 31.55368041092429
318.04 31.55368041092429
318.04 31.55368041092429
318.18 31.561509610424036
318.18 31.561509610424036
319.38 34.11649087310929
319.6 34.11093014790942
319.6 34.11093014790942
319.7 34.00816895329055
319.74 34.01562920633734
319.74 34.01562920633734
319.74 34.01562920633734
319.74 34.01562920633734
319.74 34.01562920633734
319.74 34.01562920633734
319.74 34.01562920633734
319.76 34.01755933976367
319.82 34.00546004881147
319.82 34.00546004881147
319.82 34.00546004881147
319.82 34.00546004881147
319.82 34.00546004881147
319.82 34.00546004881147
320.0 33.817095670621384
320.0 33.817095670621384
320.0 33.817095670621384
320.0 33.817095670621384
320.0 33.817095670621384
320.0 33.817095670621384
320.04 33.82423970940355
320.04 33.82423970940355
320.4 33.58450821315078
320.4 33.58450821315078
320.4 33.58450821315078
320.46 33.5530395738816
320.46 33.5530395738816
320.46 33.5530395738816
320.46 33.5530395738816
320.56 33.57497865850687
320.68 33.57996035396316
321.04 33.33149085817019
321.04 33.33149085817019
321.32 32.99736138823616
321.32 32.99736138823616
321.32 32.99736138823616
321.48 33.029671386787854
321.58 32.880923823930985
321.64 32.80352284604677
321.64 32.80352284604677
321.64 32.80352284604677
321.72 32.68091216906315
321.72 32.68091216906315
322.04 32.506074024478075
322.04 32.506074024478075
322.08 32.47117758470386
322.08 32.47117758470386
322.08 32.47117758470386
322.08 32.47117758470386
322.08 32.47117758470386
322.2 32.45571964036135
322.2 32.45571964036135
322.2 32.45571964036135
322.24 32.42555420739274
322.24 32.42555420739274
322.24 32.42555420739274
322.24 32.42555420739274
322.82 31.791104784740387
322.82 31.791104784740387
322.82 31.791104784740387
322.82 31.791104784740387
322.84 31.779772488077054
323.06 31.614413028097037
323.06 31.614413028097037
323.14 31.606488273930424
323.14 31.606488273930424
323.18 31.605005357322174
323.18 31.605005357322174
323.74 31.38249528162172
323.76 31.374286582898716
323.76 31.374286582898716
323.82 31.3650323214444
324.76 31.838963487519447
324.76 31.838963487519447
325.32 31.39094638827437
325.6 31.50372753318007
325.62 31.5007711946642
325.62 31.5007711946642
325.62 31.5007711946642
325.62 31.5007711946642
325.72 31.472957768647525
325.74 31.46735361345698
325.74 31.46735361345698
326.04 31.304280534744453
326.04 31.304280534744453
326.04 31.304280534744453
326.04 31.304280534744453
326.2 31.396454795683113
326.26 31.285785974470976
326.26 31.285785974470976
327.38 33.560071272844226
327.38 33.560071272844226
327.38 33.560071272844226
327.38 33.560071272844226
327.38 33.560071272844226
327.42 33.55838572585476
327.42 33.55838572585476
327.42 33.55838572585476
327.42 33.55838572585476
327.42 33.55838572585476
327.42 33.55838572585476
327.54 33.567486674104174
327.54 33.567486674104174
327.84 33.28927998044057
327.84 33.28927998044057
327.84 33.28927998044057
327.84 33.28927998044057
327.84 33.28927998044057
327.88 33.287022374881445
327.88 33.287022374881445
327.88 33.287022374881445
327.92 33.25070972129312
327.92 33.25070972129312
327.92 33.25070972129312
328.08 33.025144996202535
328.14 33.01943718968015
328.14 33.01943718968015
328.14 33.01943718968015
328.24 33.00600496328453
328.56 32.805616666182104
328.56 32.805616666182104
328.56 32.805616666182104
328.56 32.805616666182104
328.6 32.802438933713454
328.64 32.764701380687974
328.64 32.764701380687974
328.64 32.764701380687974
328.64 32.764701380687974
328.64 32.764701380687974
328.64 32.764701380687974
328.66 32.74394693078494
328.66 32.74394693078494
328.8 32.69571991882272
328.84 32.66256003871755
328.84 32.66256003871755
328.84 32.66256003871755
328.84 32.66256003871755
328.88 32.62931692868123
328.88 32.62931692868123
328.88 32.62931692868123
328.96 32.488045975606646
328.96 32.488045975606646
328.96 32.488045975606646
328.96 32.488045975606646
328.96 32.488045975606646
329.0 32.48433966132486
329.0 32.48433966132486
329.0 32.48433966132486
329.1 32.45556402781558
329.12 32.45176062522291
329.12 32.45176062522291
329.12 32.45176062522291
329.12 32.45176062522291
329.2 32.39902729553728
329.24 32.39501146282815
329.36 32.1723640738602
329.36 32.1723640738602
329.36 32.1723640738602
329.36 32.1723640738602
329.36 32.1723640738602
329.68 32.55667319762525
329.68 32.55667319762525
329.72 32.55208103636355
329.72 32.55208103636355
329.72 32.55208103636355
329.72 32.55208103636355
329.72 32.55208103636355
329.84 32.443492444867914
329.84 32.443492444867914
330.0 32.513555836470935
330.0 32.513555836470935
330.0 32.513555836470935
330.08 32.458732152215894
330.08 32.458732152215894
330.08 32.458732152215894
330.08 32.458732152215894
330.08 32.458732152215894
330.08 32.458732152215894
330.24 32.52757027942341
330.24 32.52757027942341
330.24 32.52757027942341
330.24 32.52757027942341
330.24 32.52757027942341
330.24 32.52757027942341
330.66 32.06061809016214
330.68 32.039394942520815
330.76 32.00224739582892
330.76 32.00224739582892
331.0 32.071259042414546
331.0 32.071259042414546
331.0 32.071259042414546
331.0 32.071259042414546
331.0 32.071259042414546
331.0 32.071259042414546
331.7 31.458004714318115
331.7 31.458004714318115
331.7 31.458004714318115
331.7 31.458004714318115
331.7 31.458004714318115
331.7 31.458004714318115
331.74 31.450657201143482
331.76 31.442466297488288
331.76 31.442466297488288
331.76 31.442466297488288
331.76 31.442466297488288
331.98 31.29461824840066
332.58 31.712464490171747
332.58 31.712464490171747
332.58 31.712464490171747
332.58 31.712464490171747
332.58 31.712464490171747
332.58 31.712464490171747
332.58 31.712464490171747
332.58 31.712464490171747
332.58 31.712464490171747
332.96 31.48509989108363
332.96 31.48509989108363
332.96 31.48509989108363
333.12 31.541308492422143
333.12 31.541308492422143
333.12 31.541308492422143
333.12 31.541308492422143
333.12 31.541308492422143
333.12 31.541308492422143
333.12 31.541308492422143
333.12 31.541308492422143
333.12 31.541308492422143
333.12 31.541308492422143
333.24 31.46751411288227
333.24 31.46751411288227
333.24 31.46751411288227
333.36 31.4548000223248
334.48 33.47861672437764
334.48 33.47861672437764
334.5 33.47168258922063
334.5 33.47168258922063
335.02 33.44042796111054
335.3 33.4644391387139
335.3 33.4644391387139
335.3 33.4644391387139
335.3 33.4644391387139
335.3 33.4644391387139
335.3 33.4644391387139
335.3 33.4644391387139
335.3 33.4644391387139
335.3 33.4644391387139
335.3 33.4644391387139
335.3 33.4644391387139
335.46 33.50604347718407
335.46 33.50604347718407
335.46 33.50604347718407
335.46 33.50604347718407
335.46 33.50604347718407
335.62 33.256511476033616
335.64 33.24519255896751
335.72 33.12909551582973
335.72 33.12909551582973
335.72 33.12909551582973
335.72 33.12909551582973
335.72 33.12909551582973
335.84 33.10794100477645
335.84 33.10794100477645
335.84 33.10794100477645
335.84 33.10794100477645
335.84 33.10794100477645
335.86 33.085447989816736
335.98 32.9609441367179
335.98 32.9609441367179
335.98 32.9609441367179
335.98 32.9609441367179
335.98 32.9609441367179
335.98 32.9609441367179
335.98 32.9609441367179
336.22 32.9896157521537
336.22 32.9896157521537
336.22 32.9896157521537
336.3 32.979179229117605
336.3 32.979179229117605
336.3 32.979179229117605
336.3 32.979179229117605
336.3 32.979179229117605
336.3 32.979179229117605
336.32 32.96857395591851
336.64 32.688156196940135
336.64 32.688156196940135
336.64 32.688156196940135
336.64 32.688156196940135
336.64 32.688156196940135
336.64 32.688156196940135
336.64 32.688156196940135
336.64 32.688156196940135
336.64 32.688156196940135
336.64 32.688156196940135
336.64 32.688156196940135
336.64 32.688156196940135
336.64 32.688156196940135
336.8 32.72413003990613
336.8 32.72413003990613
336.8 32.72413003990613
337.28 32.230884241514374
337.28 32.230884241514374
337.32 32.17655837859153
337.48 32.06889049177937
337.48 32.06889049177937
337.48 32.06889049177937
337.48 32.06889049177937
337.48 32.06889049177937
337.48 32.06889049177937
337.48 32.06889049177937
337.48 32.06889049177937
337.5 32.05850081877621
337.56 32.015879898209356
337.72 32.04796909684487
337.72 32.04796909684487
337.72 32.04796909684487
337.72 32.04796909684487
337.72 32.04796909684487
337.72 32.04796909684487
337.72 32.04796909684487
337.72 32.04796909684487
337.8 32.03344212134272
337.8 32.03344212134272
337.84 32.01348200841374
337.84 32.01348200841374
338.44 32.31233932613473
338.44 32.31233932613473
338.44 32.31233932613473
338.44 32.31233932613473
338.44 32.31233932613473
338.44 32.31233932613473
338.44 32.31233932613473
338.44 32.31233932613473
338.44 32.31233932613473
338.44 32.31233932613473
338.44 32.31233932613473
338.46 32.30017668901232
338.48 32.29049958790299
338.48 32.29049958790299
338.48 32.29049958790299
338.48 32.29049958790299
338.48 32.29049958790299
338.48 32.29049958790299
338.48 32.29049958790299
338.74 31.91738704780822
338.74 31.91738704780822
338.74 31.91738704780822
338.74 31.91738704780822
338.74 31.91738704780822
338.74 31.91738704780822
338.82 31.829209632954843
338.82 31.829209632954843
338.96 31.72289107540197
338.96 31.72289107540197
338.96 31.72289107540197
338.96 31.72289107540197
339.22 31.416260346219023
339.24 31.40582201703461
339.24 31.40582201703461
339.24 31.40582201703461
339.24 31.40582201703461
339.24 31.40582201703461
339.24 31.40582201703461
339.24 31.40582201703461
339.24 31.40582201703461
339.24 31.40582201703461
339.24 31.40582201703461
339.24 31.40582201703461
339.24 31.40582201703461
339.24 31.40582201703461
339.28 31.388758201211807
339.28 31.388758201211807
339.28 31.388758201211807
339.84 31.683638195335597
339.84 31.683638195335597
339.84 31.683638195335597
339.84 31.683638195335597
339.84 31.683638195335597
339.84 31.683638195335597
339.88 31.665958524777498
339.88 31.665958524777498
340.18 31.5909397572702
340.18 31.5909397572702
340.18 31.5909397572702
340.18 31.5909397572702
340.18 31.5909397572702
340.18 31.5909397572702
340.18 31.5909397572702
340.18 31.5909397572702
340.18 31.5909397572702
340.18 31.5909397572702
340.18 31.5909397572702
340.18 31.5909397572702
340.18 31.5909397572702
340.18 31.5909397572702
340.18 31.5909397572702
340.18 31.5909397572702
340.18 31.5909397572702
340.18 31.5909397572702
340.18 31.5909397572702
340.66 31.17244963363668
340.66 31.17244963363668
340.66 31.17244963363668
340.66 31.17244963363668
340.66 31.17244963363668
340.66 31.17244963363668
340.7 31.148228219468937
340.7 31.148228219468937
340.7 31.148228219468937
340.7 31.148228219468937
340.7 31.148228219468937
340.7 31.148228219468937
340.7 31.148228219468937
340.7 31.148228219468937
340.7 31.148228219468937
340.7 31.148228219468937
340.7 31.148228219468937
340.7 31.148228219468937
340.7 31.148228219468937
340.7 31.148228219468937
340.7 31.148228219468937
340.7 31.148228219468937
340.7 31.148228219468937
340.7 31.148228219468937
341.66 32.928517621163465
341.68 32.91583389817309
341.68 32.91583389817309
341.68 32.91583389817309
341.68 32.91583389817309
341.68 32.91583389817309
341.68 32.91583389817309
341.68 32.91583389817309
341.68 32.91583389817309
341.68 32.91583389817309
341.68 32.91583389817309
341.68 32.91583389817309
341.68 32.91583389817309
341.68 32.91583389817309
341.68 32.91583389817309
341.68 32.91583389817309
341.68 32.91583389817309
341.68 32.91583389817309
341.68 32.91583389817309
341.68 32.91583389817309
341.68 32.91583389817309
341.68 32.91583389817309
341.68 32.91583389817309
341.68 32.91583389817309
341.68 32.91583389817309
341.68 32.91583389817309
341.68 32.91583389817309
341.68 32.91583389817309
342.24 33.156232560044536
342.34 33.054659354628136
342.34 33.054659354628136
342.34 33.054659354628136
342.46 33.00915697869977
342.66 32.854813770264904
342.66 32.854813770264904
342.66 32.854813770264904
342.66 32.854813770264904
342.66 32.854813770264904
342.66 32.854813770264904
342.94 32.81346730175943
342.94 32.81346730175943
343.26 33.05783728649843
343.26 33.05783728649843
343.26 33.05783728649843
343.26 33.05783728649843
343.26 33.05783728649843
343.26 33.05783728649843
343.26 33.05783728649843
343.26 33.05783728649843
343.26 33.05783728649843
343.26 33.05783728649843
343.26 33.05783728649843
343.26 33.05783728649843
343.26 33.05783728649843
343.26 33.05783728649843
343.26 33.05783728649843
343.34 33.030203502769155
343.34 33.030203502769155
343.34 33.030203502769155
343.4 32.99647976326682
343.4 32.99647976326682
343.4 32.99647976326682
343.4 32.99647976326682
343.4 32.99647976326682
343.4 32.99647976326682
343.4 32.99647976326682
343.4 32.99647976326682
343.4 32.99647976326682
343.4 32.99647976326682
343.4 32.99647976326682
343.64 32.97060827617546
343.68 32.93424118488601
343.68 32.93424118488601
343.68 32.93424118488601
343.68 32.93424118488601
343.68 32.93424118488601
343.68 32.93424118488601
343.74 32.88136618853059
343.74 32.88136618853059
343.88 32.767093619093295
343.88 32.767093619093295
343.88 32.767093619093295
343.88 32.767093619093295
343.88 32.767093619093295
343.88 32.767093619093295
343.88 32.767093619093295
343.88 32.767093619093295
343.88 32.767093619093295
343.88 32.767093619093295
343.88 32.767093619093295
343.88 32.767093619093295
343.88 32.767093619093295
343.88 32.767093619093295
343.88 32.767093619093295
343.88 32.767093619093295
343.88 32.767093619093295
343.88 32.767093619093295
343.96 32.68827980123207
343.96 32.68827980123207
343.96 32.68827980123207
343.96 32.68827980123207
343.96 32.68827980123207
343.96 32.68827980123207
343.96 32.68827980123207
343.96 32.68827980123207
343.96 32.68827980123207
343.96 32.68827980123207
343.96 32.68827980123207
343.96 32.68827980123207
343.96 32.68827980123207
343.96 32.68827980123207
343.96 32.68827980123207
343.96 32.68827980123207
343.98 32.672844190164206
343.98 32.672844190164206
344.0 32.65862609764622
344.12 32.561761052318445
344.12 32.561761052318445
344.12 32.561761052318445
344.12 32.561761052318445
344.12 32.561761052318445
344.6 32.79381562786409
344.6 32.79381562786409
344.6 32.79381562786409
344.74 32.72617338220929
344.74 32.72617338220929
344.74 32.72617338220929
344.74 32.72617338220929
344.74 32.72617338220929
344.74 32.72617338220929
344.74 32.72617338220929
344.74 32.72617338220929
344.74 32.72617338220929
344.74 32.72617338220929
344.76 32.71274424996527
344.76 32.71274424996527
344.76 32.71274424996527
344.76 32.71274424996527
344.76 32.71274424996527
344.76 32.71274424996527
344.76 32.71274424996527
344.76 32.71274424996527
344.76 32.71274424996527
344.76 32.71274424996527
344.76 32.71274424996527
344.76 32.71274424996527
344.76 32.71274424996527
344.76 32.71274424996527
344.76 32.71274424996527
344.76 32.71274424996527
344.92 32.708593996259154
344.92 32.708593996259154
344.92 32.708593996259154
344.92 32.708593996259154
344.92 32.708593996259154
344.92 32.708593996259154
345.28 32.34101127208317
345.28 32.34101127208317
345.28 32.34101127208317
345.28 32.34101127208317
345.28 32.34101127208317
345.28 32.34101127208317
345.28 32.34101127208317
345.28 32.34101127208317
345.28 32.34101127208317
345.28 32.34101127208317
345.28 32.34101127208317
345.28 32.34101127208317
345.28 32.34101127208317
345.28 32.34101127208317
345.28 32.34101127208317
345.28 32.34101127208317
345.28 32.34101127208317
345.28 32.34101127208317
345.3 32.32583480684754
345.3 32.32583480684754
345.58 32.26067437471064
345.58 32.26067437471064
345.66 32.22654028886593
345.66 32.22654028886593
345.66 32.22654028886593
345.66 32.22654028886593
345.66 32.22654028886593
345.66 32.22654028886593
345.7 32.20185702656907
345.72 32.18635133284312
345.72 32.18635133284312
345.72 32.18635133284312
345.72 32.18635133284312
345.72 32.18635133284312
345.72 32.18635133284312
345.72 32.18635133284312
345.72 32.18635133284312
345.72 32.18635133284312
345.72 32.18635133284312
345.72 32.18635133284312
345.72 32.18635133284312
345.72 32.18635133284312
345.72 32.18635133284312
345.72 32.18635133284312
345.72 32.18635133284312
345.72 32.18635133284312
345.72 32.18635133284312
345.72 32.18635133284312
345.72 32.18635133284312
345.72 32.18635133284312
345.72 32.18635133284312
345.72 32.18635133284312
345.72 32.18635133284312
345.72 32.18635133284312
345.72 32.18635133284312
345.84 32.1268697133063
345.84 32.1268697133063
345.84 32.1268697133063
345.84 32.1268697133063
345.84 32.1268697133063
345.84 32.1268697133063
345.84 32.1268697133063
345.84 32.1268697133063
345.84 32.1268697133063
345.84 32.1268697133063
345.84 32.1268697133063
345.84 32.1268697133063
345.84 32.1268697133063
345.84 32.1268697133063
345.84 32.1268697133063
345.84 32.1268697133063
345.84 32.1268697133063
345.84 32.1268697133063
345.84 32.1268697133063
345.84 32.1268697133063
345.84 32.1268697133063
345.84 32.1268697133063
345.84 32.1268697133063
345.84 32.1268697133063
345.84 32.1268697133063
345.84 32.1268697133063
345.84 32.1268697133063
345.84 32.1268697133063
345.84 32.1268697133063
345.84 32.1268697133063
345.84 32.1268697133063
345.84 32.1268697133063
345.84 32.1268697133063
345.84 32.1268697133063
345.84 32.1268697133063
345.84 32.1268697133063
345.84 32.1268697133063
345.84 32.1268697133063
345.84 32.1268697133063
345.84 32.1268697133063
345.84 32.1268697133063
345.84 32.1268697133063
345.84 32.1268697133063
346.08 32.081864980173165
346.08 32.081864980173165
346.08 32.081864980173165
346.08 32.081864980173165
346.08 32.081864980173165
346.08 32.081864980173165
346.08 32.081864980173165
346.08 32.081864980173165
346.08 32.081864980173165
346.08 32.081864980173165
346.08 32.081864980173165
346.08 32.081864980173165
346.08 32.081864980173165
346.08 32.081864980173165
346.08 32.081864980173165
346.08 32.081864980173165
346.08 32.081864980173165
346.08 32.081864980173165
346.08 32.081864980173165
346.08 32.081864980173165
346.08 32.081864980173165
346.08 32.081864980173165
346.08 32.081864980173165
346.08 32.081864980173165
346.08 32.081864980173165
346.08 32.081864980173165
346.08 32.081864980173165
346.08 32.081864980173165
346.08 32.081864980173165
346.08 32.081864980173165
346.08 32.081864980173165
346.08 32.081864980173165
346.08 32.081864980173165
346.08 32.081864980173165
346.48 32.26421227830294
346.48 32.26421227830294
346.48 32.26421227830294
346.48 32.26421227830294
346.48 32.26421227830294
346.48 32.26421227830294
346.48 32.26421227830294
346.48 32.26421227830294
346.48 32.26421227830294
346.48 32.26421227830294
346.48 32.26421227830294
346.48 32.26421227830294
346.48 32.26421227830294
346.48 32.26421227830294
346.48 32.26421227830294
346.48 32.26421227830294
346.96 32.46316327311571
346.96 32.46316327311571
346.98 32.44824317044739
347.16 32.34308506489681
347.16 32.34308506489681
347.2 32.31661548435474
347.2 32.31661548435474
347.2 32.31661548435474
347.2 32.31661548435474
347.2 32.31661548435474
347.2 32.31661548435474
347.2 32.31661548435474
347.2 32.31661548435474
347.2 32.31661548435474
347.2 32.31661548435474
347.44 32.26165751251082
347.44 32.26165751251082
347.44 32.26165751251082
347.44 32.26165751251082
347.44 32.26165751251082
347.44 32.26165751251082
347.44 32.26165751251082
347.6 32.24401909931155
347.6 32.24401909931155
347.6 32.24401909931155
347.6 32.24401909931155
347.6 32.24401909931155
347.6 32.24401909931155
347.6 32.24401909931155
347.6 32.24401909931155
347.6 32.24401909931155
347.6 32.24401909931155
347.6 32.24401909931155
347.6 32.24401909931155
347.6 32.24401909931155
347.6 32.24401909931155
347.6 32.24401909931155
347.6 32.24401909931155
347.6 32.24401909931155
347.6 32.24401909931155
347.6 32.24401909931155
347.6 32.24401909931155
347.6 32.24401909931155
347.6 32.24401909931155
347.6 32.24401909931155
347.6 32.24401909931155
347.6 32.24401909931155
347.6 32.24401909931155
347.6 32.24401909931155
347.6 32.24401909931155
347.6 32.24401909931155
347.6 32.24401909931155
347.6 32.24401909931155
347.6 32.24401909931155
347.6 32.24401909931155
347.6 32.24401909931155
347.6 32.24401909931155
347.6 32.24401909931155
347.6 32.24401909931155
347.6 32.24401909931155
347.6 32.24401909931155
348.56 33.76936631046104
348.56 33.76936631046104
348.56 33.76936631046104
348.56 33.76936631046104
348.56 33.76936631046104
348.6 33.74233919788986
348.6 33.74233919788986
348.68 33.7024652157103
348.68 33.7024652157103
348.68 33.7024652157103
348.68 33.7024652157103
348.68 33.7024652157103
348.68 33.7024652157103
348.68 33.7024652157103
348.68 33.7024652157103
348.68 33.7024652157103
348.68 33.7024652157103
348.68 33.7024652157103
349.0 33.88572596599377
349.0 33.88572596599377
349.0 33.88572596599377
349.0 33.88572596599377
349.0 33.88572596599377
349.0 33.88572596599377
349.0 33.88572596599377
349.0 33.88572596599377
349.0 33.88572596599377
349.0 33.88572596599377
349.0 33.88572596599377
349.0 33.88572596599377
349.0 33.88572596599377
349.0 33.88572596599377
349.0 33.88572596599377
349.0 33.88572596599377
349.04 33.85826667480517
349.2 33.83381847689191
349.2 33.83381847689191
349.24 33.80607799036896
349.24 33.80607799036896
349.24 33.80607799036896
349.24 33.80607799036896
349.24 33.80607799036896
349.24 33.80607799036896
349.28 33.77826687577848
349.28 33.77826687577848
349.28 33.77826687577848
349.28 33.77826687577848
349.28 33.77826687577848
349.28 33.77826687577848
349.28 33.77826687577848
349.28 33.77826687577848
349.28 33.77826687577848
349.28 33.77826687577848
349.28 33.77826687577848
349.28 33.77826687577848
349.28 33.77826687577848
349.28 33.77826687577848
349.28 33.77826687577848
349.28 33.77826687577848
349.28 33.77826687577848
349.28 33.77826687577848
349.28 33.77826687577848
349.32 33.750384958522844
349.32 33.750384958522844
349.32 33.750384958522844
349.32 33.750384958522844
349.32 33.750384958522844
349.32 33.750384958522844
349.4 33.70879452432003
349.4 33.70879452432003
349.4 33.70879452432003
349.4 33.70879452432003
349.4 33.70879452432003
349.4 33.70879452432003
349.4 33.70879452432003
349.4 33.70879452432003
349.4 33.70879452432003
349.4 33.70879452432003
349.4 33.70879452432003
349.4 33.70879452432003
349.4 33.70879452432003
349.4 33.70879452432003
349.4 33.70879452432003
349.4 33.70879452432003
349.48 33.66696069478566
349.64 33.64025967062488
349.64 33.64025967062488
349.64 33.64025967062488
349.68 33.61183052907342
349.68 33.61183052907342
350.24 33.71332500404375
350.24 33.71332500404375
350.24 33.71332500404375
350.24 33.71332500404375
350.24 33.71332500404375
350.24 33.71332500404375
350.24 33.71332500404375
350.24 33.71332500404375
350.24 33.71332500404375
350.24 33.71332500404375
350.32 33.669480830478214
350.8 33.80514574421887
350.8 33.80514574421887
350.8 33.80514574421887
350.8 33.80514574421887
350.8 33.80514574421887
350.9 33.70384985353299
350.9 33.70384985353299
350.9 33.70384985353299
350.9 33.70384985353299
350.9 33.70384985353299
350.9 33.70384985353299
350.9 33.70384985353299
350.9 33.70384985353299
350.9 33.70384985353299
350.9 33.70384985353299
350.9 33.70384985353299
350.9 33.70384985353299
350.9 33.70384985353299
351.04 33.6115420291268
351.04 33.6115420291268
351.04 33.6115420291268
351.04 33.6115420291268
351.04 33.6115420291268
351.04 33.6115420291268
351.04 33.6115420291268
351.04 33.6115420291268
351.04 33.6115420291268
351.04 33.6115420291268
351.04 33.6115420291268
351.04 33.6115420291268
351.04 33.6115420291268
351.04 33.6115420291268
351.04 33.6115420291268
351.28 33.53095358746674
351.28 33.53095358746674
351.28 33.53095358746674
351.28 33.53095358746674
351.36 33.48436089045787
351.36 33.48436089045787
351.36 33.48436089045787
351.36 33.48436089045787
351.36 33.48436089045787
351.36 33.48436089045787
351.36 33.48436089045787
351.36 33.48436089045787
351.36 33.48436089045787
351.36 33.48436089045787
351.36 33.48436089045787
351.36 33.48436089045787
351.36 33.48436089045787
351.92 33.55793422567828
351.92 33.55793422567828
351.92 33.55793422567828
351.92 33.55793422567828
351.92 33.55793422567828
351.92 33.55793422567828
351.92 33.55793422567828
351.92 33.55793422567828
351.92 33.55793422567828
351.92 33.55793422567828
351.92 33.55793422567828
351.92 33.55793422567828
352.08 33.519383808612744
352.08 33.519383808612744
352.08 33.519383808612744
352.08 33.519383808612744
352.08 33.519383808612744
352.08 33.519383808612744
352.08 33.519383808612744
352.08 33.519383808612744
352.08 33.519383808612744
352.08 33.519383808612744
352.08 33.519383808612744
352.08 33.519383808612744
352.08 33.519383808612744
352.08 33.519383808612744
352.08 33.519383808612744
352.08 33.519383808612744
352.08 33.519383808612744
352.08 33.519383808612744
352.08 33.519383808612744
352.08 33.519383808612744
352.08 33.519383808612744
352.08 33.519383808612744
352.08 33.519383808612744
352.08 33.519383808612744
352.08 33.519383808612744
352.08 33.519383808612744
352.08 33.519383808612744
352.08 33.519383808612744
352.08 33.519383808612744
352.08 33.519383808612744
352.08 33.519383808612744
352.08 33.519383808612744
352.08 33.519383808612744
352.08 33.519383808612744
352.08 33.519383808612744
352.08 33.519383808612744
352.08 33.519383808612744
352.08 33.519383808612744
352.08 33.519383808612744
352.08 33.519383808612744
352.08 33.519383808612744
352.08 33.519383808612744
352.08 33.519383808612744
352.12 33.487908265521746
352.12 33.487908265521746
352.12 33.487908265521746
352.12 33.487908265521746
352.12 33.487908265521746
352.12 33.487908265521746
352.12 33.487908265521746
352.12 33.487908265521746
352.12 33.487908265521746
352.12 33.487908265521746
352.12 33.487908265521746
352.12 33.487908265521746
352.12 33.487908265521746
352.12 33.487908265521746
352.2 33.381177784839025
352.2 33.381177784839025
352.2 33.381177784839025
352.2 33.381177784839025
352.2 33.381177784839025
352.2 33.381177784839025
352.2 33.381177784839025
352.2 33.381177784839025
352.2 33.381177784839025
352.2 33.381177784839025
352.2 33.381177784839025
352.2 33.381177784839025
352.2 33.381177784839025
352.2 33.381177784839025
352.2 33.381177784839025
352.2 33.381177784839025
352.2 33.381177784839025
352.2 33.381177784839025
352.2 33.381177784839025
352.2 33.381177784839025
352.2 33.381177784839025
352.2 33.381177784839025
352.2 33.381177784839025
353.16 34.728592708532716
353.16 34.728592708532716
353.16 34.728592708532716
353.16 34.728592708532716
353.16 34.728592708532716
353.16 34.728592708532716
353.16 34.728592708532716
353.16 34.728592708532716
353.16 34.728592708532716
353.16 34.728592708532716
353.16 34.728592708532716
353.16 34.728592708532716
353.24 34.67922849327662
353.24 34.67922849327662
353.24 34.67922849327662
353.24 34.67922849327662
353.24 34.67922849327662
353.24 34.67922849327662
353.24 34.67922849327662
353.32 34.629607230947585
353.32 34.629607230947585
353.32 34.629607230947585
353.36 34.597693623136266
353.36 34.597693623136266
353.36 34.597693623136266
353.36 34.597693623136266
353.36 34.597693623136266
353.36 34.597693623136266
353.36 34.597693623136266
353.36 34.597693623136266
353.36 34.597693623136266
353.36 34.597693623136266
353.36 34.597693623136266
353.36 34.597693623136266
353.36 34.597693623136266
353.36 34.597693623136266
353.36 34.597693623136266
353.36 34.597693623136266
353.36 34.597693623136266
353.36 34.597693623136266
353.36 34.597693623136266
353.36 34.597693623136266
353.36 34.597693623136266
353.36 34.597693623136266
353.36 34.597693623136266
353.36 34.597693623136266
353.36 34.597693623136266
353.36 34.597693623136266
353.36 34.597693623136266
353.36 34.597693623136266
353.36 34.597693623136266
353.36 34.597693623136266
353.36 34.597693623136266
353.36 34.597693623136266
353.36 34.597693623136266
353.36 34.597693623136266
353.36 34.597693623136266
353.4 34.56570379419287
353.4 34.56570379419287
353.4 34.56570379419287
353.4 34.56570379419287
353.4 34.56570379419287
353.4 34.56570379419287
353.4 34.56570379419287
353.4 34.56570379419287
353.4 34.56570379419287
353.4 34.56570379419287
353.4 34.56570379419287
353.4 34.56570379419287
353.4 34.56570379419287
353.4 34.56570379419287
353.4 34.56570379419287
353.4 34.56570379419287
353.4 34.56570379419287
353.4 34.56570379419287
353.4 34.56570379419287
353.4 34.56570379419287
353.4 34.56570379419287
353.4 34.56570379419287
353.4 34.56570379419287
354.04 35.71150396092995
354.04 35.71150396092995
354.2 35.665675432275265
354.2 35.665675432275265
354.84 36.763156787328484
354.84 36.763156787328484
354.84 36.763156787328484
354.84 36.763156787328484
354.84 36.763156787328484
354.84 36.763156787328484
354.84 36.763156787328484
354.84 36.763156787328484
354.84 36.763156787328484
354.84 36.763156787328484
354.84 36.763156787328484
354.84 36.763156787328484
354.84 36.763156787328484
355.96 37.87270545104769
355.96 37.87270545104769
356.06 37.76851877028024
356.06 37.76851877028024
356.06 37.76851877028024
356.06 37.76851877028024
356.06 37.76851877028024
356.06 37.76851877028024
356.06 37.76851877028024
357.18 38.813821343340145
357.18 38.813821343340145
357.18 38.813821343340145
357.18 38.813821343340145
357.2 38.796021872497604
357.2 38.796021872497604
357.2 38.796021872497604
357.2 38.796021872497604
357.2 38.796021872497604
357.2 38.796021872497604
357.2 38.796021872497604
357.2 38.796021872497604
357.2 38.796021872497604
357.2 38.796021872497604
357.2 38.796021872497604
357.2 38.796021872497604
357.2 38.796021872497604
357.2 38.796021872497604
357.2 38.796021872497604
357.2 38.796021872497604
357.2 38.796021872497604
357.2 38.796021872497604
357.2 38.796021872497604
357.2 38.796021872497604
357.2 38.796021872497604
357.2 38.796021872497604
357.2 38.796021872497604
357.2 38.796021872497604
357.2 38.796021872497604
357.44 38.68764321296577
357.44 38.68764321296577
357.44 38.68764321296577
357.44 38.68764321296577
357.44 38.68764321296577
357.44 38.68764321296577
357.44 38.68764321296577
357.44 38.68764321296577
357.44 38.68764321296577
357.44 38.68764321296577
357.44 38.68764321296577
357.44 38.68764321296577
357.44 38.68764321296577
357.44 38.68764321296577
357.44 38.68764321296577
357.6 38.63112263918349
357.6 38.63112263918349
357.6 38.63112263918349
357.6 38.63112263918349
357.6 38.63112263918349
357.6 38.63112263918349
357.6 38.63112263918349
357.6 38.63112263918349
357.6 38.63112263918349
357.6 38.63112263918349
357.6 38.63112263918349
357.6 38.63112263918349
357.6 38.63112263918349
357.6 38.63112263918349
357.6 38.63112263918349
357.6 38.63112263918349
357.6 38.63112263918349
357.6 38.63112263918349
357.6 38.63112263918349
357.6 38.63112263918349
357.6 38.63112263918349
357.6 38.63112263918349
357.6 38.63112263918349
357.6 38.63112263918349
357.6 38.63112263918349
357.6 38.63112263918349
357.6 38.63112263918349
357.6 38.63112263918349
357.6 38.63112263918349
357.6 38.63112263918349
357.6 38.63112263918349
357.6 38.63112263918349
357.6 38.63112263918349
357.6 38.63112263918349
357.6 38.63112263918349
357.6 38.63112263918349
357.6 38.63112263918349
357.6 38.63112263918349
357.6 38.63112263918349
357.6 38.63112263918349
357.6 38.63112263918349
357.6 38.63112263918349
357.6 38.63112263918349
357.6 38.63112263918349
357.6 38.63112263918349
357.6 38.63112263918349
357.6 38.63112263918349
357.6 38.63112263918349
357.92 38.716707431591246
357.92 38.716707431591246
357.92 38.716707431591246
357.92 38.716707431591246
357.92 38.716707431591246
358.0 38.662486712417746
358.0 38.662486712417746
358.0 38.662486712417746
358.0 38.662486712417746
358.0 38.662486712417746
358.0 38.662486712417746
358.0 38.662486712417746
358.0 38.662486712417746
358.0 38.662486712417746
358.0 38.662486712417746
358.0 38.662486712417746
358.0 38.662486712417746
358.0 38.662486712417746
358.0 38.662486712417746
358.16 38.6035849070623
358.16 38.6035849070623
358.16 38.6035849070623
358.16 38.6035849070623
358.16 38.6035849070623
358.16 38.6035849070623
358.16 38.6035849070623
358.16 38.6035849070623
358.16 38.6035849070623
358.16 38.6035849070623
358.16 38.6035849070623
358.16 38.6035849070623
358.16 38.6035849070623
358.16 38.6035849070623
358.16 38.6035849070623
358.16 38.6035849070623
358.16 38.6035849070623
358.16 38.6035849070623
358.16 38.6035849070623
358.16 38.6035849070623
358.16 38.6035849070623
358.16 38.6035849070623
358.88 38.50574665231836
358.88 38.50574665231836
358.88 38.50574665231836
358.88 38.50574665231836
358.88 38.50574665231836
358.88 38.50574665231836
358.88 38.50574665231836
358.88 38.50574665231836
358.88 38.50574665231836
358.88 38.50574665231836
358.88 38.50574665231836
358.88 38.50574665231836
358.88 38.50574665231836
358.88 38.50574665231836
358.88 38.50574665231836
358.88 38.50574665231836
358.88 38.50574665231836
358.88 38.50574665231836
358.88 38.50574665231836
358.88 38.50574665231836
358.88 38.50574665231836
358.88 38.50574665231836
358.88 38.50574665231836
358.88 38.50574665231836
360.0 39.45077485124514
360.96 40.410499685706505
360.96 40.410499685706505
360.96 40.410499685706505
360.96 40.410499685706505
360.96 40.410499685706505
360.96 40.410499685706505
360.96 40.410499685706505
360.96 40.410499685706505
360.96 40.410499685706505
360.96 40.410499685706505
360.96 40.410499685706505
360.96 40.410499685706505
361.0 40.3755101290599
361.0 40.3755101290599
361.0 40.3755101290599
361.0 40.3755101290599
361.0 40.3755101290599
361.0 40.3755101290599
361.08 40.317347195078256
361.08 40.317347195078256
361.08 40.317347195078256
361.08 40.317347195078256
361.08 40.317347195078256
361.08 40.317347195078256
361.08 40.317347195078256
361.08 40.317347195078256
361.08 40.317347195078256
361.08 40.317347195078256
361.08 40.317347195078256
361.08 40.317347195078256
361.08 40.317347195078256
361.08 40.317347195078256
361.08 40.317347195078256
361.08 40.317347195078256
361.08 40.317347195078256
361.08 40.317347195078256
361.08 40.317347195078256
361.08 40.317347195078256
361.08 40.317347195078256
361.08 40.317347195078256
361.08 40.317347195078256
361.08 40.317347195078256
361.08 40.317347195078256
361.08 40.317347195078256
361.08 40.317347195078256
361.08 40.317347195078256
361.08 40.317347195078256
361.08 40.317347195078256
361.08 40.317347195078256
361.08 40.317347195078256
361.08 40.317347195078256
361.08 40.317347195078256
361.08 40.317347195078256
361.08 40.317347195078256
361.08 40.317347195078256
361.08 40.317347195078256
361.08 40.317347195078256
361.08 40.317347195078256
361.08 40.317347195078256
361.08 40.317347195078256
361.08 40.317347195078256
361.08 40.317347195078256
361.08 40.317347195078256
361.08 40.317347195078256
361.08 40.317347195078256
361.08 40.317347195078256
361.08 40.317347195078256
361.08 40.317347195078256
361.12 40.28215636249033
362.08 41.19617516814937
362.08 41.19617516814937
362.72 42.02886934698408
362.72 42.02886934698408
362.72 42.02886934698408
362.72 42.02886934698408
362.72 42.02886934698408
362.72 42.02886934698408
363.04 41.83708663592409
363.04 41.83708663592409
363.04 41.83708663592409
363.04 41.83708663592409
363.04 41.83708663592409
363.04 41.83708663592409
363.04 41.83708663592409
363.36 41.87415489875406
363.36 41.87415489875406
363.36 41.87415489875406
363.36 41.87415489875406
363.36 41.87415489875406
363.36 41.87415489875406
363.36 41.87415489875406
363.36 41.87415489875406
363.52 41.799057550634
363.52 41.799057550634
363.52 41.799057550634
363.52 41.799057550634
363.8 41.625070145844376
363.8 41.625070145844376
363.8 41.625070145844376
363.8 41.625070145844376
363.88 41.5632121720712
363.88 41.5632121720712
363.88 41.5632121720712
363.88 41.5632121720712
364.36 41.515123202821584
364.36 41.515123202821584
364.36 41.515123202821584
364.36 41.515123202821584
364.36 41.515123202821584
364.36 41.515123202821584
364.36 41.515123202821584
364.36 41.515123202821584
364.36 41.515123202821584
364.36 41.515123202821584
364.36 41.515123202821584
364.36 41.515123202821584
364.36 41.515123202821584
364.36 41.515123202821584
364.36 41.515123202821584
364.36 41.515123202821584
364.36 41.515123202821584
364.36 41.515123202821584
364.36 41.515123202821584
364.36 41.515123202821584
364.36 41.515123202821584
364.36 41.515123202821584
364.36 41.515123202821584
364.36 41.515123202821584
364.36 41.515123202821584
364.36 41.515123202821584
364.36 41.515123202821584
364.36 41.515123202821584
364.36 41.515123202821584
364.36 41.515123202821584
364.36 41.515123202821584
364.36 41.515123202821584
364.36 41.515123202821584
364.44 41.4520094918098
364.44 41.4520094918098
364.68 41.308125255465335
364.68 41.308125255465335
364.68 41.308125255465335
364.68 41.308125255465335
364.68 41.308125255465335
364.68 41.308125255465335
365.24 41.18524792282605
365.24 41.18524792282605
365.24 41.18524792282605
365.56 41.20564833303141
365.56 41.20564833303141
365.56 41.20564833303141
365.56 41.20564833303141
365.56 41.20564833303141
365.56 41.20564833303141
365.56 41.20564833303141
365.56 41.20564833303141
365.56 41.20564833303141
365.56 41.20564833303141
365.56 41.20564833303141
365.56 41.20564833303141
365.56 41.20564833303141
365.56 41.20564833303141
365.56 41.20564833303141
365.56 41.20564833303141
365.56 41.20564833303141
365.56 41.20564833303141
365.56 41.20564833303141
365.56 41.20564833303141
365.56 41.20564833303141
365.56 41.20564833303141
365.56 41.20564833303141
365.56 41.20564833303141
365.56 41.20564833303141
365.56 41.20564833303141
365.56 41.20564833303141
365.56 41.20564833303141
365.56 41.20564833303141
365.56 41.20564833303141
365.56 41.20564833303141
365.56 41.20564833303141
365.56 41.20564833303141
365.56 41.20564833303141
365.56 41.20564833303141
365.56 41.20564833303141
365.56 41.20564833303141
365.56 41.20564833303141
365.56 41.20564833303141
365.56 41.20564833303141
365.56 41.20564833303141
365.56 41.20564833303141
365.56 41.20564833303141
366.04 41.137345710694696
366.04 41.137345710694696
366.04 41.137345710694696
366.04 41.137345710694696
366.04 41.137345710694696
366.12 41.070346155509
366.12 41.070346155509
366.12 41.070346155509
366.12 41.070346155509
366.76 41.84317039961132
366.76 41.84317039961132
366.76 41.84317039961132
366.76 41.84317039961132
366.76 41.84317039961132
366.76 41.84317039961132
366.76 41.84317039961132
366.76 41.84317039961132
366.76 41.84317039961132
366.76 41.84317039961132
366.76 41.84317039961132
366.76 41.84317039961132
366.76 41.84317039961132
366.76 41.84317039961132
366.76 41.84317039961132
366.76 41.84317039961132
366.76 41.84317039961132
366.76 41.84317039961132
366.76 41.84317039961132
366.76 41.84317039961132
366.76 41.84317039961132
366.76 41.84317039961132
366.76 41.84317039961132
366.76 41.84317039961132
366.76 41.84317039961132
366.76 41.84317039961132
366.76 41.84317039961132
366.76 41.84317039961132
366.76 41.84317039961132
366.76 41.84317039961132
366.76 41.84317039961132
366.76 41.84317039961132
366.76 41.84317039961132
366.76 41.84317039961132
366.76 41.84317039961132
366.76 41.84317039961132
366.76 41.84317039961132
366.76 41.84317039961132
366.76 41.84317039961132
366.76 41.84317039961132
366.76 41.84317039961132
366.76 41.84317039961132
366.76 41.84317039961132
366.76 41.84317039961132
366.76 41.84317039961132
366.76 41.84317039961132
366.76 41.84317039961132
366.76 41.84317039961132
366.76 41.84317039961132
366.76 41.84317039961132
366.76 41.84317039961132
366.76 41.84317039961132
366.76 41.84317039961132
366.76 41.84317039961132
366.76 41.84317039961132
366.76 41.84317039961132
366.76 41.84317039961132
366.76 41.84317039961132
366.76 41.84317039961132
366.76 41.84317039961132
366.76 41.84317039961132
366.76 41.84317039961132
366.76 41.84317039961132
366.76 41.84317039961132
366.76 41.84317039961132
366.76 41.84317039961132
366.76 41.84317039961132
366.76 41.84317039961132
366.76 41.84317039961132
366.76 41.84317039961132
366.76 41.84317039961132
366.76 41.84317039961132
366.76 41.84317039961132
366.76 41.84317039961132
366.76 41.84317039961132
366.76 41.84317039961132
366.76 41.84317039961132
366.76 41.84317039961132
366.76 41.84317039961132
366.76 41.84317039961132
366.76 41.84317039961132
366.76 41.84317039961132
366.76 41.84317039961132
366.76 41.84317039961132
366.76 41.84317039961132
366.76 41.84317039961132
366.76 41.84317039961132
366.76 41.84317039961132
366.76 41.84317039961132
366.76 41.84317039961132
366.76 41.84317039961132
366.76 41.84317039961132
366.76 41.84317039961132
366.76 41.84317039961132
366.76 41.84317039961132
366.76 41.84317039961132
366.76 41.84317039961132
366.76 41.84317039961132
366.76 41.84317039961132
366.76 41.84317039961132
366.76 41.84317039961132
366.76 41.84317039961132
366.76 41.84317039961132
366.76 41.84317039961132
366.76 41.84317039961132
366.76 41.84317039961132
366.76 41.84317039961132
366.76 41.84317039961132
366.76 41.84317039961132
366.76 41.84317039961132
366.76 41.84317039961132
367.72 42.59560369974178
367.72 42.59560369974178
367.72 42.59560369974178
367.72 42.59560369974178
367.72 42.59560369974178
367.72 42.59560369974178
367.72 42.59560369974178
367.72 42.59560369974178
367.72 42.59560369974178
367.72 42.59560369974178
367.72 42.59560369974178
367.72 42.59560369974178
367.72 42.59560369974178
367.72 42.59560369974178
367.72 42.59560369974178
367.72 42.59560369974178
367.72 42.59560369974178
367.72 42.59560369974178
368.84 43.22100125511843
368.84 43.22100125511843
368.84 43.22100125511843
368.84 43.22100125511843
368.84 43.22100125511843
368.84 43.22100125511843
368.84 43.22100125511843
368.84 43.22100125511843
368.84 43.22100125511843
368.84 43.22100125511843
368.84 43.22100125511843
368.84 43.22100125511843
368.84 43.22100125511843
368.84 43.22100125511843
368.84 43.22100125511843
368.84 43.22100125511843
368.84 43.22100125511843
368.84 43.22100125511843
368.84 43.22100125511843
369.08 43.058259804289996
369.08 43.058259804289996
369.08 43.058259804289996
370.04 43.73841433898683
370.04 43.73841433898683
370.04 43.73841433898683
370.04 43.73841433898683
370.04 43.73841433898683
370.04 43.73841433898683
370.04 43.73841433898683
370.04 43.73841433898683
370.04 43.73841433898683
370.04 43.73841433898683
370.04 43.73841433898683
370.04 43.73841433898683
370.04 43.73841433898683
370.04 43.73841433898683
370.04 43.73841433898683
370.04 43.73841433898683
370.04 43.73841433898683
370.04 43.73841433898683
370.04 43.73841433898683
370.04 43.73841433898683
370.04 43.73841433898683
370.04 43.73841433898683
370.04 43.73841433898683
370.04 43.73841433898683
370.04 43.73841433898683
370.04 43.73841433898683
370.04 43.73841433898683
370.04 43.73841433898683
370.04 43.73841433898683
370.04 43.73841433898683
370.04 43.73841433898683
370.04 43.73841433898683
370.04 43.73841433898683
370.04 43.73841433898683
370.04 43.73841433898683
370.04 43.73841433898683
370.04 43.73841433898683
370.04 43.73841433898683
370.04 43.73841433898683
370.04 43.73841433898683
370.04 43.73841433898683
370.04 43.73841433898683
370.04 43.73841433898683
370.04 43.73841433898683
370.04 43.73841433898683
370.04 43.73841433898683
370.04 43.73841433898683
370.04 43.73841433898683
370.04 43.73841433898683
370.04 43.73841433898683
370.04 43.73841433898683
370.04 43.73841433898683
370.04 43.73841433898683
370.04 43.73841433898683
370.04 43.73841433898683
370.04 43.73841433898683
370.04 43.73841433898683
370.04 43.73841433898683
370.52 43.62430978296855
370.52 43.62430978296855
370.52 43.62430978296855
370.52 43.62430978296855
370.52 43.62430978296855
370.52 43.62430978296855
370.52 43.62430978296855
370.52 43.62430978296855
370.52 43.62430978296855
370.52 43.62430978296855
370.52 43.62430978296855
370.52 43.62430978296855
370.52 43.62430978296855
370.52 43.62430978296855
370.52 43.62430978296855
370.52 43.62430978296855
370.52 43.62430978296855
370.56 43.58303812403642
370.56 43.58303812403642
370.56 43.58303812403642
370.56 43.58303812403642
371.2 44.24723925645736
371.2 44.24723925645736
371.2 44.24723925645736
