105.0 12.055427546683417
105.62 12.548717186641149
105.72 12.207035560352777
106.68 12.799052995271081
106.64 12.901742110852688
106.94 13.518277937068701
107.6 13.82137124276397
108.42 13.932869355766188
109.36 13.966424384967333
110.02 13.945043650854684
110.84 13.987526911177294
111.4 13.843278644756218
111.72 14.010155047123655
112.36 14.091705419010209
112.8 14.09348298421162
114.44 14.440627312264418
115.46 14.502817559761178
116.36 14.815716470878302
117.24 14.933603893652906
118.18 15.077161804557514
118.94 15.07008542601782
119.82 15.039597566075193
120.92 15.293545215303254
121.94 15.864209129771687
122.74 15.963734152159015
123.72 15.926650050094715
124.86 15.899317055404701
125.9 15.720731984911327
127.76 16.64187246652008
128.44 16.454602377266347
129.46 16.855547898229094
130.2 16.618111088857734
130.9 16.539820330513162
131.92 16.640998416045484
133.04 17.076133737891126
134.02 17.425153072382454
134.52 17.538690275093423
135.42 17.918547469991633
136.34 18.113123764973633
137.12 18.187174968458777
138.18 18.25762881923636
139.1 18.4103067312686
140.02 18.989619705661738
141.1 19.14194716882641
141.78 18.94360583469267
142.7 18.83554559278222
143.38 18.844810126049794
144.68 19.0739549536995
145.34 19.21500886433742
146.1 18.803341632956002
147.06 18.805662160448627
147.72 18.896891946892357
148.78 19.62660531940346
149.4 19.510163111733963
149.96 19.55872793368317
151.4 20.29181055888251
152.24 19.660307138182674
152.84 19.60453462283096
153.32 19.470194781986255
153.9 19.80383597164749
154.6 19.487369646968155
155.46 19.628581510674994
156.34 20.022320877793696
157.6 20.213007113382627
158.34 20.22710452773104
158.88 20.179637701846328
159.68 20.47461103341641
160.32 20.28029844579475
161.26 20.46856175216081
161.88 20.51423748019748
162.8 19.847906537954927
163.24 19.855599927598476
164.0 19.977765418362264
164.48 19.79923475717425
165.22 19.857868704746476
166.28 19.862191889785645
166.7 19.89137166378092
167.08 19.761037064349278
167.74 19.48561759168266
168.7 19.89137166378092
169.06 19.97059454459597
169.26 20.23229741245069
169.82 19.911105474385923
170.3 19.978523822880756
171.26 20.043699733080697
171.98 20.834111500618455
172.86 20.9843712887434
173.04 20.992504674889386
173.56 20.869154658529318
174.04 21.05112583663636
175.6 23.179580006827766
176.34 23.064345653064613
176.68 22.93992153430347
177.68 22.9126051497309
177.96 22.759134030498206
178.52 22.601725150925542
178.96 22.535233916619717
179.38 22.295889008215553
180.04 22.20197461415712
180.4 22.260169620089417
181.5 23.629078131263043
181.9 23.488445472339606
181.98 23.42319492738044
182.24 23.37101718891252
183.1 23.457462037750915
183.82 23.317041931695464
184.02 23.239630032347854
184.3 23.39019046739487
184.58 23.305255834145
185.0 23.272648358452066
185.36 23.29413157120407
185.78 23.657309289694854
186.14 23.531204298921374
186.3 23.476401217848835
186.6 23.478337318309475
186.72 23.404255850575378
187.12 23.727953084405687
187.66 24.2729512341652
187.98 24.11336022652466
188.52 24.116920586713775
188.72 23.911486610396935
189.2 23.959561892084047
189.5 23.80115437315908
189.66 23.922526470405938
190.26 23.701263658081587
190.4 23.59078745030044
190.86 24.079422456915072
191.4 24.55667532526142
192.54 25.865003070527255
192.86 25.52440701633151
192.92 25.470791352472972
193.78 26.288062351992057
194.06 26.336524547717474
194.26 26.244622344781455
194.38 26.1598736598438
194.6 26.058985150437206
194.92 25.90646734900477
195.32 25.87806684113679
195.52 25.84979143381465
195.94 25.814341014641492
196.12 25.747523172044126
196.36 26.264205391530215
196.82 26.2067845329326
196.86 26.19777922579768
197.14 26.08030333838589
197.7 26.67329463085966
197.74 26.67068909056638
198.06 26.765657175574898
198.3 26.56400693883483
198.44 26.509506585259928
198.66 26.5391724959102
198.74 26.52638099871313
199.28 27.634731477587835
199.62 27.62475101583485
199.82 27.65457201866182
199.9 27.723563255757004
200.02 27.80668475693781
200.12 27.798437569639255
200.18 27.79156910164147
200.44 27.62604538905964
200.6 27.542437411853342
201.2 27.413776673693675
201.46 27.301319019454358
201.68 27.2922381388237
201.92 27.347254400256045
202.0 27.286730411789108
202.16 27.18686551564296
202.3 27.073226552437298
203.22 27.90879083838292
203.24 27.891246228191676
203.46 27.826090511088925
203.84 27.735664237711532
203.84 27.735664237711532
204.02 27.590797763242023
204.36 27.53345806707383
204.64 27.518045502593896
204.7 27.526112487724603
204.78 27.490156181234894
206.36 34.895955020140626
206.7 34.838008965594874
206.84 34.81457955361446
206.96 34.807963793280756
207.02 34.80101589136023
207.14 34.83439029859355
207.18 34.82840475499528
207.4 34.73245505781926
207.46 34.67232471309216
207.44 34.6049333786588
207.34 34.14651142392503
207.42 34.08165477084692
207.0 32.69757350525132
207.38 32.59013298034802
207.4 32.571289334149625
207.76 32.606970810772125
207.84 32.56282816000137
208.02 32.51789872322223
208.08 32.51221371121996
208.12 32.50463214852786
208.58 32.63919067128912
208.9 32.50407899810656
208.94 32.463132157802484
209.62 33.786848197355006
209.88 33.88253028606126
210.08 33.76678183593391
210.12 33.7475116927833
210.52 33.522638212516526
210.6 33.45855268051425
210.6 33.45855268051425
210.62 33.47568995826402
210.76 33.46854998926363
210.78 33.4626521798421
210.82 33.464101072732554
210.94 33.40169353959662
211.4 33.40295758997362
211.7 33.28526837670219
211.8 33.20399148453466
212.02 33.16624181241517
212.7 33.338635941871495
212.72 33.3291148845855
213.14 33.18787048719376
213.3 33.05505050119215
213.52 32.9469975333815
213.52 32.9469975333815
213.66 32.95795301086928
213.78 32.92832129693744
213.84 32.901051532119624
214.0 32.87687468250121
214.08 32.87800529720794
214.48 32.87702215618967
214.56 32.87820192188376
214.6 32.86888553577132
215.06 32.841775564396976
215.28 32.891029141390476
215.3 32.90190501377319
215.34 32.924836347123254
215.4 32.91679133079578
215.4 32.91679133079578
215.5 32.92891026610403
216.2 33.76747583463152
216.3 33.725421278377524
216.3 33.725421278377524
216.48 33.66636063467268
216.68 33.694072253892166
216.84 33.688028026633326
217.1 33.605404808203595
217.24 33.59747465257326
217.42 33.65336670987155
217.5 33.575333658848876
217.68 33.5865774055378
217.72 33.567685278396766
217.72 33.567685278396766
218.06 33.43433788031325
218.1 33.41248179040192
218.1 33.41248179040192
218.2 33.344846496554574
218.32 33.19817446605743
218.32 33.19817446605743
218.32 33.19817446605743
218.38 33.20666234722219
218.5 33.151473602544456
218.52 33.146896803121216
218.88 32.98523697938002
218.96 32.92167625861065
219.0 32.89468963313997
219.16 32.92498974175921
219.3 33.0012243421484
219.4 32.96707877304695
219.52 32.902819872399334
219.56 32.889874405108905
219.56 32.889874405108905
219.84 32.85312278562993
220.2 32.6419201257363
220.2 32.6419201257363
220.2 32.6419201257363
220.2 32.6419201257363
220.28 32.578136065388236
220.54 32.51337564694869
220.8 32.921087160025245
220.92 32.829427548029415
221.18 32.79208453393604
221.22 32.779514420695214
221.42 32.80588146332693
221.48 32.83459619168032
221.62 32.7632400563482
221.78 32.79799821435276
221.78 32.79799821435276
221.78 32.79799821435276
222.1 32.69741904372902
222.22 32.66097043718985
222.3 32.65537838356396
222.5 32.53141449880299
224.38 38.766532478467035
224.74 38.801910814137536
224.78 38.79903674738914
224.78 38.79903674738914
224.96 38.67657135420836
224.96 38.67657135420836
224.96 38.67657135420836
224.96 38.67657135420836
225.06 38.65878185020079
225.18 38.598785766216295
225.2 38.589264221170545
225.36 38.46644083752838
225.52 38.34254961672621
225.54 38.34016276449647
225.58 38.33641094364996
225.64 38.30697908299018
225.76 38.3079283404542
225.78 38.308576986192925
225.78 38.308576986192925
225.92 38.27589372443236
226.1 38.23941062899016
226.1 38.23941062899016
226.1 38.23941062899016
226.24 38.2646604901212
226.28 38.2305816557553
226.7 38.39547006109081
226.7 38.39547006109081
226.9 38.38389287609103
226.92 38.38709800088166
227.04 38.38400340209078
227.04 38.38400340209078
227.12 38.36067009452532
227.2 38.324504912231774
227.22 38.328611039828
227.36 38.33491959827307
227.36 38.33491959827307
227.4 38.31659713703209
227.44 38.29189327924504
227.52 38.19156393178415
227.54 38.182819130699045
227.74 38.195303534874704
227.74 38.195303534874704
227.92 38.083289901175405
227.92 38.083289901175405
227.96 38.11940834967526
227.96 38.11940834967526
227.98 38.11359417066384
228.1 38.04343610010839
228.1 38.04343610010839
228.1 38.04343610010839
228.18 38.00063263694542
228.5 37.765223701338265
228.52 37.74943440609141
228.66 37.63734981384981
229.02 37.51093577918715
229.08 37.51731721364271
229.08 37.51731721364271
229.22 37.569485791347525
229.22 37.569485791347525
229.56 37.409640630741315
229.7 37.34672378907925
229.72 37.320365713236214
229.72 37.320365713236214
229.84 37.3167495634306
229.88 37.29957348037885
230.04 37.243376470308
230.12 37.23886315790172
230.12 37.23886315790172
230.12 37.23886315790172
230.32 37.13444859867011
230.32 37.13444859867011
230.32 37.13444859867011
230.32 37.13444859867011
230.4 37.08902748247734
230.4 37.08902748247734
230.56 37.09565032085665
230.56 37.09565032085665
230.58 37.07082492481198
230.7 37.04801689099641
230.72 37.043812444240146
230.72 37.043812444240146
230.9 36.90049409759258
231.46 37.21828050891664
231.64 37.177575515519045
231.72 37.15870413414996
231.76 37.14811196039742
231.82 37.13050421734592
232.14 37.065331347214304
232.18 37.04116737912132
232.34 36.9657827038613
232.46 36.93166498802725
232.6 36.9334646097656
232.62 36.930395901129216
232.8 36.81348018365451
232.8 36.81348018365451
232.84 36.78403254817301
232.84 36.78403254817301
233.16 36.74006977773351
233.2 36.735472631979974
233.36 36.64173256897887
233.54 36.56333097130473
233.58 36.54834352116953
233.58 36.54834352116953
233.72 36.491615198535406
233.72 36.491615198535406
234.0 36.43397238065516
234.46 37.10085081656662
234.5 37.09161466946241
234.62 37.1974746617579
234.7 37.2177594188798
234.7 37.2177594188798
234.82 37.13050421734593
234.86 37.090394629032645
234.88 37.08501834782593
235.1 37.00982670490734
235.24 36.92501820848528
235.24 36.92501820848528
235.38 36.954457365680796
235.76 36.82914963213598
235.78 36.80677912965206
235.88 36.769354829061854
236.18 37.056435256772794
236.26 37.07339703448778
236.32 37.05166472084431
236.44 36.98165529398094
236.44 36.98165529398094
236.6 36.90829476177709
236.72 36.88312964656406
236.72 36.88312964656406
236.72 36.88312964656406
236.72 36.88312964656406
236.74 36.86574605678329
236.98 36.6710686062906
237.0 36.66887045718835
237.0 36.66887045718835
237.0 36.66887045718835
237.12 36.61905448690819
237.12 36.61905448690819
237.22 36.582156052017254
237.3 36.56169547159398
237.46 36.465957557783405
237.5 36.44880178435433
237.5 36.44880178435433
237.54 36.41384463096532
237.54 36.41384463096532
237.54 36.41384463096532
237.54 36.41384463096532
237.76 36.275355465403976
237.9 36.178429870280276
237.98 36.19642819590649
237.98 36.19642819590649
238.08 36.18350536647965
238.22 36.155550588863086
238.24 36.132505861038474
238.36 36.050895560402815
238.36 36.050895560402815
238.46 36.02227705801572
238.46 36.02227705801572
238.46 36.02227705801572
238.48 36.020330959393505
238.54 36.01779021707484
238.54 36.01779021707484
238.54 36.01779021707484
238.58 36.00369790210811
238.72 36.075700431400655
238.72 36.075700431400655
238.78 36.04811038912113
238.84 36.055154158790415
238.84 36.055154158790415
238.84 36.055154158790415
238.84 36.055154158790415
239.06 36.03080051648292
239.06 36.03080051648292
239.18 36.0001066216154
239.2 35.977546308549705
239.22 35.977428389691134
239.28 35.93992743229157
239.28 35.93992743229157
239.62 35.98394142397467
239.7 35.9487570204191
239.7 35.9487570204191
239.7 35.9487570204191
239.7 35.9487570204191
239.72 35.96296636117423
239.72 35.96296636117423
239.94 35.937605862821684
239.98 35.93989932702042
240.0 35.93484564198282
240.0 35.93484564198282
240.0 35.93484564198282
240.24 36.022753752021615
240.4 36.03926029801781
240.4 36.03926029801781
240.7 35.93301849527558
240.96 35.941006658077335
240.96 35.941006658077335
241.0 35.92416254480339
241.02 35.92753087462976
241.54 35.667210417831946
241.54 35.667210417831946
241.54 35.667210417831946
241.58 35.65184625533637
241.58 35.65184625533637
241.6 35.64697842324187
241.6 35.64697842324187
241.6 35.64697842324187
241.74 35.58078587148298
241.82 35.58923341902064
242.0 35.50615254694415
242.0 35.50615254694415
242.0 35.50615254694415
242.02 35.52036832095869
242.02 35.52036832095869
242.02 35.52036832095869
242.14 35.49278486929107
242.18 35.46982783815967
242.18 35.46982783815967
242.22 35.42400601315726
242.22 35.42400601315726
242.3 35.600902269805516
242.3 35.600902269805516
242.58 35.62917315624908
242.78 35.61510858604757
242.78 35.61510858604757
242.82 35.60058449185372
243.06 35.60780189165789
243.14 35.61892017941413
243.14 35.61892017941413
243.14 35.61892017941413
243.14 35.61892017941413
243.16 35.61089380478616
243.16 35.61089380478616
243.38 35.59672553321258
243.38 35.59672553321258
243.38 35.59672553321258
243.38 35.59672553321258
243.38 35.59672553321258
243.44 35.57899732292986
243.44 35.57899732292986
243.44 35.57899732292986
243.44 35.57899732292986
243.44 35.57899732292986
243.64 35.63607297345903
243.78 35.5776515937926
243.88 35.54689035824955
243.88 35.54689035824955
243.88 35.54689035824955
244.18 35.623275786734965
244.18 35.623275786734965
244.18 35.623275786734965
244.46 35.58896094878496
244.48 35.59493778558401
244.56 35.575590315026766
244.56 35.575590315026766
244.56 35.575590315026766
244.56 35.575590315026766
244.56 35.575590315026766
244.56 35.575590315026766
244.56 35.575590315026766
244.56 35.575590315026766
244.84 35.49042266598275
244.84 35.49042266598275
244.84 35.49042266598275
244.84 35.49042266598275
244.84 35.49042266598275
244.84 35.49042266598275
244.84 35.49042266598275
244.84 35.49042266598275
244.84 35.49042266598275
244.84 35.49042266598275
245.02 35.644139019825495
245.04 35.64072123429899
245.04 35.64072123429899
245.16 35.589329918395535
245.16 35.589329918395535
245.16 35.589329918395535
245.16 35.589329918395535
245.18 35.58696276997967
245.18 35.58696276997967
245.18 35.58696276997967
245.18 35.58696276997967
245.18 35.58696276997967
245.3 35.486090602694254
245.48 35.44763672651464
245.48 35.44763672651464
245.54 35.45018413993863
245.56 35.45328979905472
245.62 35.40666489789626
245.62 35.40666489789626
245.72 35.33621486249031
245.72 35.33621486249031
245.84 35.32324613015792
245.84 35.32324613015792
245.9 35.31717755289954
245.9 35.31717755289954
245.9 35.31717755289954
245.9 35.31717755289954
245.9 35.31717755289954
245.9 35.31717755289954
245.9 35.31717755289954
245.9 35.31717755289954
246.06 35.36300069538525
246.12 35.35084757459747
246.12 35.35084757459747
246.12 35.35084757459747
246.14 35.33305317213114
246.14 35.33305317213114
246.2 35.331046238157576
246.44 35.751759157113966
246.44 35.751759157113966
246.44 35.751759157113966
246.5 35.752657597058786
246.66 35.66856975947969
246.66 35.66856975947969
246.66 35.66856975947969
246.74 35.612567297162805
246.78 35.60262730062307
246.78 35.60262730062307
246.78 35.60262730062307
246.78 35.60262730062307
246.78 35.60262730062307
246.78 35.60262730062307
246.78 35.60262730062307
246.78 35.60262730062307
246.78 35.60262730062307
246.78 35.60262730062307
246.78 35.60262730062307
246.78 35.60262730062307
246.78 35.60262730062307
246.8 35.59253127874277
246.84 35.55980025168019
246.94 35.587371497499085
246.94 35.587371497499085
246.94 35.587371497499085
246.94 35.587371497499085
246.94 35.587371497499085
247.0 35.56698048766722
247.02 35.562430522202284
247.02 35.562430522202284
247.02 35.562430522202284
247.12 35.49968843226485
247.12 35.49968843226485
247.14 35.477982929237584
247.14 35.477982929237584
247.14 35.477982929237584
247.14 35.477982929237584
247.14 35.477982929237584
247.22 35.402328291863064
247.22 35.402328291863064
247.22 35.402328291863064
247.22 35.402328291863064
247.22 35.402328291863064
247.34 35.45269148221801
247.64 35.402881809310955
247.64 35.402881809310955
247.64 35.402881809310955
247.64 35.402881809310955
247.88 35.34170283950618
247.88 35.34170283950618
247.9 35.33547735061689
248.3 35.437097493839396
248.3 35.437097493839396
248.38 35.42719950329781
248.42 35.3970780052977
248.42 35.3970780052977
248.7 35.805732851744644
248.7 35.805732851744644
248.7 35.805732851744644
248.7 35.805732851744644
248.76 35.79151753240881
248.8 35.81095143143005
248.82 35.80993034217061
248.9 35.768475483082
248.94 35.74257569302634
249.08 35.6757790681747
249.1 35.651936918779136
249.18 35.61760431828251
249.18 35.61760431828251
249.26 35.57851468331283
249.26 35.57851468331283
249.28 35.561322764594635
249.28 35.561322764594635
249.42 35.5440202247491
249.42 35.5440202247491
249.56 35.40653366629704
249.56 35.40653366629704
249.56 35.40653366629704
249.56 35.40653366629704
249.56 35.40653366629704
249.56 35.40653366629704
250.22 35.717064365211854
250.22 35.717064365211854
250.36 35.680263621800954
250.4 35.70134253198132
250.4 35.70134253198132
250.4 35.70134253198132
250.4 35.70134253198132
250.4 35.70134253198132
250.4 35.70134253198132
250.4 35.70134253198132
250.4 35.70134253198132
250.68 35.633623889735816
250.68 35.633623889735816
250.94 35.62028136391465
250.94 35.62028136391465
250.94 35.62028136391465
250.94 35.62028136391465
250.94 35.62028136391465
250.94 35.62028136391465
250.94 35.62028136391465
250.94 35.62028136391465
250.94 35.62028136391465
250.96 35.60783025905366
251.06 35.57942317597846
251.06 35.57942317597846
251.18 35.49374109002398
251.18 35.49374109002398
251.18 35.49374109002398
251.18 35.49374109002398
251.18 35.49374109002398
251.22 35.47871178466025
251.22 35.47871178466025
251.22 35.47871178466025
251.22 35.47871178466025
251.28 35.43384218112921
251.34 35.41962590132622
251.38 35.43176113277037
251.54 35.41597539432328
251.54 35.41597539432328
251.56 35.42250611396573
251.56 35.42250611396573
251.6 35.43210893292049
251.62 35.42149664035138
251.62 35.42149664035138
251.7 35.404017348945644
251.74 35.3837890177483
251.78 35.38177925190172
251.94 35.30925995236714
251.94 35.30925995236714
252.02 35.29099235519088
252.02 35.29099235519088
252.02 35.29099235519088
252.12 35.19047162129676
252.12 35.19047162129676
252.12 35.19047162129676
252.22 35.158394833563264
252.26 35.16501360469211
252.26 35.16501360469211
252.52 35.23728511997288
252.52 35.23728511997288
252.54 35.227233496231
252.64 35.25936224980007
252.64 35.25936224980007
252.96 35.28868534149881
253.0 35.25778085913961
253.0 35.25778085913961
253.0 35.25778085913961
253.0 35.25778085913961
253.58 35.88454550444532
253.6 35.88083532241611
253.66 35.862875771274375
253.82 35.764770205871415
253.82 35.764770205871415
254.06 35.75161789091763
254.06 35.75161789091763
254.1 35.73344075063005
254.1 35.73344075063005
254.1 35.73344075063005
254.28 35.66626451203468
254.28 35.66626451203468
254.34 35.62663287060636
254.34 35.62663287060636
254.34 35.62663287060636
254.34 35.62663287060636
254.42 35.58037706831159
254.42 35.58037706831159
254.64 35.42170766263781
254.64 35.42170766263781
254.64 35.42170766263781
254.64 35.42170766263781
254.76 35.38278985865612
254.9 35.30230198234281
254.9 35.30230198234281
255.02 35.408718894325645
255.02 35.408718894325645
255.02 35.408718894325645
255.02 35.408718894325645
255.02 35.408718894325645
255.1 35.36519432573459
255.44 35.614183986301036
255.44 35.614183986301036
255.44 35.614183986301036
255.94 35.80243770268366
255.94 35.80243770268366
255.94 35.80243770268366
255.96 35.79512974038944
256.26 35.839885236107726
256.26 35.839885236107726
256.28 35.82338269168263
256.3 35.80460441018301
256.3 35.80460441018301
256.36 35.82604436084808
256.36 35.82604436084808
256.36 35.82604436084808
256.36 35.82604436084808
256.36 35.82604436084808
256.36 35.82604436084808
256.82 36.29741900276969
256.82 36.29741900276969
256.84 36.293060805424815
256.84 36.293060805424815
256.84 36.293060805424815
256.92 36.29110139419909
257.14 36.44423441673898
257.14 36.44423441673898
257.16 36.421971390906336
257.22 36.38835977716949
257.22 36.38835977716949
257.24 36.37268372298257
257.24 36.37268372298257
257.24 36.37268372298257
257.3 36.31553636968868
257.5 36.34111676430387
257.58 36.30209388178622
257.58 36.30209388178622
257.58 36.30209388178622
257.6 36.28952042848311
258.0 36.17130957490531
258.16 36.07251954974405
258.24 36.00704757054478
258.24 36.00704757054478
258.3 36.00378767953071
258.3 36.00378767953071
258.44 35.94336735151086
258.52 35.973750250296504
258.76 35.90197653600591
258.78 35.89310166974633
258.78 35.89310166974633
258.86 35.85070614804026
258.9 35.836187342298615
259.0 35.8250518971619
259.0 35.8250518971619
259.0 35.8250518971619
259.14 35.7412191660378
259.18 35.70371341352538
259.18 35.70371341352538
259.2 35.70586913812757
259.2 35.70586913812757
259.44 35.56082284216889
259.6 35.462884282248694
259.8 35.40758350547195
259.8 35.40758350547195
259.8 35.40758350547195
259.8 35.40758350547195
259.82 35.40940353332514
259.86 35.36391472456725
259.86 35.36391472456725
259.86 35.36391472456725
259.9 35.345766823245356
259.9 35.345766823245356
259.9 35.345766823245356
260.12 35.26043938833698
260.12 35.26043938833698
260.16 35.23506059239143
260.44 35.023316908492944
260.44 35.023316908492944
260.58 35.076015575986794
260.58 35.076015575986794
260.58 35.076015575986794
260.84 35.05399010415537
260.84 35.05399010415537
260.84 35.05399010415537
260.84 35.05399010415537
260.84 35.05399010415537
261.08 35.019671239710036
261.16 34.94778789548601
261.16 34.94778789548601
261.24 34.90799451140212
261.26 34.90321972934226
261.26 34.90321972934226
261.54 34.74566174504396
261.54 34.74566174504396
261.54 34.74566174504396
261.54 34.74566174504396
261.54 34.74566174504396
261.86 34.91548815542056
261.9 34.92025547478487
261.9 34.92025547478487
261.92 34.89773805294723
261.92 34.89773805294723
261.92 34.89773805294723
261.92 34.89773805294723
261.92 34.89773805294723
261.92 34.89773805294723
261.92 34.89773805294723
261.92 34.89773805294723
261.92 34.89773805294723
261.92 34.89773805294723
261.92 34.89773805294723
261.92 34.89773805294723
261.92 34.89773805294723
262.2 34.878722059806776
262.2 34.878722059806776
262.24 34.8691985870196
262.24 34.8691985870196
262.24 34.8691985870196
262.24 34.8691985870196
262.24 34.8691985870196
262.24 34.8691985870196
262.24 34.8691985870196
262.24 34.8691985870196
262.4 34.80276315513358
262.4 34.80276315513358
262.4 34.80276315513358
262.4 34.80276315513358
262.4 34.80276315513358
262.46 34.78633773378988
262.58 34.71825415710261
262.58 34.71825415710261
262.6 34.704524782858506
262.74 34.697719192646026
262.86 34.63898078608823
262.86 34.63898078608823
262.86 34.63898078608823
262.86 34.63898078608823
262.86 34.63898078608823
262.86 34.63898078608823
262.86 34.63898078608823
262.86 34.63898078608823
262.86 34.63898078608823
262.86 34.63898078608823
262.86 34.63898078608823
262.86 34.63898078608823
262.86 34.63898078608823
263.0 34.534128924964364
263.02 34.52242134841612
263.02 34.52242134841612
263.02 34.52242134841612
263.02 34.52242134841612
263.02 34.52242134841612
263.02 34.52242134841612
263.02 34.52242134841612
263.02 34.52242134841612
263.02 34.52242134841612
263.02 34.52242134841612
263.02 34.52242134841612
263.72 34.594353483325754
263.72 34.594353483325754
263.72 34.594353483325754
263.72 34.594353483325754
263.72 34.594353483325754
263.72 34.594353483325754
263.72 34.594353483325754
263.72 34.594353483325754
263.72 34.594353483325754
263.72 34.594353483325754
263.72 34.594353483325754
263.72 34.594353483325754
263.72 34.594353483325754
263.72 34.594353483325754
263.9 34.7055434689438
264.16 34.66279698681996
264.66 34.657405522856976
264.68 34.6459378585861
264.68 34.6459378585861
264.68 34.6459378585861
264.68 34.6459378585861
264.7 34.635621296957595
264.7 34.635621296957595
264.76 34.685053399020866
264.76 34.685053399020866
264.76 34.685053399020866
264.76 34.685053399020866
264.76 34.685053399020866
264.76 34.685053399020866
264.76 34.685053399020866
264.94 34.53641614881371
264.94 34.53641614881371
264.94 34.53641614881371
265.18 34.557046965119795
265.54 34.56378089120096
265.54 34.56378089120096
265.68 34.42188638971232
265.68 34.42188638971232
265.9 34.390949008967084
265.9 34.390949008967084
265.9 34.390949008967084
266.46 34.577805691868974
266.46 34.577805691868974
266.46 34.577805691868974
266.46 34.577805691868974
266.46 34.577805691868974
266.46 34.577805691868974
266.46 34.577805691868974
266.46 34.577805691868974
266.46 34.577805691868974
266.46 34.577805691868974
266.6 34.57154782754048
266.7 34.496523027837185
266.7 34.496523027837185
266.7 34.496523027837185
266.78 34.443213402569576
266.8 34.466789754190856
266.8 34.466789754190856
266.86 34.410774680925364
266.86 34.410774680925364
266.86 34.410774680925364
266.86 34.410774680925364
266.86 34.410774680925364
266.86 34.410774680925364
266.86 34.410774680925364
266.86 34.410774680925364
266.88 34.394408753972705
266.98 34.36288225349667
266.98 34.36288225349667
266.98 34.36288225349667
266.98 34.36288225349667
266.98 34.36288225349667
266.98 34.36288225349667
266.98 34.36288225349667
266.98 34.36288225349667
266.98 34.36288225349667
266.98 34.36288225349667
266.98 34.36288225349667
266.98 34.36288225349667
266.98 34.36288225349667
266.98 34.36288225349667
266.98 34.36288225349667
267.04 34.348752054139716
267.1 34.31685394447551
267.1 34.31685394447551
267.12 34.303835518978495
267.12 34.303835518978495
267.12 34.303835518978495
267.28 34.21325869757324
267.28 34.21325869757324
267.28 34.21325869757324
267.28 34.21325869757324
267.32 34.17391054029611
267.32 34.17391054029611
267.32 34.17391054029611
267.32 34.17391054029611
267.32 34.17391054029611
267.66 34.14887785251308
267.66 34.14887785251308
267.68 34.146115031100855
267.68 34.146115031100855
267.68 34.146115031100855
267.7 34.155171754446755
267.7 34.155171754446755
267.76 34.12192044046546
267.76 34.12192044046546
267.76 34.12192044046546
267.76 34.12192044046546
267.82 34.099195760533
267.82 34.099195760533
267.82 34.099195760533
267.9 34.0426055098459
267.9 34.0426055098459
267.9 34.0426055098459
268.0 34.02435253838882
268.0 34.02435253838882
268.0 34.02435253838882
268.0 34.02435253838882
268.0 34.02435253838882
268.0 34.02435253838882
268.0 34.02435253838882
268.02 34.01662695052096
268.02 34.01662695052096
268.02 34.01662695052096
268.02 34.01662695052096
268.68 33.84124552952949
268.68 33.84124552952949
268.68 33.84124552952949
268.68 33.84124552952949
268.68 33.84124552952949
268.68 33.84124552952949
268.68 33.84124552952949
268.68 33.84124552952949
268.68 33.84124552952949
268.98 33.93219025281946
268.98 33.93219025281946
268.98 33.93219025281946
268.98 33.93219025281946
268.98 33.93219025281946
269.04 33.97501161355819
269.04 33.97501161355819
269.04 33.97501161355819
269.04 33.97501161355819
269.04 33.97501161355819
269.04 33.97501161355819
269.04 33.97501161355819
269.04 33.97501161355819
269.04 33.97501161355819
269.04 33.97501161355819
269.04 33.97501161355819
269.04 33.97501161355819
269.04 33.97501161355819
269.04 33.97501161355819
269.06 33.94999888427722
269.06 33.94999888427722
269.2 34.0907878785724
269.2 34.0907878785724
269.24 34.0632566638226
269.24 34.0632566638226
269.24 34.0632566638226
269.24 34.0632566638226
269.24 34.0632566638226
269.24 34.0632566638226
269.24 34.0632566638226
269.24 34.0632566638226
269.38 34.020427612678446
269.52 34.03518084796283
269.52 34.03518084796283
269.52 34.03518084796283
269.54 34.05029553855042
269.54 34.05029553855042
269.56 34.04166193761326
269.58 34.02470285014118
269.6 34.0041589850834
269.76 33.93907792060665
269.76 33.93907792060665
269.76 33.93907792060665
269.76 33.93907792060665
269.76 33.93907792060665
269.8 33.93457758033176
269.8 33.93457758033176
269.8 33.93457758033176
269.8 33.93457758033176
269.8 33.93457758033176
270.0 33.9589770342412
270.0 33.9589770342412
270.0 33.9589770342412
270.0 33.9589770342412
270.0 33.9589770342412
270.08 33.96364068955049
270.08 33.96364068955049
270.08 33.96364068955049
270.08 33.96364068955049
270.12 33.925432193193195
270.12 33.925432193193195
270.12 33.925432193193195
270.12 33.925432193193195
270.12 33.925432193193195
270.12 33.925432193193195
270.12 33.925432193193195
270.12 33.925432193193195
270.26 34.11999621064078
270.26 34.11999621064078
270.26 34.11999621064078
270.26 34.11999621064078
270.26 34.11999621064078
270.26 34.11999621064078
270.26 34.11999621064078
270.26 34.11999621064078
270.26 34.11999621064078
270.26 34.11999621064078
270.26 34.11999621064078
270.26 34.11999621064078
270.26 34.11999621064078
270.26 34.11999621064078
270.26 34.11999621064078
270.3 34.08174961127519
270.3 34.08174961127519
270.3 34.08174961127519
270.3 34.08174961127519
270.3 34.08174961127519
270.3 34.08174961127519
270.3 34.08174961127519
270.3 34.08174961127519
270.3 34.08174961127519
270.3 34.08174961127519
270.3 34.08174961127519
270.3 34.08174961127519
270.42 34.03776274858989
270.42 34.03776274858989
270.42 34.03776274858989
270.42 34.03776274858989
270.46 34.06097325370929
270.58 33.97360234896584
270.58 33.97360234896584
270.58 33.97360234896584
270.58 33.97360234896584
270.68 33.897313739998324
270.92 33.87728299362722
270.92 33.87728299362722
270.92 33.87728299362722
271.06 33.82719603986105
271.06 33.82719603986105
271.06 33.82719603986105
271.06 33.82719603986105
271.06 33.82719603986105
271.06 33.82719603986105
271.12 33.776831459364914
271.12 33.776831459364914
271.2 33.7596974470621
271.2 33.7596974470621
271.2 33.7596974470621
271.2 33.7596974470621
271.2 33.7596974470621
271.2 33.7596974470621
271.34 33.699869615789495
271.34 33.699869615789495
271.44 33.69270520214106
271.44 33.69270520214106
271.44 33.69270520214106
271.44 33.69270520214106
271.44 33.69270520214106
271.44 33.69270520214106
271.48 33.657358449197666
271.48 33.657358449197666
271.48 33.657358449197666
271.58 33.563201349818875
271.66 33.4676747403409
271.66 33.4676747403409
271.66 33.4676747403409
271.66 33.4676747403409
271.66 33.4676747403409
271.66 33.4676747403409
271.66 33.4676747403409
271.66 33.4676747403409
271.66 33.4676747403409
271.66 33.4676747403409
271.7 33.42698963956576
271.7 33.42698963956576
271.72 33.42535177696925
271.72 33.42535177696925
271.72 33.42535177696925
271.84 33.38986721032644
271.84 33.38986721032644
271.84 33.38986721032644
271.84 33.38986721032644
271.84 33.38986721032644
271.86 33.38693266425163
271.86 33.38693266425163
271.86 33.38693266425163
272.02 33.274487451372025
272.02 33.274487451372025
272.02 33.274487451372025
272.02 33.274487451372025
272.04 33.260502252687196
272.04 33.260502252687196
272.04 33.260502252687196
272.04 33.260502252687196
272.04 33.260502252687196
272.04 33.260502252687196
272.04 33.260502252687196
272.46 33.52412669566607
272.48 33.52324084523565
272.52 33.50576009577994
272.52 33.50576009577994
272.54 33.49277624512576
272.6 33.50079148771011
272.6 33.50079148771011
272.6 33.50079148771011
272.6 33.50079148771011
272.6 33.50079148771011
272.6 33.50079148771011
272.6 33.50079148771011
272.6 33.50079148771011
272.62 33.49258322842733
272.64 33.518130176145725
272.64 33.518130176145725
272.64 33.518130176145725
272.64 33.518130176145725
273.12 33.908158786982696
273.12 33.908158786982696
273.12 33.908158786982696
273.12 33.908158786982696
273.12 33.908158786982696
273.12 33.908158786982696
273.12 33.908158786982696
273.12 33.908158786982696
273.12 33.908158786982696
273.12 33.908158786982696
273.12 33.908158786982696
273.12 33.908158786982696
273.12 33.908158786982696
273.12 33.908158786982696
273.12 33.908158786982696
273.12 33.908158786982696
273.12 33.908158786982696
273.12 33.908158786982696
273.12 33.908158786982696
273.12 33.908158786982696
273.12 33.908158786982696
273.12 33.908158786982696
273.12 33.908158786982696
273.12 33.908158786982696
273.12 33.908158786982696
273.12 33.908158786982696
273.12 33.908158786982696
273.12 33.908158786982696
273.12 33.908158786982696
273.16 33.89964988943488
273.16 33.89964988943488
273.16 33.89964988943488
273.16 33.89964988943488
273.16 33.89964988943488
273.54 33.621608011106865
273.54 33.621608011106865
273.58 33.650965435593015
273.58 33.650965435593015
273.58 33.650965435593015
273.58 33.650965435593015
273.58 33.650965435593015
273.58 33.650965435593015
273.58 33.650965435593015
273.62 33.67545039930364
273.62 33.67545039930364
273.62 33.67545039930364
273.62 33.67545039930364
273.62 33.67545039930364
273.62 33.67545039930364
274.04 33.51342863674052
274.04 33.51342863674052
274.04 33.51342863674052
274.04 33.51342863674052
274.06 33.51882329604538
274.06 33.51882329604538
274.1 33.46564648934031
274.1 33.46564648934031
274.1 33.46564648934031
274.1 33.46564648934031
274.12 33.47221974936075
274.12 33.47221974936075
274.12 33.47221974936075
274.12 33.47221974936075
274.16 33.44306785985383
274.2 33.45251421150147
274.24 33.41357614364364
274.24 33.41357614364364
274.24 33.41357614364364
274.24 33.41357614364364
274.28 33.4567654072409
274.28 33.4567654072409
274.28 33.4567654072409
274.32 33.44190802154105
274.32 33.44190802154105
274.44 33.440530661296194
274.44 33.440530661296194
274.44 33.440530661296194
274.44 33.440530661296194
274.44 33.440530661296194
274.44 33.440530661296194
274.48 33.41096414730537
274.48 33.41096414730537
274.54 33.39370895812261
274.54 33.39370895812261
274.54 33.39370895812261
274.54 33.39370895812261
274.54 33.39370895812261
274.72 33.37393890417789
274.72 33.37393890417789
274.72 33.37393890417789
274.72 33.37393890417789
274.72 33.37393890417789
274.72 33.37393890417789
274.72 33.37393890417789
274.72 33.37393890417789
274.72 33.37393890417789
274.72 33.37393890417789
274.8 33.33818146561602
274.8 33.33818146561602
274.8 33.33818146561602
274.8 33.33818146561602
274.8 33.33818146561602
274.8 33.33818146561602
274.88 33.32159793420612
274.88 33.32159793420612
274.88 33.32159793420612
274.96 33.28539583297119
275.12 33.23174823732707
275.36 33.35378766369947
275.38 33.34023564900694
275.38 33.34023564900694
275.42 33.30458760524675
275.42 33.30458760524675
275.42 33.30458760524675
275.42 33.30458760524675
275.42 33.30458760524675
275.42 33.30458760524675
275.42 33.30458760524675
275.42 33.30458760524675
276.18 33.53887537792765
276.18 33.53887537792765
276.18 33.53887537792765
276.18 33.53887537792765
276.18 33.53887537792765
276.18 33.53887537792765
276.18 33.53887537792765
276.18 33.53887537792765
276.18 33.53887537792765
276.18 33.53887537792765
276.18 33.53887537792765
276.18 33.53887537792765
276.22 33.50850336824667
276.22 33.50850336824667
276.22 33.50850336824667
276.22 33.50850336824667
276.22 33.50850336824667
276.22 33.50850336824667
276.22 33.50850336824667
276.24 33.5041441730374
276.3 33.58135004294898
276.3 33.58135004294898
276.42 33.48606826243963
276.42 33.48606826243963
276.7 33.53198382729449
277.36 33.41067391288495
277.36 33.41067391288495
277.36 33.41067391288495
277.38 33.40803145437584
277.38 33.40803145437584
277.38 33.40803145437584
277.44 33.33100597935741
277.52 33.351655570494984
277.52 33.351655570494984
277.52 33.351655570494984
277.54 33.35012304431136
277.54 33.35012304431136
277.54 33.35012304431136
277.54 33.35012304431136
277.54 33.35012304431136
277.84 33.1347783356632
277.84 33.1347783356632
277.84 33.1347783356632
277.98 33.045417170306635
277.98 33.045417170306635
277.98 33.045417170306635
277.98 33.045417170306635
277.98 33.045417170306635
278.14 32.99617976050983
278.14 32.99617976050983
278.14 32.99617976050983
278.14 32.99617976050983
278.14 32.99617976050983
278.14 32.99617976050983
278.16 33.02362790488047
278.16 33.02362790488047
278.16 33.02362790488047
278.16 33.02362790488047
278.18 33.014346437678746
278.18 33.014346437678746
278.18 33.014346437678746
278.18 33.014346437678746
278.18 33.014346437678746
278.18 33.014346437678746
278.28 32.92602053517595
278.28 32.92602053517595
278.28 32.92602053517595
278.28 32.92602053517595
278.34 32.857273228927625
278.38 32.83714944751423
278.38 32.83714944751423
278.42 32.84649943681254
278.42 32.84649943681254
278.44 32.85299980153405
278.44 32.85299980153405
278.44 32.85299980153405
278.44 32.85299980153405
278.44 32.85299980153405
278.44 32.85299980153405
278.48 32.852434068763074
278.48 32.852434068763074
278.48 32.852434068763074
278.48 32.852434068763074
278.48 32.852434068763074
278.78 32.81893392909684
278.78 32.81893392909684
278.78 32.81893392909684
278.78 32.81893392909684
279.04 32.96337729093064
279.06 32.97070018527163
279.06 32.97070018527163
279.1 32.95466736306256
279.1 32.95466736306256
279.12 32.949695358871296
279.16 32.9335787010857
279.16 32.9335787010857
279.16 32.9335787010857
279.16 32.9335787010857
279.16 32.9335787010857
279.16 32.9335787010857
279.16 32.9335787010857
279.16 32.9335787010857
279.16 32.9335787010857
279.16 32.9335787010857
279.16 32.9335787010857
279.16 32.9335787010857
279.16 32.9335787010857
279.16 32.9335787010857
279.16 32.9335787010857
279.16 32.9335787010857
279.16 32.9335787010857
279.16 32.9335787010857
279.16 32.9335787010857
279.16 32.9335787010857
279.16 32.9335787010857
279.18 32.942061167136984
279.18 32.942061167136984
279.18 32.942061167136984
279.18 32.942061167136984
279.18 32.942061167136984
279.18 32.942061167136984
279.62 32.819918810184
279.62 32.819918810184
279.7 32.79119738988844
279.7 32.79119738988844
279.7 32.79119738988844
279.7 32.79119738988844
279.7 32.79119738988844
279.7 32.79119738988844
279.7 32.79119738988844
279.74 32.744687285948324
279.74 32.744687285948324
279.74 32.744687285948324
279.74 32.744687285948324
280.0 32.88179011568746
280.14 33.04023259144781
280.14 33.04023259144781
280.14 33.04023259144781
280.14 33.04023259144781
280.14 33.04023259144781
280.14 33.04023259144781
280.14 33.04023259144781
280.24 32.99743485592034
280.24 32.99743485592034
280.24 32.99743485592034
280.24 32.99743485592034
280.24 32.99743485592034
280.24 32.99743485592034
280.24 32.99743485592034
280.24 32.99743485592034
280.4 32.87810360969284
280.4 32.87810360969284
280.4 32.87810360969284
280.4 32.87810360969284
280.42 32.896894330098334
280.42 32.896894330098334
280.42 32.896894330098334
280.42 32.896894330098334
280.72 33.157743584206074
280.72 33.157743584206074
280.72 33.157743584206074
280.72 33.157743584206074
280.86 33.04756902075882
280.86 33.04756902075882
280.86 33.04756902075882
280.86 33.04756902075882
280.86 33.04756902075882
280.86 33.04756902075882
280.86 33.04756902075882
280.86 33.04756902075882
280.86 33.04756902075882
280.86 33.04756902075882
280.86 33.04756902075882
280.86 33.04756902075882
280.86 33.04756902075882
280.86 33.04756902075882
280.86 33.04756902075882
280.86 33.04756902075882
280.86 33.04756902075882
280.92 33.00005509637272
280.92 33.00005509637272
280.92 33.00005509637272
280.92 33.00005509637272
280.92 33.00005509637272
280.92 33.00005509637272
281.0 32.95849854381456
281.0 32.95849854381456
281.0 32.95849854381456
281.28 33.06867051601817
281.4 32.997704236029584
281.4 32.997704236029584
281.4 32.997704236029584
281.4 32.997704236029584
281.4 32.997704236029584
281.42 32.990105648619405
281.42 32.990105648619405
281.42 32.990105648619405
281.42 32.990105648619405
281.42 32.990105648619405
281.42 32.990105648619405
281.48 32.92675679643098
281.48 32.92675679643098
281.86 32.79104953021371
281.88 32.77942197553985
281.88 32.77942197553985
281.88 32.77942197553985
281.88 32.77942197553985
281.88 32.77942197553985
281.88 32.77942197553985
281.88 32.77942197553985
281.88 32.77942197553985
282.16 32.81374434869964
282.16 32.81374434869964
282.16 32.81374434869964
282.18 32.79947646785933
282.2 32.78149268453563
282.2 32.78149268453563
282.2 32.78149268453563
282.22 32.76841913991722
282.56 32.704467924462904
282.56 32.704467924462904
282.62 32.73856651372715
282.62 32.73856651372715
282.62 32.73856651372715
282.62 32.73856651372715
282.62 32.73856651372715
282.62 32.73856651372715
282.62 32.73856651372715
282.62 32.73856651372715
282.62 32.73856651372715
282.62 32.73856651372715
282.62 32.73856651372715
282.62 32.73856651372715
282.62 32.73856651372715
282.62 32.73856651372715
282.78 32.90254357549539
283.08 32.79248497304024
283.08 32.79248497304024
283.08 32.79248497304024
283.38 32.95628570814327
283.38 32.95628570814327
283.38 32.95628570814327
283.38 32.95628570814327
283.38 32.95628570814327
283.38 32.95628570814327
283.38 32.95628570814327
283.38 32.95628570814327
283.72 32.85845985189178
283.72 32.85845985189178
283.72 32.85845985189178
283.72 32.85845985189178
283.72 32.85845985189178
283.72 32.85845985189178
283.72 32.85845985189178
283.72 32.85845985189178
283.72 32.85845985189178
283.8 32.76053304286309
283.8 32.76053304286309
283.8 32.76053304286309
283.8 32.76053304286309
283.82 32.761266856771684
283.82 32.761266856771684
283.82 32.761266856771684
283.82 32.761266856771684
283.82 32.761266856771684
283.82 32.761266856771684
283.82 32.761266856771684
283.82 32.761266856771684
283.82 32.761266856771684
283.82 32.761266856771684
283.82 32.761266856771684
283.82 32.761266856771684
283.82 32.761266856771684
283.9 32.702361450580966
283.9 32.702361450580966
283.9 32.702361450580966
283.9 32.702361450580966
283.9 32.702361450580966
283.9 32.702361450580966
283.9 32.702361450580966
283.9 32.702361450580966
283.98 32.64315170959069
283.98 32.64315170959069
283.98 32.64315170959069
284.04 32.65241494928364
284.04 32.65241494928364
284.04 32.65241494928364
284.04 32.65241494928364
284.08 32.61519754824597
284.08 32.61519754824597
284.08 32.61519754824597
284.08 32.61519754824597
284.08 32.61519754824597
284.08 32.61519754824597
284.08 32.61519754824597
284.08 32.61519754824597
284.08 32.61519754824597
284.08 32.61519754824597
284.08 32.61519754824597
284.08 32.61519754824597
284.08 32.61519754824597
284.08 32.61519754824597
284.1 32.59841354508783
284.18 32.51864422484773
284.18 32.51864422484773
284.18 32.51864422484773
284.18 32.51864422484773
284.18 32.51864422484773
284.18 32.51864422484773
284.18 32.51864422484773
284.18 32.51864422484773
284.36 32.485434187392876
284.36 32.485434187392876
284.36 32.485434187392876
284.36 32.485434187392876
284.36 32.485434187392876
284.36 32.485434187392876
284.36 32.485434187392876
284.36 32.485434187392876
284.36 32.485434187392876
284.36 32.485434187392876
284.36 32.485434187392876
284.36 32.485434187392876
284.36 32.485434187392876
284.36 32.485434187392876
284.36 32.485434187392876
284.44 32.524216308231736
284.44 32.524216308231736
284.44 32.524216308231736
284.44 32.524216308231736
284.44 32.524216308231736
284.44 32.524216308231736
284.44 32.524216308231736
284.44 32.524216308231736
284.44 32.524216308231736
284.46 32.50218951443615
284.46 32.50218951443615
284.46 32.50218951443615
284.46 32.50218951443615
284.46 32.50218951443615
284.46 32.50218951443615
284.46 32.50218951443615
284.46 32.50218951443615
284.46 32.50218951443615
284.46 32.50218951443615
284.46 32.50218951443615
284.46 32.50218951443615
284.46 32.50218951443615
284.46 32.50218951443615
284.46 32.50218951443615
284.46 32.50218951443615
284.46 32.50218951443615
284.52 32.518054037470286
284.52 32.518054037470286
284.52 32.518054037470286
284.52 32.518054037470286
284.52 32.518054037470286
284.52 32.518054037470286
284.52 32.518054037470286
284.52 32.518054037470286
284.52 32.518054037470286
284.52 32.518054037470286
284.52 32.518054037470286
284.52 32.518054037470286
284.6 32.42707435947855
284.6 32.42707435947855
284.6 32.42707435947855
284.6 32.42707435947855
284.6 32.42707435947855
284.68 32.395560239519284
284.68 32.395560239519284
284.68 32.395560239519284
284.68 32.395560239519284
284.68 32.395560239519284
284.68 32.395560239519284
284.68 32.395560239519284
284.68 32.395560239519284
284.68 32.395560239519284
284.82 32.309231879548996
284.82 32.309231879548996
284.88 32.37322749720607
284.88 32.37322749720607
284.88 32.37322749720607
284.88 32.37322749720607
284.88 32.37322749720607
284.88 32.37322749720607
284.88 32.37322749720607
284.88 32.37322749720607
284.88 32.37322749720607
284.88 32.37322749720607
284.88 32.37322749720607
284.88 32.37322749720607
284.88 32.37322749720607
284.96 32.42829541364058
284.96 32.42829541364058
284.96 32.42829541364058
284.96 32.42829541364058
285.2 32.65862609764621
285.2 32.65862609764621
285.2 32.65862609764621
285.2 32.65862609764621
285.38 32.63473392852865
285.42 32.61070655196207
285.52 32.52240253527816
285.52 32.52240253527816
285.52 32.52240253527816
285.52 32.52240253527816
285.54 32.50840450770176
285.54 32.50840450770176
285.54 32.50840450770176
285.54 32.50840450770176
285.54 32.50840450770176
285.54 32.50840450770176
285.54 32.50840450770176
285.8 32.47065497250455
285.8 32.47065497250455
285.8 32.47065497250455
285.8 32.47065497250455
285.8 32.47065497250455
285.82 32.451480487931306
285.82 32.451480487931306
285.82 32.451480487931306
285.82 32.451480487931306
285.82 32.451480487931306
286.06 32.37713995891533
286.06 32.37713995891533
286.06 32.37713995891533
286.06 32.37713995891533
286.06 32.37713995891533
286.06 32.37713995891533
286.06 32.37713995891533
286.06 32.37713995891533
286.08 32.38271143681458
286.08 32.38271143681458
286.08 32.38271143681458
286.08 32.38271143681458
286.08 32.38271143681458
286.08 32.38271143681458
286.08 32.38271143681458
286.08 32.38271143681458
286.08 32.38271143681458
286.46 32.427516685429964
286.46 32.427516685429964
286.46 32.427516685429964
286.46 32.427516685429964
286.46 32.427516685429964
286.46 32.427516685429964
286.46 32.427516685429964
286.58 32.48532846773396
286.58 32.48532846773396
286.58 32.48532846773396
286.58 32.48532846773396
286.58 32.48532846773396
286.58 32.48532846773396
286.62 32.479606655328325
286.64 32.47112781247583
286.64 32.47112781247583
286.64 32.47112781247583
286.64 32.47112781247583
286.64 32.47112781247583
286.64 32.47112781247583
286.64 32.47112781247583
286.64 32.47112781247583
286.64 32.47112781247583
286.64 32.47112781247583
286.64 32.47112781247583
286.64 32.47112781247583
286.64 32.47112781247583
286.64 32.47112781247583
286.64 32.47112781247583
286.64 32.47112781247583
286.64 32.47112781247583
286.64 32.47112781247583
286.72 32.45449961799667
286.72 32.45449961799667
286.88 32.28073822895104
286.88 32.28073822895104
286.88 32.28073822895104
286.88 32.28073822895104
286.88 32.28073822895104
286.88 32.28073822895104
286.96 32.24336749588583
286.96 32.24336749588583
287.14 32.186646330741
287.14 32.186646330741
287.14 32.186646330741
287.14 32.186646330741
287.14 32.186646330741
287.14 32.186646330741
287.14 32.186646330741
287.14 32.186646330741
287.14 32.186646330741
287.14 32.186646330741
287.14 32.186646330741
287.14 32.186646330741
287.14 32.186646330741
287.14 32.186646330741
287.2 32.12601450663945
287.2 32.12601450663945
287.2 32.12601450663945
287.2 32.12601450663945
287.2 32.12601450663945
287.2 32.12601450663945
287.2 32.12601450663945
287.26 32.0764931708785
287.26 32.0764931708785
287.26 32.0764931708785
287.26 32.0764931708785
287.26 32.0764931708785
287.26 32.0764931708785
287.48 31.941385712146573
287.48 31.941385712146573
287.52 31.919241529177643
287.52 31.919241529177643
287.52 31.919241529177643
287.52 31.919241529177643
287.52 31.919241529177643
287.82 32.17765709559378
287.82 32.17765709559378
287.82 32.17765709559378
287.82 32.17765709559378
287.82 32.17765709559378
287.82 32.17765709559378
287.82 32.17765709559378
287.82 32.17765709559378
287.82 32.17765709559378
287.82 32.17765709559378
287.82 32.17765709559378
287.82 32.17765709559378
287.82 32.17765709559378
287.82 32.17765709559378
287.82 32.17765709559378
287.82 32.17765709559378
288.08 32.26145713016719
288.08 32.26145713016719
288.08 32.26145713016719
288.08 32.26145713016719
288.08 32.26145713016719
288.08 32.26145713016719
288.08 32.26145713016719
288.08 32.26145713016719
288.1 32.27580010979235
288.1 32.27580010979235
288.12 32.26759327494964
288.12 32.26759327494964
288.12 32.26759327494964
288.12 32.26759327494964
288.12 32.26759327494964
288.14 32.24308554801426
288.18 32.27044180269947
288.32 32.44852333568767
288.32 32.44852333568767
288.32 32.44852333568767
288.32 32.44852333568767
288.32 32.44852333568767
288.5 32.22694148652269
288.5 32.22694148652269
288.5 32.22694148652269
288.84 32.34683254597852
288.84 32.34683254597852
288.84 32.34683254597852
288.86 32.328184532254745
288.86 32.328184532254745
288.86 32.328184532254745
288.86 32.328184532254745
288.86 32.328184532254745
288.9 32.29957625515582
288.9 32.29957625515582
288.9 32.29957625515582
288.94 32.32093482996474
288.94 32.32093482996474
289.02 32.33848131464082
289.02 32.33848131464082
289.02 32.33848131464082
289.02 32.33848131464082
289.02 32.33848131464082
289.02 32.33848131464082
289.02 32.33848131464082
289.02 32.33848131464082
289.02 32.33848131464082
289.08 32.27084871470965
289.08 32.27084871470965
289.08 32.27084871470965
289.08 32.27084871470965
289.08 32.27084871470965
289.08 32.27084871470965
289.08 32.27084871470965
289.08 32.27084871470965
289.08 32.27084871470965
289.08 32.27084871470965
289.58 32.32823452455683
289.58 32.32823452455683
289.58 32.32823452455683
289.58 32.32823452455683
289.62 32.28371075012877
289.62 32.28371075012877
289.62 32.28371075012877
289.62 32.28371075012877
289.62 32.28371075012877
289.62 32.28371075012877
289.62 32.28371075012877
289.62 32.28371075012877
289.62 32.28371075012877
289.62 32.28371075012877
289.62 32.28371075012877
289.62 32.28371075012877
289.62 32.28371075012877
289.66 32.259121331662286
289.66 32.259121331662286
289.66 32.259121331662286
289.66 32.259121331662286
289.66 32.259121331662286
289.66 32.259121331662286
289.78 32.15479605114778
289.78 32.15479605114778
289.78 32.15479605114778
289.96 32.081940544345336
289.96 32.081940544345336
289.96 32.081940544345336
289.96 32.081940544345336
289.96 32.081940544345336
289.96 32.081940544345336
289.96 32.081940544345336
289.96 32.081940544345336
290.02 32.08007027877135
290.02 32.08007027877135
290.02 32.08007027877135
290.16 31.942726523854816
290.16 31.942726523854816
290.16 31.942726523854816
290.16 31.942726523854816
290.16 31.942726523854816
290.16 31.942726523854816
290.16 31.942726523854816
290.16 31.942726523854816
290.38 32.003402596876754
290.44 32.061279708796036
290.52 32.09533777779428
290.54 32.094374723444744
290.54 32.094374723444744
290.54 32.094374723444744
290.56 32.08836284859404
290.56 32.08836284859404
290.56 32.08836284859404
290.62 32.08158161294232
290.62 32.08158161294232
290.64 32.08181460395949
290.64 32.08181460395949
290.64 32.08181460395949
290.68 32.0658665558846
290.68 32.0658665558846
290.68 32.0658665558846
290.68 32.0658665558846
290.96 31.952591143881914
290.96 31.952591143881914
290.96 31.952591143881914
290.96 31.952591143881914
290.96 31.952591143881914
290.96 31.952591143881914
290.96 31.952591143881914
290.96 31.952591143881914
291.02 31.8918564064638
291.02 31.8918564064638
291.02 31.8918564064638
291.02 31.8918564064638
291.02 31.8918564064638
291.32 31.947203921217245
291.32 31.947203921217245
291.32 31.947203921217245
291.38 31.904776248623772
291.38 31.904776248623772
291.38 31.904776248623772
291.38 31.904776248623772
291.4 31.904529300696314
291.4 31.904529300696314
291.4 31.904529300696314
291.4 31.904529300696314
291.4 31.904529300696314
291.4 31.904529300696314
291.48 31.926202784584692
291.52 31.929366489870155
291.52 31.929366489870155
291.52 31.929366489870155
291.52 31.929366489870155
291.52 31.929366489870155
291.52 31.929366489870155
291.52 31.929366489870155
291.52 31.929366489870155
291.52 31.929366489870155
291.52 31.929366489870155
291.52 31.929366489870155
291.52 31.929366489870155
291.52 31.929366489870155
291.52 31.929366489870155
291.52 31.929366489870155
291.52 31.929366489870155
291.52 31.929366489870155
291.52 31.929366489870155
291.52 31.929366489870155
291.84 31.81090595021993
291.84 31.81090595021993
291.84 31.81090595021993
291.84 31.81090595021993
291.84 31.81090595021993
291.84 31.81090595021993
291.84 31.81090595021993
291.84 31.81090595021993
291.86 31.7925790210244
291.86 31.7925790210244
291.86 31.7925790210244
291.86 31.7925790210244
292.04 31.70696638235385
292.04 31.70696638235385
292.04 31.70696638235385
292.04 31.70696638235385
292.38 31.814735166858977
292.4 31.817662333421612
292.4 31.817662333421612
292.4 31.817662333421612
292.4 31.817662333421612
292.4 31.817662333421612
292.4 31.817662333421612
292.4 31.817662333421612
292.4 31.817662333421612
292.4 31.817662333421612
292.4 31.817662333421612
292.4 31.817662333421612
292.4 31.817662333421612
292.4 31.817662333421612
292.4 31.817662333421612
292.4 31.817662333421612
292.7 32.23822312570949
292.72 32.25093530865157
292.72 32.25093530865157
292.72 32.25093530865157
292.72 32.25093530865157
292.86 32.251856105071255
292.86 32.251856105071255
292.86 32.251856105071255
292.86 32.251856105071255
292.86 32.251856105071255
292.86 32.251856105071255
292.86 32.251856105071255
292.86 32.251856105071255
292.86 32.251856105071255
292.86 32.251856105071255
292.86 32.251856105071255
292.86 32.251856105071255
292.86 32.251856105071255
292.9 32.22318006239193
292.9 32.22318006239193
293.1 32.038329317468246
293.16 32.07589484804797
293.16 32.07589484804797
293.16 32.07589484804797
293.16 32.07589484804797
293.16 32.07589484804797
293.16 32.07589484804797
293.16 32.07589484804797
293.16 32.07589484804797
293.16 32.07589484804797
293.16 32.07589484804797
293.16 32.07589484804797
293.16 32.07589484804797
293.16 32.07589484804797
293.28 32.003181660010576
293.28 32.003181660010576
293.28 32.003181660010576
293.28 32.003181660010576
293.28 32.003181660010576
293.28 32.003181660010576
293.28 32.003181660010576
293.28 32.003181660010576
293.28 32.003181660010576
293.28 32.003181660010576
293.28 32.003181660010576
293.28 32.003181660010576
293.28 32.003181660010576
293.28 32.003181660010576
293.28 32.003181660010576
293.28 32.003181660010576
293.28 32.003181660010576
293.28 32.003181660010576
293.28 32.003181660010576
293.28 32.003181660010576
293.28 32.003181660010576
293.28 32.003181660010576
293.28 32.003181660010576
293.28 32.003181660010576
293.28 32.003181660010576
293.28 32.003181660010576
293.28 32.003181660010576
293.28 32.003181660010576
293.3 32.00678589665547
293.3 32.00678589665547
293.3 32.00678589665547
293.3 32.00678589665547
293.3 32.00678589665547
293.3 32.00678589665547
293.3 32.00678589665547
293.3 32.00678589665547
293.3 32.00678589665547
293.3 32.00678589665547
293.34 32.00259459178366
293.34 32.00259459178366
293.34 32.00259459178366
293.34 32.00259459178366
293.34 32.00259459178366
293.34 32.00259459178366
293.34 32.00259459178366
293.34 32.00259459178366
293.34 32.00259459178366
293.34 32.00259459178366
293.34 32.00259459178366
293.34 32.00259459178366
293.46 32.140920768994604
293.46 32.140920768994604
293.46 32.140920768994604
293.46 32.140920768994604
293.46 32.140920768994604
293.54 32.096892451614465
293.54 32.096892451614465
293.54 32.096892451614465
293.54 32.096892451614465
293.54 32.096892451614465
293.54 32.096892451614465
293.54 32.096892451614465
293.54 32.096892451614465
293.54 32.096892451614465
293.54 32.096892451614465
293.58 32.077299314517305
293.58 32.077299314517305
293.58 32.077299314517305
293.58 32.077299314517305
293.58 32.077299314517305
293.58 32.077299314517305
293.58 32.077299314517305
293.58 32.077299314517305
293.6 32.09078032423303
293.6 32.09078032423303
293.6 32.09078032423303
293.6 32.09078032423303
293.6 32.09078032423303
293.6 32.09078032423303
293.6 32.09078032423303
293.6 32.09078032423303
293.6 32.09078032423303
293.6 32.09078032423303
293.6 32.09078032423303
293.6 32.09078032423303
293.6 32.09078032423303
293.6 32.09078032423303
293.6 32.09078032423303
293.6 32.09078032423303
293.6 32.09078032423303
293.6 32.09078032423303
293.64 32.04590142248769
293.64 32.04590142248769
293.64 32.04590142248769
293.64 32.04590142248769
293.64 32.04590142248769
293.64 32.04590142248769
294.48 31.88631320326905
294.48 31.88631320326905
294.48 31.88631320326905
294.54 31.929031151963112
294.54 31.929031151963112
294.54 31.929031151963112
294.54 31.929031151963112
294.54 31.929031151963112
294.54 31.929031151963112
294.54 31.929031151963112
294.54 31.929031151963112
294.58 31.91819720991951
294.58 31.91819720991951
294.58 31.91819720991951
294.58 31.91819720991951
294.58 31.91819720991951
294.58 31.91819720991951
294.58 31.91819720991951
294.58 31.91819720991951
294.58 31.91819720991951
294.58 31.91819720991951
294.58 31.91819720991951
294.58 31.91819720991951
294.58 31.91819720991951
294.58 31.91819720991951
294.58 31.91819720991951
294.58 31.91819720991951
294.82 32.049324359792536
294.82 32.049324359792536
294.82 32.049324359792536
294.82 32.049324359792536
294.82 32.049324359792536
294.82 32.049324359792536
294.82 32.049324359792536
294.82 32.049324359792536
294.82 32.049324359792536
294.82 32.049324359792536
294.82 32.049324359792536
294.82 32.049324359792536
294.82 32.049324359792536
294.82 32.049324359792536
294.82 32.049324359792536
294.82 32.049324359792536
295.14 32.18036919639304
295.14 32.18036919639304
295.14 32.18036919639304
295.14 32.18036919639304
295.14 32.18036919639304
295.18 32.19899615726168
295.18 32.19899615726168
295.18 32.19899615726168
295.18 32.19899615726168
295.18 32.19899615726168
295.18 32.19899615726168
295.18 32.19899615726168
295.18 32.19899615726168
295.44 32.180149474513314
295.44 32.180149474513314
295.44 32.180149474513314
295.52 32.09093141041373
295.52 32.09093141041373
295.66 32.167560044117714
295.66 32.167560044117714
295.66 32.167560044117714
295.66 32.167560044117714
295.66 32.167560044117714
295.66 32.167560044117714
295.66 32.167560044117714
295.66 32.167560044117714
295.66 32.167560044117714
295.66 32.167560044117714
295.66 32.167560044117714
295.66 32.167560044117714
295.66 32.167560044117714
295.66 32.167560044117714
295.66 32.167560044117714
295.66 32.167560044117714
295.66 32.167560044117714
295.66 32.167560044117714
295.66 32.167560044117714
296.06 32.15926905043996
296.06 32.15926905043996
296.06 32.15926905043996
296.06 32.15926905043996
296.06 32.15926905043996
296.06 32.15926905043996
296.06 32.15926905043996
296.06 32.15926905043996
296.06 32.15926905043996
296.06 32.15926905043996
296.06 32.15926905043996
296.06 32.15926905043996
296.06 32.15926905043996
296.06 32.15926905043996
296.06 32.15926905043996
296.06 32.15926905043996
296.06 32.15926905043996
296.06 32.15926905043996
296.06 32.15926905043996
296.06 32.15926905043996
296.06 32.15926905043996
296.06 32.15926905043996
296.06 32.15926905043996
296.1 32.12145511629071
296.1 32.12145511629071
296.1 32.12145511629071
296.1 32.12145511629071
296.1 32.12145511629071
296.1 32.12145511629071
296.1 32.12145511629071
296.1 32.12145511629071
296.1 32.12145511629071
296.1 32.12145511629071
296.1 32.12145511629071
296.1 32.12145511629071
296.1 32.12145511629071
296.1 32.12145511629071
296.58 32.23686953746839
296.58 32.23686953746839
296.58 32.23686953746839
296.58 32.23686953746839
296.58 32.23686953746839
296.58 32.23686953746839
296.7 32.21189315464181
296.94 32.3259347986421
296.94 32.3259347986421
296.94 32.3259347986421
296.94 32.3259347986421
296.94 32.3259347986421
296.94 32.3259347986421
296.94 32.3259347986421
296.94 32.3259347986421
296.94 32.3259347986421
296.94 32.3259347986421
296.94 32.3259347986421
296.94 32.3259347986421
296.94 32.3259347986421
296.94 32.3259347986421
296.94 32.3259347986421
296.94 32.3259347986421
296.94 32.3259347986421
296.94 32.3259347986421
296.96 32.32721591614238
296.96 32.32721591614238
296.96 32.32721591614238
297.02 32.360962890370224
297.02 32.360962890370224
297.02 32.360962890370224
297.02 32.360962890370224
297.02 32.360962890370224
297.02 32.360962890370224
297.1 32.378288023821376
297.1 32.378288023821376
297.1 32.378288023821376
297.1 32.378288023821376
297.1 32.378288023821376
297.1 32.378288023821376
297.1 32.378288023821376
297.1 32.378288023821376
297.1 32.378288023821376
297.1 32.378288023821376
297.1 32.378288023821376
297.1 32.378288023821376
297.28 32.399675768423826
297.28 32.399675768423826
297.28 32.399675768423826
297.28 32.399675768423826
297.4 32.43205796489615
297.44 32.42281276938799
297.44 32.42281276938799
297.44 32.42281276938799
297.44 32.42281276938799
297.44 32.42281276938799
297.44 32.42281276938799
297.44 32.42281276938799
297.44 32.42281276938799
297.44 32.42281276938799
297.44 32.42281276938799
297.44 32.42281276938799
297.44 32.42281276938799
297.44 32.42281276938799
297.44 32.42281276938799
297.44 32.42281276938799
297.44 32.42281276938799
297.44 32.42281276938799
297.44 32.42281276938799
297.44 32.42281276938799
297.44 32.42281276938799
297.44 32.42281276938799
297.44 32.42281276938799
297.48 32.45337914889325
297.48 32.45337914889325
297.48 32.45337914889325
297.48 32.45337914889325
297.48 32.45337914889325
297.48 32.45337914889325
297.48 32.45337914889325
297.48 32.45337914889325
297.48 32.45337914889325
297.48 32.45337914889325
297.7 32.325834806847546
297.76 32.35445108560034
297.76 32.35445108560034
297.82 32.345477257105024
297.82 32.345477257105024
297.82 32.345477257105024
297.82 32.345477257105024
297.82 32.345477257105024
297.82 32.345477257105024
297.82 32.345477257105024
297.86 32.340680202487945
297.9 32.31083253322171
297.9 32.31083253322171
297.9 32.31083253322171
297.9 32.31083253322171
297.9 32.31083253322171
297.9 32.31083253322171
297.9 32.31083253322171
297.9 32.31083253322171
297.9 32.31083253322171
297.9 32.31083253322171
297.96 32.24524708536066
298.06 32.15424316533284
298.06 32.15424316533284
298.06 32.15424316533284
298.06 32.15424316533284
298.08 32.134716429431904
298.08 32.134716429431904
298.12 32.16224023555723
298.12 32.16224023555723
298.12 32.16224023555723
298.12 32.16224023555723
298.12 32.16224023555723
298.12 32.16224023555723
298.12 32.16224023555723
298.24 32.22180703320112
298.38 32.145747633382086
298.38 32.145747633382086
298.38 32.145747633382086
298.38 32.145747633382086
298.38 32.145747633382086
298.38 32.145747633382086
298.38 32.145747633382086
298.38 32.145747633382086
298.42 32.10499819484359
298.46 32.06414656511998
298.46 32.06414656511998
298.46 32.06414656511998
298.46 32.06414656511998
298.7 31.89297126580739
298.7 31.89297126580739
298.7 31.89297126580739
298.7 31.89297126580739
298.7 31.89297126580739
298.7 31.89297126580739
298.7 31.89297126580739
298.7 31.89297126580739
298.7 31.89297126580739
298.7 31.89297126580739
298.7 31.89297126580739
298.7 31.89297126580739
298.7 31.89297126580739
298.82 31.798729407307945
298.82 31.798729407307945
