106.4 11.895164962914535
106.94 11.87291289473904
107.54 11.644064686536332
107.78 11.472919366398367
107.8 11.947697466352032
108.06 11.849067644350923
107.98 11.68438481413756
108.26 11.695306837368655
108.68 12.047783651323213
109.22 12.530028577845151
109.6 12.374623757161794
110.24 12.23764683262268
110.58 12.300266893712738
110.64 12.504156884570003
111.28 12.323976794866338
111.58 12.63727051465648
112.46 13.088216614245585
112.9 13.325376413657384
113.26 13.503923859232904
114.06 13.775853563904537
114.24 13.769472896170857
114.98 14.054712714778251
115.86 14.697639472398487
116.4 14.575474072716965
117.32 15.147010239381208
117.84 15.36539467554783
118.56 15.290004657430375
119.24 15.223002265643855
119.62 15.45719406893917
120.48 15.622102963753024
121.5 15.602058916189312
121.82 15.565034629910178
122.94 16.09179475962388
123.8 16.229415867305253
124.66 16.45576869162675
124.94 16.412498317139317
125.6 16.694522176662336
126.46 17.1761050840575
127.12 17.36668120746207
127.8 17.598209275291897
128.24 17.762245740259686
129.18 18.11544349248157
130.12 18.525047199329176
130.54 18.875145326887186
131.14 19.13536046699984
132.14 19.647921215253483
132.62 19.773862965178473
133.24 19.75972845681005
133.98 20.22998075164979
134.38 20.411315934594175
134.92 20.539038955416615
135.42 20.525017993569787
136.16 21.02173958913809
136.64 21.463391430926567
137.08 21.69842893349236
137.5 21.633074191845665
138.1 21.824599224570683
139.2 21.773860707302457
139.92 22.310789164243232
140.88 22.66188897954476
141.88 23.186237645672836
142.18 23.111665688761832
143.22 23.202046235083433
143.78 23.612862442475556
144.64 24.31922380473206
145.22 24.650928640282146
145.76 25.1288075661574
146.36 25.263668167804312
147.46 26.380058277939316
148.24 26.426616518314646
148.82 26.549888241884666
149.44 27.047403206260306
150.5 27.673967638350756
151.18 27.53597463301234
152.18 28.530465729592898
152.74 28.870529519693175
153.52 28.598396507991197
153.98 28.818477518159185
154.9 29.17640530056139
155.22 29.204807961717677
155.76 29.5272926307342
156.44 29.186381215985797
157.4 29.380815564451638
158.32 30.110530390613192
158.92 30.159736354446096
159.66 30.206100126439445
160.24 30.397075882759214
160.78 30.779627264563395
161.42 31.041575249001035
162.44 31.286980543273135
162.96 31.33330754350969
163.44 31.45505692349969
163.84 31.427556588626366
164.66 31.58449306258059
165.44 31.802521976101264
165.56 31.928683156071564
165.98 31.90072352809826
166.9 32.03706817693744
167.4 32.18946436587003
167.96 32.38029080047356
168.22 32.57053883496556
168.54 32.590331341821255
168.68 32.72069743150412
169.26 32.66933198774124
170.02 32.8282891064485
170.28 32.81785668156465
171.12 33.283987717577325
171.56 33.347366742920926
172.88 34.39440875397269
173.32 34.42951517450565
174.06 34.3075278130976
174.54 34.473652653479114
175.52 34.84003270359944
176.04 34.71672376666481
176.42 34.88080135304095
176.98 35.03821290585985
177.74 34.96336322033061
178.06 34.95850931800974
178.28 35.104484734643925
179.04 35.245150106938205
179.44 35.225197592838924
180.14 35.272394562629536
180.82 35.69918653403631
181.6 36.47498104762006
182.38 36.521138199042134
183.1 36.86763109045958
183.78 37.057307516926265
184.38 37.29727154426264
184.74 37.018864969584946
185.02 36.73161740478789
185.56 37.01114219346177
185.68 37.17903177922206
186.98 37.18965317168611
187.76 37.62041139508383
188.56 37.94315791184534
189.9 38.43753952120822
190.44 38.538533779304394
191.0 38.312378989543106
191.66 38.77941242828246
192.18 38.72210758935541
192.34 38.74918571969473
192.78 38.83546749240358
193.52 38.94582614013181
193.7 38.96476004356404
193.9 38.96994438867685
194.2 38.86833511674349
194.38 38.77070121531557
195.14 38.932477159535814
195.72 39.05346762239345
196.16 39.2131497218868
196.68 39.13841792377098
196.98 38.994943987210135
197.16 38.995653733474064
197.48 39.017861747583446
197.9 39.12515530675601
199.64 41.3600890919854
199.96 41.128505192797114
200.52 41.527033911110784
200.7 41.47714473482396
201.1 41.40792389888874
201.46 41.40644072283119
201.98 41.372898951811045
202.94 41.97204938161739
203.64 42.21003758263279
203.9 42.04506961330756
204.34 41.83860765978106
204.82 41.837680566105895
205.14 41.412685315619235
205.3 41.25444573533006
205.58 41.279823623458455
205.84 41.57376795309973
206.84 42.42086393473968
207.1 42.193757018226414
207.48 41.948135365067905
208.08 41.77952715013525
208.54 41.608910273418765
208.78 41.305851078670834
209.36 40.944288337627114
209.54 40.9600495185938
209.86 40.880466304245175
210.32 40.59827333741914
210.68 40.494139743120286
211.3 40.43638225782581
211.68 40.38573605578678
212.22 40.592475791815055
212.76 40.586388722020466
212.88 40.538117739961606
213.1 40.45336509457214
213.42 40.42431011761176
213.58 40.36029151670155
213.9 40.08816042250636
214.38 39.827603239436584
214.6 39.85782814763575
214.82 39.88984326817537
215.14 39.69505477685317
215.8 39.72684510783888
216.58 39.38650232829218
216.68 39.28165068843315
217.04 39.30762385249575
217.18 39.17337273344141
218.0 38.96022317568253
218.3 38.93156388673163
218.6 38.92339017904662
218.72 38.77156096153389
219.18 38.762780231984536
219.46 38.54825652099042
219.74 38.356809675530215
219.92 38.3497145499234
220.66 37.88771822001414
221.06 38.140044969861144
221.42 38.12504148035498
221.7 37.93388719838501
221.82 37.943173884698204
222.02 37.81987612754741
222.08 37.80750820627666
222.1 37.79303019490673
222.12 37.79885092583016
222.3 37.851784314052836
222.58 37.73838171603884
223.18 37.483566769689595
223.48 37.54121775199934
223.72 37.53949569951276
224.94 37.78990833168521
225.7 37.70847773285595
226.26 37.740908330565674
226.66 38.23695922147904
226.72 38.2459029297138
227.24 38.29790721396793
227.68 38.341074317212076
228.66 38.86683299512204
228.96 38.99181991395144
229.04 38.9835292855272
229.22 38.93314134448303
230.3 39.01657249545287
231.24 39.30279245740047
231.3 39.317793540442835
231.46 39.328561600645386
232.06 39.76136391782933
232.2 39.577056918667346
232.44 39.73302826809876
233.16 39.78851161536024
233.38 39.64253913526364
233.92 39.69776728322045
234.36 39.738925780929485
234.64 39.90177839635621
234.84 39.739739162290284
235.36 39.681438553265245
235.56 39.69945678075291
236.2 40.042906281067346
236.72 40.089314428075866
236.88 40.166642776303725
237.16 39.99917170859589
237.48 39.97637686272615
237.66 39.97984845929613
237.74 39.824519121168606
237.88 39.60901846088013
238.56 39.84827791166453
239.12 40.104227843322086
239.34 39.996014953007645
239.96 39.556102595241256
240.02 39.511660470439786
240.62 39.619090388754806
240.92 39.56063751260892
241.02 39.475853762813415
241.22 39.532515705173616
241.72 39.850244920226274
241.74 39.83364904147743
242.2 39.62093110741067
242.32 39.53233684675946
242.56 39.376022032591244
243.18 38.70123324321145
243.46 38.579687961831986
244.0 38.04197575300104
244.12 38.0608975090173
244.18 38.08453648387912
244.9 38.317519794896995
245.28 37.62174312223658
245.68 37.3622398913257
246.14 37.3325270475704
246.32 37.36007700119678
246.94 37.503352038736665
247.46 37.3634672757854
247.74 37.643360985207295
247.96 37.62653265444425
248.0 37.64373128490991
248.12 37.55326990833263
248.4 37.49962962780063
248.54 37.40237663274591
249.16 37.32595165118589
249.44 37.27276472035566
249.9 37.57752928374492
250.06 37.559332187133386
250.28 37.63409157246723
250.42 37.52041329918174
250.76 37.340670274724005
250.96 37.24934275062495
251.08 37.304556008481036
251.4 37.10155323602036
251.92 36.95032975071898
252.18 36.81029170975932
252.8 36.1042262278968
253.0 36.03197233434537
253.14 35.96884735153434
253.46 36.154388364067195
253.92 35.85370949913669
253.94 35.839659765701064
254.7 35.86999533951134
254.86 35.920512695717925
255.04 35.89376018477335
255.14 35.88450046659942
255.38 35.845566622173045
255.54 35.584419471039695
255.64 35.53729581635882
256.3 35.492921473830165
256.7 35.61224962330128
256.74 35.54670281204828
256.88 35.29308170394894
257.02 35.39159861499975
257.2 35.493632947304505
258.04 35.473114018673606
258.86 35.79318257981427
259.18 35.90458173964696
259.26 35.88607675757417
259.54 35.711362535493016
259.74 35.71113625362895
260.04 35.32816428742359
260.1 35.18651601240039
260.5 35.12790481895692
260.64 35.05249166203698
260.64 35.05249166203698
260.72 35.050923992489466
260.94 35.02663344520924
261.1 35.01269610996686
261.22 35.14690095107457
261.42 35.379952092972225
261.42 35.379952092972225
262.02 35.92865545533653
262.16 35.552414002626335
262.38 35.262587837680044
262.78 35.32120432187264
262.88 35.27705065662807
262.92 35.207230662309854
263.12 35.41878745878386
263.14 35.418713309848684
263.14 35.418713309848684
263.88 35.51846297520786
264.04 35.73186337998706
264.06 35.72561540351119
264.06 35.72561540351119
264.24 35.56673056709489
264.56 35.650469275957086
265.26 35.75410409443872
265.46 35.57192741758619
265.64 35.64400866254178
266.14 35.902511096444265
266.24 35.80562565132508
266.86 36.12129397997638
266.94 36.11033037229041
267.14 36.107868696700756
268.12 36.7231740887347
268.32 36.613978674045164
268.54 36.481466167594945
268.54 36.481466167594945
269.14 36.87955279204744
269.42 36.92339325816317
269.5 36.86105497320137
269.7 36.74138392779037
269.84 36.651434852781364
270.06 36.72057194598695
270.72 37.16359682932922
270.9 37.135161262881326
271.5 36.90596842043987
271.56 36.8459309322295
271.56 36.8459309322295
271.74 36.92159861712985
271.78 36.94811540962857
272.44 36.9007185607954
272.84 36.82794283879259
272.88 36.82261053299517
272.94 36.73377330210035
272.94 36.73377330210035
272.94 36.73377330210035
272.96 36.74149939479578
273.48 36.542069293936095
273.54 36.56775087478588
273.72 36.39182947483202
274.3 36.720483921020694
274.3 36.720483921020694
274.8 36.89460829460209
274.8 36.89460829460209
274.98 36.628073353314086
275.42 36.89821654007663
275.58 36.75998593112579
275.88 36.52238278705874
276.04 36.493785274158164
276.28 36.59223298941341
276.46 36.70450389339987
276.5 36.6995720119266
276.96 36.98591596537768
277.46 37.23890113276381
277.8 37.24827973792002
277.94 37.260160976029006
278.1 37.090525349569674
278.1 37.090525349569674
279.08 38.03179956007576
279.18 38.01020065107989
279.32 37.99757568024251
279.4 37.947864288262714
279.4 37.947864288262714
279.42 37.938062228539906
280.36 39.19325854214619
280.38 39.215225861824884
280.98 39.33332819722617
281.1 39.447062084149024
281.16 39.44071628419165
281.22 39.3655697381364
281.4 39.50655232702135
281.6 39.595938981647905
281.62 39.563982191744635
281.74 39.626187647498305
282.38 39.661899382483725
282.54 39.804425925169724
282.58 39.78355073508283
282.8 39.78528228966946
282.8 39.78528228966946
283.04 39.90947331907627
283.92 41.13630459284785
284.14 41.0904447099888
284.4 41.00357215283724
284.4 41.00357215283724
284.4 41.00357215283724
284.46 40.99258863785409
284.5 40.99605795289064
284.5 40.99605795289064
284.96 40.933037211444926
285.16 40.69812990516612
285.16 40.69812990516612
285.26 40.635015004850736
285.26 40.635015004850736
285.5 40.71519707341809
285.52 40.712959245245855
285.74 40.62308146207951
286.32 40.45271088792219
286.94 40.55120718351556
286.96 40.53528703425565
287.56 39.98846298268003
287.86 39.91734389252801
288.48 39.930363627118886
288.48 39.930363627118886
288.56 39.86855169355183
289.88 42.78753712628637
289.88 42.78753712628637
290.02 42.80328034252525
290.02 42.80328034252525
290.04 42.80185023849301
290.32 42.53931752336344
290.7 42.55798183868472
290.7 42.55798183868472
290.7 42.55798183868472
291.06 42.56944890174149
291.08 42.57605909523341
291.08 42.57605909523341
291.1 42.591197459218044
291.16 42.60808478315927
291.24 42.60960199084453
291.28 42.55717010414023
291.46 42.523296051349405
291.48 42.52022216462766
291.64 42.59404805008476
292.3 42.89651630506971
292.3 42.89651630506971
292.58 42.9068005723281
292.58 42.9068005723281
292.66 42.95457313878643
292.88 42.80689078863237
293.16 42.747253441217445
293.16 42.747253441217445
293.76 42.83232990217185
293.76 42.83232990217185
293.8 42.84102631069353
294.38 42.82611777451189
294.52 42.8816741720514
294.62 42.54689154095726
294.62 42.54689154095726
294.92 42.57700806963326
295.64 42.457232194957854
295.96 42.713024058739094
296.0 42.67140125246047
296.58 42.67262742453446
296.86 42.62996053661715
296.86 42.62996053661715
297.18 42.62032995241268
297.8 42.53815874594186
297.9 42.46959696849813
297.98 42.46019645301093
298.3 42.48386502990032
298.44 42.48215787096671
298.6 42.49729640836229
298.7 42.46674278096028
298.98 42.40687480000184
299.14 42.34944098232173
299.16 42.337919102612894
299.4 42.077849927788066
299.4 42.077849927788066
299.4 42.077849927788066
299.42 42.05267980507163
299.44 42.02363933105106
299.58 41.87359043308296
299.58 41.87359043308296
299.64 41.89585934556099
299.7 41.8041368597159
299.74 41.816003895855246
299.78 41.742737830863014
299.78 41.742737830863014
300.06 41.6075507910317
300.14 41.584044142828716
300.14 41.584044142828716
300.58 41.211251773360054
300.62 41.15179586640542
301.12 41.19656747493865
301.26 41.11344738106445
301.5 40.967466767342756
301.5 40.967466767342756
301.56 40.94300547065027
301.62 40.92732657535868
301.62 40.92732657535868
301.82 40.72980195970473
301.88 40.70968415301677
302.66 40.068683456527424
302.66 40.068683456527424
302.66 40.068683456527424
302.66 40.068683456527424
302.74 39.99460064568817
302.74 39.99460064568817
302.78 40.00191409561712
302.96 39.77866033669081
302.96 39.77866033669081
303.14 39.80077152696182
303.16 39.76413286652008
303.18 39.75896570001984
303.18 39.75896570001984
303.2 39.76496605370769
303.26 39.70360388700454
303.46 39.55393198347712
303.46 39.55393198347712
303.46 39.55393198347712
303.62 39.55376854435752
303.62 39.55376854435752
303.62 39.55376854435752
304.12 39.654895121166405
304.28 39.53162140501058
304.46 39.37784333168267
304.52 39.32318307656093
304.52 39.32318307656093
304.88 39.24470755028085
304.88 39.24470755028085
305.0 39.317921993653094
305.04 39.318929052279415
305.06 39.28189240231522
305.12 39.20453488508128
305.98 39.89024842228887
306.4 39.77817278738467
306.56 39.81074419720577
306.94 39.668785275736965
306.94 39.668785275736965
306.98 39.55356424450828
307.48 39.194536828131014
308.12 38.89360779450431
308.12 38.89360779450431
308.12 38.89360779450431
308.12 38.89360779450431
308.24 38.96155058827131
308.26 38.96297646938096
308.26 38.96297646938096
308.26 38.96297646938096
308.32 38.897659039945815
308.44 38.871536677064405
308.46 38.878058520757364
308.5 38.896261927326535
308.48 38.990410631488885
308.52 39.41759848985057
308.6 39.4369462214397
309.24 38.549226039997585
309.24 38.549226039997585
309.3 38.74326269224629
309.44 38.785689332145395
309.54 38.65919990602156
309.56 38.66518283464289
309.58 38.92940515675248
309.72 38.75644749228471
309.72 38.75644749228471
309.76 38.76714218421719
309.96 38.642604843500244
309.96 38.642604843500244
309.96 38.642604843500244
309.96 38.642604843500244
310.04 38.659330547538424
310.06 38.56250861532572
310.1 38.56661559410987
310.1 38.56661559410987
310.12 38.470579077334584
310.14 38.47418654504641
310.26 38.14767159978245
310.44 38.18252813192777
310.5 37.90618403214425
310.58 37.794013742224756
310.74 37.81684195373188
310.74 37.81684195373188
310.74 37.81684195373188
310.82 37.79593799990853
310.84 37.706125751552875
310.88 37.52905406468299
311.16 37.222975418280306
311.16 37.222975418280306
311.16 37.222975418280306
311.16 37.222975418280306
311.6 37.30626724502971
311.66 37.2499664429379
311.88 37.20955671747663
311.96 37.21950178510337
311.96 37.21950178510337
312.0 37.129312659755215
312.2 36.454482480612626
312.2 36.454482480612626
312.24 36.46310436315015
312.24 36.46310436315015
312.3 36.43993258595145
312.3 36.43993258595145
312.34 36.43514232111076
312.48 36.390830235823486
312.6 36.24217087172
312.6 36.24217087172
312.6 36.24217087172
312.7 36.03631725934493
312.7 36.03631725934493
312.84 36.09995103385133
312.86 36.08772140719939
313.02 35.84308676281759
313.08 35.84187495095646
313.1 35.83167719921985
313.1 35.83167719921985
313.12 35.829359892454534
313.62 35.054583700050394
313.78 35.05596679712041
313.8 35.04052487960738
314.14 34.99870704682523
314.14 34.99870704682523
314.16 34.99804323534431
314.16 34.99804323534431
314.64 34.71427965724209
314.64 34.71427965724209
314.64 34.71427965724209
314.68 34.68556594389782
315.04 34.50835647588373
315.04 34.50835647588373
315.18 34.468073355035116
315.18 34.468073355035116
315.2 34.45506515958888
315.36 34.45844225185234
315.36 34.45844225185234
315.36 34.45844225185234
315.68 34.65118535439512
315.94 34.59953289811405
315.94 34.59953289811405
315.96 34.60014596804616
315.96 34.60014596804616
316.26 34.53781999636067
316.26 34.53781999636067
316.3 34.37567262886456
316.3 34.37567262886456
316.48 34.34950487049973
316.48 34.34950487049973
316.48 34.34950487049973
316.52 34.35362154316941
316.58 34.30145033303249
316.58 34.30145033303249
316.6 34.300513881358285
316.92 34.213140602683495
317.02 34.16832368487432
317.22 34.21133960510401
317.36 34.259709233554176
317.46 34.20538678115605
317.46 34.20538678115605
317.46 34.20538678115605
317.48 34.18974977824479
317.48 34.18974977824479
317.48 34.18974977824479
317.48 34.18974977824479
317.64 34.18355680082977
317.64 34.18355680082977
317.66 34.17962651473636
317.66 34.17962651473636
317.66 34.17962651473636
317.66 34.17962651473636
317.66 34.17962651473636
317.84 34.18627523058653
317.84 34.18627523058653
317.86 34.18931843353264
317.86 34.18931843353264
317.86 34.18931843353264
317.86 34.18931843353264
317.86 34.18931843353264
317.86 34.18931843353264
317.98 34.12099090299138
317.98 34.12099090299138
317.98 34.12099090299138
317.98 34.12099090299138
317.98 34.12099090299138
318.06 34.1209435373465
318.06 34.1209435373465
318.16 33.86447141537018
318.16 33.86447141537018
318.24 33.84012321777123
318.74 34.414766621555955
318.78 34.38803526950863
318.78 34.38803526950863
318.98 34.415752794382406
319.06 34.418053754424065
319.32 34.055474648510675
319.32 34.055474648510675
319.6 34.20910151206294
319.6 34.20910151206294
319.6 34.20910151206294
319.66 34.19144556018287
319.68 34.16977221658543
319.68 34.16977221658543
319.68 34.16977221658543
319.68 34.16977221658543
319.72 34.106215553677885
319.84 34.11410443221573
319.84 34.11410443221573
319.84 34.11410443221573
319.84 34.11410443221573
319.84 34.11410443221573
319.88 34.088204067765965
320.06 34.19782614628178
320.06 34.19782614628178
320.2 33.415051347643576
320.2 33.415051347643576
320.2 33.415051347643576
320.5 33.331363578164606
320.5 33.331363578164606
320.5 33.331363578164606
320.5 33.331363578164606
320.5 33.331363578164606
320.66 33.18519202441007
320.7 33.157566895419855
320.8 33.10955185807298
320.8 33.10955185807298
320.8 33.10955185807298
320.8 33.10955185807298
320.8 33.10955185807298
320.8 33.10955185807298
320.8 33.10955185807298
320.8 33.10955185807298
320.8 33.10955185807298
320.8 33.10955185807298
320.8 33.10955185807298
320.98 32.83936415925008
320.98 32.83936415925008
321.04 32.60597949747713
321.04 32.60597949747713
321.08 32.579872326454584
321.08 32.579872326454584
321.08 32.579872326454584
321.08 32.579872326454584
321.08 32.579872326454584
321.12 32.504010630546915
321.34 32.43399513479708
321.46 32.20371394605274
321.7 32.342079416915986
321.76 32.333214620213184
321.82 32.331733793612266
321.88 32.326391007280044
321.88 32.326391007280044
321.96 32.315340198135196
321.96 32.315340198135196
321.96 32.315340198135196
322.04 32.02900200906938
322.04 32.02900200906938
322.06 32.025816606183966
322.06 32.025816606183966
322.08 32.01378490966702
322.08 32.01378490966702
322.36 31.152125922558632
322.36 31.152125922558632
322.4 31.12308571858621
322.58 30.950328403473016
322.72 30.915355277259753
322.72 30.915355277259753
322.72 30.915355277259753
322.72 30.915355277259753
322.74 30.903767218299258
322.82 30.88080048159112
322.86 30.879701416884846
322.9 30.872006868372004
322.92 30.87206576250519
322.92 30.87206576250519
322.92 30.87206576250519
323.26 30.467939765191762
323.26 30.467939765191762
323.36 30.447013089309866
323.36 30.447013089309866
323.42 30.402412185000497
323.42 30.402412185000497
323.42 30.402412185000497
323.42 30.402412185000497
323.42 30.402412185000497
323.42 30.402412185000497
323.72 30.07602488240879
323.82 29.959022519151556
323.82 29.959022519151556
323.84 29.94767153391112
323.84 29.94767153391112
323.84 29.94767153391112
323.84 29.94767153391112
323.84 29.94767153391112
323.84 29.94767153391112
323.84 29.94767153391112
323.92 29.90479168388513
324.0 29.926509311912067
324.42 30.363847455868164
324.42 30.363847455868164
324.74 30.474569626811697
324.86 30.495245531065997
324.86 30.495245531065997
324.86 30.495245531065997
325.44 31.039993751951883
325.46 31.03839915688665
325.48 31.023770619225896
325.56 31.011995072614052
325.56 31.011995072614052
326.68 33.32875120021236
326.88 33.33493329493518
326.92 33.231869819755445
326.92 33.231869819755445
326.92 33.231869819755445
326.92 33.231869819755445
326.96 33.133315041760696
326.96 33.133315041760696
326.96 33.133315041760696
327.04 32.99890417525522
327.04 32.99890417525522
327.04 32.99890417525522
327.04 32.99890417525522
327.32 32.81687173859006
327.32 32.81687173859006
327.32 32.81687173859006
327.32 32.81687173859006
327.32 32.81687173859006
327.36 32.756068140117186
327.36 32.756068140117186
327.36 32.756068140117186
327.36 32.756068140117186
327.42 32.75164580643701
327.66 32.24784700353865
327.66 32.24784700353865
327.66 32.24784700353865
327.66 32.24784700353865
327.66 32.24784700353865
327.66 32.24784700353865
327.66 32.24784700353865
327.7 32.23822312570949
327.7 32.23822312570949
327.7 32.23822312570949
327.74 32.236067384283096
327.78 32.23386136009489
327.78 32.23386136009489
327.78 32.23386136009489
327.96 32.13856363820998
328.06 32.08253875442672
328.06 32.08253875442672
328.1 32.04211244123847
328.2 31.998106004555773
328.2 31.998106004555773
328.2 31.998106004555773
328.2 31.998106004555773
328.44 32.086474069018834
328.5 32.068581811391965
328.5 32.068581811391965
328.52 32.0651105273522
328.54 32.05154308518412
328.68 31.976279086886017
328.68 31.976279086886017
328.68 31.976279086886017
328.78 31.934143090890895
328.78 31.934143090890895
328.78 31.934143090890895
328.78 31.934143090890895
328.78 31.934143090890895
328.82 31.923007123991066
328.82 31.923007123991066
328.82 31.923007123991066
328.82 31.923007123991066
328.84 31.90792308433057
328.84 31.90792308433057
328.9 31.854942689280954
328.9 31.854942689280954
328.96 31.832237011107367
328.96 31.832237011107367
329.0 31.823376199380114
329.12 31.826956365872487
329.12 31.826956365872487
329.12 31.826956365872487
329.64 31.304796805446657
329.8 31.37843304892806
329.84 31.36320948326095
329.88 31.358236396503383
329.88 31.358236396503383
329.88 31.358236396503383
329.88 31.358236396503383
329.88 31.358236396503383
329.92 31.32226754953166
330.0 31.312049508846343
330.1 31.263461746966545
330.12 31.258867024842214
330.14 31.254258699714615
330.14 31.254258699714615
330.14 31.254258699714615
330.18 31.233360822729725
330.18 31.233360822729725
330.18 31.233360822729725
330.18 31.233360822729725
330.18 31.233360822729725
330.18 31.233360822729725
330.3 31.232429403820746
330.32 31.217348194278586
330.32 31.217348194278586
330.34 31.203541627530203
330.34 31.203541627530203
330.34 31.203541627530203
330.34 31.203541627530203
330.38 31.197895551922844
330.38 31.197895551922844
330.38 31.197895551922844
330.38 31.197895551922844
330.42 31.168872065870225
330.42 31.168872065870225
330.46 31.147553692225987
330.46 31.147553692225987
330.46 31.147553692225987
330.46 31.147553692225987
330.46 31.147553692225987
330.66 30.883364813799396
330.66 30.883364813799396
330.66 30.883364813799396
330.66 30.883364813799396
330.66 30.883364813799396
330.66 30.883364813799396
330.74 30.88676615044578
330.78 30.84912126509088
330.78 30.84912126509088
331.78 32.90745517448297
331.94 32.878662756360164
331.94 32.878662756360164
331.94 32.878662756360164
331.94 32.878662756360164
331.94 32.878662756360164
331.94 32.878662756360164
331.94 32.878662756360164
332.1 32.93749820309351
332.1 32.93749820309351
332.1 32.93749820309351
332.1 32.93749820309351
332.1 32.93749820309351
332.1 32.93749820309351
332.1 32.93749820309351
332.16 32.90227955628607
332.28 32.89410005125262
332.28 32.89410005125262
332.28 32.89410005125262
332.32 32.878988408828505
332.44 32.87021309774108
332.44 32.87021309774108
332.44 32.87021309774108
332.44 32.87021309774108
332.56 32.80192159929141
332.7 32.75421169618319
332.82 32.74399628831663
332.94 32.73333333333333
332.94 32.73333333333333
333.02 32.73091393885493
333.02 32.73091393885493
333.02 32.73091393885493
333.14 32.68985571498698
333.14 32.68985571498698
333.16 32.682346267912855
333.16 32.682346267912855
333.16 32.682346267912855
333.16 32.682346267912855
333.22 32.65973333966739
333.22 32.65973333966739
333.22 32.65973333966739
333.28 32.64442037803983
334.4 34.601337044289565
334.48 34.59563819064741
334.5 34.58892798850435
334.5 34.58892798850435
334.5 34.58892798850435
334.5 34.58892798850435
334.5 34.58892798850435
334.5 34.58892798850435
334.5 34.58892798850435
334.5 34.58892798850435
334.5 34.58892798850435
334.5 34.58892798850435
334.5 34.58892798850435
334.5 34.58892798850435
334.5 34.58892798850435
334.54 34.57897416849514
334.54 34.57897416849514
334.54 34.57897416849514
334.86 34.888862510444895
334.86 34.888862510444895
335.1 34.75673032709353
335.1 34.75673032709353
335.1 34.75673032709353
335.34 34.622413479587394
335.34 34.622413479587394
335.34 34.622413479587394
335.34 34.622413479587394
335.34 34.622413479587394
335.82 34.962716072289275
335.82 34.962716072289275
335.92 34.94517495342171
335.92 34.94517495342171
335.92 34.94517495342171
335.92 34.94517495342171
335.92 34.94517495342171
335.92 34.94517495342171
335.92 34.94517495342171
335.92 34.94517495342171
335.92 34.94517495342171
335.92 34.94517495342171
335.92 34.94517495342171
335.92 34.94517495342171
335.98 34.9053496522157
335.98 34.9053496522157
335.98 34.9053496522157
335.98 34.9053496522157
336.04 34.88622778244861
336.04 34.88622778244861
336.04 34.88622778244861
336.04 34.88622778244861
336.68 36.332048906960615
336.68 36.332048906960615
336.68 36.332048906960615
337.92 37.97385597188858
337.92 37.97385597188858
337.92 37.97385597188858
337.92 37.97385597188858
337.92 37.97385597188858
337.92 37.97385597188858
337.96 37.946245871727236
337.96 37.946245871727236
337.96 37.946245871727236
337.96 37.946245871727236
338.52 38.21007323952281
338.52 38.21007323952281
338.52 38.21007323952281
338.52 38.21007323952281
338.52 38.21007323952281
338.52 38.21007323952281
338.52 38.21007323952281
338.52 38.21007323952281
338.52 38.21007323952281
338.52 38.21007323952281
338.66 38.12266750606229
338.66 38.12266750606229
338.66 38.12266750606229
338.66 38.12266750606229
338.66 38.12266750606229
338.66 38.12266750606229
338.66 38.12266750606229
338.66 38.12266750606229
338.66 38.12266750606229
338.78 38.09493192517658
338.78 38.09493192517658
339.06 38.08810095480522
339.06 38.08810095480522
339.06 38.08810095480522
339.06 38.08810095480522
339.06 38.08810095480522
339.3 38.093319756894516
339.3 38.093319756894516
339.3 38.093319756894516
339.34 38.07918915187989
339.46 38.04925569030042
339.46 38.04925569030042
339.46 38.04925569030042
340.02 38.29022081551646
340.02 38.29022081551646
340.02 38.29022081551646
340.02 38.29022081551646
340.02 38.29022081551646
340.02 38.29022081551646
340.02 38.29022081551646
341.14 39.78046320149191
341.14 39.78046320149191
341.14 39.78046320149191
341.14 39.78046320149191
341.26 39.74632185511133
341.26 39.74632185511133
341.72 39.72228847914231
341.72 39.72228847914231
341.74 39.712761605602736
341.74 39.712761605602736
341.74 39.712761605602736
341.74 39.712761605602736
341.74 39.712761605602736
341.74 39.712761605602736
341.74 39.712761605602736
341.74 39.712761605602736
341.74 39.712761605602736
341.74 39.712761605602736
341.74 39.712761605602736
341.9 39.656479465988454
341.9 39.656479465988454
341.98 39.61174705880195
341.98 39.61174705880195
342.04 39.58571316609928
342.04 39.58571316609928
342.04 39.58571316609928
342.04 39.58571316609928
342.04 39.58571316609928
342.04 39.58571316609928
342.24 38.84315001425995
342.4 38.85013942488924
342.4 38.85013942488924
342.4 38.85013942488924
342.4 38.85013942488924
342.4 38.85013942488924
342.4 38.85013942488924
342.4 38.85013942488924
342.4 38.85013942488924
343.0 40.243200065540904
343.48 40.444619824239574
343.48 40.444619824239574
343.54 40.15812684270957
343.62 40.13481825502188
343.68 40.09153163812663
343.64 40.28221654399085
344.4 41.380227552820834
344.4 41.380227552820834
344.4 41.380227552820834
344.4 41.380227552820834
344.42 41.3668436984955
344.42 41.3668436984955
344.48 41.33833791794465
344.48 41.33833791794465
344.48 41.33833791794465
344.5 41.32490138823655
344.52 41.23117384903924
344.52 41.23117384903924
344.52 41.23117384903924
344.54 41.13820510415979
344.54 41.13820510415979
344.54 41.13820510415979
344.54 41.13820510415979
344.56 41.046000309581224
344.56 41.046000309581224
344.56 41.046000309581224
344.64 41.0211869377006
344.7 40.74892326767356
344.7 40.74892326767356
344.7 40.74892326767356
344.76 40.713614232077
344.76 40.713614232077
345.16 40.54495447442669
346.28 41.81635656974047
346.3 41.805103356727486
346.3 41.805103356727486
346.3 41.805103356727486
346.3 41.805103356727486
346.3 41.805103356727486
346.3 41.805103356727486
346.3 41.805103356727486
346.3 41.805103356727486
346.38 41.47453399011217
346.38 41.47453399011217
346.38 41.47453399011217
347.38 42.67868675381546
347.38 42.67868675381546
347.38 42.67868675381546
347.38 42.67868675381546
347.38 42.67868675381546
347.38 42.67868675381546
347.38 42.67868675381546
347.38 42.67868675381546
347.38 42.67868675381546
347.38 42.67868675381546
347.38 42.67868675381546
347.56 42.5315854110302
347.56 42.5315854110302
347.56 42.5315854110302
347.58 42.51896308968766
347.58 42.51896308968766
347.58 42.51896308968766
347.82 42.47503842127619
347.82 42.47503842127619
347.82 42.47503842127619
347.82 42.47503842127619
347.82 42.47503842127619
347.94 42.42398311609064
347.94 42.42398311609064
347.94 42.42398311609064
347.94 42.42398311609064
347.94 42.42398311609064
347.94 42.42398311609064
348.04 42.03411793658896
348.74 43.02280813942786
348.78 42.875337263449545
348.78 42.875337263449545
348.78 42.875337263449545
348.82 42.8500745493971
348.86 42.82853292284517
348.86 42.82853292284517
348.86 42.82853292284517
348.86 42.82853292284517
348.86 42.82853292284517
348.86 42.82853292284517
348.86 42.82853292284517
348.86 42.82853292284517
348.88 42.816328425006034
348.88 42.816328425006034
348.88 42.816328425006034
348.88 42.816328425006034
348.88 42.816328425006034
348.88 42.816328425006034
348.88 42.816328425006034
348.88 42.816328425006034
348.96 42.78438306606084
348.96 42.78438306606084
349.0 42.69837836676605
349.02 42.68607039844035
349.02 42.68607039844035
349.02 42.68607039844035
350.14 43.79590405644359
350.14 43.79590405644359
350.14 43.79590405644359
350.14 43.79590405644359
350.14 43.79590405644359
350.18 43.65530270821009
350.18 43.65530270821009
350.18 43.65530270821009
350.18 43.65530270821009
350.18 43.65530270821009
350.34 43.632121426788544
350.34 43.632121426788544
350.34 43.632121426788544
350.34 43.632121426788544
350.82 43.73667300626062
350.9 43.70181329016549
350.9 43.70181329016549
351.06 43.67599252715757
351.12 43.639774277485664
351.12 43.639774277485664
351.12 43.639774277485664
351.12 43.639774277485664
351.12 43.639774277485664
351.2 43.60428113538087
351.2 43.60428113538087
351.22 43.59120938163491
351.22 43.59120938163491
351.6 43.50780726409104
351.6 43.50780726409104
351.6 43.50780726409104
351.6 43.50780726409104
351.6 43.50780726409104
352.72 44.531700205946805
352.72 44.531700205946805
352.72 44.531700205946805
352.8 44.494012762586074
352.8 44.494012762586074
352.96 44.46174612728193
353.08 44.39348391533845
353.08 44.39348391533845
353.08 44.39348391533845
353.08 44.39348391533845
353.08 44.39348391533845
353.08 44.39348391533845
353.08 44.39348391533845
353.08 44.39348391533845
353.08 44.39348391533845
353.08 44.39348391533845
353.08 44.39348391533845
353.08 44.39348391533845
353.08 44.39348391533845
353.08 44.39348391533845
353.08 44.39348391533845
353.08 44.39348391533845
353.12 44.36881241538381
353.12 44.36881241538381
353.12 44.36881241538381
353.18 44.33034394113578
355.18 46.25279243549309
355.18 46.25279243549309
355.18 46.25279243549309
355.18 46.25279243549309
355.18 46.25279243549309
355.18 46.25279243549309
355.18 46.25279243549309
355.18 46.25279243549309
355.18 46.25279243549309
355.18 46.25279243549309
355.46 45.59891457152255
355.46 45.59891457152255
355.46 45.59891457152255
355.46 45.59891457152255
355.46 45.59891457152255
355.46 45.59891457152255
355.5 45.56923913733425
355.5 45.56923913733425
355.74 45.486066242556326
355.74 45.486066242556326
355.82 45.429572533824945
355.82 45.429572533824945
355.82 45.429572533824945
355.82 45.429572533824945
355.82 45.429572533824945
355.96 45.04541367252934
355.96 45.04541367252934
355.96 45.04541367252934
355.96 45.04541367252934
355.96 45.04541367252934
355.96 45.04541367252934
355.96 45.04541367252934
356.04 44.987971456352376
356.04 44.987971456352376
356.04 44.987971456352376
356.04 44.987971456352376
357.0 45.9156010985637
357.0 45.9156010985637
357.0 45.9156010985637
357.0 45.9156010985637
357.04 45.88829652074434
357.04 45.88829652074434
357.04 45.88829652074434
357.26 45.79943539857542
357.26 45.79943539857542
357.34 45.75477454801185
357.64 45.61886903597252
357.64 45.61886903597252
357.66 45.56718205911005
357.66 45.56718205911005
357.66 45.56718205911005
357.66 45.56718205911005
357.66 45.56718205911005
358.22 45.54309314630851
358.22 45.54309314630851
358.22 45.54309314630851
358.22 45.54309314630851
358.22 45.54309314630851
358.22 45.54309314630851
358.22 45.54309314630851
359.46 46.28401997504652
359.46 46.28401997504652
359.46 46.28401997504652
359.46 46.28401997504652
359.46 46.28401997504652
359.46 46.28401997504652
359.56 46.03782371182648
359.56 46.03782371182648
359.68 45.95977160583596
359.68 45.95977160583596
359.68 45.95977160583596
359.68 45.95977160583596
359.68 45.95977160583596
359.68 45.95977160583596
359.68 45.95977160583596
359.68 45.95977160583596
359.68 45.95977160583596
359.68 45.95977160583596
359.68 45.95977160583596
359.68 45.95977160583596
359.68 45.95977160583596
359.68 45.95977160583596
359.68 45.95977160583596
359.68 45.95977160583596
360.88 46.68512189188977
360.88 46.68512189188977
360.88 46.68512189188977
362.0 47.419895240779105
362.0 47.419895240779105
362.04 47.38919452339063
362.08 47.29697280337967
362.1 47.28027329049867
362.12 47.26355932855713
362.12 47.26355932855713
362.12 47.26355932855713
362.12 47.26355932855713
362.12 47.26355932855713
362.12 47.26355932855713
362.12 47.26355932855713
362.12 47.26355932855713
362.36 47.149347928693665
362.36 47.149347928693665
362.36 47.149347928693665
362.36 47.149347928693665
362.36 47.149347928693665
362.36 47.149347928693665
362.6 47.03362218840493
362.6 47.03362218840493
362.6 47.03362218840493
362.6 47.03362218840493
362.98 46.935584484579394
362.98 46.935584484579394
362.98 46.935584484579394
362.98 46.935584484579394
362.98 46.935584484579394
362.98 46.935584484579394
362.98 46.935584484579394
362.98 46.935584484579394
362.98 46.935584484579394
362.98 46.935584484579394
362.98 46.935584484579394
362.98 46.935584484579394
362.98 46.935584484579394
362.98 46.935584484579394
362.98 46.935584484579394
362.98 46.935584484579394
362.98 46.935584484579394
363.22 46.81611998990403
363.22 46.81611998990403
363.22 46.81611998990403
363.22 46.81611998990403
363.22 46.81611998990403
363.22 46.81611998990403
363.22 46.81611998990403
363.28 46.68875667652758
363.36 46.63451706427528
363.36 46.63451706427528
363.4 46.602119863345024
363.4 46.602119863345024
363.4 46.602119863345024
363.4 46.602119863345024
363.4 46.602119863345024
363.4 46.602119863345024
363.4 46.602119863345024
363.4 46.602119863345024
363.4 46.602119863345024
363.4 46.602119863345024
363.4 46.602119863345024
363.4 46.602119863345024
363.4 46.602119863345024
363.4 46.602119863345024
363.4 46.602119863345024
363.4 46.602119863345024
363.4 46.602119863345024
363.4 46.602119863345024
363.4 46.602119863345024
363.44 46.569665420461604
363.44 46.569665420461604
364.56 47.24497087232962
364.56 47.24497087232962
364.56 47.24497087232962
364.56 47.24497087232962
364.86 47.066902737840465
364.86 47.066902737840465
364.86 47.066902737840465
364.86 47.066902737840465
364.86 47.066902737840465
364.86 47.066902737840465
364.86 47.066902737840465
364.86 47.066902737840465
364.86 47.066902737840465
364.86 47.066902737840465
364.86 47.066902737840465
364.86 47.066902737840465
364.86 47.066902737840465
364.86 47.066902737840465
364.86 47.066902737840465
364.86 47.066902737840465
364.94 47.01038355104284
364.94 47.01038355104284
364.94 47.01038355104284
364.94 47.01038355104284
365.06 46.920052356442596
365.06 46.920052356442596
365.06 46.920052356442596
365.06 46.920052356442596
365.06 46.920052356442596
365.06 46.920052356442596
365.06 46.920052356442596
365.06 46.920052356442596
365.06 46.920052356442596
365.14 46.8630111941371
365.14 46.8630111941371
365.14 46.8630111941371
365.16 46.844837366339384
365.16 46.844837366339384
365.32 46.719640928466575
365.32 46.719640928466575
365.32 46.719640928466575
365.32 46.719640928466575
365.32 46.719640928466575
365.32 46.719640928466575
365.32 46.719640928466575
365.32 46.719640928466575
365.32 46.719640928466575
365.32 46.719640928466575
365.32 46.719640928466575
365.32 46.719640928466575
365.32 46.719640928466575
365.32 46.719640928466575
365.96 47.41135694827525
365.96 47.41135694827525
365.96 47.41135694827525
365.96 47.41135694827525
365.96 47.41135694827525
365.96 47.41135694827525
366.44 47.347910687427856
366.44 47.347910687427856
366.44 47.347910687427856
366.44 47.347910687427856
366.44 47.347910687427856
366.6 47.27097898865068
366.6 47.27097898865068
366.6 47.27097898865068
366.6 47.27097898865068
366.6 47.27097898865068
366.6 47.27097898865068
366.6 47.27097898865068
366.6 47.27097898865068
366.6 47.27097898865068
367.24 47.937484542291365
367.4 47.858799049544125
367.4 47.858799049544125
367.4 47.858799049544125
368.04 48.50656937701606
368.04 48.50656937701606
368.04 48.50656937701606
368.04 48.50656937701606
368.04 48.50656937701606
368.04 48.50656937701606
368.04 48.50656937701606
368.04 48.50656937701606
368.04 48.50656937701606
368.04 48.50656937701606
368.04 48.50656937701606
368.08 48.47152241108674
368.08 48.47152241108674
368.08 48.47152241108674
368.08 48.47152241108674
368.32 48.33027785535438
368.32 48.33027785535438
368.32 48.33027785535438
368.32 48.33027785535438
368.32 48.33027785535438
368.32 48.33027785535438
368.32 48.33027785535438
368.32 48.33027785535438
368.32 48.33027785535438
368.32 48.33027785535438
368.32 48.33027785535438
368.32 48.33027785535438
368.32 48.33027785535438
368.32 48.33027785535438
368.4 48.269445759604444
368.4 48.269445759604444
368.4 48.269445759604444
368.4 48.269445759604444
368.4 48.269445759604444
368.4 48.269445759604444
368.4 48.269445759604444
368.4 48.269445759604444
368.4 48.269445759604444
368.4 48.269445759604444
368.4 48.269445759604444
368.4 48.269445759604444
368.4 48.269445759604444
368.4 48.269445759604444
368.4 48.269445759604444
368.4 48.269445759604444
368.4 48.269445759604444
368.4 48.269445759604444
368.4 48.269445759604444
368.4 48.269445759604444
368.4 48.269445759604444
368.4 48.269445759604444
368.4 48.269445759604444
368.4 48.269445759604444
368.4 48.269445759604444
368.4 48.269445759604444
368.4 48.269445759604444
368.48 48.208402805010046
368.48 48.208402805010046
368.48 48.208402805010046
368.48 48.208402805010046
368.48 48.208402805010046
368.48 48.208402805010046
368.56 48.14714818956444
368.56 48.14714818956444
368.56 48.14714818956444
368.56 48.14714818956444
368.56 48.14714818956444
368.56 48.14714818956444
368.56 48.14714818956444
368.56 48.14714818956444
368.72 48.06436761618146
368.72 48.06436761618146
368.72 48.06436761618146
368.72 48.06436761618146
368.94 47.64723486099684
368.94 47.64723486099684
368.94 47.64723486099684
369.1 47.405727821678155
369.34 47.2560658283755
369.34 47.2560658283755
369.34 47.2560658283755
369.34 47.2560658283755
369.34 47.2560658283755
369.34 47.2560658283755
369.34 47.2560658283755
369.34 47.2560658283755
369.34 47.2560658283755
369.34 47.2560658283755
369.34 47.2560658283755
369.34 47.2560658283755
369.58 47.10469319730384
369.58 47.10469319730384
369.58 47.10469319730384
369.58 47.10469319730384
369.58 47.10469319730384
369.58 47.10469319730384
369.58 47.10469319730384
369.58 47.10469319730384
369.58 47.10469319730384
369.58 47.10469319730384
369.58 47.10469319730384
369.58 47.10469319730384
369.58 47.10469319730384
369.58 47.10469319730384
369.58 47.10469319730384
369.58 47.10469319730384
369.58 47.10469319730384
369.58 47.10469319730384
369.58 47.10469319730384
369.58 47.10469319730384
369.58 47.10469319730384
369.58 47.10469319730384
369.58 47.10469319730384
369.58 47.10469319730384
369.58 47.10469319730384
369.6 47.084707676375096
369.6 47.084707676375096
369.6 47.084707676375096
369.6 47.084707676375096
369.6 47.084707676375096
369.6 47.084707676375096
369.6 47.084707676375096
369.6 47.084707676375096
369.6 47.084707676375096
369.72 46.98249835327141
369.72 46.98249835327141
369.72 46.98249835327141
369.72 46.98249835327141
369.72 46.98249835327141
369.88 46.89366436498385
369.88 46.89366436498385
369.88 46.89366436498385
369.88 46.89366436498385
369.88 46.89366436498385
371.0 47.41094788968029
371.0 47.41094788968029
371.0 47.41094788968029
371.0 47.41094788968029
371.0 47.41094788968029
371.0 47.41094788968029
371.0 47.41094788968029
371.0 47.41094788968029
371.0 47.41094788968029
371.0 47.41094788968029
371.0 47.41094788968029
371.0 47.41094788968029
371.08 47.344360644626775
371.08 47.344360644626775
371.72 47.94948520383853
371.72 47.94948520383853
371.72 47.94948520383853
371.72 47.94948520383853
371.72 47.94948520383853
371.72 47.94948520383853
371.72 47.94948520383853
371.72 47.94948520383853
371.72 47.94948520383853
371.72 47.94948520383853
371.72 47.94948520383853
371.72 47.94948520383853
371.72 47.94948520383853
371.72 47.94948520383853
371.72 47.94948520383853
371.72 47.94948520383853
371.88 47.85569216642126
372.16 47.654209009946186
372.32 47.558338444015845
372.32 47.558338444015845
372.48 47.46172939933561
372.48 47.46172939933561
373.44 48.01100883856711
373.44 48.01100883856711
373.44 48.01100883856711
373.44 48.01100883856711
373.44 48.01100883856711
373.44 48.01100883856711
373.44 48.01100883856711
373.44 48.01100883856711
373.44 48.01100883856711
373.44 48.01100883856711
373.44 48.01100883856711
373.44 48.01100883856711
373.44 48.01100883856711
373.44 48.01100883856711
373.44 48.01100883856711
373.44 48.01100883856711
373.76 47.973292233041164
373.76 47.973292233041164
373.76 47.973292233041164
373.76 47.973292233041164
373.76 47.973292233041164
373.78 47.945166491513916
373.78 47.945166491513916
373.78 47.945166491513916
373.78 47.945166491513916
373.78 47.945166491513916
373.78 47.945166491513916
373.78 47.945166491513916
373.78 47.945166491513916
373.78 47.945166491513916
374.1 47.90510400676519
374.1 47.90510400676519
374.1 47.90510400676519
374.1 47.90510400676519
374.1 47.90510400676519
374.1 47.90510400676519
374.1 47.90510400676519
374.1 47.90510400676519
374.1 47.90510400676519
374.1 47.90510400676519
374.1 47.90510400676519
374.1 47.90510400676519
374.1 47.90510400676519
374.1 47.90510400676519
374.1 47.90510400676519
374.1 47.90510400676519
374.1 47.90510400676519
374.1 47.90510400676519
374.1 47.90510400676519
374.1 47.90510400676519
374.1 47.90510400676519
374.1 47.90510400676519
374.26 47.80317812011914
374.26 47.80317812011914
374.26 47.80317812011914
374.26 47.80317812011914
374.58 47.75974806626951
374.58 47.75974806626951
374.58 47.75974806626951
374.58 47.75974806626951
374.66 47.68758176449562
374.82 47.58328795837138
374.82 47.58328795837138
374.82 47.58328795837138
374.82 47.58328795837138
374.82 47.58328795837138
374.82 47.58328795837138
374.82 47.58328795837138
374.82 47.58328795837138
374.82 47.58328795837138
374.86 47.54179872767358
374.86 47.54179872767358
374.86 47.54179872767358
374.86 47.54179872767358
374.86 47.54179872767358
374.86 47.54179872767358
374.86 47.54179872767358
374.86 47.54179872767358
374.86 47.54179872767358
374.86 47.54179872767358
374.86 47.54179872767358
374.86 47.54179872767358
375.9 47.968318669300835
375.9 47.968318669300835
375.9 47.968318669300835
375.9 47.968318669300835
376.22 47.91397594553277
376.26 47.871591710839255
376.26 47.871591710839255
376.26 47.871591710839255
376.26 47.871591710839255
376.26 47.871591710839255
376.26 47.871591710839255
376.26 47.871591710839255
376.42 47.76228595446368
376.42 47.76228595446368
376.42 47.76228595446368
376.42 47.76228595446368
376.7 47.438104276770346
376.7 47.438104276770346
376.7 47.438104276770346
376.7 47.438104276770346
376.7 47.438104276770346
376.7 47.438104276770346
376.7 47.438104276770346
376.7 47.438104276770346
376.7 47.438104276770346
376.7 47.438104276770346
376.7 47.438104276770346
376.7 47.438104276770346
376.7 47.438104276770346
376.7 47.438104276770346
376.7 47.438104276770346
376.7 47.438104276770346
376.7 47.438104276770346
376.94 47.24956736480894
376.94 47.24956736480894
376.94 47.24956736480894
376.94 47.24956736480894
376.94 47.24956736480894
376.94 47.24956736480894
376.94 47.24956736480894
376.94 47.24956736480894
376.94 47.24956736480894
376.94 47.24956736480894
376.94 47.24956736480894
376.94 47.24956736480894
376.94 47.24956736480894
376.94 47.24956736480894
376.94 47.24956736480894
376.94 47.24956736480894
376.94 47.24956736480894
376.94 47.24956736480894
376.94 47.24956736480894
376.94 47.24956736480894
376.94 47.24956736480894
376.94 47.24956736480894
376.94 47.24956736480894
376.94 47.24956736480894
377.58 47.77666477444505
377.58 47.77666477444505
377.58 47.77666477444505
377.58 47.77666477444505
377.58 47.77666477444505
377.58 47.77666477444505
377.58 47.77666477444505
377.58 47.77666477444505
377.58 47.77666477444505
377.58 47.77666477444505
377.58 47.77666477444505
377.58 47.77666477444505
377.58 47.77666477444505
377.58 47.77666477444505
377.58 47.77666477444505
377.58 47.77666477444505
377.58 47.77666477444505
377.58 47.77666477444505
377.58 47.77666477444505
377.58 47.77666477444505
377.58 47.77666477444505
377.58 47.77666477444505
377.58 47.77666477444505
377.58 47.77666477444505
377.58 47.77666477444505
377.58 47.77666477444505
377.58 47.77666477444505
377.58 47.77666477444505
377.58 47.77666477444505
377.58 47.77666477444505
377.58 47.77666477444505
377.58 47.77666477444505
377.58 47.77666477444505
377.74 47.662665651112064
377.74 47.662665651112064
377.74 47.662665651112064
377.74 47.662665651112064
377.74 47.662665651112064
377.9 47.547849370901936
377.9 47.547849370901936
377.9 47.547849370901936
377.9 47.547849370901936
377.9 47.547849370901936
378.38 47.362513412694625
378.38 47.362513412694625
378.38 47.362513412694625
378.38 47.362513412694625
378.38 47.362513412694625
378.38 47.362513412694625
378.38 47.362513412694625
378.38 47.362513412694625
378.38 47.362513412694625
378.38 47.362513412694625
378.38 47.362513412694625
378.38 47.362513412694625
378.38 47.362513412694625
378.38 47.362513412694625
378.38 47.362513412694625
378.38 47.362513412694625
378.38 47.362513412694625
378.38 47.362513412694625
378.38 47.362513412694625
378.38 47.362513412694625
378.7 47.29052695195877
378.7 47.29052695195877
378.7 47.29052695195877
378.7 47.29052695195877
378.7 47.29052695195877
378.7 47.29052695195877
378.78 47.210592031873524
378.78 47.210592031873524
378.78 47.210592031873524
378.78 47.210592031873524
378.78 47.210592031873524
378.78 47.210592031873524
378.78 47.210592031873524
378.94 47.09110448069912
378.94 47.09110448069912
379.02 47.010417929852494
379.02 47.010417929852494
380.14 47.308363025169356
380.14 47.308363025169356
380.78 47.791546524379406
380.78 47.791546524379406
380.78 47.791546524379406
380.78 47.791546524379406
380.78 47.791546524379406
380.78 47.791546524379406
380.78 47.791546524379406
380.78 47.791546524379406
380.78 47.791546524379406
381.02 47.58362760615897
381.02 47.58362760615897
381.02 47.58362760615897
381.02 47.58362760615897
381.02 47.58362760615897
381.02 47.58362760615897
381.02 47.58362760615897
381.02 47.58362760615897
381.02 47.58362760615897
381.02 47.58362760615897
381.1 47.500239233847296
381.1 47.500239233847296
381.1 47.500239233847296
381.1 47.500239233847296
381.1 47.500239233847296
381.42 47.40992096661424
381.42 47.40992096661424
381.42 47.40992096661424
381.42 47.40992096661424
381.42 47.40992096661424
381.42 47.40992096661424
381.42 47.40992096661424
381.42 47.40992096661424
381.42 47.40992096661424
381.42 47.40992096661424
381.74 47.317244384702015
381.74 47.317244384702015
381.74 47.317244384702015
381.74 47.317244384702015
381.74 47.317244384702015
381.74 47.317244384702015
381.74 47.317244384702015
381.74 47.317244384702015
381.74 47.317244384702015
381.74 47.317244384702015
381.74 47.317244384702015
381.74 47.317244384702015
381.74 47.317244384702015
381.74 47.317244384702015
381.74 47.317244384702015
381.74 47.317244384702015
381.74 47.317244384702015
381.74 47.317244384702015
381.74 47.317244384702015
381.74 47.317244384702015
381.74 47.317244384702015
381.74 47.317244384702015
381.74 47.317244384702015
382.7 47.68022693322713
382.7 47.68022693322713
382.7 47.68022693322713
382.7 47.68022693322713
382.7 47.68022693322713
382.7 47.68022693322713
382.7 47.68022693322713
382.7 47.68022693322713
382.7 47.68022693322713
382.7 47.68022693322713
382.7 47.68022693322713
382.7 47.68022693322713
382.7 47.68022693322713
382.7 47.68022693322713
383.02 47.57938183454655
383.02 47.57938183454655
383.02 47.57938183454655
383.02 47.57938183454655
383.02 47.57938183454655
383.02 47.57938183454655
383.02 47.57938183454655
383.02 47.57938183454655
383.02 47.57938183454655
383.02 47.57938183454655
383.02 47.57938183454655
383.02 47.57938183454655
383.18 47.44638228484015
383.18 47.44638228484015
383.18 47.44638228484015
383.18 47.44638228484015
383.18 47.44638228484015
383.18 47.44638228484015
383.18 47.44638228484015
383.18 47.44638228484015
383.18 47.44638228484015
383.18 47.44638228484015
383.18 47.44638228484015
383.18 47.44638228484015
383.18 47.44638228484015
383.18 47.44638228484015
383.18 47.44638228484015
383.18 47.44638228484015
383.18 47.44638228484015
383.18 47.44638228484015
383.18 47.44638228484015
383.18 47.44638228484015
383.18 47.44638228484015
383.18 47.44638228484015
383.18 47.44638228484015
383.18 47.44638228484015
383.18 47.44638228484015
383.18 47.44638228484015
383.18 47.44638228484015
383.18 47.44638228484015
383.18 47.44638228484015
383.18 47.44638228484015
383.18 47.44638228484015
383.18 47.44638228484015
383.18 47.44638228484015
383.18 47.44638228484015
383.34 47.31246232134925
383.34 47.31246232134925
383.34 47.31246232134925
383.34 47.31246232134925
383.34 47.31246232134925
383.34 47.31246232134925
383.34 47.31246232134925
383.34 47.31246232134925
383.34 47.31246232134925
383.34 47.31246232134925
383.34 47.31246232134925
383.98 47.75230281612
384.14 47.61652798528826
384.14 47.61652798528826
384.14 47.61652798528826
384.14 47.61652798528826
384.14 47.61652798528826
384.14 47.61652798528826
384.14 47.61652798528826
384.14 47.61652798528826
384.14 47.61652798528826
384.14 47.61652798528826
384.14 47.61652798528826
384.14 47.61652798528826
384.14 47.61652798528826
384.14 47.61652798528826
385.26 47.78965274084872
385.26 47.78965274084872
385.26 47.78965274084872
385.26 47.78965274084872
385.74 47.53023917848127
385.74 47.53023917848127
385.74 47.53023917848127
385.74 47.53023917848127
385.74 47.53023917848127
385.74 47.53023917848127
385.74 47.53023917848127
385.74 47.53023917848127
385.74 47.53023917848127
385.74 47.53023917848127
385.74 47.53023917848127
386.38 47.93572717080587
386.38 47.93572717080587
386.38 47.93572717080587
386.7 47.81054784091565
386.7 47.81054784091565
386.7 47.81054784091565
386.7 47.81054784091565
386.7 47.81054784091565
386.7 47.81054784091565
386.7 47.81054784091565
386.82 47.66642932765662
387.46 48.05624230256069
387.46 48.05624230256069
387.46 48.05624230256069
388.42 48.29898047735081
388.42 48.29898047735081
388.42 48.29898047735081
388.42 48.29898047735081
388.42 48.29898047735081
388.42 48.29898047735081
388.74 48.16105556076688
388.74 48.16105556076688
388.74 48.16105556076688
388.74 48.16105556076688
388.74 48.16105556076688
388.74 48.16105556076688
388.74 48.16105556076688
388.74 48.16105556076688
388.74 48.16105556076688
388.74 48.16105556076688
388.74 48.16105556076688
388.74 48.16105556076688
388.74 48.16105556076688
388.74 48.16105556076688
388.74 48.16105556076688
388.74 48.16105556076688
388.74 48.16105556076688
388.74 48.16105556076688
388.74 48.16105556076688
388.74 48.16105556076688
388.74 48.16105556076688
388.74 48.16105556076688
388.74 48.16105556076688
388.74 48.16105556076688
389.22 47.868418132892764
389.22 47.868418132892764
389.22 47.868418132892764
389.22 47.868418132892764
389.22 47.868418132892764
389.22 47.868418132892764
389.22 47.868418132892764
389.22 47.868418132892764
389.22 47.868418132892764
389.22 47.868418132892764
389.22 47.868418132892764
389.22 47.868418132892764
389.22 47.868418132892764
389.22 47.868418132892764
389.22 47.868418132892764
389.22 47.868418132892764
389.22 47.868418132892764
389.22 47.868418132892764
389.22 47.868418132892764
389.22 47.868418132892764
389.22 47.868418132892764
389.22 47.868418132892764
389.22 47.868418132892764
389.22 47.868418132892764
389.22 47.868418132892764
389.22 47.868418132892764
389.22 47.868418132892764
389.22 47.868418132892764
389.22 47.868418132892764
389.22 47.868418132892764
389.22 47.868418132892764
390.18 48.07661814355507
390.18 48.07661814355507
390.18 48.07661814355507
390.18 48.07661814355507
390.18 48.07661814355507
390.18 48.07661814355507
390.18 48.07661814355507
390.18 48.07661814355507
390.18 48.07661814355507
390.18 48.07661814355507
390.18 48.07661814355507
390.18 48.07661814355507
391.14 48.26463665578715
391.14 48.26463665578715
391.14 48.26463665578715
391.14 48.26463665578715
391.14 48.26463665578715
391.14 48.26463665578715
391.14 48.26463665578715
391.14 48.26463665578715
391.14 48.26463665578715
391.14 48.26463665578715
391.14 48.26463665578715
391.14 48.26463665578715
391.14 48.26463665578715
391.14 48.26463665578715
391.14 48.26463665578715
391.14 48.26463665578715
391.14 48.26463665578715
391.14 48.26463665578715
391.14 48.26463665578715
391.14 48.26463665578715
391.3 48.106258649079315
391.3 48.106258649079315
391.3 48.106258649079315
391.3 48.106258649079315
391.3 48.106258649079315
391.3 48.106258649079315
391.3 48.106258649079315
391.3 48.106258649079315
391.3 48.106258649079315
392.26 48.27166808174277
392.26 48.27166808174277
392.26 48.27166808174277
392.26 48.27166808174277
392.26 48.27166808174277
392.26 48.27166808174277
392.26 48.27166808174277
392.26 48.27166808174277
392.26 48.27166808174277
392.42 48.109550911319964
392.42 48.109550911319964
392.42 48.109550911319964
392.42 48.109550911319964
392.42 48.109550911319964
392.42 48.109550911319964
392.42 48.109550911319964
392.42 48.109550911319964
392.42 48.109550911319964
392.42 48.109550911319964
392.42 48.109550911319964
392.42 48.109550911319964
392.42 48.109550911319964
392.42 48.109550911319964
392.42 48.109550911319964
392.42 48.109550911319964
392.42 48.109550911319964
392.42 48.109550911319964
392.42 48.109550911319964
392.42 48.109550911319964
392.42 48.109550911319964
392.42 48.109550911319964
392.42 48.109550911319964
392.42 48.109550911319964
392.42 48.109550911319964
392.42 48.109550911319964
392.42 48.109550911319964
392.42 48.109550911319964
392.42 48.109550911319964
392.42 48.109550911319964
392.42 48.109550911319964
392.42 48.109550911319964
392.42 48.109550911319964
392.42 48.109550911319964
392.42 48.109550911319964
392.42 48.109550911319964
392.58 47.946346275937664
392.58 47.946346275937664
392.58 47.946346275937664
392.58 47.946346275937664
392.58 47.946346275937664
392.58 47.946346275937664
392.58 47.946346275937664
392.58 47.946346275937664
392.58 47.946346275937664
392.58 47.946346275937664
392.58 47.946346275937664
392.58 47.946346275937664
392.58 47.946346275937664
392.58 47.946346275937664
392.58 47.946346275937664
392.58 47.946346275937664
392.58 47.946346275937664
392.58 47.946346275937664
392.58 47.946346275937664
392.58 47.946346275937664
392.58 47.946346275937664
392.58 47.946346275937664
392.58 47.946346275937664
392.58 47.946346275937664
392.58 47.946346275937664
392.58 47.946346275937664
392.58 47.946346275937664
392.58 47.946346275937664
392.58 47.946346275937664
392.58 47.946346275937664
392.58 47.946346275937664
392.58 47.946346275937664
392.58 47.946346275937664
392.58 47.946346275937664
392.58 47.946346275937664
392.58 47.946346275937664
392.58 47.946346275937664
392.58 47.946346275937664
392.58 47.946346275937664
392.58 47.946346275937664
392.58 47.946346275937664
392.58 47.946346275937664
392.58 47.946346275937664
392.58 47.946346275937664
392.58 47.946346275937664
392.58 47.946346275937664
392.58 47.946346275937664
392.58 47.946346275937664
392.58 47.946346275937664
392.58 47.946346275937664
392.58 47.946346275937664
393.54 48.08650034210761
393.54 48.08650034210761
394.66 48.037069019664386
394.66 48.037069019664386
394.66 48.037069019664386
394.74 47.9314788700147
394.74 47.9314788700147
394.74 47.9314788700147
394.74 47.9314788700147
394.74 47.9314788700147
394.74 47.9314788700147
394.74 47.9314788700147
394.74 47.9314788700147
394.74 47.9314788700147
394.76 47.90122834299425
394.76 47.90122834299425
394.76 47.90122834299425
394.76 47.90122834299425
394.76 47.90122834299425
394.76 47.90122834299425
394.76 47.90122834299425
394.76 47.90122834299425
394.76 47.90122834299425
394.76 47.90122834299425
394.76 47.90122834299425
394.76 47.90122834299425
394.76 47.90122834299425
395.4 48.182732981595784
395.4 48.182732981595784
395.4 48.182732981595784
395.4 48.182732981595784
395.4 48.182732981595784
395.4 48.182732981595784
395.4 48.182732981595784
395.4 48.182732981595784
395.4 48.182732981595784
395.4 48.182732981595784
395.4 48.182732981595784
395.4 48.182732981595784
395.4 48.182732981595784
395.4 48.182732981595784
395.4 48.182732981595784
395.4 48.182732981595784
395.4 48.182732981595784
395.4 48.182732981595784
395.4 48.182732981595784
395.4 48.182732981595784
395.4 48.182732981595784
395.4 48.182732981595784
395.4 48.182732981595784
395.4 48.182732981595784
395.4 48.182732981595784
395.4 48.182732981595784
395.4 48.182732981595784
395.4 48.182732981595784
395.4 48.182732981595784
395.4 48.182732981595784
395.4 48.182732981595784
395.4 48.182732981595784
395.4 48.182732981595784
395.4 48.182732981595784
395.96 47.71462304708328
395.96 47.71462304708328
395.96 47.71462304708328
395.96 47.71462304708328
395.96 47.71462304708328
395.96 47.71462304708328
395.96 47.71462304708328
395.96 47.71462304708328
395.96 47.71462304708328
396.28 47.52374844924026
396.28 47.52374844924026
396.28 47.52374844924026
396.28 47.52374844924026
396.28 47.52374844924026
396.28 47.52374844924026
396.28 47.52374844924026
396.28 47.52374844924026
396.28 47.52374844924026
396.28 47.52374844924026
396.28 47.52374844924026
396.28 47.52374844924026
396.28 47.52374844924026
396.28 47.52374844924026
396.28 47.52374844924026
396.28 47.52374844924026
396.28 47.52374844924026
396.28 47.52374844924026
396.28 47.52374844924026
396.28 47.52374844924026
396.28 47.52374844924026
396.28 47.52374844924026
396.28 47.52374844924026
396.28 47.52374844924026
396.28 47.52374844924026
396.28 47.52374844924026
396.28 47.52374844924026
396.28 47.52374844924026
396.28 47.52374844924026
396.28 47.52374844924026
396.28 47.52374844924026
396.28 47.52374844924026
396.28 47.52374844924026
396.28 47.52374844924026
396.28 47.52374844924026
396.28 47.52374844924026
396.28 47.52374844924026
396.28 47.52374844924026
396.28 47.52374844924026
397.4 47.408391193496094
397.4 47.408391193496094
397.4 47.408391193496094
397.4 47.408391193496094
397.4 47.408391193496094
397.4 47.408391193496094
397.4 47.408391193496094
397.4 47.408391193496094
397.4 47.408391193496094
397.72 47.20641969696558
397.72 47.20641969696558
397.72 47.20641969696558
397.72 47.20641969696558
397.72 47.20641969696558
397.88 47.021868971959904
397.88 47.021868971959904
397.88 47.021868971959904
397.88 47.021868971959904
397.88 47.021868971959904
397.88 47.021868971959904
398.84 47.05567731609832
398.84 47.05567731609832
398.84 47.05567731609832
398.84 47.05567731609832
398.84 47.05567731609832
398.84 47.05567731609832
398.84 47.05567731609832
398.84 47.05567731609832
398.84 47.05567731609832
398.84 47.05567731609832
398.84 47.05567731609832
398.84 47.05567731609832
398.84 47.05567731609832
398.84 47.05567731609832
398.84 47.05567731609832
398.84 47.05567731609832
399.08 46.75093689981089
399.08 46.75093689981089
399.08 46.75093689981089
399.08 46.75093689981089
399.08 46.75093689981089
399.08 46.75093689981089
399.08 46.75093689981089
399.08 46.75093689981089
399.08 46.75093689981089
399.08 46.75093689981089
400.04 46.76006238600878
400.04 46.76006238600878
400.04 46.76006238600878
400.04 46.76006238600878
400.04 46.76006238600878
400.04 46.76006238600878
400.04 46.76006238600878
400.04 46.76006238600878
400.2 46.56569162337906
400.2 46.56569162337906
400.2 46.56569162337906
400.2 46.56569162337906
400.2 46.56569162337906
400.2 46.56569162337906
400.2 46.56569162337906
400.2 46.56569162337906
400.2 46.56569162337906
400.2 46.56569162337906
400.2 46.56569162337906
400.2 46.56569162337906
400.2 46.56569162337906
400.2 46.56569162337906
400.2 46.56569162337906
400.2 46.56569162337906
400.84 46.78010455116771
400.84 46.78010455116771
400.84 46.78010455116771
400.84 46.78010455116771
400.84 46.78010455116771
400.84 46.78010455116771
400.84 46.78010455116771
400.84 46.78010455116771
400.84 46.78010455116771
400.84 46.78010455116771
400.84 46.78010455116771
400.84 46.78010455116771
400.84 46.78010455116771
400.84 46.78010455116771
400.84 46.78010455116771
400.84 46.78010455116771
400.84 46.78010455116771
400.84 46.78010455116771
400.84 46.78010455116771
400.84 46.78010455116771
400.84 46.78010455116771
400.84 46.78010455116771
400.84 46.78010455116771
400.84 46.78010455116771
400.84 46.78010455116771
400.84 46.78010455116771
400.84 46.78010455116771
400.84 46.78010455116771
400.84 46.78010455116771
400.84 46.78010455116771
400.84 46.78010455116771
400.84 46.78010455116771
