104.56 10.230001431716875
105.5 10.477007052000909
107.14 10.418534378013954
107.96 10.034204130136706
108.88 9.395120160396184
110.26 9.575452622685416
111.0 9.795896894087644
112.2 9.96357000641473
113.48 11.355130554026658
114.38 11.58785501455657
115.48 11.65018749578171
116.78 11.564120757277179
117.8 11.978094484297054
118.54 11.942133203684566
119.4 12.208624207932072
120.08 11.85406208347113
121.0 11.951078730737356
122.28 12.060520785445448
123.32 12.157950385478532
124.68 12.378606504364654
125.94 13.049880993303882
127.06 12.340145538817277
128.04 12.501248422506132
129.12 12.553948230003824
128.88 13.376656887838216
129.76 13.731273749651875
130.56 13.990126388408234
131.54 13.7975404044388
132.14 13.984854722740653
132.88 14.143049833252324
133.26 14.32566391008272
134.36 14.344618531284855
135.04 14.063291279645801
135.98 14.423591785682234
137.0 13.945058137729168
137.7 13.637070688740195
138.36 13.799077703040354
138.76 13.937175053964431
139.86 14.637036185062472
140.82 15.015399502584748
141.46 14.906726838930975
142.12 14.693694105453751
142.52 15.118708725792473
143.48 14.767203629336972
144.2 14.294167773019609
144.98 14.526868175553151
145.48 14.356556239945112
146.08 14.458355383792464
146.84 14.481419652489702
147.6 14.798307301509146
147.96 14.6169404970722
148.62 15.070728870458419
149.12 15.064360241807465
150.1 14.670454056443589
150.64 14.691109109549455
151.48 14.911510027932495
151.88 14.884932385510254
152.2 14.927433899645411
152.52 15.161407679641188
152.98 15.550491239114534
153.32 15.31941397196526
153.64 15.166097225407233
153.88 15.065701229460029
154.54 15.03626592373562
155.22 14.939325096651269
155.52 14.975049956915706
156.44 14.965495668572443
156.98 14.848718612878502
157.54 14.773317470727722
157.88 14.734882682830138
158.06 14.681686524099305
158.74 14.992671610496986
159.1 14.989221716845996
159.44 15.023429513377907
159.76 14.98087669886734
160.22 15.044432508238703
160.64 15.049762574052577
161.24 15.03875129138189
161.48 15.038321419331053
161.9 15.195360801869427
162.16 15.124212977269865
162.8 15.22093189252116
163.24 15.43649093949958
163.64 15.835977450671674
163.9 15.772050461419902
164.28 15.908881961109813
164.56 16.01282314429611
164.64 15.976953098229664
165.26 15.731728218071687
165.42 15.58112040680365
165.54 15.45499821083683
165.7 15.120726293282468
165.88 15.11389754464079
166.16 15.068007449057372
166.28 15.103735573785325
166.74 15.051843069803114
167.16 14.885909546625061
167.3 14.772004644330476
167.7 14.484753391345011
167.88 14.359933034930096
168.16 14.353910529007335
168.34 14.332431261254523
169.58 14.953922494777016
169.58 14.953922494777016
169.84 14.954962691057077
170.06 15.078126507955123
170.32 14.990151649154404
170.76 15.119136312246237
170.82 15.125321601055417
170.92 15.075352819296224
171.14 15.149770808680758
171.44 15.074441544507973
171.78 15.302723069223113
171.84 15.331172443255884
171.86 15.314230524765401
172.22 15.159475484649755
172.56 15.141300799435628
172.88 14.848242422263418
172.96 14.905710382943914
173.04 14.826893392641887
173.24 14.786780883237869
173.56 14.725995704703623
173.78 14.7186269671454
173.92 14.710458040373037
174.06 14.618253429645188
174.42 14.875360958187319
174.52 14.916928218461985
174.64 15.049762574052579
174.66 15.026051451469954
174.72 15.107747694611541
174.88 15.09651106927182
175.04 15.288419067246869
175.34 15.234344505926483
175.42 15.20843731803388
175.62 15.27047722723408
175.66 15.297864114465344
175.72 15.252805670042509
175.78 15.273651968158905
175.82 15.29796976032698
176.18 15.079841383834781
176.24 15.131157232410184
176.28 15.109084831466278
176.62 15.378576203947041
176.66 15.326889291488193
176.66 15.326889291488193
176.84 15.361449847398562
177.0 15.301680108452606
177.08 15.319941450952284
177.1 15.298709260931295
177.26 15.524903422006412
177.4 15.571276327412807
177.58 15.46921347892535
177.58 15.46921347892535
177.6 15.465830698411228
177.76 15.534334731669567
177.8 15.532305857551389
177.82 15.585787361463893
177.9 15.49030325556911
177.94 15.498334873088265
177.96 15.530953127561265
177.98 15.52969134050362
177.98 15.52969134050362
178.0 15.515388255769583
178.0 15.515388255769583
178.02 15.527089394039862
178.08 15.496940069418592
178.12 15.478417688556346
178.12 15.478417688556346
178.12 15.478417688556346
178.12 15.478417688556346
178.26 15.522300672961405
178.28 15.54665835022388
178.36 15.589118193810902
178.36 15.589118193810902
178.42 15.513552237650247
178.44 15.490837956871818
178.5 15.375107784790954
178.5 15.375107784790954
178.5 15.375107784790954
178.52 15.381006258868545
178.52 15.381006258868545
178.64 15.49422831608955
178.64 15.49422831608955
178.64 15.49422831608955
178.68 15.52377127979779
178.82 15.510426600623635
178.82 15.510426600623635
178.84 15.510648020640598
178.84 15.510648020640598
178.84 15.510648020640598
178.84 15.510648020640598
178.84 15.510648020640598
178.84 15.510648020640598
178.84 15.510648020640598
178.86 15.510843388618898
178.86 15.510843388618898
178.86 15.510843388618898
178.86 15.510843388618898
178.86 15.510843388618898
178.86 15.510843388618898
178.88 15.497982925125283
178.88 15.497982925125283
178.88 15.497982925125283
178.88 15.497982925125283
178.88 15.497982925125283
178.94 15.53739054830331
178.94 15.53739054830331
178.94 15.53739054830331
178.96 15.516638186348892
179.0 15.514086137664334
179.14 15.856057058882751
179.14 15.856057058882751
179.18 15.837801602367664
179.2 15.824798337553704
179.22 15.829635931927603
179.22 15.829635931927603
179.24 15.808909391909873
179.3 15.8385158982332
179.32 15.827912947790313
179.34 15.81983156380215
179.34 15.81983156380215
179.4 15.810749443963685
179.4 15.810749443963685
179.54 15.824428117708559
179.54 15.824428117708559
179.68 15.729326659832495
179.7 15.72844043075595
179.78 15.781065242942892
179.84 15.708660674991371
179.84 15.708660674991371
179.84 15.708660674991371
179.84 15.708660674991371
179.84 15.708660674991371
179.98 15.610136566871017
180.0 15.632134734694311
180.0 15.632134734694311
180.0 15.632134734694311
180.0 15.632134734694311
180.02 15.656657021564635
180.02 15.656657021564635
180.08 15.668072148432454
180.08 15.668072148432454
180.08 15.668072148432454
180.08 15.668072148432454
180.2 15.759556985005524
180.2 15.759556985005524
180.2 15.759556985005524
180.2 15.759556985005524
180.2 15.759556985005524
180.2 15.759556985005524
180.22 15.783625321288778
180.22 15.783625321288778
180.22 15.783625321288778
180.22 15.783625321288778
180.28 15.801853874105593
180.36 15.902175697658222
180.36 15.902175697658222
180.36 15.902175697658222
180.36 15.902175697658222
180.44 16.036775917190514
180.5 16.084059490594086
180.5 16.084059490594086
180.5 16.084059490594086
180.5 16.084059490594086
180.5 16.084059490594086
180.56 16.213425039613057
180.56 16.213425039613057
180.56 16.213425039613057
180.56 16.213425039613057
180.56 16.213425039613057
180.56 16.213425039613057
180.7 16.00599635111539
180.7 16.00599635111539
180.7 16.00599635111539
180.84 15.972653397781368
180.84 15.972653397781368
180.84 15.972653397781368
180.84 15.972653397781368
180.84 15.972653397781368
180.84 15.972653397781368
180.84 15.972653397781368
180.84 15.972653397781368
180.84 15.972653397781368
180.84 15.972653397781368
180.84 15.972653397781368
180.84 15.972653397781368
180.86 15.982958095889186
180.86 15.982958095889186
180.86 15.982958095889186
180.86 15.982958095889186
180.86 15.982958095889186
180.86 15.982958095889186
180.86 15.982958095889186
180.88 15.970477814272227
180.88 15.970477814272227
180.88 15.970477814272227
180.88 15.970477814272227
180.88 15.970477814272227
180.88 15.970477814272227
180.88 15.970477814272227
180.88 15.970477814272227
180.88 15.970477814272227
180.88 15.970477814272227
180.88 15.970477814272227
180.88 15.970477814272227
180.88 15.970477814272227
180.88 15.970477814272227
180.88 15.970477814272227
180.88 15.970477814272227
180.94 16.046535860780452
180.96 16.05918347044375
180.96 16.05918347044375
180.96 16.05918347044375
180.96 16.05918347044375
180.96 16.05918347044375
180.96 16.05918347044375
181.04 16.18449189124508
181.04 16.18449189124508
181.1 16.303621708322382
181.12 16.348032964799835
181.12 16.348032964799835
181.12 16.348032964799835
181.12 16.348032964799835
181.12 16.348032964799835
181.12 16.348032964799835
181.14 16.333036484624675
181.14 16.333036484624675
181.14 16.333036484624675
181.14 16.333036484624675
181.2 16.30269234751664
181.2 16.30269234751664
181.2 16.30269234751664
181.2 16.30269234751664
181.2 16.30269234751664
181.22 16.272664070753628
181.38 16.693784000112867
181.38 16.693784000112867
181.46 16.657827959347898
181.46 16.657827959347898
181.56 16.593974810153235
181.56 16.593974810153235
181.56 16.593974810153235
181.56 16.593974810153235
181.56 16.593974810153235
181.56 16.593974810153235
181.56 16.593974810153235
181.56 16.593974810153235
181.58 16.583538144007065
181.6 16.575508280214965
181.6 16.575508280214965
181.62 16.569888717828253
181.64 16.544717488300517
181.64 16.544717488300517
181.64 16.544717488300517
181.64 16.544717488300517
181.64 16.544717488300517
181.64 16.544717488300517
181.66 16.521929106921547
181.66 16.521929106921547
181.66 16.521929106921547
181.66 16.521929106921547
181.66 16.521929106921547
181.66 16.521929106921547
181.68 16.526000328835977
181.68 16.526000328835977
181.68 16.526000328835977
181.68 16.526000328835977
181.68 16.526000328835977
181.68 16.526000328835977
181.68 16.526000328835977
181.74 16.523396329526996
181.74 16.523396329526996
181.74 16.523396329526996
181.74 16.523396329526996
181.74 16.523396329526996
181.74 16.523396329526996
181.74 16.523396329526996
181.74 16.523396329526996
181.74 16.523396329526996
181.8 16.549893954312513
181.8 16.549893954312513
181.8 16.549893954312513
181.8 16.549893954312513
181.8 16.549893954312513
181.86 16.5980527031141
182.02 16.79705361368505
182.02 16.79705361368505
182.02 16.79705361368505
182.16 17.10497594328042
182.16 17.10497594328042
182.16 17.10497594328042
182.16 17.10497594328042
182.16 17.10497594328042
182.24 17.108754921077534
182.32 17.13575033063739
182.32 17.13575033063739
182.32 17.13575033063739
182.32 17.13575033063739
182.32 17.13575033063739
182.32 17.13575033063739
182.32 17.13575033063739
182.32 17.13575033063739
182.32 17.13575033063739
182.32 17.13575033063739
182.32 17.13575033063739
182.32 17.13575033063739
182.34 17.148325005814726
182.34 17.148325005814726
182.36 17.200845645173697
182.36 17.200845645173697
182.36 17.200845645173697
182.36 17.200845645173697
182.36 17.200845645173697
182.36 17.200845645173697
182.36 17.200845645173697
182.36 17.200845645173697
182.36 17.200845645173697
182.36 17.200845645173697
182.36 17.200845645173697
182.36 17.200845645173697
182.36 17.200845645173697
182.36 17.200845645173697
182.36 17.200845645173697
182.36 17.200845645173697
182.36 17.200845645173697
182.36 17.200845645173697
182.36 17.200845645173697
182.36 17.200845645173697
182.36 17.200845645173697
182.36 17.200845645173697
182.36 17.200845645173697
182.36 17.200845645173697
182.36 17.200845645173697
182.36 17.200845645173697
182.36 17.200845645173697
182.36 17.200845645173697
182.36 17.200845645173697
182.36 17.200845645173697
182.36 17.200845645173697
182.36 17.200845645173697
182.36 17.200845645173697
182.36 17.200845645173697
182.36 17.200845645173697
182.36 17.200845645173697
182.42 17.252246230563717
182.42 17.252246230563717
182.42 17.252246230563717
182.42 17.252246230563717
182.42 17.252246230563717
182.42 17.252246230563717
182.42 17.252246230563717
182.44 17.234168551356507
182.44 17.234168551356507
182.44 17.234168551356507
182.44 17.234168551356507
182.44 17.234168551356507
182.44 17.234168551356507
182.44 17.234168551356507
182.44 17.234168551356507
182.44 17.234168551356507
182.44 17.234168551356507
182.44 17.234168551356507
182.44 17.234168551356507
182.44 17.234168551356507
182.44 17.234168551356507
182.44 17.234168551356507
182.44 17.234168551356507
182.44 17.234168551356507
182.44 17.234168551356507
182.44 17.234168551356507
182.44 17.234168551356507
182.44 17.234168551356507
182.44 17.234168551356507
182.44 17.234168551356507
182.44 17.234168551356507
182.44 17.234168551356507
182.44 17.234168551356507
182.44 17.234168551356507
182.44 17.234168551356507
182.46 17.20900633360041
182.46 17.20900633360041
182.46 17.20900633360041
182.46 17.20900633360041
182.46 17.20900633360041
182.46 17.20900633360041
182.48 17.186134886100255
182.48 17.186134886100255
182.48 17.186134886100255
182.48 17.186134886100255
182.48 17.186134886100255
182.48 17.186134886100255
182.48 17.186134886100255
182.48 17.186134886100255
182.48 17.186134886100255
182.48 17.186134886100255
182.48 17.186134886100255
182.48 17.186134886100255
182.48 17.186134886100255
182.48 17.186134886100255
182.48 17.186134886100255
182.48 17.186134886100255
182.48 17.186134886100255
182.48 17.186134886100255
182.48 17.186134886100255
182.48 17.186134886100255
182.48 17.186134886100255
182.48 17.186134886100255
182.48 17.186134886100255
182.54 17.131352320328727
182.54 17.131352320328727
182.54 17.131352320328727
182.54 17.131352320328727
182.6 17.09746274519211
182.6 17.09746274519211
182.6 17.09746274519211
182.6 17.09746274519211
182.6 17.09746274519211
182.6 17.09746274519211
182.6 17.09746274519211
182.6 17.09746274519211
182.6 17.09746274519211
182.6 17.09746274519211
182.6 17.09746274519211
182.6 17.09746274519211
182.6 17.09746274519211
182.6 17.09746274519211
182.6 17.09746274519211
182.6 17.09746274519211
182.6 17.09746274519211
182.6 17.09746274519211
182.6 17.09746274519211
182.6 17.09746274519211
182.6 17.09746274519211
182.6 17.09746274519211
182.6 17.09746274519211
182.6 17.09746274519211
182.6 17.09746274519211
182.6 17.09746274519211
182.6 17.09746274519211
182.6 17.09746274519211
182.6 17.09746274519211
182.6 17.09746274519211
182.6 17.09746274519211
182.6 17.09746274519211
182.6 17.09746274519211
182.6 17.09746274519211
182.6 17.09746274519211
182.6 17.09746274519211
182.6 17.09746274519211
182.6 17.09746274519211
182.6 17.09746274519211
182.6 17.09746274519211
182.6 17.09746274519211
182.6 17.09746274519211
182.6 17.09746274519211
182.6 17.09746274519211
182.6 17.09746274519211
182.6 17.09746274519211
182.6 17.09746274519211
182.6 17.09746274519211
182.6 17.09746274519211
182.6 17.09746274519211
182.6 17.09746274519211
182.6 17.09746274519211
182.6 17.09746274519211
182.6 17.09746274519211
182.6 17.09746274519211
182.6 17.09746274519211
182.6 17.09746274519211
182.6 17.09746274519211
182.6 17.09746274519211
182.6 17.09746274519211
182.6 17.09746274519211
182.6 17.09746274519211
182.6 17.09746274519211
182.6 17.09746274519211
182.6 17.09746274519211
182.6 17.09746274519211
182.6 17.09746274519211
182.6 17.09746274519211
182.6 17.09746274519211
182.6 17.09746274519211
182.6 17.09746274519211
182.6 17.09746274519211
182.6 17.09746274519211
182.6 17.09746274519211
182.6 17.09746274519211
182.6 17.09746274519211
182.6 17.09746274519211
182.6 17.09746274519211
182.6 17.09746274519211
182.6 17.09746274519211
182.6 17.09746274519211
182.6 17.09746274519211
182.6 17.09746274519211
182.6 17.09746274519211
182.6 17.09746274519211
182.6 17.09746274519211
182.6 17.09746274519211
182.6 17.09746274519211
182.6 17.09746274519211
182.6 17.09746274519211
182.6 17.09746274519211
182.6 17.09746274519211
182.6 17.09746274519211
182.6 17.09746274519211
182.6 17.09746274519211
182.6 17.09746274519211
182.6 17.09746274519211
182.6 17.09746274519211
182.6 17.09746274519211
182.6 17.09746274519211
182.6 17.09746274519211
182.6 17.09746274519211
182.6 17.09746274519211
182.6 17.09746274519211
182.6 17.09746274519211
182.6 17.09746274519211
182.6 17.09746274519211
182.6 17.09746274519211
182.6 17.09746274519211
182.6 17.09746274519211
182.6 17.09746274519211
182.6 17.09746274519211
182.6 17.09746274519211
182.6 17.09746274519211
182.6 17.09746274519211
182.6 17.09746274519211
182.6 17.09746274519211
182.6 17.09746274519211
182.6 17.09746274519211
182.6 17.09746274519211
182.6 17.09746274519211
182.6 17.09746274519211
182.6 17.09746274519211
182.6 17.09746274519211
182.6 17.09746274519211
182.6 17.09746274519211
182.6 17.09746274519211
182.6 17.09746274519211
182.6 17.09746274519211
182.6 17.09746274519211
182.6 17.09746274519211
182.6 17.09746274519211
182.6 17.09746274519211
182.6 17.09746274519211
182.6 17.09746274519211
182.6 17.09746274519211
182.66 17.127106520886063
182.66 17.127106520886063
182.66 17.127106520886063
182.66 17.127106520886063
182.66 17.127106520886063
182.66 17.127106520886063
182.66 17.127106520886063
182.66 17.127106520886063
182.66 17.127106520886063
182.68 17.1416440167202
182.68 17.1416440167202
182.68 17.1416440167202
182.7 17.15850055844453
182.7 17.15850055844453
182.72 17.177669318982804
182.72 17.177669318982804
182.72 17.177669318982804
182.72 17.177669318982804
182.72 17.177669318982804
182.72 17.177669318982804
182.72 17.177669318982804
182.72 17.177669318982804
182.72 17.177669318982804
182.72 17.177669318982804
182.72 17.177669318982804
182.72 17.177669318982804
182.72 17.177669318982804
182.72 17.177669318982804
182.72 17.177669318982804
182.72 17.177669318982804
182.72 17.177669318982804
182.72 17.177669318982804
182.72 17.177669318982804
182.72 17.177669318982804
182.72 17.177669318982804
182.72 17.177669318982804
182.72 17.177669318982804
182.72 17.177669318982804
182.72 17.177669318982804
182.72 17.177669318982804
182.72 17.177669318982804
182.72 17.177669318982804
182.72 17.177669318982804
182.72 17.177669318982804
182.72 17.177669318982804
182.72 17.177669318982804
182.72 17.177669318982804
182.72 17.177669318982804
182.72 17.177669318982804
182.72 17.177669318982804
182.72 17.177669318982804
182.72 17.177669318982804
182.72 17.177669318982804
182.72 17.177669318982804
182.72 17.177669318982804
182.72 17.177669318982804
182.74 17.199142567305653
182.74 17.199142567305653
182.74 17.199142567305653
182.74 17.199142567305653
182.74 17.199142567305653
182.74 17.199142567305653
182.74 17.199142567305653
182.74 17.199142567305653
182.74 17.199142567305653
182.74 17.199142567305653
182.74 17.199142567305653
182.74 17.199142567305653
182.74 17.199142567305653
182.74 17.199142567305653
182.74 17.199142567305653
182.74 17.199142567305653
182.74 17.199142567305653
182.74 17.199142567305653
182.74 17.199142567305653
182.82 17.261143377745018
182.82 17.261143377745018
182.82 17.261143377745018
182.82 17.261143377745018
182.82 17.261143377745018
182.82 17.261143377745018
182.82 17.261143377745018
182.82 17.261143377745018
182.82 17.261143377745018
182.82 17.261143377745018
182.82 17.261143377745018
182.82 17.261143377745018
182.82 17.261143377745018
182.82 17.261143377745018
182.82 17.261143377745018
182.82 17.261143377745018
182.82 17.261143377745018
182.82 17.261143377745018
182.82 17.261143377745018
182.82 17.261143377745018
182.82 17.261143377745018
182.82 17.261143377745018
182.82 17.261143377745018
182.82 17.261143377745018
182.82 17.261143377745018
182.82 17.261143377745018
182.82 17.261143377745018
182.82 17.261143377745018
182.84 17.282396017948784
182.84 17.282396017948784
182.84 17.282396017948784
182.84 17.282396017948784
182.84 17.282396017948784
182.86 17.27087815726902
182.86 17.27087815726902
182.86 17.27087815726902
182.92 17.25019689537753
182.92 17.25019689537753
182.92 17.25019689537753
182.92 17.25019689537753
182.92 17.25019689537753
182.98 17.250372562218868
182.98 17.250372562218868
182.98 17.250372562218868
182.98 17.250372562218868
182.98 17.250372562218868
182.98 17.250372562218868
182.98 17.250372562218868
182.98 17.250372562218868
182.98 17.250372562218868
182.98 17.250372562218868
182.98 17.250372562218868
183.04 17.327458211774978
183.04 17.327458211774978
183.04 17.327458211774978
183.04 17.327458211774978
183.1 17.348187108732603
183.1 17.348187108732603
183.1 17.348187108732603
183.1 17.348187108732603
183.1 17.348187108732603
183.1 17.348187108732603
183.1 17.348187108732603
183.1 17.348187108732603
183.1 17.348187108732603
183.1 17.348187108732603
183.1 17.348187108732603
183.1 17.348187108732603
183.1 17.348187108732603
183.12 17.345729832853483
183.12 17.345729832853483
183.12 17.345729832853483
183.12 17.345729832853483
183.12 17.345729832853483
183.2 17.375240714850253
183.2 17.375240714850253
183.2 17.375240714850253
183.2 17.375240714850253
183.2 17.375240714850253
183.2 17.375240714850253
183.2 17.375240714850253
183.26 17.416246913892124
183.26 17.416246913892124
183.26 17.416246913892124
183.26 17.416246913892124
183.26 17.416246913892124
183.4 17.591320173726174
183.4 17.591320173726174
183.4 17.591320173726174
183.4 17.591320173726174
183.4 17.591320173726174
183.4 17.591320173726174
183.4 17.591320173726174
183.46 17.69975175309564
183.46 17.69975175309564
183.46 17.69975175309564
183.46 17.69975175309564
183.46 17.69975175309564
183.46 17.69975175309564
183.46 17.69975175309564
183.46 17.69975175309564
183.52 17.725448235559945
183.52 17.725448235559945
183.52 17.725448235559945
183.52 17.725448235559945
183.52 17.725448235559945
183.52 17.725448235559945
183.52 17.725448235559945
183.54 17.738515989082888
183.54 17.738515989082888
183.54 17.738515989082888
183.54 17.738515989082888
183.54 17.738515989082888
183.54 17.738515989082888
183.54 17.738515989082888
183.54 17.738515989082888
183.54 17.738515989082888
183.6 17.86594299755597
183.6 17.86594299755597
183.6 17.86594299755597
183.6 17.86594299755597
183.6 17.86594299755597
183.6 17.86594299755597
183.6 17.86594299755597
183.6 17.86594299755597
183.6 17.86594299755597
183.6 17.86594299755597
183.6 17.86594299755597
183.6 17.86594299755597
183.6 17.86594299755597
183.6 17.86594299755597
183.6 17.86594299755597
183.6 17.86594299755597
183.6 17.86594299755597
183.6 17.86594299755597
183.6 17.86594299755597
183.6 17.86594299755597
183.6 17.86594299755597
183.6 17.86594299755597
183.6 17.86594299755597
183.6 17.86594299755597
183.6 17.86594299755597
183.6 17.86594299755597
183.6 17.86594299755597
183.6 17.86594299755597
183.62 17.881077408616324
183.62 17.881077408616324
183.62 17.881077408616324
183.62 17.881077408616324
183.62 17.881077408616324
183.62 17.881077408616324
183.62 17.881077408616324
183.62 17.881077408616324
183.62 17.881077408616324
183.62 17.881077408616324
183.62 17.881077408616324
183.62 17.881077408616324
183.62 17.881077408616324
183.62 17.881077408616324
183.62 17.881077408616324
183.62 17.881077408616324
183.62 17.881077408616324
183.62 17.881077408616324
183.62 17.881077408616324
183.62 17.881077408616324
183.62 17.881077408616324
183.62 17.881077408616324
183.62 17.881077408616324
183.62 17.881077408616324
183.62 17.881077408616324
183.62 17.881077408616324
183.62 17.881077408616324
183.62 17.881077408616324
183.62 17.881077408616324
183.62 17.881077408616324
183.62 17.881077408616324
183.62 17.881077408616324
183.62 17.881077408616324
183.62 17.881077408616324
183.62 17.881077408616324
183.62 17.881077408616324
183.62 17.881077408616324
183.62 17.881077408616324
183.62 17.881077408616324
183.62 17.881077408616324
183.62 17.881077408616324
183.68 17.919505765190255
183.68 17.919505765190255
183.68 17.919505765190255
183.68 17.919505765190255
183.68 17.919505765190255
183.68 17.919505765190255
183.74 17.977887652459177
183.74 17.977887652459177
183.74 17.977887652459177
183.74 17.977887652459177
183.74 17.977887652459177
183.88 18.190507014774084
183.88 18.190507014774084
183.9 18.229457789883146
183.9 18.229457789883146
183.9 18.229457789883146
183.9 18.229457789883146
183.9 18.229457789883146
183.9 18.229457789883146
183.9 18.229457789883146
183.9 18.229457789883146
183.9 18.229457789883146
183.9 18.229457789883146
183.9 18.229457789883146
183.9 18.229457789883146
183.9 18.229457789883146
183.9 18.229457789883146
183.9 18.229457789883146
183.9 18.229457789883146
183.9 18.229457789883146
183.9 18.229457789883146
183.9 18.229457789883146
183.9 18.229457789883146
183.9 18.229457789883146
183.9 18.229457789883146
183.9 18.229457789883146
183.9 18.229457789883146
183.9 18.229457789883146
183.9 18.229457789883146
183.9 18.229457789883146
183.9 18.229457789883146
183.9 18.229457789883146
183.9 18.229457789883146
183.9 18.229457789883146
183.9 18.229457789883146
183.9 18.229457789883146
183.96 18.14638567680388
183.96 18.14638567680388
183.98 18.187563738650514
183.98 18.187563738650514
184.04 18.124106386887938
184.04 18.124106386887938
184.04 18.124106386887938
184.04 18.124106386887938
184.04 18.124106386887938
184.04 18.124106386887938
184.04 18.124106386887938
184.04 18.124106386887938
184.16 18.13458106224211
184.22 18.097145262904498
184.24 18.089072542685685
184.24 18.089072542685685
184.24 18.089072542685685
184.24 18.089072542685685
184.24 18.089072542685685
184.24 18.089072542685685
184.24 18.089072542685685
184.24 18.089072542685685
184.24 18.089072542685685
184.24 18.089072542685685
184.24 18.089072542685685
184.24 18.089072542685685
184.24 18.089072542685685
184.24 18.089072542685685
184.24 18.089072542685685
184.24 18.089072542685685
184.24 18.089072542685685
184.24 18.089072542685685
184.24 18.089072542685685
184.24 18.089072542685685
184.24 18.089072542685685
184.24 18.089072542685685
184.24 18.089072542685685
184.26 18.083208350357076
184.26 18.083208350357076
184.36 17.930009830595527
184.36 17.930009830595527
184.36 17.930009830595527
184.36 17.930009830595527
184.36 17.930009830595527
184.36 17.930009830595527
184.42 17.972582935508676
184.42 17.972582935508676
184.42 17.972582935508676
184.44 17.948478453280618
184.46 17.991816321468335
184.48 17.969941231923606
184.5 17.950267998336994
184.5 17.950267998336994
184.5 17.950267998336994
184.5 17.950267998336994
184.5 17.950267998336994
184.5 17.950267998336994
184.6 17.885155517321838
184.66 17.87963120763994
184.66 17.87963120763994
184.68 17.87322358199889
184.68 17.87322358199889
184.68 17.87322358199889
184.68 17.87322358199889
184.68 17.87322358199889
184.7 17.869052305677275
184.7 17.869052305677275
184.86 18.02636677175684
184.88 18.00857259387003
184.88 18.00857259387003
184.88 18.00857259387003
184.94 17.968445968003195
184.96 17.968502183183514
184.96 17.968502183183514
184.96 17.968502183183514
184.96 17.968502183183514
184.96 17.968502183183514
184.96 17.968502183183514
184.96 17.968502183183514
184.96 17.968502183183514
184.98 17.959539262048192
185.12 18.02202916859074
185.12 18.02202916859074
185.12 18.02202916859074
185.12 18.02202916859074
185.12 18.02202916859074
185.12 18.02202916859074
185.12 18.02202916859074
185.12 18.02202916859074
185.12 18.02202916859074
185.12 18.02202916859074
185.12 18.02202916859074
185.12 18.02202916859074
185.18 18.03497163901851
185.18 18.03497163901851
185.18 18.03497163901851
185.18 18.03497163901851
185.18 18.03497163901851
185.18 18.03497163901851
185.18 18.03497163901851
185.18 18.03497163901851
185.18 18.03497163901851
185.18 18.03497163901851
185.18 18.03497163901851
185.18 18.03497163901851
185.18 18.03497163901851
185.18 18.03497163901851
185.18 18.03497163901851
185.18 18.03497163901851
185.18 18.03497163901851
185.18 18.03497163901851
185.18 18.03497163901851
185.18 18.03497163901851
185.18 18.03497163901851
185.18 18.03497163901851
185.18 18.03497163901851
185.18 18.03497163901851
185.18 18.03497163901851
185.18 18.03497163901851
185.18 18.03497163901851
185.18 18.03497163901851
185.18 18.03497163901851
185.18 18.03497163901851
185.18 18.03497163901851
185.18 18.03497163901851
185.18 18.03497163901851
185.18 18.03497163901851
185.18 18.03497163901851
185.18 18.03497163901851
185.18 18.03497163901851
185.18 18.03497163901851
185.18 18.03497163901851
185.18 18.03497163901851
185.18 18.03497163901851
185.18 18.03497163901851
185.18 18.03497163901851
185.2 18.043717953231187
185.26 18.02278019786642
185.26 18.02278019786642
185.26 18.02278019786642
185.26 18.02278019786642
185.26 18.02278019786642
185.26 18.02278019786642
185.26 18.02278019786642
185.26 18.02278019786642
185.26 18.02278019786642
185.26 18.02278019786642
185.26 18.02278019786642
185.26 18.02278019786642
185.26 18.02278019786642
185.26 18.02278019786642
185.26 18.02278019786642
185.26 18.02278019786642
185.26 18.02278019786642
185.28 18.020235539217815
185.28 18.020235539217815
185.28 18.020235539217815
185.28 18.020235539217815
185.28 18.020235539217815
185.28 18.020235539217815
185.28 18.020235539217815
185.28 18.020235539217815
185.28 18.020235539217815
185.28 18.020235539217815
185.28 18.020235539217815
185.28 18.020235539217815
185.42 18.017488698203724
185.42 18.017488698203724
185.42 18.017488698203724
185.44 17.994567081328867
185.46 17.973841823577676
185.46 17.973841823577676
185.46 17.973841823577676
185.48 17.973313550928776
185.48 17.973313550928776
185.62 17.890113516022236
185.62 17.890113516022236
185.62 17.890113516022236
185.68 17.901458661858317
185.68 17.901458661858317
185.68 17.901458661858317
185.68 17.901458661858317
185.68 17.901458661858317
185.82 18.00582397363967
185.82 18.00582397363967
185.82 18.00582397363967
185.82 18.00582397363967
185.88 18.002962719137827
185.88 18.002962719137827
185.9 18.01318260260378
185.9 18.01318260260378
185.9 18.01318260260378
185.9 18.01318260260378
185.9 18.01318260260378
185.9 18.01318260260378
185.9 18.01318260260378
185.92 18.016647744783043
185.92 18.016647744783043
185.92 18.016647744783043
185.92 18.016647744783043
185.92 18.016647744783043
185.92 18.016647744783043
185.92 18.016647744783043
185.92 18.016647744783043
185.92 18.016647744783043
185.92 18.016647744783043
185.92 18.016647744783043
185.92 18.016647744783043
185.92 18.016647744783043
185.92 18.016647744783043
186.06 18.118476534167876
186.06 18.118476534167876
186.06 18.118476534167876
186.06 18.118476534167876
186.06 18.118476534167876
186.06 18.118476534167876
186.06 18.118476534167876
186.06 18.118476534167876
186.06 18.118476534167876
186.06 18.118476534167876
186.06 18.118476534167876
186.06 18.118476534167876
186.06 18.118476534167876
186.06 18.118476534167876
186.06 18.118476534167876
186.06 18.118476534167876
186.06 18.118476534167876
186.06 18.118476534167876
186.06 18.118476534167876
186.06 18.118476534167876
186.06 18.118476534167876
186.06 18.118476534167876
186.06 18.118476534167876
186.06 18.118476534167876
186.06 18.118476534167876
186.06 18.118476534167876
186.06 18.118476534167876
186.06 18.118476534167876
186.06 18.118476534167876
186.06 18.118476534167876
186.06 18.118476534167876
186.06 18.118476534167876
186.06 18.118476534167876
186.08 18.123972628493565
186.08 18.123972628493565
186.08 18.123972628493565
186.08 18.123972628493565
186.08 18.123972628493565
186.08 18.123972628493565
186.08 18.123972628493565
186.08 18.123972628493565
186.08 18.123972628493565
186.08 18.123972628493565
186.08 18.123972628493565
186.08 18.123972628493565
186.08 18.123972628493565
186.08 18.123972628493565
186.08 18.123972628493565
186.08 18.123972628493565
186.08 18.123972628493565
186.08 18.123972628493565
186.08 18.123972628493565
186.14 18.200355196889127
186.14 18.200355196889127
186.14 18.200355196889127
186.16 18.223483572998706
186.16 18.223483572998706
186.16 18.223483572998706
186.16 18.223483572998706
186.16 18.223483572998706
186.16 18.223483572998706
186.16 18.223483572998706
186.16 18.223483572998706
186.16 18.223483572998706
186.16 18.223483572998706
186.16 18.223483572998706
186.16 18.223483572998706
186.16 18.223483572998706
186.16 18.223483572998706
186.16 18.223483572998706
186.16 18.223483572998706
186.16 18.223483572998706
186.16 18.223483572998706
186.16 18.223483572998706
186.18 18.2221864991027
186.18 18.2221864991027
186.18 18.2221864991027
186.18 18.2221864991027
186.18 18.2221864991027
186.18 18.2221864991027
186.18 18.2221864991027
186.18 18.2221864991027
186.18 18.2221864991027
186.18 18.2221864991027
186.18 18.2221864991027
186.18 18.2221864991027
186.18 18.2221864991027
186.18 18.2221864991027
186.18 18.2221864991027
186.18 18.2221864991027
186.18 18.2221864991027
186.18 18.2221864991027
186.18 18.2221864991027
186.18 18.2221864991027
186.18 18.2221864991027
186.18 18.2221864991027
186.18 18.2221864991027
186.18 18.2221864991027
186.18 18.2221864991027
186.18 18.2221864991027
186.18 18.2221864991027
186.18 18.2221864991027
186.18 18.2221864991027
186.18 18.2221864991027
186.18 18.2221864991027
186.18 18.2221864991027
186.18 18.2221864991027
186.18 18.2221864991027
186.18 18.2221864991027
186.18 18.2221864991027
186.18 18.2221864991027
186.18 18.2221864991027
186.18 18.2221864991027
186.18 18.2221864991027
186.18 18.2221864991027
186.18 18.2221864991027
186.18 18.2221864991027
186.18 18.2221864991027
186.18 18.2221864991027
186.18 18.2221864991027
186.18 18.2221864991027
186.18 18.2221864991027
186.18 18.2221864991027
186.18 18.2221864991027
186.18 18.2221864991027
186.18 18.2221864991027
186.18 18.2221864991027
186.18 18.2221864991027
186.18 18.2221864991027
186.18 18.2221864991027
186.18 18.2221864991027
186.18 18.2221864991027
186.18 18.2221864991027
186.18 18.2221864991027
186.18 18.2221864991027
186.18 18.2221864991027
186.18 18.2221864991027
186.18 18.2221864991027
186.18 18.2221864991027
186.18 18.2221864991027
186.2 18.223084483171554
186.2 18.223084483171554
186.2 18.223084483171554
186.2 18.223084483171554
186.2 18.223084483171554
186.2 18.223084483171554
186.2 18.223084483171554
186.2 18.223084483171554
186.2 18.223084483171554
186.2 18.223084483171554
186.2 18.223084483171554
186.2 18.223084483171554
186.2 18.223084483171554
186.2 18.223084483171554
186.2 18.223084483171554
186.2 18.223084483171554
186.2 18.223084483171554
186.2 18.223084483171554
186.2 18.223084483171554
186.2 18.223084483171554
186.2 18.223084483171554
186.2 18.223084483171554
186.2 18.223084483171554
186.2 18.223084483171554
186.2 18.223084483171554
186.2 18.223084483171554
186.2 18.223084483171554
186.2 18.223084483171554
186.2 18.223084483171554
186.2 18.223084483171554
186.2 18.223084483171554
186.2 18.223084483171554
186.2 18.223084483171554
186.2 18.223084483171554
186.22 18.226177200760873
186.22 18.226177200760873
186.22 18.226177200760873
186.22 18.226177200760873
186.22 18.226177200760873
186.22 18.226177200760873
186.22 18.226177200760873
186.22 18.226177200760873
186.22 18.226177200760873
186.22 18.226177200760873
186.22 18.226177200760873
186.22 18.226177200760873
186.22 18.226177200760873
186.22 18.226177200760873
186.22 18.226177200760873
186.22 18.226177200760873
186.22 18.226177200760873
186.22 18.226177200760873
186.22 18.226177200760873
186.22 18.226177200760873
186.22 18.226177200760873
186.22 18.226177200760873
186.22 18.226177200760873
186.22 18.226177200760873
186.22 18.226177200760873
186.22 18.226177200760873
186.22 18.226177200760873
186.22 18.226177200760873
186.22 18.226177200760873
186.22 18.226177200760873
186.22 18.226177200760873
186.22 18.226177200760873
186.22 18.226177200760873
186.22 18.226177200760873
186.22 18.226177200760873
186.22 18.226177200760873
186.22 18.226177200760873
186.22 18.226177200760873
186.22 18.226177200760873
186.22 18.226177200760873
186.22 18.226177200760873
186.22 18.226177200760873
186.22 18.226177200760873
186.22 18.226177200760873
186.22 18.226177200760873
186.22 18.226177200760873
186.22 18.226177200760873
186.22 18.226177200760873
186.22 18.226177200760873
186.22 18.226177200760873
186.22 18.226177200760873
186.22 18.226177200760873
186.22 18.226177200760873
186.22 18.226177200760873
186.22 18.226177200760873
186.22 18.226177200760873
186.22 18.226177200760873
186.22 18.226177200760873
186.22 18.226177200760873
186.22 18.226177200760873
186.22 18.226177200760873
186.22 18.226177200760873
186.22 18.226177200760873
186.22 18.226177200760873
186.22 18.226177200760873
186.22 18.226177200760873
186.22 18.226177200760873
186.22 18.226177200760873
186.22 18.226177200760873
186.22 18.226177200760873
186.22 18.226177200760873
186.22 18.226177200760873
186.22 18.226177200760873
186.22 18.226177200760873
186.22 18.226177200760873
186.22 18.226177200760873
186.22 18.226177200760873
186.22 18.226177200760873
186.22 18.226177200760873
186.22 18.226177200760873
186.22 18.226177200760873
186.22 18.226177200760873
186.22 18.226177200760873
186.22 18.226177200760873
186.22 18.226177200760873
186.22 18.226177200760873
186.22 18.226177200760873
186.22 18.226177200760873
186.22 18.226177200760873
186.22 18.226177200760873
186.22 18.226177200760873
186.22 18.226177200760873
186.22 18.226177200760873
186.22 18.226177200760873
186.22 18.226177200760873
186.22 18.226177200760873
186.22 18.226177200760873
186.22 18.226177200760873
186.22 18.226177200760873
186.22 18.226177200760873
186.22 18.226177200760873
186.22 18.226177200760873
186.22 18.226177200760873
186.22 18.226177200760873
186.22 18.226177200760873
186.22 18.226177200760873
186.22 18.226177200760873
186.22 18.226177200760873
186.22 18.226177200760873
186.22 18.226177200760873
186.22 18.226177200760873
186.36 18.309085893692956
186.36 18.309085893692956
186.36 18.309085893692956
186.36 18.309085893692956
186.36 18.309085893692956
186.36 18.309085893692956
186.36 18.309085893692956
186.36 18.309085893692956
186.38 18.320811150495526
186.38 18.320811150495526
186.38 18.320811150495526
186.38 18.320811150495526
186.38 18.320811150495526
186.38 18.320811150495526
186.38 18.320811150495526
186.38 18.320811150495526
186.38 18.320811150495526
186.38 18.320811150495526
186.4 18.334710692062096
186.4 18.334710692062096
186.4 18.334710692062096
186.4 18.334710692062096
186.4 18.334710692062096
186.4 18.334710692062096
186.4 18.334710692062096
186.4 18.334710692062096
186.4 18.334710692062096
186.4 18.334710692062096
186.4 18.334710692062096
186.4 18.334710692062096
186.4 18.334710692062096
186.4 18.334710692062096
186.4 18.334710692062096
186.4 18.334710692062096
186.4 18.334710692062096
186.4 18.334710692062096
186.4 18.334710692062096
186.4 18.334710692062096
186.4 18.334710692062096
186.42 18.350779577748494
186.42 18.350779577748494
186.42 18.350779577748494
186.42 18.350779577748494
186.42 18.350779577748494
186.42 18.350779577748494
186.42 18.350779577748494
186.42 18.350779577748494
186.42 18.350779577748494
186.42 18.350779577748494
186.42 18.350779577748494
186.42 18.350779577748494
186.42 18.350779577748494
186.42 18.350779577748494
186.42 18.350779577748494
186.42 18.350779577748494
186.42 18.350779577748494
186.42 18.350779577748494
186.42 18.350779577748494
186.42 18.350779577748494
186.42 18.350779577748494
186.42 18.350779577748494
186.44 18.369012114444427
186.44 18.369012114444427
186.44 18.369012114444427
186.44 18.369012114444427
186.44 18.369012114444427
186.44 18.369012114444427
186.44 18.369012114444427
186.44 18.369012114444427
186.44 18.369012114444427
186.44 18.369012114444427
186.44 18.369012114444427
186.44 18.369012114444427
186.44 18.369012114444427
186.44 18.369012114444427
186.44 18.369012114444427
186.44 18.369012114444427
186.44 18.369012114444427
186.44 18.369012114444427
186.68 18.142466505662643
186.68 18.142466505662643
186.68 18.142466505662643
186.68 18.142466505662643
186.7 18.169516040096195
186.7 18.169516040096195
186.7 18.169516040096195
186.7 18.169516040096195
186.78 18.103841882569867
186.8 18.092913954184805
186.8 18.092913954184805
186.8 18.092913954184805
186.86 18.033089675158923
186.86 18.033089675158923
186.86 18.033089675158923
186.86 18.033089675158923
186.86 18.033089675158923
186.86 18.033089675158923
186.86 18.033089675158923
186.86 18.033089675158923
186.88 18.017544760369525
186.9 18.008695991468432
186.9 18.008695991468432
186.9 18.008695991468432
186.92 18.00206497695038
186.92 18.00206497695038
186.92 18.00206497695038
186.92 18.00206497695038
186.92 18.00206497695038
186.92 18.00206497695038
186.92 18.00206497695038
186.92 18.00206497695038
186.94 18.00887547737493
186.94 18.00887547737493
186.94 18.00887547737493
186.94 18.00887547737493
186.94 18.00887547737493
186.96 18.017903554099973
186.96 18.017903554099973
186.96 18.017903554099973
186.98 18.029145875778497
186.98 18.029145875778497
186.98 18.029145875778497
186.98 18.029145875778497
186.98 18.029145875778497
186.98 18.029145875778497
186.98 18.029145875778497
186.98 18.029145875778497
186.98 18.029145875778497
186.98 18.029145875778497
186.98 18.029145875778497
186.98 18.029145875778497
186.98 18.029145875778497
186.98 18.029145875778497
187.0 18.0246744461277
187.0 18.0246744461277
187.0 18.0246744461277
187.0 18.0246744461277
187.02 18.022421501221103
187.04 18.022387873044593
187.04 18.022387873044593
187.04 18.022387873044593
187.04 18.022387873044593
187.04 18.022387873044593
187.04 18.022387873044593
187.04 18.022387873044593
187.04 18.022387873044593
187.04 18.022387873044593
187.06 18.00887547737492
187.06 18.00887547737492
187.06 18.00887547737492
187.06 18.00887547737492
187.14 18.05324336399408
187.14 18.05324336399408
187.2 18.025795209346327
187.2 18.025795209346327
187.2 18.025795209346327
187.34 18.03936212449281
187.34 18.03936212449281
187.34 18.03936212449281
187.4 18.105192067414798
187.4 18.105192067414798
187.54 18.226088527994783
187.68 18.452713249347
187.68 18.452713249347
187.68 18.452713249347
187.74 18.535589572713373
187.74 18.535589572713373
187.74 18.535589572713373
187.74 18.535589572713373
187.74 18.535589572713373
187.74 18.535589572713373
187.74 18.535589572713373
187.74 18.535589572713373
187.74 18.535589572713373
187.74 18.535589572713373
187.76 18.563089258748995
187.76 18.563089258748995
187.76 18.563089258748995
187.76 18.563089258748995
187.78 18.54700825339535
187.78 18.54700825339535
187.78 18.54700825339535
187.78 18.54700825339535
187.78 18.54700825339535
187.78 18.54700825339535
187.78 18.54700825339535
187.78 18.54700825339535
187.92 18.586233636971237
187.94 18.615633703471346
187.94 18.615633703471346
187.94 18.615633703471346
187.96 18.601574822003258
187.96 18.601574822003258
187.96 18.601574822003258
187.96 18.601574822003258
187.96 18.601574822003258
187.96 18.601574822003258
187.96 18.601574822003258
188.02 18.728242595264266
188.02 18.728242595264266
188.02 18.728242595264266
188.04 18.774536807155386
188.04 18.774536807155386
188.2 18.784261626385128
188.2 18.784261626385128
188.2 18.784261626385128
188.2 18.784261626385128
188.2 18.784261626385128
188.34 18.849869383037536
188.34 18.849869383037536
188.34 18.849869383037536
188.34 18.849869383037536
188.34 18.849869383037536
188.34 18.849869383037536
188.34 18.849869383037536
188.34 18.849869383037536
188.34 18.849869383037536
188.34 18.849869383037536
188.4 18.94809497100706
188.4 18.94809497100706
188.4 18.94809497100706
188.4 18.94809497100706
188.4 18.94809497100706
188.4 18.94809497100706
188.46 19.102815911733433
188.46 19.102815911733433
188.46 19.102815911733433
188.46 19.102815911733433
188.46 19.102815911733433
188.46 19.102815911733433
188.46 19.102815911733433
188.46 19.102815911733433
188.46 19.102815911733433
188.46 19.102815911733433
188.46 19.102815911733433
188.46 19.102815911733433
188.46 19.102815911733433
188.46 19.102815911733433
188.46 19.102815911733433
188.46 19.102815911733433
188.46 19.102815911733433
188.46 19.102815911733433
188.46 19.102815911733433
188.46 19.102815911733433
188.46 19.102815911733433
188.46 19.102815911733433
188.46 19.102815911733433
188.46 19.102815911733433
188.46 19.102815911733433
188.46 19.102815911733433
188.46 19.102815911733433
188.46 19.102815911733433
188.46 19.102815911733433
188.46 19.102815911733433
188.46 19.102815911733433
188.46 19.102815911733433
188.46 19.102815911733433
188.46 19.102815911733433
188.46 19.102815911733433
188.46 19.102815911733433
188.46 19.102815911733433
188.46 19.102815911733433
188.46 19.102815911733433
188.46 19.102815911733433
188.46 19.102815911733433
188.46 19.102815911733433
188.46 19.102815911733433
188.46 19.102815911733433
188.46 19.102815911733433
188.46 19.102815911733433
188.46 19.102815911733433
188.46 19.102815911733433
188.46 19.102815911733433
188.52 19.21829936032401
188.52 19.21829936032401
188.74 19.245684285999396
188.74 19.245684285999396
188.74 19.245684285999396
188.74 19.245684285999396
188.74 19.245684285999396
188.74 19.245684285999396
188.74 19.245684285999396
188.74 19.245684285999396
188.74 19.245684285999396
188.74 19.245684285999396
188.74 19.245684285999396
188.74 19.245684285999396
188.76 19.241747542384193
188.76 19.241747542384193
188.76 19.241747542384193
188.78 19.239889119569614
188.78 19.239889119569614
188.78 19.239889119569614
188.78 19.239889119569614
188.86 19.28678827643945
188.86 19.28678827643945
188.92 19.28713393310513
188.98 19.29357458331712
188.98 19.29357458331712
188.98 19.29357458331712
188.98 19.29357458331712
188.98 19.29357458331712
189.04 19.362527591909963
189.04 19.362527591909963
189.04 19.362527591909963
189.04 19.362527591909963
189.04 19.362527591909963
189.04 19.362527591909963
189.04 19.362527591909963
189.04 19.362527591909963
189.04 19.362527591909963
189.06 19.366648411820535
189.06 19.366648411820535
189.06 19.366648411820535
189.06 19.366648411820535
189.06 19.366648411820535
189.06 19.366648411820535
189.06 19.366648411820535
189.2 19.597979693856402
189.2 19.597979693856402
189.2 19.597979693856402
189.2 19.597979693856402
189.26 19.621993432437648
189.26 19.621993432437648
189.26 19.621993432437648
189.26 19.621993432437648
189.26 19.621993432437648
189.26 19.621993432437648
189.26 19.621993432437648
189.26 19.621993432437648
189.26 19.621993432437648
189.26 19.621993432437648
189.26 19.621993432437648
189.26 19.621993432437648
189.26 19.621993432437648
189.26 19.621993432437648
189.26 19.621993432437648
189.28 19.634066457475527
189.28 19.634066457475527
189.28 19.634066457475527
189.28 19.634066457475527
189.28 19.634066457475527
189.28 19.634066457475527
189.28 19.634066457475527
189.28 19.634066457475527
189.28 19.634066457475527
189.28 19.634066457475527
189.28 19.634066457475527
189.28 19.634066457475527
189.28 19.634066457475527
189.28 19.634066457475527
189.28 19.634066457475527
189.28 19.634066457475527
189.28 19.634066457475527
189.28 19.634066457475527
189.28 19.634066457475527
189.3 19.596691124531784
189.3 19.596691124531784
189.3 19.596691124531784
189.34 19.57540200446376
189.34 19.57540200446376
189.34 19.57540200446376
189.34 19.57540200446376
189.34 19.57540200446376
189.34 19.57540200446376
189.34 19.57540200446376
189.34 19.57540200446376
189.34 19.57540200446376
189.34 19.57540200446376
189.34 19.57540200446376
189.34 19.57540200446376
189.34 19.57540200446376
189.34 19.57540200446376
189.34 19.57540200446376
189.36 19.581231995577973
189.36 19.581231995577973
189.36 19.581231995577973
189.36 19.581231995577973
189.36 19.581231995577973
189.36 19.581231995577973
189.38 19.547807234489692
189.52 19.370121738430456
189.52 19.370121738430456
189.52 19.370121738430456
189.52 19.370121738430456
189.52 19.370121738430456
189.52 19.370121738430456
189.52 19.370121738430456
189.52 19.370121738430456
189.52 19.370121738430456
189.52 19.370121738430456
189.52 19.370121738430456
189.52 19.370121738430456
189.52 19.370121738430456
189.52 19.370121738430456
189.52 19.370121738430456
189.52 19.370121738430456
189.52 19.370121738430456
189.66 19.292653126163465
189.66 19.292653126163465
189.66 19.292653126163465
189.66 19.292653126163465
189.66 19.292653126163465
189.66 19.292653126163465
189.66 19.292653126163465
189.66 19.292653126163465
189.66 19.292653126163465
189.66 19.292653126163465
189.66 19.292653126163465
189.66 19.292653126163465
189.66 19.292653126163465
189.66 19.292653126163465
189.66 19.292653126163465
189.66 19.292653126163465
189.66 19.292653126163465
189.66 19.292653126163465
189.66 19.292653126163465
189.66 19.292653126163465
189.66 19.292653126163465
189.66 19.292653126163465
189.66 19.292653126163465
189.66 19.292653126163465
189.66 19.292653126163465
189.72 19.290485434089735
189.72 19.290485434089735
189.72 19.290485434089735
189.72 19.290485434089735
189.72 19.290485434089735
189.72 19.290485434089735
189.72 19.290485434089735
189.72 19.290485434089735
189.72 19.290485434089735
189.72 19.290485434089735
189.72 19.290485434089735
189.72 19.290485434089735
189.72 19.290485434089735
189.72 19.290485434089735
189.72 19.290485434089735
189.72 19.290485434089735
189.72 19.290485434089735
189.72 19.290485434089735
189.72 19.290485434089735
189.72 19.290485434089735
189.72 19.290485434089735
189.72 19.290485434089735
189.72 19.290485434089735
189.72 19.290485434089735
189.72 19.290485434089735
189.72 19.290485434089735
189.72 19.290485434089735
189.72 19.290485434089735
189.72 19.290485434089735
189.84 19.16579444655704
189.84 19.16579444655704
189.84 19.16579444655704
189.84 19.16579444655704
189.84 19.16579444655704
189.84 19.16579444655704
189.84 19.16579444655704
189.84 19.16579444655704
189.84 19.16579444655704
189.84 19.16579444655704
189.84 19.16579444655704
189.84 19.16579444655704
189.9 19.131390462015588
189.9 19.131390462015588
189.9 19.131390462015588
189.9 19.131390462015588
189.9 19.131390462015588
189.92 19.124092372996664
189.92 19.124092372996664
189.92 19.124092372996664
189.92 19.124092372996664
189.92 19.124092372996664
189.92 19.124092372996664
189.92 19.124092372996664
189.98 19.114741257294938
189.98 19.114741257294938
189.98 19.114741257294938
189.98 19.114741257294938
189.98 19.114741257294938
189.98 19.114741257294938
189.98 19.114741257294938
189.98 19.114741257294938
189.98 19.114741257294938
190.04 19.12421913636626
190.04 19.12421913636626
190.04 19.12421913636626
190.04 19.12421913636626
190.04 19.12421913636626
190.04 19.12421913636626
190.04 19.12421913636626
190.04 19.12421913636626
190.04 19.12421913636626
190.04 19.12421913636626
190.04 19.12421913636626
190.04 19.12421913636626
190.04 19.12421913636626
190.04 19.12421913636626
190.04 19.12421913636626
190.04 19.12421913636626
190.04 19.12421913636626
190.04 19.12421913636626
190.04 19.12421913636626
190.04 19.12421913636626
190.04 19.12421913636626
190.04 19.12421913636626
190.04 19.12421913636626
190.04 19.12421913636626
190.04 19.12421913636626
190.04 19.12421913636626
190.04 19.12421913636626
190.04 19.12421913636626
190.04 19.12421913636626
190.04 19.12421913636626
190.04 19.12421913636626
190.04 19.12421913636626
190.04 19.12421913636626
190.04 19.12421913636626
190.04 19.12421913636626
190.04 19.12421913636626
190.04 19.12421913636626
190.04 19.12421913636626
190.04 19.12421913636626
190.04 19.12421913636626
190.04 19.12421913636626
190.04 19.12421913636626
190.04 19.12421913636626
190.04 19.12421913636626
190.04 19.12421913636626
190.04 19.12421913636626
190.04 19.12421913636626
190.04 19.12421913636626
190.04 19.12421913636626
190.04 19.12421913636626
190.04 19.12421913636626
190.04 19.12421913636626
190.04 19.12421913636626
190.04 19.12421913636626
190.04 19.12421913636626
190.04 19.12421913636626
190.06 19.110428693477413
190.08 19.117753132847092
190.14 19.088851259943375
190.14 19.088851259943375
190.14 19.088851259943375
190.14 19.088851259943375
190.14 19.088851259943375
190.14 19.088851259943375
190.14 19.088851259943375
190.14 19.088851259943375
190.14 19.088851259943375
190.14 19.088851259943375
190.14 19.088851259943375
190.14 19.088851259943375
190.14 19.088851259943375
190.14 19.088851259943375
190.14 19.088851259943375
190.14 19.088851259943375
190.14 19.088851259943375
190.14 19.088851259943375
190.14 19.088851259943375
190.14 19.088851259943375
190.14 19.088851259943375
190.14 19.088851259943375
190.14 19.088851259943375
190.14 19.088851259943375
190.14 19.088851259943375
190.14 19.088851259943375
190.14 19.088851259943375
190.14 19.088851259943375
190.14 19.088851259943375
190.14 19.088851259943375
190.14 19.088851259943375
190.14 19.088851259943375
190.14 19.088851259943375
190.14 19.088851259943375
190.14 19.088851259943375
190.14 19.088851259943375
190.14 19.088851259943375
190.14 19.088851259943375
190.14 19.088851259943375
190.14 19.088851259943375
190.14 19.088851259943375
190.14 19.088851259943375
190.14 19.088851259943375
190.14 19.088851259943375
190.14 19.088851259943375
190.14 19.088851259943375
190.14 19.088851259943375
190.14 19.088851259943375
190.14 19.088851259943375
190.14 19.088851259943375
190.14 19.088851259943375
190.14 19.088851259943375
190.14 19.088851259943375
190.14 19.088851259943375
190.14 19.088851259943375
190.14 19.088851259943375
190.14 19.088851259943375
190.14 19.088851259943375
190.14 19.088851259943375
190.14 19.088851259943375
190.14 19.088851259943375
190.14 19.088851259943375
190.14 19.088851259943375
190.14 19.088851259943375
190.14 19.088851259943375
190.14 19.088851259943375
190.14 19.088851259943375
190.14 19.088851259943375
190.16 19.08340015867617
190.16 19.08340015867617
190.16 19.08340015867617
190.16 19.08340015867617
190.16 19.08340015867617
190.16 19.08340015867617
190.16 19.08340015867617
190.16 19.08340015867617
190.16 19.08340015867617
190.16 19.08340015867617
190.16 19.08340015867617
190.16 19.08340015867617
190.16 19.08340015867617
190.16 19.08340015867617
190.18 19.094861543717393
190.18 19.094861543717393
190.18 19.094861543717393
190.18 19.094861543717393
190.18 19.094861543717393
190.18 19.094861543717393
190.18 19.094861543717393
190.18 19.094861543717393
190.18 19.094861543717393
190.18 19.094861543717393
190.18 19.094861543717393
190.18 19.094861543717393
190.18 19.094861543717393
190.24 19.091020682694538
190.24 19.091020682694538
190.24 19.091020682694538
190.24 19.091020682694538
190.24 19.091020682694538
190.24 19.091020682694538
190.24 19.091020682694538
190.38 19.228965944978196
190.38 19.228965944978196
190.38 19.228965944978196
190.38 19.228965944978196
190.38 19.228965944978196
190.38 19.228965944978196
190.38 19.228965944978196
190.44 19.318866060371807
190.44 19.318866060371807
190.44 19.318866060371807
190.44 19.318866060371807
190.44 19.318866060371807
190.44 19.318866060371807
190.44 19.318866060371807
190.44 19.318866060371807
190.44 19.318866060371807
190.44 19.318866060371807
190.44 19.318866060371807
190.44 19.318866060371807
190.44 19.318866060371807
190.58 19.59858786914625
190.58 19.59858786914625
190.58 19.59858786914625
190.58 19.59858786914625
190.58 19.59858786914625
190.58 19.59858786914625
190.58 19.59858786914625
190.58 19.59858786914625
190.58 19.59858786914625
190.58 19.59858786914625
190.58 19.59858786914625
190.58 19.59858786914625
190.58 19.59858786914625
190.58 19.59858786914625
190.58 19.59858786914625
190.58 19.59858786914625
190.58 19.59858786914625
190.58 19.59858786914625
190.58 19.59858786914625
190.58 19.59858786914625
190.58 19.59858786914625
190.58 19.59858786914625
190.58 19.59858786914625
190.58 19.59858786914625
190.58 19.59858786914625
190.58 19.59858786914625
190.58 19.59858786914625
190.58 19.59858786914625
190.58 19.59858786914625
190.58 19.59858786914625
190.58 19.59858786914625
190.58 19.59858786914625
190.58 19.59858786914625
190.58 19.59858786914625
190.58 19.59858786914625
190.58 19.59858786914625
190.58 19.59858786914625
190.58 19.59858786914625
190.58 19.59858786914625
190.58 19.59858786914625
190.58 19.59858786914625
190.58 19.59858786914625
190.58 19.59858786914625
190.58 19.59858786914625
190.58 19.59858786914625
190.58 19.59858786914625
190.64 19.630691286962886
190.64 19.630691286962886
190.64 19.630691286962886
190.64 19.630691286962886
190.64 19.630691286962886
190.64 19.630691286962886
190.64 19.630691286962886
190.64 19.630691286962886
190.64 19.630691286962886
190.64 19.630691286962886
190.64 19.630691286962886
190.64 19.630691286962886
190.64 19.630691286962886
190.64 19.630691286962886
190.64 19.630691286962886
190.64 19.630691286962886
190.64 19.630691286962886
190.64 19.630691286962886
190.64 19.630691286962886
190.64 19.630691286962886
190.64 19.630691286962886
190.64 19.630691286962886
190.64 19.630691286962886
190.64 19.630691286962886
190.64 19.630691286962886
190.64 19.630691286962886
190.64 19.630691286962886
190.64 19.630691286962886
190.64 19.630691286962886
190.64 19.630691286962886
190.64 19.630691286962886
190.64 19.630691286962886
190.64 19.630691286962886
190.64 19.630691286962886
190.64 19.630691286962886
190.64 19.630691286962886
190.64 19.630691286962886
190.64 19.630691286962886
190.64 19.630691286962886
190.64 19.630691286962886
190.64 19.630691286962886
190.64 19.630691286962886
190.64 19.630691286962886
190.64 19.630691286962886
190.64 19.630691286962886
190.64 19.630691286962886
190.64 19.630691286962886
190.64 19.630691286962886
190.64 19.630691286962886
190.64 19.630691286962886
190.64 19.630691286962886
190.64 19.630691286962886
190.64 19.630691286962886
190.64 19.630691286962886
190.64 19.630691286962886
190.64 19.630691286962886
190.64 19.630691286962886
190.64 19.630691286962886
190.64 19.630691286962886
190.64 19.630691286962886
190.64 19.630691286962886
190.64 19.630691286962886
190.64 19.630691286962886
190.64 19.630691286962886
190.64 19.630691286962886
190.64 19.630691286962886
190.64 19.630691286962886
190.64 19.630691286962886
190.64 19.630691286962886
190.64 19.630691286962886
190.64 19.630691286962886
190.66 19.61663898970783
190.66 19.61663898970783
190.66 19.61663898970783
190.66 19.61663898970783
190.66 19.61663898970783
190.66 19.61663898970783
190.66 19.61663898970783
190.66 19.61663898970783
190.66 19.61663898970783
190.66 19.61663898970783
190.66 19.61663898970783
190.66 19.61663898970783
190.66 19.61663898970783
190.66 19.61663898970783
190.66 19.61663898970783
190.66 19.61663898970783
190.66 19.61663898970783
190.66 19.61663898970783
190.66 19.61663898970783
190.66 19.61663898970783
190.66 19.61663898970783
190.66 19.61663898970783
190.66 19.61663898970783
190.66 19.61663898970783
190.66 19.61663898970783
190.66 19.61663898970783
190.66 19.61663898970783
190.66 19.61663898970783
190.66 19.61663898970783
190.66 19.61663898970783
190.66 19.61663898970783
190.66 19.61663898970783
190.66 19.61663898970783
190.66 19.61663898970783
190.66 19.61663898970783
190.66 19.61663898970783
190.68 19.604617060810195
190.68 19.604617060810195
190.68 19.604617060810195
190.68 19.604617060810195
190.68 19.604617060810195
190.68 19.604617060810195
190.68 19.604617060810195
190.68 19.604617060810195
190.68 19.604617060810195
190.68 19.604617060810195
190.68 19.604617060810195
190.68 19.604617060810195
190.68 19.604617060810195
190.68 19.604617060810195
190.68 19.604617060810195
190.68 19.604617060810195
190.82 19.577548468600558
190.82 19.577548468600558
190.82 19.577548468600558
190.82 19.577548468600558
190.82 19.577548468600558
190.88 19.59657772637506
190.88 19.59657772637506
190.88 19.59657772637506
190.88 19.59657772637506
190.88 19.59657772637506
190.88 19.59657772637506
190.88 19.59657772637506
190.88 19.59657772637506
190.88 19.59657772637506
190.88 19.59657772637506
190.88 19.59657772637506
190.88 19.59657772637506
190.88 19.59657772637506
190.88 19.59657772637506
190.88 19.59657772637506
190.88 19.59657772637506
190.88 19.59657772637506
190.88 19.59657772637506
190.88 19.59657772637506
190.88 19.59657772637506
190.88 19.59657772637506
190.88 19.59657772637506
190.88 19.59657772637506
190.88 19.59657772637506
190.88 19.59657772637506
190.88 19.59657772637506
190.88 19.59657772637506
190.88 19.59657772637506
190.88 19.59657772637506
190.88 19.59657772637506
190.88 19.59657772637506
190.88 19.59657772637506
190.88 19.59657772637506
190.88 19.59657772637506
190.88 19.59657772637506
190.88 19.59657772637506
190.88 19.59657772637506
190.88 19.59657772637506
190.88 19.59657772637506
190.88 19.59657772637506
190.88 19.59657772637506
190.88 19.59657772637506
190.88 19.59657772637506
190.88 19.59657772637506
190.88 19.59657772637506
190.88 19.59657772637506
190.88 19.59657772637506
190.88 19.59657772637506
190.94 19.584481591094498
190.94 19.584481591094498
190.94 19.584481591094498
190.94 19.584481591094498
190.94 19.584481591094498
190.94 19.584481591094498
190.94 19.584481591094498
190.94 19.584481591094498
190.94 19.584481591094498
190.94 19.584481591094498
191.0 19.59076261399693
191.0 19.59076261399693
191.02 19.5969385364143
191.02 19.5969385364143
191.02 19.5969385364143
191.02 19.5969385364143
191.02 19.5969385364143
191.02 19.5969385364143
191.02 19.5969385364143
191.02 19.5969385364143
191.02 19.5969385364143
191.02 19.5969385364143
191.02 19.5969385364143
191.02 19.5969385364143
191.02 19.5969385364143
191.02 19.5969385364143
191.02 19.5969385364143
191.02 19.5969385364143
191.02 19.5969385364143
191.02 19.5969385364143
191.02 19.5969385364143
191.02 19.5969385364143
191.02 19.5969385364143
191.02 19.5969385364143
191.02 19.5969385364143
191.02 19.5969385364143
191.02 19.5969385364143
191.02 19.5969385364143
191.16 19.69705920725583
191.16 19.69705920725583
191.16 19.69705920725583
191.22 19.68416273622687
191.22 19.68416273622687
191.22 19.68416273622687
191.22 19.68416273622687
191.22 19.68416273622687
191.22 19.68416273622687
191.22 19.68416273622687
191.22 19.68416273622687
191.22 19.68416273622687
191.28 19.596990080163337
191.3 19.59669112453179
191.3 19.59669112453179
191.3 19.59669112453179
191.32 19.619038372628427
191.32 19.619038372628427
191.32 19.619038372628427
191.32 19.619038372628427
191.32 19.619038372628427
191.32 19.619038372628427
191.32 19.619038372628427
191.32 19.619038372628427
191.34 19.59396938763651
191.36 19.570912243955465
191.36 19.570912243955465
191.36 19.570912243955465
191.36 19.570912243955465
191.36 19.570912243955465
191.36 19.570912243955465
191.36 19.570912243955465
191.36 19.570912243955465
191.36 19.570912243955465
191.36 19.570912243955465
191.36 19.570912243955465
191.38 19.549874059890406
191.38 19.549874059890406
191.38 19.549874059890406
191.38 19.549874059890406
191.38 19.549874059890406
191.38 19.549874059890406
191.38 19.549874059890406
191.38 19.549874059890406
191.38 19.549874059890406
191.38 19.549874059890406
191.38 19.549874059890406
191.38 19.549874059890406
191.38 19.549874059890406
191.38 19.549874059890406
191.38 19.549874059890406
191.38 19.549874059890406
191.38 19.549874059890406
191.38 19.549874059890406
191.38 19.549874059890406
191.38 19.549874059890406
191.38 19.549874059890406
191.38 19.549874059890406
191.38 19.549874059890406
191.38 19.549874059890406
191.38 19.549874059890406
191.44 19.629044651724495
191.44 19.629044651724495
191.46 19.630639831702382
191.46 19.630639831702382
191.46 19.630639831702382
191.46 19.630639831702382
191.46 19.630639831702382
191.46 19.630639831702382
191.46 19.630639831702382
191.46 19.630639831702382
191.46 19.630639831702382
191.46 19.630639831702382
191.52 19.57966374387549
191.52 19.57966374387549
191.52 19.57966374387549
191.52 19.57966374387549
191.52 19.57966374387549
191.52 19.57966374387549
191.52 19.57966374387549
191.52 19.57966374387549
191.52 19.57966374387549
191.52 19.57966374387549
191.52 19.57966374387549
191.52 19.57966374387549
191.52 19.57966374387549
191.52 19.57966374387549
191.52 19.57966374387549
191.52 19.57966374387549
191.52 19.57966374387549
191.52 19.57966374387549
191.52 19.57966374387549
191.52 19.57966374387549
191.52 19.57966374387549
191.52 19.57966374387549
191.52 19.57966374387549
191.52 19.57966374387549
191.52 19.57966374387549
191.52 19.57966374387549
191.52 19.57966374387549
191.52 19.57966374387549
191.52 19.57966374387549
191.52 19.57966374387549
191.52 19.57966374387549
191.52 19.57966374387549
191.52 19.57966374387549
191.52 19.57966374387549
191.52 19.57966374387549
191.52 19.57966374387549
191.52 19.57966374387549
191.54 19.583243713528024
191.56 19.568228217075642
191.56 19.568228217075642
191.56 19.568228217075642
191.56 19.568228217075642
191.78 19.471595473998274
191.78 19.471595473998274
191.78 19.471595473998274
191.78 19.471595473998274
191.78 19.471595473998274
191.78 19.471595473998274
191.78 19.471595473998274
191.78 19.471595473998274
191.78 19.471595473998274
191.78 19.471595473998274
191.78 19.471595473998274
