104.36 10.599714118500527
105.84 10.373548334610732
107.2 10.704478435956544
108.66 10.764907446106182
109.98 10.871127546920516
111.44 10.682110032548568
112.88 10.645129772754665
114.36 10.588272529148234
115.78 10.451987390158886
116.94 10.569462396618633
118.42 10.175411043244885
119.62 10.287562364036457
121.04 10.195978609137027
122.54 10.272469827827988
123.66 10.296827009552333
124.72 10.353431090876844
125.74 10.31486129990916
126.86 10.171280622170913
127.98 10.388396790592274
128.94 10.08431124734522
129.7 10.266646989355404
130.54 10.416983025499052
131.46 10.586268979630683
132.24 10.91854136112262
133.48 11.464904727211666
134.9 11.607642901871756
136.02 11.37246364218982
136.92 11.64602502959267
138.06 11.974569012298648
138.76 11.577686655063186
139.62 11.573899581176239
140.4 12.193722511475677
140.78 12.016470178698713
141.56 12.17575003393585
143.02 13.601826971759966
144.12 13.61466826328103
144.56 13.381971891958669
145.2 13.162542507149796
146.0 14.34918080933507
146.6 14.060475443489445
147.46 14.207282241402426
147.78 14.30093590212779
148.18 14.52297378902708
148.88 14.76911875119395
149.38 14.843819922748658
149.9 14.70071804746663
150.4 14.53383374173254
150.98 14.943651738203991
151.92 14.912322882011837
152.34 14.953274024119398
152.82 14.896532034895461
153.14 14.71687000099759
153.82 14.511841211697961
154.02 14.465549461120416
154.44 14.535446051607494
154.96 14.37584955768008
155.22 14.530761518345496
155.52 14.730220430780863
155.88 14.63583536282356
156.6 14.989558655506462
156.92 15.00550740645755
156.98 15.062147351167525
157.32 15.26922037659719
157.5 15.364592642524144
157.9 15.229888211982875
158.04 15.260644571159917
158.2 15.185053789363364
159.04 15.785122774628682
159.18 15.69943703552211
159.82 15.68913926603658
159.92 15.595700003073238
160.06 15.58672058471116
160.36 15.5579853802126
160.62 15.561400056459307
160.62 15.561400056459307
160.96 15.684979625698784
161.26 15.597604063613511
161.42 15.666460346803921
161.64 15.718174515541241
161.82 15.601333794314387
162.14 15.648293546233429
162.52 15.420359099173881
162.54 15.39475182776208
162.6 15.343869897595695
162.82 15.292686573204287
162.98 15.341223266517288
163.1 15.253746021117816
163.24 15.140500238590125
163.3 15.12339815376067
163.46 15.08991234386253
163.76 15.048151670117777
163.86 15.042713595732396
163.92 15.11683789285272
163.94 15.123611882207117
163.94 15.123611882207117
164.08 15.076692829220425
164.22 15.055171264990037
164.3 15.005386238335092
164.34 15.007217118991969
164.5 14.946030857182063
164.6 14.919311598926356
164.8 14.855533268343773
164.84 14.888623546557655
164.9 14.82115605027714
164.94 14.834998204151281
164.94 14.834998204151281
164.94 14.834998204151281
164.94 14.834998204151281
164.98 14.805117870233765
165.02 14.821483179370537
165.08 14.886560951734182
165.08 14.886560951734182
165.1 14.851112939963642
165.26 15.233283601801991
165.26 15.233283601801991
165.34 15.25289838328798
165.48 15.262338939330037
165.54 15.276191285854603
165.56 15.254289014350466
165.64 15.25375926508517
165.66 15.28200896413158
165.66 15.28200896413158
165.66 15.28200896413158
165.66 15.28200896413158
165.66 15.28200896413158
165.68 15.259956180351985
165.74 15.288881548036763
165.74 15.288881548036763
165.76 15.285247393444038
165.98 15.532292851093208
166.04 15.450095616061876
166.1 15.382989424567763
166.1 15.382989424567763
166.12 15.363133097967307
166.24 15.240244437181788
166.24 15.240244437181788
166.26 15.214705804821623
166.32 15.193619075324369
166.44 15.118601827289492
166.44 15.118601827289492
166.52 15.299356294638772
166.52 15.299356294638772
166.52 15.299356294638772
166.54 15.299976893096703
166.56 15.271495861852758
166.56 15.271495861852758
166.56 15.271495861852758
166.58 15.26677252841423
166.58 15.26677252841423
166.66 15.247599579254857
166.66 15.247599579254857
166.68 15.248036800277808
166.68 15.248036800277808
166.68 15.248036800277808
166.68 15.248036800277808
166.7 15.221927299362282
166.7 15.221927299362282
166.7 15.221927299362282
166.7 15.221927299362282
166.82 15.350701625790279
166.84 15.32985467786451
166.84 15.32985467786451
166.84 15.32985467786451
166.86 15.324780223183916
167.08 15.28297395565709
167.14 15.21098752264762
167.14 15.21098752264762
167.14 15.21098752264762
167.14 15.21098752264762
167.14 15.21098752264762
167.16 15.216099926383789
167.22 15.127458477880547
167.22 15.127458477880547
167.22 15.127458477880547
167.22 15.127458477880547
167.22 15.127458477880547
167.22 15.127458477880547
167.22 15.127458477880547
167.22 15.127458477880547
167.28 15.102397963317756
167.34 15.141234087648522
167.34 15.141234087648522
167.34 15.141234087648522
167.34 15.141234087648522
167.34 15.141234087648522
167.34 15.141234087648522
167.34 15.141234087648522
167.34 15.141234087648522
167.34 15.141234087648522
167.34 15.141234087648522
167.34 15.141234087648522
167.34 15.141234087648522
167.34 15.141234087648522
167.34 15.141234087648522
167.34 15.141234087648522
167.34 15.141234087648522
167.34 15.141234087648522
167.34 15.141234087648522
167.34 15.141234087648522
167.34 15.141234087648522
167.34 15.141234087648522
167.34 15.141234087648522
167.34 15.141234087648522
167.34 15.141234087648522
167.34 15.141234087648522
167.34 15.141234087648522
167.34 15.141234087648522
167.34 15.141234087648522
167.34 15.141234087648522
167.34 15.141234087648522
167.34 15.141234087648522
167.34 15.141234087648522
167.34 15.141234087648522
167.34 15.141234087648522
167.34 15.141234087648522
167.34 15.141234087648522
167.34 15.141234087648522
167.34 15.141234087648522
167.34 15.141234087648522
167.34 15.141234087648522
167.34 15.141234087648522
167.34 15.141234087648522
167.34 15.141234087648522
167.34 15.141234087648522
167.34 15.141234087648522
167.34 15.141234087648522
167.34 15.141234087648522
167.34 15.141234087648522
167.34 15.141234087648522
167.34 15.141234087648522
167.34 15.141234087648522
167.34 15.141234087648522
167.34 15.141234087648522
167.34 15.141234087648522
167.34 15.141234087648522
167.34 15.141234087648522
167.34 15.141234087648522
167.34 15.141234087648522
167.34 15.141234087648522
167.34 15.141234087648522
167.34 15.141234087648522
167.34 15.141234087648522
167.34 15.141234087648522
167.34 15.141234087648522
167.34 15.141234087648522
167.34 15.141234087648522
167.34 15.141234087648522
167.34 15.141234087648522
167.34 15.141234087648522
167.34 15.141234087648522
167.34 15.141234087648522
167.34 15.141234087648522
167.34 15.141234087648522
167.34 15.141234087648522
167.34 15.141234087648522
167.34 15.141234087648522
167.34 15.141234087648522
167.34 15.141234087648522
167.34 15.141234087648522
167.34 15.141234087648522
167.34 15.141234087648522
167.34 15.141234087648522
167.34 15.141234087648522
167.34 15.141234087648522
167.34 15.141234087648522
167.34 15.141234087648522
167.34 15.141234087648522
167.34 15.141234087648522
167.34 15.141234087648522
167.34 15.141234087648522
167.34 15.141234087648522
167.34 15.141234087648522
167.34 15.141234087648522
167.34 15.141234087648522
167.34 15.141234087648522
167.34 15.141234087648522
167.34 15.141234087648522
167.34 15.141234087648522
167.34 15.141234087648522
167.34 15.141234087648522
167.34 15.141234087648522
167.34 15.141234087648522
167.34 15.141234087648522
167.34 15.141234087648522
167.34 15.141234087648522
167.34 15.141234087648522
167.34 15.141234087648522
167.36 15.124747263937335
167.36 15.124747263937335
167.36 15.124747263937335
167.36 15.124747263937335
167.36 15.124747263937335
167.36 15.124747263937335
167.36 15.124747263937335
167.36 15.124747263937335
167.36 15.124747263937335
167.36 15.124747263937335
167.36 15.124747263937335
167.36 15.124747263937335
167.36 15.124747263937335
167.36 15.124747263937335
167.36 15.124747263937335
167.36 15.124747263937335
167.36 15.124747263937335
167.36 15.124747263937335
167.36 15.124747263937335
167.36 15.124747263937335
167.36 15.124747263937335
167.36 15.124747263937335
167.36 15.124747263937335
167.36 15.124747263937335
167.36 15.124747263937335
167.36 15.124747263937335
167.36 15.124747263937335
167.36 15.124747263937335
167.36 15.124747263937335
167.36 15.124747263937335
167.36 15.124747263937335
167.36 15.124747263937335
167.36 15.124747263937335
167.36 15.124747263937335
167.36 15.124747263937335
167.36 15.124747263937335
167.36 15.124747263937335
167.36 15.124747263937335
167.36 15.124747263937335
167.36 15.124747263937335
167.36 15.124747263937335
167.36 15.124747263937335
167.36 15.124747263937335
167.36 15.124747263937335
167.36 15.124747263937335
167.36 15.124747263937335
167.36 15.124747263937335
167.36 15.124747263937335
167.36 15.124747263937335
167.36 15.124747263937335
167.36 15.124747263937335
167.36 15.124747263937335
167.36 15.124747263937335
167.36 15.124747263937335
167.36 15.124747263937335
167.36 15.124747263937335
167.36 15.124747263937335
167.36 15.124747263937335
167.36 15.124747263937335
167.36 15.124747263937335
167.36 15.124747263937335
167.36 15.124747263937335
167.36 15.124747263937335
167.36 15.124747263937335
167.36 15.124747263937335
167.36 15.124747263937335
167.36 15.124747263937335
167.36 15.124747263937335
167.36 15.124747263937335
167.36 15.124747263937335
167.36 15.124747263937335
167.36 15.124747263937335
167.36 15.124747263937335
167.36 15.124747263937335
167.36 15.124747263937335
167.36 15.124747263937335
167.36 15.124747263937335
167.36 15.124747263937335
167.36 15.124747263937335
167.36 15.124747263937335
167.36 15.124747263937335
167.36 15.124747263937335
167.36 15.124747263937335
167.36 15.124747263937335
167.36 15.124747263937335
167.36 15.124747263937335
167.36 15.124747263937335
167.36 15.124747263937335
167.36 15.124747263937335
167.36 15.124747263937335
167.36 15.124747263937335
167.36 15.124747263937335
167.36 15.124747263937335
167.36 15.124747263937335
167.36 15.124747263937335
167.36 15.124747263937335
167.36 15.124747263937335
167.36 15.124747263937335
167.36 15.124747263937335
167.36 15.124747263937335
167.36 15.124747263937335
167.36 15.124747263937335
167.36 15.124747263937335
167.36 15.124747263937335
167.36 15.124747263937335
167.36 15.124747263937335
167.36 15.124747263937335
167.36 15.124747263937335
167.36 15.124747263937335
167.36 15.124747263937335
167.36 15.124747263937335
167.36 15.124747263937335
167.36 15.124747263937335
167.36 15.124747263937335
167.36 15.124747263937335
167.36 15.124747263937335
167.36 15.124747263937335
167.36 15.124747263937335
167.36 15.124747263937335
167.36 15.124747263937335
167.36 15.124747263937335
167.36 15.124747263937335
167.36 15.124747263937335
167.36 15.124747263937335
167.36 15.124747263937335
167.36 15.124747263937335
167.36 15.124747263937335
167.36 15.124747263937335
167.36 15.124747263937335
167.36 15.124747263937335
167.36 15.124747263937335
167.36 15.124747263937335
167.36 15.124747263937335
167.36 15.124747263937335
167.36 15.124747263937335
167.36 15.124747263937335
167.36 15.124747263937335
167.36 15.124747263937335
167.36 15.124747263937335
167.36 15.124747263937335
167.36 15.124747263937335
167.36 15.124747263937335
167.36 15.124747263937335
167.36 15.124747263937335
167.36 15.124747263937335
167.36 15.124747263937335
167.36 15.124747263937335
167.36 15.124747263937335
167.36 15.124747263937335
167.36 15.124747263937335
167.36 15.124747263937335
167.36 15.124747263937335
167.36 15.124747263937335
167.36 15.124747263937335
167.36 15.124747263937335
167.36 15.124747263937335
167.36 15.124747263937335
167.36 15.124747263937335
167.36 15.124747263937335
167.36 15.124747263937335
167.36 15.124747263937335
167.36 15.124747263937335
167.36 15.124747263937335
167.36 15.124747263937335
167.36 15.124747263937335
167.36 15.124747263937335
167.36 15.124747263937335
167.36 15.124747263937335
167.36 15.124747263937335
167.36 15.124747263937335
167.36 15.124747263937335
167.36 15.124747263937335
167.36 15.124747263937335
167.36 15.124747263937335
167.36 15.124747263937335
167.36 15.124747263937335
167.36 15.124747263937335
167.36 15.124747263937335
167.36 15.124747263937335
167.36 15.124747263937335
167.36 15.124747263937335
167.36 15.124747263937335
167.36 15.124747263937335
167.36 15.124747263937335
167.36 15.124747263937335
167.36 15.124747263937335
167.36 15.124747263937335
167.36 15.124747263937335
167.36 15.124747263937335
167.36 15.124747263937335
167.36 15.124747263937335
167.36 15.124747263937335
167.36 15.124747263937335
167.36 15.124747263937335
167.36 15.124747263937335
167.36 15.124747263937335
167.36 15.124747263937335
167.36 15.124747263937335
167.36 15.124747263937335
167.36 15.124747263937335
167.36 15.124747263937335
167.36 15.124747263937335
167.36 15.124747263937335
167.36 15.124747263937335
167.36 15.124747263937335
167.36 15.124747263937335
167.36 15.124747263937335
167.36 15.124747263937335
167.36 15.124747263937335
167.36 15.124747263937335
167.36 15.124747263937335
167.36 15.124747263937335
167.36 15.124747263937335
167.36 15.124747263937335
167.36 15.124747263937335
167.36 15.124747263937335
167.36 15.124747263937335
167.36 15.124747263937335
167.36 15.124747263937335
167.36 15.124747263937335
167.36 15.124747263937335
167.36 15.124747263937335
167.36 15.124747263937335
167.36 15.124747263937335
167.36 15.124747263937335
167.36 15.124747263937335
167.36 15.124747263937335
167.36 15.124747263937335
167.36 15.124747263937335
167.36 15.124747263937335
167.36 15.124747263937335
167.36 15.124747263937335
167.36 15.124747263937335
167.36 15.124747263937335
167.36 15.124747263937335
167.36 15.124747263937335
167.36 15.124747263937335
167.36 15.124747263937335
167.36 15.124747263937335
167.36 15.124747263937335
167.36 15.124747263937335
167.36 15.124747263937335
167.36 15.124747263937335
167.36 15.124747263937335
167.36 15.124747263937335
167.36 15.124747263937335
167.36 15.124747263937335
167.36 15.124747263937335
167.36 15.124747263937335
167.36 15.124747263937335
167.36 15.124747263937335
167.36 15.124747263937335
167.36 15.124747263937335
167.36 15.124747263937335
167.36 15.124747263937335
167.36 15.124747263937335
167.36 15.124747263937335
167.36 15.124747263937335
167.36 15.124747263937335
167.36 15.124747263937335
167.36 15.124747263937335
167.36 15.124747263937335
167.36 15.124747263937335
167.36 15.124747263937335
167.36 15.124747263937335
167.36 15.124747263937335
167.36 15.124747263937335
167.36 15.124747263937335
167.36 15.124747263937335
167.36 15.124747263937335
167.36 15.124747263937335
167.36 15.124747263937335
167.36 15.124747263937335
167.36 15.124747263937335
167.36 15.124747263937335
167.36 15.124747263937335
167.36 15.124747263937335
167.36 15.124747263937335
167.36 15.124747263937335
167.36 15.124747263937335
167.36 15.124747263937335
167.36 15.124747263937335
167.36 15.124747263937335
167.36 15.124747263937335
167.36 15.124747263937335
167.36 15.124747263937335
167.36 15.124747263937335
167.36 15.124747263937335
167.36 15.124747263937335
167.36 15.124747263937335
167.36 15.124747263937335
167.36 15.124747263937335
167.36 15.124747263937335
167.36 15.124747263937335
167.36 15.124747263937335
167.36 15.124747263937335
167.36 15.124747263937335
167.36 15.124747263937335
167.36 15.124747263937335
167.36 15.124747263937335
167.36 15.124747263937335
167.36 15.124747263937335
167.36 15.124747263937335
167.36 15.124747263937335
167.36 15.124747263937335
167.36 15.124747263937335
167.36 15.124747263937335
167.36 15.124747263937335
167.36 15.124747263937335
167.36 15.124747263937335
167.36 15.124747263937335
167.36 15.124747263937335
167.36 15.124747263937335
167.36 15.124747263937335
167.36 15.124747263937335
167.36 15.124747263937335
167.36 15.124747263937335
167.36 15.124747263937335
167.36 15.124747263937335
167.36 15.124747263937335
167.36 15.124747263937335
167.36 15.124747263937335
167.36 15.124747263937335
167.36 15.124747263937335
167.36 15.124747263937335
167.36 15.124747263937335
167.36 15.124747263937335
167.36 15.124747263937335
167.36 15.124747263937335
167.36 15.124747263937335
167.36 15.124747263937335
167.36 15.124747263937335
167.36 15.124747263937335
167.36 15.124747263937335
167.36 15.124747263937335
167.36 15.124747263937335
167.36 15.124747263937335
167.36 15.124747263937335
167.36 15.124747263937335
167.36 15.124747263937335
167.36 15.124747263937335
167.36 15.124747263937335
167.36 15.124747263937335
167.36 15.124747263937335
167.36 15.124747263937335
167.36 15.124747263937335
167.36 15.124747263937335
167.36 15.124747263937335
167.36 15.124747263937335
167.36 15.124747263937335
167.36 15.124747263937335
167.36 15.124747263937335
167.36 15.124747263937335
167.36 15.124747263937335
167.36 15.124747263937335
167.36 15.124747263937335
167.36 15.124747263937335
167.36 15.124747263937335
167.36 15.124747263937335
167.36 15.124747263937335
167.36 15.124747263937335
167.36 15.124747263937335
167.36 15.124747263937335
167.36 15.124747263937335
167.36 15.124747263937335
167.36 15.124747263937335
167.36 15.124747263937335
167.36 15.124747263937335
167.36 15.124747263937335
167.36 15.124747263937335
167.36 15.124747263937335
167.36 15.124747263937335
167.36 15.124747263937335
167.36 15.124747263937335
167.36 15.124747263937335
167.36 15.124747263937335
167.36 15.124747263937335
167.36 15.124747263937335
167.36 15.124747263937335
167.36 15.124747263937335
167.36 15.124747263937335
167.36 15.124747263937335
167.36 15.124747263937335
167.36 15.124747263937335
167.36 15.124747263937335
167.36 15.124747263937335
167.36 15.124747263937335
167.36 15.124747263937335
167.36 15.124747263937335
167.36 15.124747263937335
167.36 15.124747263937335
167.36 15.124747263937335
167.36 15.124747263937335
167.36 15.124747263937335
167.36 15.124747263937335
167.36 15.124747263937335
167.36 15.124747263937335
167.36 15.124747263937335
167.36 15.124747263937335
167.36 15.124747263937335
167.36 15.124747263937335
167.36 15.124747263937335
167.36 15.124747263937335
167.36 15.124747263937335
167.36 15.124747263937335
167.36 15.124747263937335
167.36 15.124747263937335
167.36 15.124747263937335
167.36 15.124747263937335
167.36 15.124747263937335
167.36 15.124747263937335
167.36 15.124747263937335
167.36 15.124747263937335
167.36 15.124747263937335
167.36 15.124747263937335
167.36 15.124747263937335
167.36 15.124747263937335
167.36 15.124747263937335
167.36 15.124747263937335
167.36 15.124747263937335
167.36 15.124747263937335
167.36 15.124747263937335
167.36 15.124747263937335
167.36 15.124747263937335
167.36 15.124747263937335
167.36 15.124747263937335
167.36 15.124747263937335
167.36 15.124747263937335
167.36 15.124747263937335
167.36 15.124747263937335
167.36 15.124747263937335
167.36 15.124747263937335
167.36 15.124747263937335
167.36 15.124747263937335
167.36 15.124747263937335
167.36 15.124747263937335
167.36 15.124747263937335
167.36 15.124747263937335
167.36 15.124747263937335
167.36 15.124747263937335
167.36 15.124747263937335
167.36 15.124747263937335
167.36 15.124747263937335
167.36 15.124747263937335
167.36 15.124747263937335
167.36 15.124747263937335
167.36 15.124747263937335
167.36 15.124747263937335
167.36 15.124747263937335
167.36 15.124747263937335
167.36 15.124747263937335
167.36 15.124747263937335
167.36 15.124747263937335
167.36 15.124747263937335
167.36 15.124747263937335
167.36 15.124747263937335
167.36 15.124747263937335
167.36 15.124747263937335
167.36 15.124747263937335
167.36 15.124747263937335
167.36 15.124747263937335
167.36 15.124747263937335
167.36 15.124747263937335
167.36 15.124747263937335
167.36 15.124747263937335
167.36 15.124747263937335
167.36 15.124747263937335
167.36 15.124747263937335
167.36 15.124747263937335
167.36 15.124747263937335
167.36 15.124747263937335
167.36 15.124747263937335
167.36 15.124747263937335
167.36 15.124747263937335
167.36 15.124747263937335
167.36 15.124747263937335
167.36 15.124747263937335
167.36 15.124747263937335
167.36 15.124747263937335
167.36 15.124747263937335
167.36 15.124747263937335
167.36 15.124747263937335
167.36 15.124747263937335
167.36 15.124747263937335
167.36 15.124747263937335
167.36 15.124747263937335
167.36 15.124747263937335
167.36 15.124747263937335
167.36 15.124747263937335
167.36 15.124747263937335
167.36 15.124747263937335
167.36 15.124747263937335
167.36 15.124747263937335
167.36 15.124747263937335
167.36 15.124747263937335
167.36 15.124747263937335
167.36 15.124747263937335
167.36 15.124747263937335
167.36 15.124747263937335
167.36 15.124747263937335
167.36 15.124747263937335
167.36 15.124747263937335
167.36 15.124747263937335
167.36 15.124747263937335
167.36 15.124747263937335
167.36 15.124747263937335
167.36 15.124747263937335
167.36 15.124747263937335
167.36 15.124747263937335
167.36 15.124747263937335
167.36 15.124747263937335
167.36 15.124747263937335
167.36 15.124747263937335
167.36 15.124747263937335
167.36 15.124747263937335
167.36 15.124747263937335
167.36 15.124747263937335
167.36 15.124747263937335
167.36 15.124747263937335
167.36 15.124747263937335
167.36 15.124747263937335
167.36 15.124747263937335
167.36 15.124747263937335
167.36 15.124747263937335
167.36 15.124747263937335
167.36 15.124747263937335
167.36 15.124747263937335
167.36 15.124747263937335
167.36 15.124747263937335
167.36 15.124747263937335
167.36 15.124747263937335
167.36 15.124747263937335
167.36 15.124747263937335
167.36 15.124747263937335
167.36 15.124747263937335
167.36 15.124747263937335
167.36 15.124747263937335
167.36 15.124747263937335
167.36 15.124747263937335
167.36 15.124747263937335
167.36 15.124747263937335
167.36 15.124747263937335
167.36 15.124747263937335
167.36 15.124747263937335
167.36 15.124747263937335
167.36 15.124747263937335
167.36 15.124747263937335
167.36 15.124747263937335
167.36 15.124747263937335
167.36 15.124747263937335
167.36 15.124747263937335
167.36 15.124747263937335
167.36 15.124747263937335
167.36 15.124747263937335
167.36 15.124747263937335
167.36 15.124747263937335
167.36 15.124747263937335
167.36 15.124747263937335
167.36 15.124747263937335
167.36 15.124747263937335
167.36 15.124747263937335
167.36 15.124747263937335
167.36 15.124747263937335
167.36 15.124747263937335
167.36 15.124747263937335
167.36 15.124747263937335
167.36 15.124747263937335
167.36 15.124747263937335
167.36 15.124747263937335
167.36 15.124747263937335
167.36 15.124747263937335
167.36 15.124747263937335
167.36 15.124747263937335
167.36 15.124747263937335
167.36 15.124747263937335
167.36 15.124747263937335
167.36 15.124747263937335
167.36 15.124747263937335
167.36 15.124747263937335
167.36 15.124747263937335
167.36 15.124747263937335
167.36 15.124747263937335
167.36 15.124747263937335
167.36 15.124747263937335
167.36 15.124747263937335
167.36 15.124747263937335
167.36 15.124747263937335
167.36 15.124747263937335
167.36 15.124747263937335
167.36 15.124747263937335
167.36 15.124747263937335
167.36 15.124747263937335
167.36 15.124747263937335
167.36 15.124747263937335
167.36 15.124747263937335
167.36 15.124747263937335
167.36 15.124747263937335
167.36 15.124747263937335
167.36 15.124747263937335
167.36 15.124747263937335
167.36 15.124747263937335
167.36 15.124747263937335
167.36 15.124747263937335
167.36 15.124747263937335
167.36 15.124747263937335
167.36 15.124747263937335
167.36 15.124747263937335
167.36 15.124747263937335
167.36 15.124747263937335
167.36 15.124747263937335
167.36 15.124747263937335
167.36 15.124747263937335
167.36 15.124747263937335
167.36 15.124747263937335
167.36 15.124747263937335
167.36 15.124747263937335
167.36 15.124747263937335
167.36 15.124747263937335
167.36 15.124747263937335
167.36 15.124747263937335
167.36 15.124747263937335
167.36 15.124747263937335
167.36 15.124747263937335
167.36 15.124747263937335
167.36 15.124747263937335
167.36 15.124747263937335
167.36 15.124747263937335
167.36 15.124747263937335
167.36 15.124747263937335
167.36 15.124747263937335
167.36 15.124747263937335
167.36 15.124747263937335
167.36 15.124747263937335
167.36 15.124747263937335
167.36 15.124747263937335
167.36 15.124747263937335
167.36 15.124747263937335
167.36 15.124747263937335
167.36 15.124747263937335
167.36 15.124747263937335
167.36 15.124747263937335
167.36 15.124747263937335
167.36 15.124747263937335
167.36 15.124747263937335
167.36 15.124747263937335
167.36 15.124747263937335
167.36 15.124747263937335
167.36 15.124747263937335
167.36 15.124747263937335
167.36 15.124747263937335
167.36 15.124747263937335
167.36 15.124747263937335
167.36 15.124747263937335
167.36 15.124747263937335
167.36 15.124747263937335
167.36 15.124747263937335
167.36 15.124747263937335
167.36 15.124747263937335
167.36 15.124747263937335
167.36 15.124747263937335
167.36 15.124747263937335
167.36 15.124747263937335
167.36 15.124747263937335
167.36 15.124747263937335
167.36 15.124747263937335
167.36 15.124747263937335
167.36 15.124747263937335
167.36 15.124747263937335
167.36 15.124747263937335
167.36 15.124747263937335
167.36 15.124747263937335
167.36 15.124747263937335
167.36 15.124747263937335
167.36 15.124747263937335
167.36 15.124747263937335
167.36 15.124747263937335
167.36 15.124747263937335
167.36 15.124747263937335
167.36 15.124747263937335
167.36 15.124747263937335
167.36 15.124747263937335
167.36 15.124747263937335
167.36 15.124747263937335
167.36 15.124747263937335
167.36 15.124747263937335
167.36 15.124747263937335
167.36 15.124747263937335
167.36 15.124747263937335
167.36 15.124747263937335
167.36 15.124747263937335
167.36 15.124747263937335
167.36 15.124747263937335
167.36 15.124747263937335
167.36 15.124747263937335
167.36 15.124747263937335
167.36 15.124747263937335
167.36 15.124747263937335
167.36 15.124747263937335
167.36 15.124747263937335
167.36 15.124747263937335
167.36 15.124747263937335
167.36 15.124747263937335
167.36 15.124747263937335
167.36 15.124747263937335
167.36 15.124747263937335
167.36 15.124747263937335
167.36 15.124747263937335
167.36 15.124747263937335
167.36 15.124747263937335
167.36 15.124747263937335
167.36 15.124747263937335
167.36 15.124747263937335
167.36 15.124747263937335
167.36 15.124747263937335
167.36 15.124747263937335
167.36 15.124747263937335
167.36 15.124747263937335
167.36 15.124747263937335
167.36 15.124747263937335
167.36 15.124747263937335
167.36 15.124747263937335
167.36 15.124747263937335
167.36 15.124747263937335
167.36 15.124747263937335
167.36 15.124747263937335
167.36 15.124747263937335
167.36 15.124747263937335
167.36 15.124747263937335
167.36 15.124747263937335
167.36 15.124747263937335
167.36 15.124747263937335
167.36 15.124747263937335
167.36 15.124747263937335
167.36 15.124747263937335
167.36 15.124747263937335
167.36 15.124747263937335
167.36 15.124747263937335
167.36 15.124747263937335
167.36 15.124747263937335
167.36 15.124747263937335
167.36 15.124747263937335
167.36 15.124747263937335
167.36 15.124747263937335
167.36 15.124747263937335
167.36 15.124747263937335
167.36 15.124747263937335
167.36 15.124747263937335
167.36 15.124747263937335
167.36 15.124747263937335
167.36 15.124747263937335
167.36 15.124747263937335
167.36 15.124747263937335
167.36 15.124747263937335
167.36 15.124747263937335
167.36 15.124747263937335
167.36 15.124747263937335
167.36 15.124747263937335
167.36 15.124747263937335
167.36 15.124747263937335
167.36 15.124747263937335
167.36 15.124747263937335
167.36 15.124747263937335
167.36 15.124747263937335
167.36 15.124747263937335
167.36 15.124747263937335
167.36 15.124747263937335
167.36 15.124747263937335
167.36 15.124747263937335
167.36 15.124747263937335
167.36 15.124747263937335
167.36 15.124747263937335
167.36 15.124747263937335
167.36 15.124747263937335
167.36 15.124747263937335
167.36 15.124747263937335
167.36 15.124747263937335
167.36 15.124747263937335
167.36 15.124747263937335
167.36 15.124747263937335
167.36 15.124747263937335
167.36 15.124747263937335
167.36 15.124747263937335
167.36 15.124747263937335
167.36 15.124747263937335
167.36 15.124747263937335
167.36 15.124747263937335
167.36 15.124747263937335
167.36 15.124747263937335
167.36 15.124747263937335
167.36 15.124747263937335
167.36 15.124747263937335
167.36 15.124747263937335
167.36 15.124747263937335
167.36 15.124747263937335
167.36 15.124747263937335
167.36 15.124747263937335
167.36 15.124747263937335
167.36 15.124747263937335
167.36 15.124747263937335
167.36 15.124747263937335
167.36 15.124747263937335
167.36 15.124747263937335
167.36 15.124747263937335
167.36 15.124747263937335
167.36 15.124747263937335
167.36 15.124747263937335
167.36 15.124747263937335
167.36 15.124747263937335
167.36 15.124747263937335
167.36 15.124747263937335
167.36 15.124747263937335
167.36 15.124747263937335
167.36 15.124747263937335
167.36 15.124747263937335
167.36 15.124747263937335
167.36 15.124747263937335
167.36 15.124747263937335
167.36 15.124747263937335
167.36 15.124747263937335
167.36 15.124747263937335
167.36 15.124747263937335
167.36 15.124747263937335
167.36 15.124747263937335
167.36 15.124747263937335
167.36 15.124747263937335
167.36 15.124747263937335
167.36 15.124747263937335
167.36 15.124747263937335
167.36 15.124747263937335
167.36 15.124747263937335
167.36 15.124747263937335
167.36 15.124747263937335
167.36 15.124747263937335
167.36 15.124747263937335
167.36 15.124747263937335
167.36 15.124747263937335
167.36 15.124747263937335
167.36 15.124747263937335
167.36 15.124747263937335
167.36 15.124747263937335
167.36 15.124747263937335
167.36 15.124747263937335
167.36 15.124747263937335
167.36 15.124747263937335
167.36 15.124747263937335
167.36 15.124747263937335
167.36 15.124747263937335
167.36 15.124747263937335
167.36 15.124747263937335
167.36 15.124747263937335
167.36 15.124747263937335
167.36 15.124747263937335
167.36 15.124747263937335
167.36 15.124747263937335
167.36 15.124747263937335
167.36 15.124747263937335
167.36 15.124747263937335
167.36 15.124747263937335
167.36 15.124747263937335
167.36 15.124747263937335
167.36 15.124747263937335
167.36 15.124747263937335
167.36 15.124747263937335
167.36 15.124747263937335
167.36 15.124747263937335
167.36 15.124747263937335
167.36 15.124747263937335
167.36 15.124747263937335
167.36 15.124747263937335
167.36 15.124747263937335
167.36 15.124747263937335
167.36 15.124747263937335
167.36 15.124747263937335
167.36 15.124747263937335
167.36 15.124747263937335
167.36 15.124747263937335
167.36 15.124747263937335
167.36 15.124747263937335
167.36 15.124747263937335
167.36 15.124747263937335
167.36 15.124747263937335
167.36 15.124747263937335
167.36 15.124747263937335
167.36 15.124747263937335
167.36 15.124747263937335
167.36 15.124747263937335
167.36 15.124747263937335
167.36 15.124747263937335
167.36 15.124747263937335
167.36 15.124747263937335
167.36 15.124747263937335
167.36 15.124747263937335
167.36 15.124747263937335
167.36 15.124747263937335
167.36 15.124747263937335
167.36 15.124747263937335
167.36 15.124747263937335
167.36 15.124747263937335
167.36 15.124747263937335
167.36 15.124747263937335
167.36 15.124747263937335
167.36 15.124747263937335
167.36 15.124747263937335
167.36 15.124747263937335
167.36 15.124747263937335
167.36 15.124747263937335
167.36 15.124747263937335
167.36 15.124747263937335
167.36 15.124747263937335
167.36 15.124747263937335
167.36 15.124747263937335
167.36 15.124747263937335
167.36 15.124747263937335
167.36 15.124747263937335
167.36 15.124747263937335
167.36 15.124747263937335
167.36 15.124747263937335
167.36 15.124747263937335
167.36 15.124747263937335
167.36 15.124747263937335
167.36 15.124747263937335
167.36 15.124747263937335
167.36 15.124747263937335
167.36 15.124747263937335
167.36 15.124747263937335
167.36 15.124747263937335
167.36 15.124747263937335
167.36 15.124747263937335
167.36 15.124747263937335
167.36 15.124747263937335
167.36 15.124747263937335
167.36 15.124747263937335
167.36 15.124747263937335
167.36 15.124747263937335
167.36 15.124747263937335
167.36 15.124747263937335
167.36 15.124747263937335
167.36 15.124747263937335
167.36 15.124747263937335
167.36 15.124747263937335
167.36 15.124747263937335
167.36 15.124747263937335
167.36 15.124747263937335
167.36 15.124747263937335
167.36 15.124747263937335
167.36 15.124747263937335
167.36 15.124747263937335
167.36 15.124747263937335
167.36 15.124747263937335
167.36 15.124747263937335
167.36 15.124747263937335
167.36 15.124747263937335
167.36 15.124747263937335
167.36 15.124747263937335
167.36 15.124747263937335
167.36 15.124747263937335
167.36 15.124747263937335
167.36 15.124747263937335
167.36 15.124747263937335
167.36 15.124747263937335
167.36 15.124747263937335
167.36 15.124747263937335
167.36 15.124747263937335
167.36 15.124747263937335
167.36 15.124747263937335
167.36 15.124747263937335
167.36 15.124747263937335
167.36 15.124747263937335
167.36 15.124747263937335
167.36 15.124747263937335
167.36 15.124747263937335
167.36 15.124747263937335
167.36 15.124747263937335
167.36 15.124747263937335
167.36 15.124747263937335
167.36 15.124747263937335
167.36 15.124747263937335
167.36 15.124747263937335
167.36 15.124747263937335
167.36 15.124747263937335
167.36 15.124747263937335
167.36 15.124747263937335
167.36 15.124747263937335
167.36 15.124747263937335
167.36 15.124747263937335
167.36 15.124747263937335
167.36 15.124747263937335
167.36 15.124747263937335
167.36 15.124747263937335
167.36 15.124747263937335
167.36 15.124747263937335
167.36 15.124747263937335
167.36 15.124747263937335
167.36 15.124747263937335
167.36 15.124747263937335
167.36 15.124747263937335
167.36 15.124747263937335
167.36 15.124747263937335
167.36 15.124747263937335
167.36 15.124747263937335
167.36 15.124747263937335
167.36 15.124747263937335
167.36 15.124747263937335
167.36 15.124747263937335
167.36 15.124747263937335
167.36 15.124747263937335
167.36 15.124747263937335
167.36 15.124747263937335
167.36 15.124747263937335
167.36 15.124747263937335
167.36 15.124747263937335
167.36 15.124747263937335
167.36 15.124747263937335
167.36 15.124747263937335
167.36 15.124747263937335
167.36 15.124747263937335
167.36 15.124747263937335
167.36 15.124747263937335
167.36 15.124747263937335
167.36 15.124747263937335
167.36 15.124747263937335
167.36 15.124747263937335
167.36 15.124747263937335
167.36 15.124747263937335
167.36 15.124747263937335
167.36 15.124747263937335
167.36 15.124747263937335
167.36 15.124747263937335
167.36 15.124747263937335
167.36 15.124747263937335
167.36 15.124747263937335
167.36 15.124747263937335
167.36 15.124747263937335
167.36 15.124747263937335
167.36 15.124747263937335
167.36 15.124747263937335
167.36 15.124747263937335
167.36 15.124747263937335
167.36 15.124747263937335
167.36 15.124747263937335
167.36 15.124747263937335
167.36 15.124747263937335
167.36 15.124747263937335
167.36 15.124747263937335
167.36 15.124747263937335
167.36 15.124747263937335
167.36 15.124747263937335
167.36 15.124747263937335
167.36 15.124747263937335
167.36 15.124747263937335
167.36 15.124747263937335
167.36 15.124747263937335
167.36 15.124747263937335
167.36 15.124747263937335
167.36 15.124747263937335
167.36 15.124747263937335
167.36 15.124747263937335
167.36 15.124747263937335
167.36 15.124747263937335
167.36 15.124747263937335
167.36 15.124747263937335
167.36 15.124747263937335
167.36 15.124747263937335
167.36 15.124747263937335
167.36 15.124747263937335
167.36 15.124747263937335
167.36 15.124747263937335
167.36 15.124747263937335
167.36 15.124747263937335
167.36 15.124747263937335
167.36 15.124747263937335
167.36 15.124747263937335
167.36 15.124747263937335
167.36 15.124747263937335
167.36 15.124747263937335
167.36 15.124747263937335
167.36 15.124747263937335
167.36 15.124747263937335
167.36 15.124747263937335
167.36 15.124747263937335
167.36 15.124747263937335
167.36 15.124747263937335
167.36 15.124747263937335
167.36 15.124747263937335
167.36 15.124747263937335
167.36 15.124747263937335
167.36 15.124747263937335
167.36 15.124747263937335
167.36 15.124747263937335
167.36 15.124747263937335
167.36 15.124747263937335
167.36 15.124747263937335
167.36 15.124747263937335
167.36 15.124747263937335
167.36 15.124747263937335
167.36 15.124747263937335
167.36 15.124747263937335
167.36 15.124747263937335
167.36 15.124747263937335
167.36 15.124747263937335
167.36 15.124747263937335
167.36 15.124747263937335
167.36 15.124747263937335
167.36 15.124747263937335
167.36 15.124747263937335
167.36 15.124747263937335
167.36 15.124747263937335
167.36 15.124747263937335
167.36 15.124747263937335
167.36 15.124747263937335
167.36 15.124747263937335
167.36 15.124747263937335
167.36 15.124747263937335
167.36 15.124747263937335
167.36 15.124747263937335
167.36 15.124747263937335
167.36 15.124747263937335
167.36 15.124747263937335
167.36 15.124747263937335
167.36 15.124747263937335
167.36 15.124747263937335
167.36 15.124747263937335
167.36 15.124747263937335
167.36 15.124747263937335
167.36 15.124747263937335
167.36 15.124747263937335
167.36 15.124747263937335
167.36 15.124747263937335
167.36 15.124747263937335
167.36 15.124747263937335
167.36 15.124747263937335
167.36 15.124747263937335
167.36 15.124747263937335
167.36 15.124747263937335
167.36 15.124747263937335
167.36 15.124747263937335
167.36 15.124747263937335
167.36 15.124747263937335
167.36 15.124747263937335
167.36 15.124747263937335
167.36 15.124747263937335
167.36 15.124747263937335
167.36 15.124747263937335
167.36 15.124747263937335
167.36 15.124747263937335
167.36 15.124747263937335
167.36 15.124747263937335
167.36 15.124747263937335
167.36 15.124747263937335
167.36 15.124747263937335
167.36 15.124747263937335
167.36 15.124747263937335
167.36 15.124747263937335
167.36 15.124747263937335
167.36 15.124747263937335
167.36 15.124747263937335
167.36 15.124747263937335
167.36 15.124747263937335
167.36 15.124747263937335
167.36 15.124747263937335
167.36 15.124747263937335
167.36 15.124747263937335
167.36 15.124747263937335
167.36 15.124747263937335
167.36 15.124747263937335
167.36 15.124747263937335
167.36 15.124747263937335
167.36 15.124747263937335
167.36 15.124747263937335
167.36 15.124747263937335
167.36 15.124747263937335
167.36 15.124747263937335
167.36 15.124747263937335
167.36 15.124747263937335
167.36 15.124747263937335
167.36 15.124747263937335
167.36 15.124747263937335
167.36 15.124747263937335
167.36 15.124747263937335
167.36 15.124747263937335
167.36 15.124747263937335
167.36 15.124747263937335
167.36 15.124747263937335
167.36 15.124747263937335
167.36 15.124747263937335
167.36 15.124747263937335
167.36 15.124747263937335
167.36 15.124747263937335
167.36 15.124747263937335
167.36 15.124747263937335
167.36 15.124747263937335
167.36 15.124747263937335
167.36 15.124747263937335
167.36 15.124747263937335
167.36 15.124747263937335
167.36 15.124747263937335
167.36 15.124747263937335
167.36 15.124747263937335
167.36 15.124747263937335
167.36 15.124747263937335
167.36 15.124747263937335
167.36 15.124747263937335
167.36 15.124747263937335
167.36 15.124747263937335
167.36 15.124747263937335
167.36 15.124747263937335
167.36 15.124747263937335
167.36 15.124747263937335
167.36 15.124747263937335
167.36 15.124747263937335
167.36 15.124747263937335
167.36 15.124747263937335
167.36 15.124747263937335
167.36 15.124747263937335
167.36 15.124747263937335
167.36 15.124747263937335
167.36 15.124747263937335
167.36 15.124747263937335
167.36 15.124747263937335
167.36 15.124747263937335
167.36 15.124747263937335
167.36 15.124747263937335
167.36 15.124747263937335
167.36 15.124747263937335
167.36 15.124747263937335
167.36 15.124747263937335
167.36 15.124747263937335
167.36 15.124747263937335
167.36 15.124747263937335
167.36 15.124747263937335
167.36 15.124747263937335
167.36 15.124747263937335
167.36 15.124747263937335
167.36 15.124747263937335
167.36 15.124747263937335
167.36 15.124747263937335
167.36 15.124747263937335
167.36 15.124747263937335
167.36 15.124747263937335
167.36 15.124747263937335
167.36 15.124747263937335
167.36 15.124747263937335
167.36 15.124747263937335
167.36 15.124747263937335
167.36 15.124747263937335
167.36 15.124747263937335
167.36 15.124747263937335
167.36 15.124747263937335
167.36 15.124747263937335
167.36 15.124747263937335
167.36 15.124747263937335
167.36 15.124747263937335
167.36 15.124747263937335
167.36 15.124747263937335
167.36 15.124747263937335
167.36 15.124747263937335
167.36 15.124747263937335
167.36 15.124747263937335
167.36 15.124747263937335
167.36 15.124747263937335
167.36 15.124747263937335
167.36 15.124747263937335
167.36 15.124747263937335
167.36 15.124747263937335
167.36 15.124747263937335
167.36 15.124747263937335
167.36 15.124747263937335
167.36 15.124747263937335
167.36 15.124747263937335
167.36 15.124747263937335
167.36 15.124747263937335
167.36 15.124747263937335
167.36 15.124747263937335
167.36 15.124747263937335
167.36 15.124747263937335
167.36 15.124747263937335
167.36 15.124747263937335
167.36 15.124747263937335
167.36 15.124747263937335
167.36 15.124747263937335
167.36 15.124747263937335
167.36 15.124747263937335
167.36 15.124747263937335
167.36 15.124747263937335
167.36 15.124747263937335
167.36 15.124747263937335
167.36 15.124747263937335
167.36 15.124747263937335
167.36 15.124747263937335
167.36 15.124747263937335
167.36 15.124747263937335
167.36 15.124747263937335
167.36 15.124747263937335
167.36 15.124747263937335
167.36 15.124747263937335
167.36 15.124747263937335
167.36 15.124747263937335
167.36 15.124747263937335
167.36 15.124747263937335
167.36 15.124747263937335
167.36 15.124747263937335
167.36 15.124747263937335
167.36 15.124747263937335
167.36 15.124747263937335
167.36 15.124747263937335
167.36 15.124747263937335
167.36 15.124747263937335
167.36 15.124747263937335
167.36 15.124747263937335
167.36 15.124747263937335
167.36 15.124747263937335
167.36 15.124747263937335
167.36 15.124747263937335
167.36 15.124747263937335
167.36 15.124747263937335
167.36 15.124747263937335
167.36 15.124747263937335
167.36 15.124747263937335
167.36 15.124747263937335
167.36 15.124747263937335
167.36 15.124747263937335
167.36 15.124747263937335
167.36 15.124747263937335
167.36 15.124747263937335
167.36 15.124747263937335
167.36 15.124747263937335
167.36 15.124747263937335
167.36 15.124747263937335
167.36 15.124747263937335
167.36 15.124747263937335
167.36 15.124747263937335
167.36 15.124747263937335
167.36 15.124747263937335
167.36 15.124747263937335
167.36 15.124747263937335
167.36 15.124747263937335
167.36 15.124747263937335
167.36 15.124747263937335
167.36 15.124747263937335
167.36 15.124747263937335
167.36 15.124747263937335
167.36 15.124747263937335
167.36 15.124747263937335
167.36 15.124747263937335
167.36 15.124747263937335
167.36 15.124747263937335
167.36 15.124747263937335
167.36 15.124747263937335
167.36 15.124747263937335
167.36 15.124747263937335
167.36 15.124747263937335
167.36 15.124747263937335
167.36 15.124747263937335
167.36 15.124747263937335
167.36 15.124747263937335
167.36 15.124747263937335
167.36 15.124747263937335
167.36 15.124747263937335
167.36 15.124747263937335
167.36 15.124747263937335
167.36 15.124747263937335
167.36 15.124747263937335
167.36 15.124747263937335
167.36 15.124747263937335
167.36 15.124747263937335
167.36 15.124747263937335
167.36 15.124747263937335
167.36 15.124747263937335
167.36 15.124747263937335
167.36 15.124747263937335
167.36 15.124747263937335
167.36 15.124747263937335
167.36 15.124747263937335
167.36 15.124747263937335
167.36 15.124747263937335
167.36 15.124747263937335
167.36 15.124747263937335
167.36 15.124747263937335
167.36 15.124747263937335
167.36 15.124747263937335
167.36 15.124747263937335
167.36 15.124747263937335
167.36 15.124747263937335
167.36 15.124747263937335
167.36 15.124747263937335
167.36 15.124747263937335
167.36 15.124747263937335
167.36 15.124747263937335
167.36 15.124747263937335
167.36 15.124747263937335
167.36 15.124747263937335
167.36 15.124747263937335
167.36 15.124747263937335
167.36 15.124747263937335
167.36 15.124747263937335
167.36 15.124747263937335
167.36 15.124747263937335
167.36 15.124747263937335
167.36 15.124747263937335
167.36 15.124747263937335
167.36 15.124747263937335
167.36 15.124747263937335
167.36 15.124747263937335
167.36 15.124747263937335
167.36 15.124747263937335
167.36 15.124747263937335
167.36 15.124747263937335
167.36 15.124747263937335
167.36 15.124747263937335
167.36 15.124747263937335
167.36 15.124747263937335
167.36 15.124747263937335
167.36 15.124747263937335
167.36 15.124747263937335
167.36 15.124747263937335
167.36 15.124747263937335
167.36 15.124747263937335
167.36 15.124747263937335
167.36 15.124747263937335
167.36 15.124747263937335
167.36 15.124747263937335
167.36 15.124747263937335
167.36 15.124747263937335
167.36 15.124747263937335
167.36 15.124747263937335
167.36 15.124747263937335
167.36 15.124747263937335
167.36 15.124747263937335
167.36 15.124747263937335
167.36 15.124747263937335
167.36 15.124747263937335
167.36 15.124747263937335
167.36 15.124747263937335
167.36 15.124747263937335
167.36 15.124747263937335
167.36 15.124747263937335
167.36 15.124747263937335
167.36 15.124747263937335
167.36 15.124747263937335
167.36 15.124747263937335
167.36 15.124747263937335
167.36 15.124747263937335
167.36 15.124747263937335
167.36 15.124747263937335
167.36 15.124747263937335
167.36 15.124747263937335
167.36 15.124747263937335
167.36 15.124747263937335
167.36 15.124747263937335
167.36 15.124747263937335
167.36 15.124747263937335
167.36 15.124747263937335
167.36 15.124747263937335
167.36 15.124747263937335
167.36 15.124747263937335
167.36 15.124747263937335
167.36 15.124747263937335
167.36 15.124747263937335
167.36 15.124747263937335
167.36 15.124747263937335
167.36 15.124747263937335
167.36 15.124747263937335
167.36 15.124747263937335
167.36 15.124747263937335
167.36 15.124747263937335
167.36 15.124747263937335
167.36 15.124747263937335
167.36 15.124747263937335
167.36 15.124747263937335
167.36 15.124747263937335
167.36 15.124747263937335
167.36 15.124747263937335
167.36 15.124747263937335
167.36 15.124747263937335
167.36 15.124747263937335
167.36 15.124747263937335
167.36 15.124747263937335
167.36 15.124747263937335
167.36 15.124747263937335
167.36 15.124747263937335
167.36 15.124747263937335
167.36 15.124747263937335
167.36 15.124747263937335
167.36 15.124747263937335
167.36 15.124747263937335
167.36 15.124747263937335
167.36 15.124747263937335
167.36 15.124747263937335
167.36 15.124747263937335
167.36 15.124747263937335
167.36 15.124747263937335
167.36 15.124747263937335
167.36 15.124747263937335
167.36 15.124747263937335
167.36 15.124747263937335
167.36 15.124747263937335
167.36 15.124747263937335
167.36 15.124747263937335
167.36 15.124747263937335
167.36 15.124747263937335
167.36 15.124747263937335
167.36 15.124747263937335
167.36 15.124747263937335
167.36 15.124747263937335
167.36 15.124747263937335
167.36 15.124747263937335
167.36 15.124747263937335
167.36 15.124747263937335
167.36 15.124747263937335
167.36 15.124747263937335
167.36 15.124747263937335
167.36 15.124747263937335
167.36 15.124747263937335
167.36 15.124747263937335
167.36 15.124747263937335
167.36 15.124747263937335
167.36 15.124747263937335
167.36 15.124747263937335
167.36 15.124747263937335
167.36 15.124747263937335
167.36 15.124747263937335
167.36 15.124747263937335
167.36 15.124747263937335
167.36 15.124747263937335
167.36 15.124747263937335
167.36 15.124747263937335
167.36 15.124747263937335
167.36 15.124747263937335
167.36 15.124747263937335
167.36 15.124747263937335
167.36 15.124747263937335
167.36 15.124747263937335
167.36 15.124747263937335
167.36 15.124747263937335
167.36 15.124747263937335
167.36 15.124747263937335
167.36 15.124747263937335
167.36 15.124747263937335
167.36 15.124747263937335
167.36 15.124747263937335
167.36 15.124747263937335
167.36 15.124747263937335
167.36 15.124747263937335
167.36 15.124747263937335
167.36 15.124747263937335
167.36 15.124747263937335
167.36 15.124747263937335
167.36 15.124747263937335
167.36 15.124747263937335
167.36 15.124747263937335
167.36 15.124747263937335
167.36 15.124747263937335
167.36 15.124747263937335
167.36 15.124747263937335
167.36 15.124747263937335
167.36 15.124747263937335
167.36 15.124747263937335
167.36 15.124747263937335
167.36 15.124747263937335
167.36 15.124747263937335
167.36 15.124747263937335
167.36 15.124747263937335
167.36 15.124747263937335
167.36 15.124747263937335
167.36 15.124747263937335
167.36 15.124747263937335
167.36 15.124747263937335
167.36 15.124747263937335
167.36 15.124747263937335
167.36 15.124747263937335
167.36 15.124747263937335
167.36 15.124747263937335
167.36 15.124747263937335
167.36 15.124747263937335
167.36 15.124747263937335
167.36 15.124747263937335
167.36 15.124747263937335
167.36 15.124747263937335
167.36 15.124747263937335
167.36 15.124747263937335
167.36 15.124747263937335
167.36 15.124747263937335
167.36 15.124747263937335
167.36 15.124747263937335
167.36 15.124747263937335
167.36 15.124747263937335
167.36 15.124747263937335
167.36 15.124747263937335
167.36 15.124747263937335
167.36 15.124747263937335
167.36 15.124747263937335
167.36 15.124747263937335
167.36 15.124747263937335
167.36 15.124747263937335
167.36 15.124747263937335
167.36 15.124747263937335
167.36 15.124747263937335
167.36 15.124747263937335
167.36 15.124747263937335
167.36 15.124747263937335
167.36 15.124747263937335
167.36 15.124747263937335
167.36 15.124747263937335
167.36 15.124747263937335
167.36 15.124747263937335
167.36 15.124747263937335
167.36 15.124747263937335
167.36 15.124747263937335
167.36 15.124747263937335
167.36 15.124747263937335
167.36 15.124747263937335
167.36 15.124747263937335
167.36 15.124747263937335
167.36 15.124747263937335
167.36 15.124747263937335
167.36 15.124747263937335
167.36 15.124747263937335
167.36 15.124747263937335
167.36 15.124747263937335
167.36 15.124747263937335
167.36 15.124747263937335
167.36 15.124747263937335
167.36 15.124747263937335
167.36 15.124747263937335
167.36 15.124747263937335
167.36 15.124747263937335
167.36 15.124747263937335
167.36 15.124747263937335
167.36 15.124747263937335
167.36 15.124747263937335
167.36 15.124747263937335
167.36 15.124747263937335
167.36 15.124747263937335
167.36 15.124747263937335
167.36 15.124747263937335
167.36 15.124747263937335
167.36 15.124747263937335
167.36 15.124747263937335
167.36 15.124747263937335
167.36 15.124747263937335
167.36 15.124747263937335
167.36 15.124747263937335
167.36 15.124747263937335
167.36 15.124747263937335
167.36 15.124747263937335
167.36 15.124747263937335
167.36 15.124747263937335
167.36 15.124747263937335
167.36 15.124747263937335
167.36 15.124747263937335
167.36 15.124747263937335
167.36 15.124747263937335
167.36 15.124747263937335
167.36 15.124747263937335
167.36 15.124747263937335
167.36 15.124747263937335
167.36 15.124747263937335
167.36 15.124747263937335
167.36 15.124747263937335
167.36 15.124747263937335
167.36 15.124747263937335
167.36 15.124747263937335
167.36 15.124747263937335
167.36 15.124747263937335
167.36 15.124747263937335
167.36 15.124747263937335
167.36 15.124747263937335
167.36 15.124747263937335
167.36 15.124747263937335
167.36 15.124747263937335
167.36 15.124747263937335
167.36 15.124747263937335
167.36 15.124747263937335
167.36 15.124747263937335
167.36 15.124747263937335
167.36 15.124747263937335
167.36 15.124747263937335
167.36 15.124747263937335
167.36 15.124747263937335
167.36 15.124747263937335
167.36 15.124747263937335
167.36 15.124747263937335
167.36 15.124747263937335
167.36 15.124747263937335
167.36 15.124747263937335
167.36 15.124747263937335
167.36 15.124747263937335
167.36 15.124747263937335
167.36 15.124747263937335
167.36 15.124747263937335
167.36 15.124747263937335
167.36 15.124747263937335
167.36 15.124747263937335
167.36 15.124747263937335
167.36 15.124747263937335
167.36 15.124747263937335
167.36 15.124747263937335
167.36 15.124747263937335
167.36 15.124747263937335
167.36 15.124747263937335
167.36 15.124747263937335
167.36 15.124747263937335
167.36 15.124747263937335
167.36 15.124747263937335
167.36 15.124747263937335
167.36 15.124747263937335
167.36 15.124747263937335
167.36 15.124747263937335
167.36 15.124747263937335
167.36 15.124747263937335
167.36 15.124747263937335
167.36 15.124747263937335
167.36 15.124747263937335
167.36 15.124747263937335
167.36 15.124747263937335
167.36 15.124747263937335
167.36 15.124747263937335
167.36 15.124747263937335
167.36 15.124747263937335
167.36 15.124747263937335
167.36 15.124747263937335
167.36 15.124747263937335
167.36 15.124747263937335
167.36 15.124747263937335
167.36 15.124747263937335
167.36 15.124747263937335
167.36 15.124747263937335
167.36 15.124747263937335
167.36 15.124747263937335
167.36 15.124747263937335
167.36 15.124747263937335
167.36 15.124747263937335
167.36 15.124747263937335
167.36 15.124747263937335
167.36 15.124747263937335
167.36 15.124747263937335
167.36 15.124747263937335
167.36 15.124747263937335
167.36 15.124747263937335
167.36 15.124747263937335
167.36 15.124747263937335
167.36 15.124747263937335
167.36 15.124747263937335
167.36 15.124747263937335
167.36 15.124747263937335
167.36 15.124747263937335
167.36 15.124747263937335
167.36 15.124747263937335
167.36 15.124747263937335
167.36 15.124747263937335
167.36 15.124747263937335
167.36 15.124747263937335
167.36 15.124747263937335
167.36 15.124747263937335
167.36 15.124747263937335
167.36 15.124747263937335
167.36 15.124747263937335
167.36 15.124747263937335
167.36 15.124747263937335
167.36 15.124747263937335
167.36 15.124747263937335
167.36 15.124747263937335
167.36 15.124747263937335
167.36 15.124747263937335
167.36 15.124747263937335
167.36 15.124747263937335
167.36 15.124747263937335
167.36 15.124747263937335
167.36 15.124747263937335
167.36 15.124747263937335
167.36 15.124747263937335
167.36 15.124747263937335
167.36 15.124747263937335
167.36 15.124747263937335
167.36 15.124747263937335
167.36 15.124747263937335
167.36 15.124747263937335
167.36 15.124747263937335
167.36 15.124747263937335
167.36 15.124747263937335
167.36 15.124747263937335
167.36 15.124747263937335
167.36 15.124747263937335
167.36 15.124747263937335
167.36 15.124747263937335
167.36 15.124747263937335
167.36 15.124747263937335
167.36 15.124747263937335
167.36 15.124747263937335
167.36 15.124747263937335
167.36 15.124747263937335
167.36 15.124747263937335
167.36 15.124747263937335
167.36 15.124747263937335
167.36 15.124747263937335
167.36 15.124747263937335
167.36 15.124747263937335
167.36 15.124747263937335
167.36 15.124747263937335
167.36 15.124747263937335
167.36 15.124747263937335
167.36 15.124747263937335
167.36 15.124747263937335
167.36 15.124747263937335
167.36 15.124747263937335
167.36 15.124747263937335
167.36 15.124747263937335
167.36 15.124747263937335
167.36 15.124747263937335
167.36 15.124747263937335
167.36 15.124747263937335
167.36 15.124747263937335
167.36 15.124747263937335
167.36 15.124747263937335
167.36 15.124747263937335
167.36 15.124747263937335
167.36 15.124747263937335
167.36 15.124747263937335
167.36 15.124747263937335
167.36 15.124747263937335
167.36 15.124747263937335
167.36 15.124747263937335
167.36 15.124747263937335
167.36 15.124747263937335
167.36 15.124747263937335
167.36 15.124747263937335
167.36 15.124747263937335
167.36 15.124747263937335
167.36 15.124747263937335
167.36 15.124747263937335
167.36 15.124747263937335
167.36 15.124747263937335
167.36 15.124747263937335
167.36 15.124747263937335
167.36 15.124747263937335
167.36 15.124747263937335
167.36 15.124747263937335
167.36 15.124747263937335
167.36 15.124747263937335
167.36 15.124747263937335
167.36 15.124747263937335
167.36 15.124747263937335
167.36 15.124747263937335
167.36 15.124747263937335
167.36 15.124747263937335
167.36 15.124747263937335
167.36 15.124747263937335
167.36 15.124747263937335
167.36 15.124747263937335
167.36 15.124747263937335
167.36 15.124747263937335
167.36 15.124747263937335
167.36 15.124747263937335
167.36 15.124747263937335
167.36 15.124747263937335
167.36 15.124747263937335
167.36 15.124747263937335
167.36 15.124747263937335
167.36 15.124747263937335
167.36 15.124747263937335
167.36 15.124747263937335
167.36 15.124747263937335
167.36 15.124747263937335
167.36 15.124747263937335
167.36 15.124747263937335
167.36 15.124747263937335
167.36 15.124747263937335
167.36 15.124747263937335
167.36 15.124747263937335
167.36 15.124747263937335
167.36 15.124747263937335
167.36 15.124747263937335
167.36 15.124747263937335
167.36 15.124747263937335
167.36 15.124747263937335
167.36 15.124747263937335
167.36 15.124747263937335
167.36 15.124747263937335
167.36 15.124747263937335
167.36 15.124747263937335
167.36 15.124747263937335
167.36 15.124747263937335
167.36 15.124747263937335
167.36 15.124747263937335
167.36 15.124747263937335
167.36 15.124747263937335
167.36 15.124747263937335
167.36 15.124747263937335
167.36 15.124747263937335
167.36 15.124747263937335
167.36 15.124747263937335
167.36 15.124747263937335
167.36 15.124747263937335
167.36 15.124747263937335
167.36 15.124747263937335
167.36 15.124747263937335
167.36 15.124747263937335
167.36 15.124747263937335
167.36 15.124747263937335
167.36 15.124747263937335
167.36 15.124747263937335
167.36 15.124747263937335
167.36 15.124747263937335
167.36 15.124747263937335
167.36 15.124747263937335
167.36 15.124747263937335
167.36 15.124747263937335
167.36 15.124747263937335
167.36 15.124747263937335
167.36 15.124747263937335
167.36 15.124747263937335
167.36 15.124747263937335
167.36 15.124747263937335
167.36 15.124747263937335
167.36 15.124747263937335
167.36 15.124747263937335
167.36 15.124747263937335
167.36 15.124747263937335
167.36 15.124747263937335
167.36 15.124747263937335
167.36 15.124747263937335
167.36 15.124747263937335
167.36 15.124747263937335
167.36 15.124747263937335
167.36 15.124747263937335
167.36 15.124747263937335
167.36 15.124747263937335
167.36 15.124747263937335
167.36 15.124747263937335
167.36 15.124747263937335
167.36 15.124747263937335
167.36 15.124747263937335
167.36 15.124747263937335
167.36 15.124747263937335
167.36 15.124747263937335
167.36 15.124747263937335
167.36 15.124747263937335
167.36 15.124747263937335
167.36 15.124747263937335
167.36 15.124747263937335
167.36 15.124747263937335
167.36 15.124747263937335
167.36 15.124747263937335
167.36 15.124747263937335
167.36 15.124747263937335
167.36 15.124747263937335
167.36 15.124747263937335
167.36 15.124747263937335
167.36 15.124747263937335
167.36 15.124747263937335
167.36 15.124747263937335
167.36 15.124747263937335
167.36 15.124747263937335
167.36 15.124747263937335
167.36 15.124747263937335
167.36 15.124747263937335
167.36 15.124747263937335
167.36 15.124747263937335
167.36 15.124747263937335
167.36 15.124747263937335
167.36 15.124747263937335
167.36 15.124747263937335
167.36 15.124747263937335
167.36 15.124747263937335
167.36 15.124747263937335
167.36 15.124747263937335
167.36 15.124747263937335
167.36 15.124747263937335
167.36 15.124747263937335
167.36 15.124747263937335
167.36 15.124747263937335
167.36 15.124747263937335
167.36 15.124747263937335
167.36 15.124747263937335
167.36 15.124747263937335
167.36 15.124747263937335
167.36 15.124747263937335
167.36 15.124747263937335
167.36 15.124747263937335
167.36 15.124747263937335
167.36 15.124747263937335
167.36 15.124747263937335
167.36 15.124747263937335
167.36 15.124747263937335
167.36 15.124747263937335
167.36 15.124747263937335
167.36 15.124747263937335
167.36 15.124747263937335
167.36 15.124747263937335
167.36 15.124747263937335
167.36 15.124747263937335
167.36 15.124747263937335
167.36 15.124747263937335
167.36 15.124747263937335
167.36 15.124747263937335
167.36 15.124747263937335
167.36 15.124747263937335
167.36 15.124747263937335
167.36 15.124747263937335
167.36 15.124747263937335
167.36 15.124747263937335
167.36 15.124747263937335
167.36 15.124747263937335
167.36 15.124747263937335
167.36 15.124747263937335
167.36 15.124747263937335
167.36 15.124747263937335
167.36 15.124747263937335
167.36 15.124747263937335
167.36 15.124747263937335
167.36 15.124747263937335
167.36 15.124747263937335
167.36 15.124747263937335
167.36 15.124747263937335
167.36 15.124747263937335
167.36 15.124747263937335
167.36 15.124747263937335
167.36 15.124747263937335
167.36 15.124747263937335
167.36 15.124747263937335
167.36 15.124747263937335
167.36 15.124747263937335
167.36 15.124747263937335
167.36 15.124747263937335
167.36 15.124747263937335
167.36 15.124747263937335
167.36 15.124747263937335
167.36 15.124747263937335
167.36 15.124747263937335
167.36 15.124747263937335
167.36 15.124747263937335
167.36 15.124747263937335
167.36 15.124747263937335
167.36 15.124747263937335
167.36 15.124747263937335
167.36 15.124747263937335
167.36 15.124747263937335
167.36 15.124747263937335
167.36 15.124747263937335
167.36 15.124747263937335
167.36 15.124747263937335
167.36 15.124747263937335
167.36 15.124747263937335
167.36 15.124747263937335
167.36 15.124747263937335
167.36 15.124747263937335
167.36 15.124747263937335
167.36 15.124747263937335
167.36 15.124747263937335
167.36 15.124747263937335
167.36 15.124747263937335
167.36 15.124747263937335
167.36 15.124747263937335
167.36 15.124747263937335
167.36 15.124747263937335
167.36 15.124747263937335
167.36 15.124747263937335
167.36 15.124747263937335
167.36 15.124747263937335
167.36 15.124747263937335
167.36 15.124747263937335
167.36 15.124747263937335
167.36 15.124747263937335
167.36 15.124747263937335
167.36 15.124747263937335
167.36 15.124747263937335
167.36 15.124747263937335
167.36 15.124747263937335
167.36 15.124747263937335
167.36 15.124747263937335
167.36 15.124747263937335
167.36 15.124747263937335
167.36 15.124747263937335
167.36 15.124747263937335
167.36 15.124747263937335
167.36 15.124747263937335
167.36 15.124747263937335
167.36 15.124747263937335
167.36 15.124747263937335
167.36 15.124747263937335
167.36 15.124747263937335
167.36 15.124747263937335
167.36 15.124747263937335
167.36 15.124747263937335
167.36 15.124747263937335
167.36 15.124747263937335
167.36 15.124747263937335
167.36 15.124747263937335
167.36 15.124747263937335
167.36 15.124747263937335
167.36 15.124747263937335
167.36 15.124747263937335
167.36 15.124747263937335
167.36 15.124747263937335
167.36 15.124747263937335
167.36 15.124747263937335
167.36 15.124747263937335
167.36 15.124747263937335
167.36 15.124747263937335
167.36 15.124747263937335
167.36 15.124747263937335
167.36 15.124747263937335
167.36 15.124747263937335
167.36 15.124747263937335
167.36 15.124747263937335
167.36 15.124747263937335
167.36 15.124747263937335
167.36 15.124747263937335
167.36 15.124747263937335
167.36 15.124747263937335
167.36 15.124747263937335
167.36 15.124747263937335
167.36 15.124747263937335
167.36 15.124747263937335
167.36 15.124747263937335
167.36 15.124747263937335
167.36 15.124747263937335
167.36 15.124747263937335
167.36 15.124747263937335
167.36 15.124747263937335
167.36 15.124747263937335
167.36 15.124747263937335
167.36 15.124747263937335
167.36 15.124747263937335
167.36 15.124747263937335
167.36 15.124747263937335
167.36 15.124747263937335
167.36 15.124747263937335
167.36 15.124747263937335
167.36 15.124747263937335
167.36 15.124747263937335
167.36 15.124747263937335
167.36 15.124747263937335
167.36 15.124747263937335
167.36 15.124747263937335
167.36 15.124747263937335
167.36 15.124747263937335
167.36 15.124747263937335
167.36 15.124747263937335
167.36 15.124747263937335
167.36 15.124747263937335
167.36 15.124747263937335
167.36 15.124747263937335
167.36 15.124747263937335
167.36 15.124747263937335
167.36 15.124747263937335
167.36 15.124747263937335
167.36 15.124747263937335
167.36 15.124747263937335
167.36 15.124747263937335
167.36 15.124747263937335
167.36 15.124747263937335
167.36 15.124747263937335
167.36 15.124747263937335
167.36 15.124747263937335
167.36 15.124747263937335
167.36 15.124747263937335
167.36 15.124747263937335
167.36 15.124747263937335
167.36 15.124747263937335
167.36 15.124747263937335
167.36 15.124747263937335
167.36 15.124747263937335
167.36 15.124747263937335
167.36 15.124747263937335
167.36 15.124747263937335
167.36 15.124747263937335
167.36 15.124747263937335
167.36 15.124747263937335
167.36 15.124747263937335
167.36 15.124747263937335
167.36 15.124747263937335
167.36 15.124747263937335
167.36 15.124747263937335
167.36 15.124747263937335
167.36 15.124747263937335
167.36 15.124747263937335
167.36 15.124747263937335
167.36 15.124747263937335
167.36 15.124747263937335
167.36 15.124747263937335
167.36 15.124747263937335
167.36 15.124747263937335
167.36 15.124747263937335
167.36 15.124747263937335
167.36 15.124747263937335
167.36 15.124747263937335
167.36 15.124747263937335
167.36 15.124747263937335
167.36 15.124747263937335
167.36 15.124747263937335
167.36 15.124747263937335
167.36 15.124747263937335
167.36 15.124747263937335
167.36 15.124747263937335
167.36 15.124747263937335
167.36 15.124747263937335
167.36 15.124747263937335
167.36 15.124747263937335
167.36 15.124747263937335
167.36 15.124747263937335
167.36 15.124747263937335
167.36 15.124747263937335
167.36 15.124747263937335
167.36 15.124747263937335
167.36 15.124747263937335
167.36 15.124747263937335
167.36 15.124747263937335
167.36 15.124747263937335
167.36 15.124747263937335
167.36 15.124747263937335
167.36 15.124747263937335
167.36 15.124747263937335
167.36 15.124747263937335
